28.257782103840476,16.23646560968491,9.559748153322422
19.17263025535873,11.384807365326635,9.89769652786239
22.591330308748976,15.744632874880153,8.607433323718578
31.90127617741307,16.7047990368578,8.54404756587615
65.17054158949432,17.301633323510927,0.1
9.71698072407228,8.009313822989505,9.886829256860818
31.90127617741307,16.7047990368578,8.54404756587615
65.17054158949432,17.301633323510927,0.1
31.90127617741307,16.7047990368578,8.54404756587615
19.17263025535873,15.052973253741765,7.640535662797914
9.71698072407228,8.009313822989505,9.886829256860818
19.17263025535873,11.384807365326635,9.89769652786239
31.90127617741307,16.23646560968491,8.213605855593924
28.257782103840476,16.23646560968491,9.559748153322422
19.17263025535873,15.052973253741765,7.640535662797914
31.90127617741307,16.23646560968491,8.213605855593924
22.591330308748976,15.744632874880153,8.607433323718578
19.17263025535873,15.052973253741765,7.640535662797914
18.135438508517336,11.710257670919228,9.290220243974263
31.90127617741307,16.23646560968491,8.213605855593924
19.17263025535873,15.052973253741765,7.640535662797914
23.83535232730141,5.23221047562612,9.61812799199978
9.71698072407228,8.009313822989505,9.886829256860818
39.923197730868196,18.323814923681997,6.930053096199893
11.282330910444303,13.602855941059003,9.233717932199179
65.17054158949432,17.301633323510927,0.1
9.71698072407228,8.009313822989505,9.886829256860818
23.83535232730141,5.23221047562612,9.61812799199978
31.90127617741307,16.7047990368578,8.54404756587615
31.90127617741307,16.23646560968491,8.213605855593924
17.09470721126695,13.602855941059003,7.538691445766647
24.49909741593204,16.23646560968491,9.051550687831798
22.43435542354917,11.384807365326635,8.179051926005576
22.591330308748976,15.744632874880153,8.607433323718578
24.49909741593204,16.23646560968491,9.051550687831798
17.09470721126695,13.602855941059003,7.538691445766647
19.17263025535873,11.384807365326635,9.89769652786239
19.17263025535873,15.052973253741765,7.640535662797914
19.17263025535873,15.944269284648641,8.455046460442276
19.17263025535873,11.384807365326635,9.89769652786239
18.135438508517336,11.710257670919228,9.290220243974263
19.17263025535873,11.384807365326635,9.89769652786239
16.85247479248087,9.967607150442687,9.857683162760928
22.43435542354917,11.384807365326635,8.179051926005576
19.17263025535873,11.384807365326635,9.89769652786239
19.17263025535873,11.384807365326635,9.89769652786239
18.135438508517336,11.710257670919228,9.290220243974263
27.10660788438908,11.384807365326635,5.717182499161856
19.17263025535873,11.384807365326635,9.89769652786239
16.85247479248087,15.006737678853323,6.736616044896719
19.17263025535873,11.384807365326635,9.89769652786239
19.17263025535873,0.8925134669618195,0.1
35.729916207290685,19.173210909497698,8.821036240122613
28.257782103840476,16.23646560968491,9.559748153322422
31.90127617741307,16.23646560968491,8.213605855593924
19.17263025535873,15.944269284648641,8.455046460442276
36.012275330607984,11.384807365326635,1.0246727096667918
18.135438508517336,11.710257670919228,9.290220243974263
16.85247479248087,9.967607150442687,9.857683162760928
24.49909741593204,16.23646560968491,9.051550687831798
19.17263025535873,11.384807365326635,9.89769652786239
19.17263025535873,15.640921238371888,7.353325115799199
19.17263025535873,0.8925134669618195,0.1
38.636756884708845,13.772421500686388,3.1711375912066195
19.17263025535873,11.384807365326635,9.89769652786239
19.17263025535873,11.384807365326635,9.89769652786239
35.729916207290685,19.173210909497698,8.821036240122613
19.17263025535873,11.384807365326635,9.89769652786239
19.17263025535873,11.384807365326635,9.89769652786239
15.87532092812466,13.772421500686388,6.914751991013575
27.10660788438908,11.384807365326635,5.717182499161856
19.17263025535873,11.384807365326635,9.89769652786239
28.257782103840476,16.23646560968491,9.559748153322422
22.43435542354917,11.384807365326635,8.179051926005576
19.17263025535873,11.384807365326635,9.89769652786239
19.17263025535873,11.384807365326635,9.89769652786239
65.17054158949432,17.301633323510927,0.1
28.33481312232829,11.384807365326635,5.07002549073507
39.923197730868196,18.323814923681997,6.930053096199893
19.17263025535873,11.384807365326635,9.89769652786239
