15.274662556240894,15.563348817579822,6.211302440385015
15.274662556240894,9.624031249027396,9.873647685444224
17.07097469285066,8.020782090319829,7.288307783962107
15.37505036291953,9.068921143174318,10.74076596445261
15.274662556240894,9.068921143174318,10.55726171758897
29.793902722891644,8.329302253702087,0.09223784356770012
15.274662556240894,9.068921143174318,9.58927121611083
15.274662556240894,9.068921143174318,9.624306731047398
19.586802584208243,9.068921143174318,6.890059315050031
15.274662556240894,9.068921143174318,9.775870743751845
15.274662556240894,9.068921143174318,10.332449803964732
15.274662556240894,9.068921143174318,8.923622867492686
15.274662556240894,12.098667340919839,10.0
15.274662556240894,9.068921143174318,10.406613684368716
19.540185842532054,9.068921143174318,7.460187423124813
15.274662556240894,9.068921143174318,9.4079985477504
9.736078665936788,9.068921143174318,6.070081733105434
15.274662556240894,9.357874673008288,10.334481777494755
15.274662556240894,9.068921143174318,10.444389063426522
15.274662556240894,9.068921143174318,10.243673785243715
15.274662556240894,10.17714808937393,9.504900447309096
15.274662556240894,9.068921143174318,8.944543799927327
15.274662556240894,9.068921143174318,10.183589597380001
15.274662556240894,9.068921143174318,9.313502077015102
15.274662556240894,9.068921143174318,9.711590138620188
15.274662556240894,9.068921143174318,10.87400832381159
15.274662556240894,2.624920148666881,0.09303397401698112
15.274662556240894,9.068921143174318,8.906745163375497
15.274662556240894,9.068921143174318,10.471610315984822
15.274662556240894,9.068921143174318,10.496197864498821
15.274662556240894,9.068921143174318,9.313502077015102
15.274662556240894,9.068921143174318,9.645486745307865
25.198207148541016,4.2412014336609944,0.10053317262633929
15.274662556240894,9.068921143174318,10.824209579844062
15.274662556240894,9.068921143174318,9.367392777737505
15.274662556240894,9.068921143174318,9.208942931841047
15.274662556240894,9.068921143174318,9.906365772293286
15.274662556240894,9.068921143174318,9.622689222791642
15.274662556240894,9.068921143174318,9.048484028331917
15.274662556240894,9.068921143174318,8.993708219488491
15.274662556240894,9.068921143174318,9.400964876631694
15.274662556240894,9.068921143174318,10.199210773546245
15.274662556240894,9.068921143174318,9.064598586932952
15.274662556240894,7.751081043607501,7.31471563080361
15.274662556240894,9.068921143174318,10.088444998931884
15.274662556240894,10.874645570927038,7.696171934465979
15.274662556240894,9.068921143174318,9.920308387965655
15.274662556240894,9.068921143174318,9.731282002898482
15.274662556240894,9.068921143174318,9.331807584566496
15.274662556240894,9.068921143174318,10.367760325472178
15.274662556240894,9.068921143174318,10.283885133459293
15.274662556240894,9.068921143174318,9.865072841487683
15.274662556240894,9.068921143174318,10.630767993917244
15.274662556240894,9.050907998163053,10.08172501649058
15.274662556240894,9.068921143174318,9.75358020086576
27.589723256621177,9.068921143174318,1.7689017460069427
15.274662556240894,9.068921143174318,10.368276242223956
15.274662556240894,9.068921143174318,9.641599547957995
15.274662556240894,9.068921143174318,9.313502077015102
15.274662556240894,4.550293107353219,0.10860356723423963
15.274662556240894,9.068921143174318,10.01399854603261
27.163509432100895,9.068921143174318,2.036771226022788
15.274662556240894,4.833826335297704,1.0957701950333716
15.274662556240894,9.068921143174318,9.531076605800171
15.274662556240894,9.068921143174318,9.672368175085195
15.274662556240894,9.068921143174318,10.358187866781272
15.274662556240894,9.068921143174318,10.060944054883798
15.274662556240894,9.068921143174318,9.527336923678444
15.274662556240894,9.068921143174318,9.455926828596105
15.274662556240894,2.447561451829639,0.10657126602959162
15.274662556240894,9.068921143174318,8.994873411719137
15.274662556240894,5.875744839426922,4.536936684305568
15.274662556240894,9.068921143174318,9.97599081012766
15.274662556240894,9.068921143174318,10.620815555177433
15.274662556240894,9.068921143174318,9.050204982788184
15.274662556240894,9.068921143174318,9.313502077015102
15.274662556240894,9.068921143174318,10.77367442783586
15.274662556240894,9.068921143174318,9.35123447064676
15.274662556240894,9.068921143174318,10.047570797394732
15.274662556240894,9.068921143174318,9.313502077015102
