15.274662556240894,15.31877193118031,9.310084910802509
15.274662556240894,9.068921143174318,10.594344900993228
15.274662556240894,9.068921143174318,10.416800608130607
15.274662556240894,9.068921143174318,9.002925293199791
18.355556307170005,9.068921143174318,7.904066262032953
15.274662556240894,5.3955789895674915,9.282054143868866
15.274662556240894,9.068921143174318,8.992259438604938
15.274662556240894,9.068921143174318,9.081956263045853
15.274662556240894,9.068921143174318,10.80695784018313
15.274662556240894,9.068921143174318,9.990869837699046
15.274662556240894,9.068921143174318,9.815310642407002
15.274662556240894,9.068921143174318,10.53570875114322
15.274662556240894,9.068921143174318,9.370789025169355
29.239023892201708,16.097025867427234,9.11461369449447
15.274662556240894,9.068921143174318,9.307038925751677
15.274662556240894,9.068921143174318,9.914690837523109
15.274662556240894,9.068921143174318,10.25539424371889
28.527683495035983,9.068921143174318,1.1351150354257458
15.274662556240894,9.068921143174318,10.601467956462605
15.274662556240894,9.068921143174318,9.570527296854726
15.274662556240894,8.70661905853064,8.791135079315286
15.274662556240894,18.080714467075257,5.346140729967653
23.972621568845526,8.70661905853064,3.711099091926113
15.274662556240894,17.1937430357143,5.734489845589516
15.274662556240894,9.068921143174318,8.92773185608928
15.274662556240894,9.068921143174318,10.652689265810672
15.274662556240894,9.068921143174318,9.364983511503159
15.274662556240894,9.068921143174318,9.022217995093161
15.274662556240894,9.068921143174318,10.74953965973247
28.032926636846586,9.068921143174318,1.4928299122931994
15.274662556240894,9.324538605494283,10.597958432928538
15.274662556240894,14.29283233409035,6.819327369215545
15.274662556240894,9.068921143174318,10.087054728296268
18.355556307170005,9.068921143174318,7.65086214443393
15.274662556240894,9.068921143174318,9.135875118473823
6.253356655733176,9.068921143174318,4.147746434850476
15.274662556240894,9.068921143174318,10.662688650540384
15.274662556240894,9.068921143174318,8.92773185608928
15.274662556240894,17.1937430357143,5.734489845589516
15.274662556240894,9.068921143174318,9.914690837523109
15.274662556240894,9.068921143174318,9.370789025169355
15.274662556240894,9.068921143174318,10.25539424371889
15.274662556240894,17.596734198052836,5.042552442136257
15.274662556240894,9.068921143174318,9.990869837699046
17.88784310617916,10.071759442076843,9.074787088161345
15.274662556240894,9.068921143174318,10.594344900993228
15.274662556240894,9.068921143174318,9.364983511503159
15.274662556240894,9.068921143174318,10.416800608130607
15.274662556240894,9.068921143174318,10.071126422912405
15.274662556240894,14.29283233409035,6.819327369215545
23.972621568845526,8.70661905853064,3.711099091926113
15.274662556240894,9.068921143174318,9.002925293199791
6.253356655733176,9.068921143174318,4.147746434850476
15.274662556240894,9.068921143174318,10.601467956462605
15.274662556240894,9.068921143174318,9.815310642407002
15.274662556240894,9.068921143174318,10.662688650540384
15.274662556240894,15.31877193118031,9.310084910802509
15.274662556240894,9.068921143174318,10.74953965973247
15.274662556240894,9.068921143174318,9.135875118473823
15.274662556240894,5.3955789895674915,9.282054143868866
15.274662556240894,9.068921143174318,9.022217995093161
15.274662556240894,8.70661905853064,8.791135079315286
29.239023892201708,16.097025867427234,9.11461369449447
15.274662556240894,9.068921143174318,8.992259438604938
15.274662556240894,9.068921143174318,9.309532270284706
15.274662556240894,9.068921143174318,9.570527296854726
18.355556307170005,9.068921143174318,7.65086214443393
15.274662556240894,9.068921143174318,8.990593295026834
28.527683495035983,9.068921143174318,1.1351150354257458
28.032926636846586,9.068921143174318,1.4928299122931994
18.355556307170005,9.068921143174318,7.904066262032953
15.274662556240894,9.068921143174318,10.087054728296268
15.274662556240894,9.068921143174318,9.081956263045853
15.274662556240894,18.080714467075257,5.346140729967653
15.274662556240894,9.324538605494283,10.597958432928538
15.274662556240894,9.068921143174318,9.307038925751677
15.274662556240894,9.068921143174318,10.53570875114322
15.274662556240894,9.068921143174318,10.652689265810672
15.274662556240894,9.068921143174318,10.80695784018313
15.274662556240894,6.703806103724803,6.953971510075741
15.274662556240894,9.068921143174318,9.081956263045853
6.253356655733176,9.068921143174318,4.147746434850476
15.274662556240894,9.068921143174318,10.594344900993228
15.274662556240894,9.324538605494283,10.597958432928538
15.274662556240894,18.080714467075257,5.346140729967653
15.274662556240894,5.3955789895674915,9.282054143868866
18.355556307170005,9.068921143174318,7.904066262032953
15.274662556240894,9.068921143174318,10.74953965973247
15.274662556240894,12.912262013710391,6.975276202430795
15.274662556240894,0.17643251052218112,0.10486051226795878
15.274662556240894,9.068921143174318,9.364983511503159
15.274662556240894,9.068921143174318,10.25539424371889
15.274662556240894,9.068921143174318,9.990869837699046
15.274662556240894,9.068921143174318,9.002925293199791
15.274662556240894,9.068921143174318,10.652689265810672
15.274662556240894,9.068921143174318,9.309532270284706
15.274662556240894,9.068921143174318,10.071126422912405
15.274662556240894,14.29283233409035,6.819327369215545
28.527683495035983,9.068921143174318,1.1351150354257458
15.274662556240894,9.068921143174318,9.135875118473823
15.274662556240894,9.068921143174318,9.914690837523109
28.032926636846586,9.068921143174318,1.4928299122931994
15.274662556240894,8.70661905853064,8.791135079315286
15.274662556240894,9.068921143174318,8.93232301026674
15.274662556240894,9.068921143174318,9.570527296854726
17.88784310617916,10.071759442076843,9.074787088161345
15.274662556240894,9.068921143174318,10.662688650540384
15.274662556240894,9.068921143174318,8.92773185608928
15.274662556240894,9.068921143174318,9.307038925751677
29.239023892201708,16.097025867427234,9.11461369449447
15.274662556240894,9.068921143174318,10.328810645226836
15.274662556240894,9.068921143174318,9.370789025169355
23.972621568845526,8.70661905853064,3.711099091926113
15.274662556240894,17.1937430357143,5.734489845589516
15.274662556240894,9.068921143174318,10.53570875114322
15.274662556240894,9.068921143174318,10.087054728296268
18.355556307170005,9.068921143174318,7.65086214443393
15.274662556240894,15.31877193118031,9.310084910802509
15.274662556240894,9.068921143174318,8.990593295026834
15.274662556240894,9.068921143174318,10.80695784018313
15.274662556240894,9.068921143174318,10.601467956462605
15.274662556240894,9.068921143174318,9.022217995093161
15.274662556240894,9.068921143174318,8.992259438604938
15.274662556240894,9.068921143174318,9.815310642407002
15.274662556240894,17.596734198052836,5.042552442136257
15.274662556240894,9.068921143174318,9.80299628161732
15.274662556240894,9.068921143174318,9.370789025169355
15.274662556240894,9.068921143174318,10.80695784018313
6.253356655733176,9.068921143174318,4.147746434850476
15.274662556240894,14.29283233409035,6.819327369215545
15.274662556240894,9.068921143174318,10.662688650540384
15.274662556240894,9.068921143174318,10.087054728296268
5.581011876246693,9.068921143174318,3.7925715173584864
15.274662556240894,9.068921143174318,9.570527296854726
15.274662556240894,9.068921143174318,9.002925293199791
28.527683495035983,9.068921143174318,1.1351150354257458
15.274662556240894,9.068921143174318,9.380248339411908
15.274662556240894,9.068921143174318,10.328810645226836
15.274662556240894,9.068921143174318,8.93232301026674
15.274662556240894,8.70661905853064,9.31146328449159
15.274662556240894,9.068921143174318,10.601467956462605
15.274662556240894,9.068921143174318,10.652689265810672
15.274662556240894,9.068921143174318,10.74953965973247
15.274662556240894,9.068921143174318,10.25539424371889
15.274662556240894,9.068921143174318,9.307038925751677
15.274662556240894,12.912262013710391,6.975276202430795
18.355556307170005,9.068921143174318,7.65086214443393
15.274662556240894,9.068921143174318,9.309532270284706
15.274662556240894,5.3955789895674915,9.282054143868866
15.274662556240894,9.068921143174318,9.815310642407002
15.274662556240894,9.068921143174318,10.53570875114322
15.274662556240894,17.596734198052836,5.042552442136257
15.274662556240894,9.068921143174318,9.081956263045853
15.274662556240894,9.068921143174318,10.594344900993228
15.274662556240894,9.068921143174318,9.990869837699046
17.88784310617916,10.071759442076843,9.074787088161345
23.972621568845526,8.70661905853064,3.711099091926113
15.274662556240894,9.068921143174318,9.364983511503159
15.274662556240894,8.70661905853064,8.791135079315286
15.274662556240894,9.068921143174318,8.992259438604938
15.274662556240894,9.068921143174318,10.416800608130607
15.274662556240894,9.068921143174318,9.914690837523109
15.274662556240894,17.1937430357143,5.734489845589516
15.274662556240894,9.068921143174318,10.071126422912405
15.274662556240894,9.068921143174318,8.990593295026834
15.274662556240894,9.324538605494283,10.597958432928538
15.274662556240894,9.068921143174318,9.80299628161732
15.274662556240894,6.703806103724803,6.953971510075741
15.274662556240894,15.31877193118031,9.310084910802509
18.355556307170005,9.068921143174318,7.904066262032953
15.274662556240894,9.068921143174318,8.92773185608928
15.274662556240894,0.17643251052218112,0.10486051226795878
29.239023892201708,16.097025867427234,9.11461369449447
28.032926636846586,9.068921143174318,1.4928299122931994
15.274662556240894,18.080714467075257,5.346140729967653
15.274662556240894,16.084756659732776,6.2532535682809645
15.274662556240894,9.068921143174318,9.135875118473823
15.274662556240894,9.068921143174318,9.022217995093161
15.274662556240894,8.70661905853064,8.791135079315286
17.88784310617916,10.071759442076843,9.074787088161345
15.274662556240894,15.31877193118031,9.310084910802509
18.355556307170005,9.068921143174318,7.65086214443393
5.581011876246693,9.068921143174318,3.7925715173584864
15.274662556240894,9.068921143174318,10.601467956462605
15.274662556240894,18.080714467075257,5.346140729967653
15.274662556240894,9.068921143174318,8.992259438604938
15.274662556240894,9.068921143174318,9.307038925751677
15.274662556240894,9.068921143174318,9.815310642407002
28.032926636846586,9.068921143174318,1.4928299122931994
15.274662556240894,9.068921143174318,9.309532270284706
15.274662556240894,6.703806103724803,6.953971510075741
15.274662556240894,9.068921143174318,9.510909395989536
15.274662556240894,9.068921143174318,9.80299628161732
15.274662556240894,17.1937430357143,5.734489845589516
15.274662556240894,9.068921143174318,8.990593295026834
15.274662556240894,12.912262013710391,6.975276202430795
15.274662556240894,9.068921143174318,9.6414340278617
15.274662556240894,9.068921143174318,9.081956263045853
15.274662556240894,9.068921143174318,10.25539424371889
15.274662556240894,9.068921143174318,10.594344900993228
15.274662556240894,9.068921143174318,9.370789025169355
15.274662556240894,0.17643251052218112,0.10486051226795878
15.274662556240894,9.068921143174318,10.53570875114322
15.274662556240894,9.068921143174318,10.74953965973247
15.274662556240894,9.068921143174318,10.662688650540384
15.274662556240894,9.068921143174318,9.364983511503159
15.274662556240894,9.068921143174318,8.93232301026674
15.274662556240894,9.068921143174318,9.380248339411908
15.274662556240894,9.068921143174318,10.071126422912405
15.274662556240894,9.068921143174318,10.087054728296268
23.972621568845526,8.70661905853064,3.711099091926113
15.274662556240894,9.068921143174318,9.192675513821756
28.527683495035983,9.068921143174318,1.1351150354257458
15.274662556240894,8.70661905853064,9.31146328449159
6.253356655733176,9.068921143174318,4.147746434850476
15.274662556240894,14.29283233409035,6.819327369215545
15.274662556240894,9.068921143174318,9.570527296854726
15.274662556240894,17.596734198052836,5.042552442136257
15.274662556240894,9.068921143174318,10.416800608130607
15.274662556240894,9.068921143174318,8.92773185608928
18.355556307170005,9.068921143174318,7.904066262032953
15.274662556240894,5.3955789895674915,9.282054143868866
15.274662556240894,9.068921143174318,9.990869837699046
15.274662556240894,9.068921143174318,10.328810645226836
15.274662556240894,9.068921143174318,9.022217995093161
15.274662556240894,9.324538605494283,10.597958432928538
15.274662556240894,9.068921143174318,10.652689265810672
15.274662556240894,9.068921143174318,9.002925293199791
15.274662556240894,9.068921143174318,9.135875118473823
15.274662556240894,16.084756659732776,6.2532535682809645
15.274662556240894,9.068921143174318,10.80695784018313
15.274662556240894,9.068921143174318,10.456012602677877
15.274662556240894,9.068921143174318,9.370789025169355
15.274662556240894,9.068921143174318,10.11743152756911
15.274662556240894,9.068921143174318,9.80299628161732
15.274662556240894,17.1937430357143,5.734489845589516
15.274662556240894,9.068921143174318,9.022217995093161
15.274662556240894,16.70205045995798,5.489328692163239
15.274662556240894,9.068921143174318,9.364983511503159
15.274662556240894,9.068921143174318,10.601467956462605
28.032926636846586,9.068921143174318,1.4928299122931994
15.274662556240894,9.068921143174318,9.192675513821756
15.274662556240894,9.068921143174318,9.309532270284706
15.274662556240894,9.068921143174318,9.990869837699046
15.274662556240894,9.068921143174318,9.307038925751677
23.972621568845526,8.70661905853064,3.711099091926113
29.239023892201708,16.097025867427234,9.11461369449447
15.274662556240894,5.3955789895674915,9.282054143868866
15.274662556240894,9.068921143174318,10.25539424371889
18.355556307170005,9.068921143174318,7.65086214443393
15.274662556240894,9.068921143174318,9.591810202624728
15.274662556240894,9.068921143174318,10.53570875114322
15.274662556240894,9.068921143174318,10.087934683416705
15.274662556240894,15.31877193118031,9.310084910802509
15.274662556240894,9.068921143174318,10.662688650540384
15.274662556240894,9.068921143174318,10.80695784018313
17.88784310617916,10.071759442076843,9.074787088161345
15.274662556240894,9.068921143174318,10.652689265810672
15.274662556240894,9.068921143174318,9.002925293199791
15.274662556240894,9.068921143174318,10.416800608130607
15.274662556240894,17.596734198052836,5.042552442136257
18.355556307170005,9.068921143174318,7.904066262032953
15.274662556240894,9.068921143174318,8.992259438604938
15.274662556240894,6.703806103724803,6.953971510075741
6.253356655733176,9.068921143174318,4.147746434850476
28.527683495035983,17.1937430357143,10.853334893525455
15.274662556240894,8.70661905853064,8.791135079315286
15.274662556240894,9.068921143174318,10.087054728296268
15.274662556240894,9.068921143174318,10.74953965973247
15.274662556240894,18.080714467075257,5.346140729967653
15.274662556240894,9.068921143174318,9.570527296854726
15.274662556240894,14.29283233409035,6.819327369215545
15.274662556240894,9.068921143174318,9.510909395989536
15.274662556240894,9.068921143174318,10.456012602677877
15.274662556240894,9.068921143174318,10.071126422912405
15.274662556240894,9.068921143174318,8.92773185608928
15.274662556240894,9.068921143174318,9.380248339411908
15.274662556240894,9.068921143174318,9.6414340278617
15.274662556240894,9.068921143174318,10.328810645226836
15.274662556240894,8.70661905853064,9.31146328449159
15.274662556240894,9.068921143174318,10.594344900993228
15.274662556240894,0.17643251052218112,0.10486051226795878
28.527683495035983,9.068921143174318,1.1351150354257458
5.581011876246693,9.068921143174318,3.7925715173584864
15.274662556240894,9.068921143174318,9.135875118473823
15.274662556240894,12.912262013710391,6.975276202430795
15.274662556240894,9.068921143174318,8.990593295026834
15.274662556240894,9.068921143174318,9.081956263045853
15.274662556240894,9.324538605494283,10.597958432928538
15.274662556240894,9.068921143174318,8.93232301026674
15.274662556240894,9.068921143174318,9.815310642407002
15.274662556240894,16.084756659732776,6.2532535682809645
28.527683495035983,9.068921143174318,1.1351150354257458
15.274662556240894,16.70205045995798,5.489328692163239
15.274662556240894,9.068921143174318,8.92773185608928
28.527683495035983,17.1937430357143,10.853334893525455
15.274662556240894,9.068921143174318,9.192675513821756
15.274662556240894,9.068921143174318,8.93232301026674
15.274662556240894,9.068921143174318,10.11743152756911
15.274662556240894,16.084756659732776,6.2532535682809645
15.274662556240894,9.068921143174318,9.990869837699046
15.274662556240894,9.068921143174318,9.309532270284706
15.274662556240894,0.17643251052218112,0.10486051226795878
15.274662556240894,9.068921143174318,10.53570875114322
15.274662556240894,9.068921143174318,9.022217995093161
15.274662556240894,9.068921143174318,10.662688650540384
15.274662556240894,8.70661905853064,8.791135079315286
6.253356655733176,9.068921143174318,4.147746434850476
15.274662556240894,9.068921143174318,9.591810202624728
15.274662556240894,9.068921143174318,9.541138462555642
15.274662556240894,9.068921143174318,9.80299628161732
15.274662556240894,9.068921143174318,9.442434638813967
15.274662556240894,9.068921143174318,10.087934683416705
5.581011876246693,9.068921143174318,3.7925715173584864
15.274662556240894,9.068921143174318,9.07064630801203
15.274662556240894,9.068921143174318,9.380248339411908
15.274662556240894,9.068921143174318,9.364983511503159
15.274662556240894,9.068921143174318,10.25539424371889
23.972621568845526,8.70661905853064,3.711099091926113
15.274662556240894,12.912262013710391,6.975276202430795
15.274662556240894,17.1937430357143,5.734489845589516
15.274662556240894,9.068921143174318,10.416800608130607
15.274662556240894,9.068921143174318,9.570527296854726
15.274662556240894,9.068921143174318,10.456012602677877
15.274662556240894,9.068921143174318,10.594344900993228
18.355556307170005,9.068921143174318,7.904066262032953
29.239023892201708,16.097025867427234,9.11461369449447
18.355556307170005,10.121690637281224,9.71311959369645
15.274662556240894,9.068921143174318,9.081956263045853
15.274662556240894,9.068921143174318,9.135875118473823
15.274662556240894,6.703806103724803,6.953971510075741
17.88784310617916,10.071759442076843,9.074787088161345
18.355556307170005,9.068921143174318,7.65086214443393
15.274662556240894,5.3955789895674915,9.282054143868866
15.274662556240894,9.068921143174318,10.328810645226836
15.274662556240894,14.29283233409035,6.819327369215545
15.274662556240894,9.068921143174318,9.6414340278617
15.274662556240894,9.068921143174318,8.992259438604938
15.274662556240894,9.068921143174318,10.601467956462605
15.274662556240894,9.068921143174318,10.74953965973247
15.274662556240894,9.068921143174318,10.071126422912405
15.274662556240894,9.068921143174318,8.917849315466198
15.274662556240894,9.068921143174318,10.087054728296268
15.274662556240894,9.068921143174318,9.510909395989536
28.032926636846586,9.068921143174318,1.4928299122931994
15.274662556240894,9.068921143174318,9.815310642407002
15.274662556240894,9.068921143174318,10.80695784018313
15.274662556240894,17.596734198052836,5.042552442136257
15.274662556240894,9.068921143174318,9.307038925751677
15.274662556240894,9.068921143174318,10.652689265810672
15.274662556240894,8.70661905853064,9.31146328449159
15.274662556240894,9.324538605494283,10.597958432928538
15.274662556240894,9.068921143174318,9.370789025169355
15.274662556240894,18.080714467075257,5.346140729967653
15.274662556240894,9.068921143174318,8.990593295026834
15.274662556240894,9.068921143174318,9.002925293199791
15.274662556240894,9.068921143174318,9.914690837523109
15.274662556240894,8.70661905853064,8.64982353125721
15.274662556240894,9.068921143174318,10.087054728296268
15.274662556240894,12.912262013710391,6.975276202430795
15.274662556240894,9.068921143174318,9.815310642407002
15.274662556240894,9.068921143174318,9.541138462555642
15.274662556240894,9.068921143174318,10.652689265810672
6.253356655733176,9.068921143174318,4.147746434850476
15.274662556240894,9.068921143174318,10.054414545156934
15.274662556240894,9.068921143174318,10.35211013525325
15.274662556240894,6.703806103724803,6.953971510075741
15.274662556240894,9.068921143174318,10.456012602677877
15.274662556240894,9.068921143174318,9.990869837699046
15.274662556240894,9.068921143174318,10.601467956462605
15.274662556240894,9.068921143174318,8.947191849314365
15.274662556240894,9.068921143174318,10.80695784018313
15.274662556240894,9.068921143174318,10.307284432199577
15.274662556240894,9.068921143174318,10.594344900993228
15.274662556240894,9.068921143174318,10.78765388554803
15.274662556240894,9.068921143174318,9.570527296854726
15.274662556240894,14.29283233409035,6.819327369215545
15.274662556240894,9.068921143174318,10.11743152756911
15.274662556240894,9.068921143174318,10.53570875114322
15.274662556240894,16.70205045995798,5.489328692163239
15.274662556240894,8.70661905853064,8.64982353125721
18.355556307170005,10.121690637281224,9.71311959369645
23.972621568845526,8.70661905853064,3.711099091926113
15.274662556240894,9.068921143174318,10.328810645226836
15.274662556240894,9.068921143174318,10.74953965973247
15.274662556240894,8.70661905853064,9.31146328449159
15.274662556240894,9.068921143174318,8.92773185608928
15.274662556240894,8.70661905853064,9.565665227569616
15.274662556240894,18.080714467075257,5.346140729967653
15.274662556240894,9.068921143174318,10.25539424371889
15.274662556240894,8.70661905853064,8.791135079315286
28.527683495035983,9.068921143174318,1.1351150354257458
15.274662556240894,9.068921143174318,9.370789025169355
15.274662556240894,0.17643251052218112,0.10486051226795878
15.274662556240894,9.068921143174318,9.736350951514876
15.274662556240894,9.068921143174318,8.917849315466198
15.274662556240894,9.068921143174318,9.364983511503159
15.274662556240894,9.068921143174318,8.992259438604938
15.274662556240894,17.596734198052836,5.042552442136257
15.274662556240894,9.068921143174318,9.07064630801203
15.274662556240894,16.084756659732776,6.2532535682809645
15.274662556240894,9.068921143174318,9.135875118473823
29.239023892201708,16.097025867427234,9.11461369449447
15.274662556240894,9.068921143174318,9.192675513821756
15.274662556240894,9.068921143174318,10.071126422912405
15.274662556240894,9.068921143174318,10.087934683416705
15.274662556240894,9.068921143174318,9.6414340278617
15.274662556240894,9.068921143174318,9.510909395989536
15.274662556240894,9.068921143174318,9.002925293199791
15.274662556240894,9.068921143174318,9.914690837523109
28.032926636846586,9.068921143174318,1.4928299122931994
15.274662556240894,9.068921143174318,8.93232301026674
15.274662556240894,9.068921143174318,9.442434638813967
17.88784310617916,10.071759442076843,9.074787088161345
15.274662556240894,9.068921143174318,10.662688650540384
15.274662556240894,9.068921143174318,9.307038925751677
15.274662556240894,9.068921143174318,9.380248339411908
15.274662556240894,9.068921143174318,8.990593295026834
5.581011876246693,9.068921143174318,3.7925715173584864
15.274662556240894,9.068921143174318,9.309532270284706
15.274662556240894,9.068921143174318,9.022217995093161
18.355556307170005,9.068921143174318,7.65086214443393
15.274662556240894,9.068921143174318,9.591810202624728
15.274662556240894,9.068921143174318,10.416800608130607
18.355556307170005,9.068921143174318,7.904066262032953
15.274662556240894,9.068921143174318,9.80299628161732
15.274662556240894,17.1937430357143,5.734489845589516
15.274662556240894,9.324538605494283,10.597958432928538
15.274662556240894,9.068921143174318,9.081956263045853
28.527683495035983,17.1937430357143,10.853334893525455
