15.274662556240894,9.068921143174318,10.210185632885475
10.376781795545632,9.068921143174318,7.326247284713032
15.274662556240894,9.068921143174318,9.117779532163965
15.274662556240894,9.068921143174318,9.935661525810096
15.274662556240894,5.674027254566022,3.7241554994881216
15.274662556240894,9.068921143174318,10.132237599963217
15.274662556240894,9.068921143174318,10.210185632885475
15.274662556240894,9.068921143174318,10.132237599963217
10.376781795545632,9.068921143174318,7.326247284713032
15.37505036291953,9.549033290585069,9.05956913464652
15.274662556240894,9.068921143174318,9.117779532163965
15.274662556240894,9.068921143174318,10.244992633497665
15.274662556240894,9.068921143174318,9.935661525810096
15.274662556240894,5.674027254566022,3.7241554994881216
15.274662556240894,9.068921143174318,9.935661525810096
10.376781795545632,9.068921143174318,7.326247284713032
15.274662556240894,9.068921143174318,9.000453100672452
15.274662556240894,5.674027254566022,3.7241554994881216
15.37505036291953,9.549033290585069,9.05956913464652
15.274662556240894,9.068921143174318,10.132237599963217
15.274662556240894,9.068921143174318,9.117779532163965
15.274662556240894,9.068921143174318,9.840623123629328
15.274662556240894,9.068921143174318,10.210185632885475
15.274662556240894,9.068921143174318,10.244992633497665
15.274662556240894,9.068921143174318,9.117779532163965
15.274662556240894,9.068921143174318,10.340717291585559
15.274662556240894,9.068921143174318,9.840623123629328
15.274662556240894,5.674027254566022,3.7241554994881216
15.274662556240894,9.068921143174318,9.000453100672452
15.37505036291953,9.549033290585069,9.05956913464652
10.376781795545632,9.068921143174318,7.326247284713032
15.274662556240894,9.068921143174318,10.244992633497665
15.274662556240894,9.068921143174318,10.210185632885475
15.274662556240894,9.068921143174318,9.935661525810096
15.274662556240894,9.068921143174318,10.132237599963217
15.274662556240894,9.068921143174318,10.210185632885475
15.274662556240894,9.068921143174318,9.935661525810096
15.37505036291953,9.549033290585069,9.05956913464652
15.274662556240894,9.068921143174318,10.244992633497665
15.274662556240894,9.068921143174318,9.000453100672452
15.274662556240894,9.068921143174318,10.265321548277962
15.274662556240894,9.068921143174318,10.340717291585559
15.274662556240894,9.068921143174318,9.117779532163965
10.376781795545632,9.068921143174318,7.326247284713032
15.274662556240894,9.068921143174318,9.840623123629328
15.274662556240894,5.674027254566022,3.7241554994881216
15.274662556240894,9.068921143174318,10.132237599963217
15.274662556240894,9.068921143174318,10.575957210413721
15.37505036291953,9.549033290585069,9.05956913464652
10.376781795545632,9.068921143174318,7.326247284713032
15.274662556240894,9.068921143174318,10.210185632885475
15.274662556240894,5.674027254566022,3.7241554994881216
15.274662556240894,9.068921143174318,9.935661525810096
15.274662556240894,9.068921143174318,9.117779532163965
15.274662556240894,9.068921143174318,10.340717291585559
15.274662556240894,9.068921143174318,10.265321548277962
15.274662556240894,9.068921143174318,9.840623123629328
15.274662556240894,9.068921143174318,10.132237599963217
15.274662556240894,9.068921143174318,9.000453100672452
15.274662556240894,9.068921143174318,10.244992633497665
15.274662556240894,9.068921143174318,10.575957210413721
15.37505036291953,9.549033290585069,9.05956913464652
15.274662556240894,9.068921143174318,10.340717291585559
15.274662556240894,9.068921143174318,9.000453100672452
15.274662556240894,9.068921143174318,9.117779532163965
15.274662556240894,9.068921143174318,10.132237599963217
10.376781795545632,9.068921143174318,7.326247284713032
15.274662556240894,9.068921143174318,9.840623123629328
15.274662556240894,9.068921143174318,10.265321548277962
15.274662556240894,5.674027254566022,3.7241554994881216
15.274662556240894,9.068921143174318,9.935661525810096
15.274662556240894,9.068921143174318,10.244992633497665
15.274662556240894,9.068921143174318,9.000453100672452
15.274662556240894,5.674027254566022,3.7241554994881216
13.453578066786658,9.068921143174318,8.800387267765208
15.274662556240894,9.068921143174318,9.117779532163965
15.274662556240894,9.068921143174318,10.575957210413721
15.274662556240894,9.068921143174318,9.840623123629328
15.274662556240894,9.068921143174318,9.935661525810096
15.274662556240894,9.068921143174318,10.132237599963217
15.274662556240894,9.068921143174318,10.265321548277962
15.274662556240894,9.068921143174318,10.340717291585559
15.274662556240894,9.068921143174318,10.244992633497665
15.37505036291953,9.549033290585069,9.05956913464652
15.274662556240894,9.068921143174318,9.840623123629328
15.264682717266368,9.068921143174318,9.488216243962363
15.274662556240894,9.068921143174318,10.340717291585559
13.453578066786658,9.068921143174318,8.800387267765208
15.274662556240894,9.068921143174318,10.265321548277962
15.274662556240894,9.068921143174318,10.575957210413721
15.274662556240894,9.068921143174318,10.132237599963217
15.37505036291953,9.549033290585069,9.05956913464652
15.274662556240894,9.068921143174318,9.117779532163965
15.274662556240894,5.674027254566022,3.7241554994881216
15.274662556240894,9.068921143174318,9.000453100672452
15.274662556240894,9.068921143174318,9.935661525810096
15.274662556240894,9.068921143174318,10.210185632885475
15.274662556240894,9.068921143174318,10.244992633497665
15.274662556240894,9.068921143174318,9.935661525810096
15.274662556240894,5.674027254566022,3.7241554994881216
15.274662556240894,9.068921143174318,10.575957210413721
15.274662556240894,9.068921143174318,10.265321548277962
15.274662556240894,9.068921143174318,9.000453100672452
15.274662556240894,9.068921143174318,10.132237599963217
15.274662556240894,9.068921143174318,10.244992633497665
15.274662556240894,9.068921143174318,9.117779532163965
15.274662556240894,9.068921143174318,10.210185632885475
10.376781795545632,9.068921143174318,7.326247284713032
13.453578066786658,9.068921143174318,8.800387267765208
15.274662556240894,9.068921143174318,10.340717291585559
15.37505036291953,9.549033290585069,9.05956913464652
15.274662556240894,9.068921143174318,9.840623123629328
15.264682717266368,9.068921143174318,9.488216243962363
15.264682717266368,9.068921143174318,9.488216243962363
15.274662556240894,9.068921143174318,9.840623123629328
15.274662556240894,9.068921143174318,10.132237599963217
15.274662556240894,9.068921143174318,10.575957210413721
15.274662556240894,9.068921143174318,10.265321548277962
10.376781795545632,9.068921143174318,7.326247284713032
15.37505036291953,9.549033290585069,9.05956913464652
15.274662556240894,9.068921143174318,9.935661525810096
13.453578066786658,9.068921143174318,8.800387267765208
15.274662556240894,5.674027254566022,3.7241554994881216
15.274662556240894,9.068921143174318,10.244992633497665
15.274662556240894,9.068921143174318,10.210185632885475
15.274662556240894,9.068921143174318,10.340717291585559
15.274662556240894,9.068921143174318,9.117779532163965
15.274662556240894,9.068921143174318,9.000453100672452
15.274662556240894,9.068921143174318,10.265321548277962
15.274662556240894,9.068921143174318,9.117779532163965
15.274662556240894,9.068921143174318,10.244992633497665
15.274662556240894,9.068921143174318,10.340717291585559
13.453578066786658,9.068921143174318,8.800387267765208
15.274662556240894,9.068921143174318,9.515400313283571
15.274662556240894,9.068921143174318,9.840623123629328
21.551873767723954,9.068921143174318,6.285121906321644
15.274662556240894,5.674027254566022,3.7241554994881216
15.274662556240894,9.068921143174318,10.210185632885475
15.274662556240894,9.068921143174318,9.000453100672452
10.376781795545632,9.068921143174318,7.326247284713032
15.274662556240894,9.068921143174318,10.132237599963217
15.264682717266368,9.068921143174318,9.488216243962363
15.274662556240894,9.068921143174318,10.575957210413721
15.274662556240894,9.068921143174318,9.935661525810096
15.37505036291953,9.549033290585069,9.05956913464652
15.274662556240894,5.674027254566022,3.7241554994881216
15.274662556240894,9.068921143174318,10.244992633497665
10.376781795545632,9.068921143174318,7.326247284713032
15.274662556240894,9.068921143174318,10.340717291585559
15.274662556240894,9.068921143174318,10.575957210413721
15.274662556240894,9.068921143174318,10.265321548277962
15.274662556240894,9.068921143174318,10.132237599963217
21.551873767723954,9.068921143174318,6.285121906321644
13.453578066786658,9.068921143174318,8.800387267765208
15.264682717266368,9.068921143174318,9.488216243962363
15.274662556240894,9.068921143174318,8.98158283916856
15.274662556240894,9.068921143174318,9.935661525810096
15.274662556240894,9.068921143174318,9.515400313283571
15.274662556240894,9.068921143174318,9.840623123629328
15.274662556240894,9.068921143174318,10.210185632885475
15.274662556240894,9.068921143174318,9.117779532163965
15.274662556240894,9.068921143174318,9.000453100672452
13.453578066786658,9.068921143174318,8.800387267765208
15.274662556240894,9.068921143174318,9.840623123629328
15.274662556240894,9.068921143174318,8.98158283916856
15.274662556240894,9.068921143174318,9.000453100672452
15.274662556240894,9.068921143174318,9.478774266737437
15.274662556240894,9.068921143174318,9.117779532163965
15.274662556240894,9.068921143174318,9.515400313283571
15.37505036291953,9.549033290585069,9.05956913464652
15.274662556240894,9.068921143174318,10.340717291585559
15.274662556240894,9.068921143174318,10.575957210413721
15.274662556240894,9.068921143174318,10.244992633497665
15.274662556240894,9.068921143174318,10.265321548277962
15.274662556240894,9.068921143174318,9.935661525810096
15.274662556240894,9.068921143174318,10.210185632885475
15.274662556240894,5.674027254566022,3.7241554994881216
10.376781795545632,9.068921143174318,7.326247284713032
21.551873767723954,9.068921143174318,6.285121906321644
15.264682717266368,9.068921143174318,9.488216243962363
15.274662556240894,9.068921143174318,9.515400313283571
15.274662556240894,9.068921143174318,10.210185632885475
15.274662556240894,9.068921143174318,10.132237599963217
15.264682717266368,9.068921143174318,9.488216243962363
15.274662556240894,9.068921143174318,9.840623123629328
15.274662556240894,9.068921143174318,9.935661525810096
13.453578066786658,9.068921143174318,8.800387267765208
15.274662556240894,5.674027254566022,3.7241554994881216
15.274662556240894,9.068921143174318,10.340717291585559
15.274662556240894,9.068921143174318,10.265321548277962
15.274662556240894,9.068921143174318,10.842740765310296
15.274662556240894,9.068921143174318,9.478774266737437
15.274662556240894,9.068921143174318,10.575957210413721
15.274662556240894,9.068921143174318,8.98158283916856
15.274662556240894,9.068921143174318,9.000453100672452
15.274662556240894,9.068921143174318,9.117779532163965
15.274662556240894,9.068921143174318,10.244992633497665
21.551873767723954,9.068921143174318,6.285121906321644
10.376781795545632,9.068921143174318,7.326247284713032
15.37505036291953,9.549033290585069,9.05956913464652
15.274662556240894,5.674027254566022,3.7241554994881216
15.264682717266368,9.068921143174318,9.488216243962363
15.274662556240894,9.068921143174318,10.340717291585559
15.274662556240894,9.068921143174318,9.840623123629328
15.274662556240894,9.068921143174318,10.265321548277962
10.376781795545632,9.068921143174318,7.326247284713032
13.453578066786658,9.068921143174318,8.800387267765208
15.37505036291953,9.549033290585069,9.05956913464652
15.274662556240894,9.068921143174318,9.117779532163965
15.274662556240894,9.068921143174318,9.935661525810096
15.274662556240894,9.068921143174318,9.478774266737437
15.274662556240894,9.068921143174318,10.575957210413721
15.274662556240894,9.068921143174318,9.000453100672452
21.551873767723954,9.068921143174318,6.285121906321644
15.274662556240894,9.068921143174318,9.515400313283571
15.274662556240894,9.068921143174318,10.132237599963217
15.274662556240894,9.068921143174318,10.210185632885475
15.274662556240894,9.068921143174318,8.98158283916856
15.274662556240894,9.068921143174318,10.244992633497665
15.274662556240894,9.068921143174318,10.842740765310296
15.274662556240894,9.068921143174318,9.478774266737437
15.37505036291953,9.549033290585069,9.05956913464652
21.551873767723954,9.068921143174318,6.285121906321644
15.274662556240894,9.068921143174318,10.265321548277962
15.274662556240894,9.068921143174318,9.935661525810096
15.274662556240894,9.068921143174318,8.98158283916856
15.274662556240894,9.068921143174318,10.340717291585559
15.274662556240894,9.068921143174318,9.117779532163965
15.264682717266368,9.068921143174318,9.488216243962363
15.274662556240894,9.068921143174318,9.840623123629328
15.274662556240894,9.068921143174318,9.690756335276044
15.274662556240894,9.068921143174318,10.210185632885475
13.453578066786658,9.068921143174318,8.800387267765208
15.274662556240894,9.068921143174318,9.749842678483043
15.274662556240894,9.068921143174318,9.000453100672452
15.274662556240894,9.068921143174318,10.244992633497665
15.274662556240894,9.068921143174318,10.132237599963217
15.274662556240894,5.674027254566022,3.7241554994881216
15.274662556240894,9.068921143174318,10.842740765310296
15.274662556240894,9.068921143174318,9.515400313283571
10.376781795545632,9.068921143174318,7.326247284713032
15.274662556240894,9.068921143174318,10.419654312224155
13.453578066786658,9.068921143174318,8.800387267765208
15.264682717266368,9.068921143174318,9.488216243962363
15.274662556240894,9.068921143174318,8.98158283916856
15.274662556240894,5.674027254566022,3.7241554994881216
15.274662556240894,9.068921143174318,10.340717291585559
15.274662556240894,9.068921143174318,9.935661525810096
15.274662556240894,9.068921143174318,9.000453100672452
15.274662556240894,9.068921143174318,10.210185632885475
15.274662556240894,9.068921143174318,10.842740765310296
15.37505036291953,9.549033290585069,9.05956913464652
15.274662556240894,9.068921143174318,9.117779532163965
15.274662556240894,9.068921143174318,10.773462113142497
15.274662556240894,9.068921143174318,9.690756335276044
15.274662556240894,9.068921143174318,10.575957210413721
15.274662556240894,9.068921143174318,9.478774266737437
15.274662556240894,9.068921143174318,9.749842678483043
21.551873767723954,9.068921143174318,6.285121906321644
10.376781795545632,9.068921143174318,7.326247284713032
15.274662556240894,9.068921143174318,9.840623123629328
15.274662556240894,9.068921143174318,10.132237599963217
15.274662556240894,9.068921143174318,10.244992633497665
15.274662556240894,9.068921143174318,10.265321548277962
15.274662556240894,9.068921143174318,9.515400313283571
15.274662556240894,9.068921143174318,10.419654312224155
15.274662556240894,9.068921143174318,10.842740765310296
13.453578066786658,9.068921143174318,8.800387267765208
21.551873767723954,9.068921143174318,6.285121906321644
15.274662556240894,9.068921143174318,9.117779532163965
15.274662556240894,9.068921143174318,9.000453100672452
15.274662556240894,9.068921143174318,10.575957210413721
15.274662556240894,9.068921143174318,8.98158283916856
5.743997902503818,10.338265233609938,3.602824798431407
15.264682717266368,9.068921143174318,9.488216243962363
15.274662556240894,9.068921143174318,9.515400313283571
15.274662556240894,9.068921143174318,10.340717291585559
15.37505036291953,9.549033290585069,9.05956913464652
15.274662556240894,5.674027254566022,3.7241554994881216
15.274662556240894,9.068921143174318,10.265321548277962
15.274662556240894,9.068921143174318,10.244992633497665
15.274662556240894,9.068921143174318,10.773462113142497
15.274662556240894,9.068921143174318,10.419654312224155
15.274662556240894,9.068921143174318,9.840623123629328
15.274662556240894,9.068921143174318,9.690756335276044
15.274662556240894,9.068921143174318,9.935661525810096
15.274662556240894,9.068921143174318,9.478774266737437
15.274662556240894,9.068921143174318,10.132237599963217
10.376781795545632,9.068921143174318,7.326247284713032
15.274662556240894,9.068921143174318,9.749842678483043
15.274662556240894,9.068921143174318,10.210185632885475
15.274662556240894,9.068921143174318,10.340717291585559
15.274662556240894,9.513251201940625,9.454143619489551
15.274662556240894,9.068921143174318,9.690756335276044
15.37505036291953,9.549033290585069,9.05956913464652
15.274662556240894,9.068921143174318,10.265321548277962
15.274662556240894,9.068921143174318,10.419654312224155
15.274662556240894,9.068921143174318,10.244992633497665
10.376781795545632,9.068921143174318,7.326247284713032
15.274662556240894,9.068921143174318,10.575957210413721
15.274662556240894,9.068921143174318,9.000453100672452
15.274662556240894,9.068921143174318,9.117779532163965
15.274662556240894,9.068921143174318,10.132237599963217
13.453578066786658,9.068921143174318,8.800387267765208
5.743997902503818,10.338265233609938,3.602824798431407
15.274662556240894,9.068921143174318,9.515400313283571
15.274662556240894,9.068921143174318,9.840623123629328
15.274662556240894,9.068921143174318,9.478774266737437
15.264682717266368,9.068921143174318,9.488216243962363
15.274662556240894,5.674027254566022,3.7241554994881216
15.274662556240894,9.068921143174318,10.210185632885475
15.274662556240894,9.068921143174318,10.41501651836354
21.551873767723954,9.068921143174318,6.285121906321644
15.274662556240894,9.068921143174318,9.935661525810096
15.274662556240894,9.068921143174318,10.773462113142497
15.274662556240894,9.068921143174318,8.98158283916856
15.274662556240894,9.068921143174318,9.749842678483043
15.274662556240894,9.068921143174318,10.842740765310296
15.37505036291953,9.068921143174318,9.56418088315871
15.274662556240894,9.068921143174318,10.575957210413721
15.274662556240894,9.068921143174318,9.478774266737437
15.274662556240894,9.068921143174318,9.935661525810096
15.274662556240894,9.068921143174318,10.773462113142497
15.274662556240894,9.068921143174318,10.210185632885475
15.274662556240894,5.674027254566022,3.7241554994881216
15.37505036291953,9.549033290585069,9.05956913464652
21.551873767723954,9.068921143174318,6.285121906321644
15.274662556240894,9.068921143174318,10.244992633497665
15.274662556240894,9.068921143174318,9.690756335276044
15.274662556240894,9.068921143174318,10.41501651836354
15.264682717266368,9.068921143174318,9.488216243962363
15.274662556240894,9.068921143174318,9.000453100672452
5.743997902503818,10.338265233609938,3.602824798431407
15.274662556240894,9.068921143174318,10.265321548277962
15.274662556240894,9.068921143174318,9.117779532163965
15.274662556240894,9.513251201940625,9.454143619489551
15.274662556240894,9.068921143174318,8.98158283916856
15.37505036291953,9.068921143174318,9.56418088315871
15.274662556240894,9.068921143174318,10.655701709221303
15.274662556240894,9.068921143174318,9.749842678483043
15.274662556240894,9.068921143174318,9.840623123629328
15.274662556240894,9.068921143174318,10.340717291585559
13.453578066786658,9.068921143174318,8.800387267765208
15.274662556240894,9.068921143174318,9.515400313283571
15.274662556240894,9.068921143174318,10.842740765310296
15.274662556240894,9.068921143174318,10.419654312224155
15.274662556240894,9.068921143174318,9.525536459517468
10.376781795545632,9.068921143174318,7.326247284713032
15.264682717266368,9.068921143174318,9.488216243962363
15.274662556240894,9.068921143174318,10.773462113142497
5.743997902503818,10.338265233609938,3.602824798431407
15.274662556240894,9.068921143174318,9.749842678483043
15.274662556240894,9.068921143174318,10.655701709221303
10.376781795545632,9.068921143174318,7.326247284713032
15.274662556240894,9.068921143174318,10.265321548277962
15.274662556240894,9.068921143174318,10.419654312224155
15.274662556240894,9.068921143174318,9.840623123629328
15.274662556240894,9.068921143174318,8.98158283916856
15.274662556240894,9.068921143174318,10.210185632885475
15.274662556240894,9.068921143174318,10.842740765310296
15.274662556240894,9.068921143174318,9.117779532163965
15.274662556240894,5.674027254566022,3.7241554994881216
15.274662556240894,9.068921143174318,9.000453100672452
15.37505036291953,9.549033290585069,9.05956913464652
15.274662556240894,9.513251201940625,9.454143619489551
15.274662556240894,9.068921143174318,9.478774266737437
15.274662556240894,9.068921143174318,10.575957210413721
21.551873767723954,9.068921143174318,6.285121906321644
13.453578066786658,9.068921143174318,8.800387267765208
15.274662556240894,9.068921143174318,10.244992633497665
15.274662556240894,9.068921143174318,9.935661525810096
15.274662556240894,9.068921143174318,10.323215513376692
15.37505036291953,9.068921143174318,9.56418088315871
15.274662556240894,9.068921143174318,9.525536459517468
15.274662556240894,9.068921143174318,9.515400313283571
15.274662556240894,9.068921143174318,9.690756335276044
15.274662556240894,9.068921143174318,10.340717291585559
15.274662556240894,9.068921143174318,10.132237599963217
15.274662556240894,9.068921143174318,10.41501651836354
15.274662556240894,9.068921143174318,9.525536459517468
13.453578066786658,9.068921143174318,8.800387267765208
15.37505036291953,9.068921143174318,9.56418088315871
15.274662556240894,9.068921143174318,10.340717291585559
15.274662556240894,9.068921143174318,9.117779532163965
15.37505036291953,9.549033290585069,9.05956913464652
5.743997902503818,10.338265233609938,3.602824798431407
15.274662556240894,9.068921143174318,10.575957210413721
15.274662556240894,9.068921143174318,10.244992633497665
15.264682717266368,9.068921143174318,9.488216243962363
15.274662556240894,9.068921143174318,9.478774266737437
15.274662556240894,9.068921143174318,10.265321548277962
15.274662556240894,9.068921143174318,8.98158283916856
21.551873767723954,9.068921143174318,6.285121906321644
10.376781795545632,9.068921143174318,7.326247284713032
15.274662556240894,9.068921143174318,10.773462113142497
15.274662556240894,9.068921143174318,10.419654312224155
15.274662556240894,9.068921143174318,9.749842678483043
15.274662556240894,9.068921143174318,10.323215513376692
15.274662556240894,9.068921143174318,10.41501651836354
15.274662556240894,9.068921143174318,9.515400313283571
12.38375922422626,2.005380702711337,0.10366881873289831
15.274662556240894,9.068921143174318,9.000453100672452
15.274662556240894,9.068921143174318,10.417611649381962
15.274662556240894,9.068921143174318,9.840623123629328
15.274662556240894,9.068921143174318,10.652272838073804
15.274662556240894,9.513251201940625,9.454143619489551
15.274662556240894,9.068921143174318,9.915435714804484
15.274662556240894,5.674027254566022,3.7241554994881216
15.274662556240894,9.068921143174318,10.132237599963217
15.274662556240894,9.068921143174318,10.655701709221303
15.274662556240894,9.068921143174318,9.690756335276044
15.274662556240894,9.068921143174318,10.210185632885475
15.274662556240894,9.068921143174318,9.935661525810096
15.274662556240894,9.068921143174318,10.842740765310296
15.274662556240894,9.068921143174318,10.41501651836354
15.274662556240894,9.068921143174318,8.98158283916856
15.274662556240894,9.068921143174318,10.575957210413721
15.274662556240894,9.068921143174318,9.749842678483043
15.274662556240894,9.068921143174318,10.773462113142497
15.274662556240894,9.513251201940625,9.454143619489551
15.274662556240894,9.068921143174318,10.244992633497665
15.264682717266368,9.068921143174318,9.488216243962363
15.274662556240894,9.068921143174318,10.265321548277962
15.274662556240894,9.068921143174318,9.525536459517468
15.274662556240894,9.068921143174318,9.515400313283571
15.274662556240894,9.068921143174318,10.132237599963217
15.37505036291953,9.068921143174318,9.56418088315871
10.376781795545632,9.068921143174318,7.326247284713032
15.274662556240894,9.068921143174318,10.210185632885475
15.274662556240894,9.068921143174318,9.840623123629328
15.37505036291953,9.549033290585069,9.05956913464652
15.274662556240894,5.674027254566022,3.7241554994881216
15.274662556240894,9.068921143174318,9.117779532163965
15.274662556240894,9.068921143174318,9.539740487721021
15.274662556240894,9.068921143174318,10.652272838073804
15.274662556240894,9.068921143174318,10.842740765310296
15.274662556240894,9.068921143174318,9.935661525810096
15.274662556240894,9.068921143174318,9.784590000645617
13.453578066786658,9.068921143174318,8.800387267765208
15.274662556240894,9.068921143174318,10.417611649381962
15.274662556240894,9.068921143174318,10.323215513376692
15.274662556240894,9.068921143174318,10.655701709221303
5.743997902503818,10.338265233609938,3.602824798431407
15.274662556240894,9.068921143174318,9.478774266737437
15.274662556240894,9.068921143174318,9.000453100672452
15.274662556240894,9.068921143174318,9.690756335276044
21.551873767723954,9.068921143174318,6.285121906321644
12.38375922422626,2.005380702711337,0.10366881873289831
15.274662556240894,9.068921143174318,9.915435714804484
15.274662556240894,9.068921143174318,10.340717291585559
15.274662556240894,9.068921143174318,10.419654312224155
15.274662556240894,9.068921143174318,9.478774266737437
15.37505036291953,9.068921143174318,9.56418088315871
10.376781795545632,9.068921143174318,7.326247284713032
15.274662556240894,9.068921143174318,9.320159845631858
15.37505036291953,9.068921143174318,9.215451261949092
15.274662556240894,9.068921143174318,9.515400313283571
15.274662556240894,9.068921143174318,10.417611649381962
15.274662556240894,9.513251201940625,9.454143619489551
15.274662556240894,9.068921143174318,9.784590000645617
15.274662556240894,9.068921143174318,10.340717291585559
13.453578066786658,9.068921143174318,8.800387267765208
15.274662556240894,9.068921143174318,9.117779532163965
15.274662556240894,9.068921143174318,9.749842678483043
15.274662556240894,9.068921143174318,9.399385000602141
15.274662556240894,9.068921143174318,10.210185632885475
15.274662556240894,9.068921143174318,10.652272838073804
15.274662556240894,9.068921143174318,10.41501651836354
15.274662556240894,9.068921143174318,9.539740487721021
15.274662556240894,9.068921143174318,9.840623123629328
5.743997902503818,10.338265233609938,3.602824798431407
15.37505036291953,9.549033290585069,9.05956913464652
15.274662556240894,9.068921143174318,9.690756335276044
15.274662556240894,9.068921143174318,10.265321548277962
15.274662556240894,9.068921143174318,10.626112827955566
15.274662556240894,9.068921143174318,10.773462113142497
15.274662556240894,9.068921143174318,10.323215513376692
15.274662556240894,9.068921143174318,10.655701709221303
15.274662556240894,9.068921143174318,10.132237599963217
15.274662556240894,9.068921143174318,8.98158283916856
15.274662556240894,9.068921143174318,9.915435714804484
12.38375922422626,2.005380702711337,0.10366881873289831
15.274662556240894,9.068921143174318,10.419654312224155
15.264682717266368,9.068921143174318,9.488216243962363
15.274662556240894,9.068921143174318,9.525536459517468
15.274662556240894,5.674027254566022,3.7241554994881216
21.551873767723954,9.068921143174318,6.285121906321644
15.274662556240894,9.068921143174318,10.842740765310296
15.274662556240894,9.068921143174318,10.575957210413721
15.274662556240894,9.068921143174318,10.122681707244384
15.274662556240894,9.068921143174318,10.244992633497665
15.264682717266368,9.068921143174318,9.488216243962363
12.38375922422626,2.005380702711337,0.10366881873289831
15.274662556240894,9.068921143174318,10.132237599963217
15.274662556240894,9.068921143174318,9.515400313283571
15.274662556240894,9.068921143174318,10.41501651836354
15.274662556240894,9.068921143174318,9.784590000645617
15.274662556240894,9.068921143174318,9.320159845631858
15.274662556240894,9.068921143174318,9.802493245008078
15.274662556240894,9.068921143174318,9.000453100672452
15.274662556240894,9.068921143174318,10.575957210413721
15.274662556240894,9.068921143174318,10.486780060098354
15.274662556240894,9.068921143174318,9.935661525810096
15.274662556240894,9.068921143174318,9.478774266737437
10.376781795545632,9.068921143174318,7.326247284713032
15.274662556240894,9.068921143174318,9.749842678483043
15.274662556240894,9.068921143174318,10.265321548277962
15.274662556240894,9.068921143174318,10.652272838073804
15.274662556240894,9.068921143174318,9.525536459517468
15.37505036291953,9.068921143174318,9.56418088315871
15.274662556240894,9.068921143174318,9.915435714804484
5.743997902503818,10.338265233609938,3.602824798431407
15.37505036291953,9.068921143174318,9.215451261949092
15.274662556240894,9.068921143174318,10.417611649381962
15.274662556240894,9.068921143174318,10.340717291585559
15.274662556240894,9.068921143174318,9.399385000602141
15.37505036291953,9.549033290585069,9.05956913464652
15.274662556240894,9.068921143174318,10.210185632885475
15.274662556240894,5.674027254566022,3.7241554994881216
15.274662556240894,10.338265233609938,8.67025753231591
15.274662556240894,9.068921143174318,10.419654312224155
15.274662556240894,9.513251201940625,9.454143619489551
15.274662556240894,9.068921143174318,9.840623123629328
15.274662556240894,9.068921143174318,10.244992633497665
15.274662556240894,9.068921143174318,10.626112827955566
15.274662556240894,9.068921143174318,10.842740765310296
21.551873767723954,9.068921143174318,6.285121906321644
15.274662556240894,9.068921143174318,10.655701709221303
15.274662556240894,9.068921143174318,9.539740487721021
13.453578066786658,9.068921143174318,8.800387267765208
15.274662556240894,9.068921143174318,9.117779532163965
15.274662556240894,9.068921143174318,9.690756335276044
15.274662556240894,9.068921143174318,10.773462113142497
15.274662556240894,9.068921143174318,10.323215513376692
15.274662556240894,9.068921143174318,8.98158283916856
15.37505036291953,9.068921143174318,9.215451261949092
15.274662556240894,9.513251201940625,9.454143619489551
15.274662556240894,9.068921143174318,9.525536459517468
13.453578066786658,9.068921143174318,8.800387267765208
15.274662556240894,9.068921143174318,10.575957210413721
15.264682717266368,9.068921143174318,9.488216243962363
15.274662556240894,9.068921143174318,9.935661525810096
15.274662556240894,9.068921143174318,9.915435714804484
15.274662556240894,9.068921143174318,10.265321548277962
15.274662556240894,9.068921143174318,9.117779532163965
15.274662556240894,5.674027254566022,3.7241554994881216
15.274662556240894,9.068921143174318,10.244992633497665
15.274662556240894,10.338265233609938,8.67025753231591
15.274662556240894,9.068921143174318,10.41501651836354
15.274662556240894,9.068921143174318,9.000453100672452
21.538610192338222,9.068921143174318,6.069177534606191
15.274662556240894,9.068921143174318,10.773462113142497
15.274662556240894,9.068921143174318,9.515400313283571
15.274662556240894,9.068921143174318,10.122681707244384
15.37505036291953,9.549033290585069,9.05956913464652
15.274662556240894,9.068921143174318,9.749842678483043
15.274662556240894,9.068921143174318,9.690756335276044
15.274662556240894,9.068921143174318,9.320159845631858
15.274662556240894,9.068921143174318,9.840623123629328
15.274662556240894,9.068921143174318,10.486780060098354
15.274662556240894,9.068921143174318,10.626112827955566
15.274662556240894,9.068921143174318,9.784590000645617
15.274662556240894,9.068921143174318,9.539740487721021
15.274662556240894,9.068921143174318,10.210185632885475
10.376781795545632,9.068921143174318,7.326247284713032
15.274662556240894,9.068921143174318,9.399385000602141
15.274662556240894,9.068921143174318,10.417611649381962
15.37505036291953,9.068921143174318,9.56418088315871
15.274662556240894,9.068921143174318,9.802493245008078
15.274662556240894,9.068921143174318,10.340717291585559
15.274662556240894,9.068921143174318,9.023708046539795
21.551873767723954,9.068921143174318,6.285121906321644
15.274662556240894,9.068921143174318,10.842740765310296
15.274662556240894,9.068921143174318,10.132237599963217
20.788206576144397,1.5052095326499426,0.09471406969256825
15.274662556240894,9.068921143174318,8.98158283916856
15.274662556240894,9.068921143174318,10.419654312224155
15.274662556240894,9.068921143174318,10.323215513376692
15.274662556240894,9.068921143174318,9.478774266737437
5.743997902503818,10.338265233609938,3.602824798431407
15.274662556240894,9.068921143174318,10.652272838073804
12.38375922422626,2.005380702711337,0.10366881873289831
15.274662556240894,9.068921143174318,10.655701709221303
15.274662556240894,9.068921143174318,10.544929021335289
12.38375922422626,2.005380702711337,0.10366881873289831
15.274662556240894,9.068921143174318,10.323215513376692
15.274662556240894,9.068921143174318,9.071133265754122
5.743997902503818,10.338265233609938,3.602824798431407
15.274662556240894,9.068921143174318,9.023708046539795
15.274662556240894,9.068921143174318,10.655701709221303
15.274662556240894,9.068921143174318,9.000453100672452
15.274662556240894,10.338265233609938,8.67025753231591
15.274662556240894,9.068921143174318,10.417611649381962
15.274662556240894,9.068921143174318,10.210185632885475
15.37505036291953,9.068921143174318,9.56418088315871
15.274662556240894,9.068921143174318,9.915435714804484
15.274662556240894,9.068921143174318,10.575957210413721
15.274662556240894,9.068921143174318,10.41501651836354
15.274662556240894,9.068921143174318,10.091320899892459
15.274662556240894,9.068921143174318,8.98158283916856
15.274662556240894,9.068921143174318,10.652272838073804
15.274662556240894,9.068921143174318,10.294935088687224
15.274662556240894,9.068921143174318,9.802493245008078
15.274662556240894,9.068921143174318,9.525536459517468
15.274662556240894,9.068921143174318,10.122681707244384
27.34211690853408,9.068921143174318,2.002514990185955
15.274662556240894,9.068921143174318,9.690756335276044
15.274662556240894,9.068921143174318,9.840623123629328
15.274662556240894,9.068921143174318,9.320159845631858
15.274662556240894,9.068921143174318,10.486780060098354
21.551873767723954,9.068921143174318,6.285121906321644
15.274662556240894,9.068921143174318,9.698500112857406
15.274662556240894,9.068921143174318,9.117779532163965
15.274662556240894,9.068921143174318,9.478774266737437
15.274662556240894,9.068921143174318,9.784590000645617
15.37505036291953,9.068921143174318,9.215451261949092
15.274662556240894,9.068921143174318,9.935661525810096
10.376781795545632,9.068921143174318,7.326247284713032
15.274662556240894,9.068921143174318,10.265321548277962
15.274662556240894,9.513251201940625,9.454143619489551
15.274662556240894,9.068921143174318,10.842740765310296
15.274662556240894,9.068921143174318,10.340717291585559
15.37505036291953,9.549033290585069,9.05956913464652
15.274662556240894,9.068921143174318,10.544929021335289
15.274662556240894,9.068921143174318,10.419654312224155
20.788206576144397,1.5052095326499426,0.09471406969256825
15.274662556240894,9.068921143174318,10.244992633497665
15.274662556240894,9.068921143174318,9.749842678483043
13.453578066786658,9.068921143174318,8.800387267765208
15.274662556240894,9.068921143174318,9.399385000602141
15.274662556240894,5.674027254566022,3.7241554994881216
15.274662556240894,9.068921143174318,10.773462113142497
15.274662556240894,9.068921143174318,10.626112827955566
15.264682717266368,9.068921143174318,9.488216243962363
15.274662556240894,9.068921143174318,9.515400313283571
21.538610192338222,9.068921143174318,6.069177534606191
15.274662556240894,9.068921143174318,9.539740487721021
15.274662556240894,9.068921143174318,9.117779532163965
15.274662556240894,9.068921143174318,10.544929021335289
15.264682717266368,9.068921143174318,9.488216243962363
13.453578066786658,9.068921143174318,8.800387267765208
15.274662556240894,9.068921143174318,10.41501651836354
15.274662556240894,9.068921143174318,9.915435714804484
15.274662556240894,9.068921143174318,10.575957210413721
15.274662556240894,9.068921143174318,9.515400313283571
27.34211690853408,9.068921143174318,2.002514990185955
15.274662556240894,9.068921143174318,10.419654312224155
15.408865796444703,5.3399474252834995,2.4527004925730687
15.274662556240894,9.068921143174318,10.265321548277962
15.274662556240894,9.068921143174318,10.773462113142497
15.274662556240894,9.068921143174318,10.323215513376692
15.274662556240894,9.068921143174318,10.122681707244384
15.37505036291953,9.068921143174318,9.215451261949092
15.274662556240894,9.068921143174318,9.320159845631858
15.274662556240894,9.068921143174318,9.935661525810096
15.37505036291953,9.549033290585069,9.05956913464652
15.274662556240894,9.068921143174318,10.340717291585559
15.274662556240894,9.068921143174318,9.399385000602141
15.37505036291953,9.068921143174318,9.56418088315871
15.274662556240894,9.068921143174318,9.698500112857406
15.274662556240894,9.068921143174318,9.840623123629328
15.274662556240894,9.068921143174318,10.244992633497665
15.274662556240894,9.068921143174318,10.842740765310296
15.274662556240894,9.068921143174318,9.525536459517468
21.538610192338222,9.068921143174318,6.069177534606191
15.274662556240894,9.068921143174318,9.690756335276044
15.274662556240894,9.068921143174318,10.655701709221303
15.274662556240894,9.068921143174318,10.652272838073804
12.38375922422626,2.005380702711337,0.10366881873289831
15.274662556240894,9.068921143174318,10.417611649381962
15.274662556240894,9.068921143174318,10.626112827955566
15.274662556240894,9.068921143174318,9.478774266737437
15.274662556240894,9.068921143174318,9.802493245008078
10.376781795545632,9.068921143174318,7.326247284713032
20.788206576144397,1.5052095326499426,0.09471406969256825
15.274662556240894,9.513251201940625,9.454143619489551
15.274662556240894,9.068921143174318,10.210185632885475
15.274662556240894,9.068921143174318,9.749842678483043
15.274662556240894,5.674027254566022,3.7241554994881216
15.274662556240894,9.068921143174318,9.289332152905658
15.274662556240894,9.068921143174318,9.000453100672452
15.274662556240894,9.068921143174318,10.453998892749944
15.274662556240894,9.068921143174318,9.539740487721021
15.274662556240894,9.068921143174318,10.294935088687224
15.274662556240894,9.068921143174318,9.071133265754122
15.274662556240894,10.338265233609938,8.67025753231591
15.274662556240894,9.068921143174318,9.023708046539795
15.274662556240894,9.068921143174318,9.263828913965451
5.743997902503818,10.338265233609938,3.602824798431407
21.551873767723954,9.068921143174318,6.285121906321644
15.274662556240894,9.068921143174318,9.010159924495154
15.274662556240894,9.068921143174318,8.98158283916856
15.274662556240894,9.068921143174318,9.784590000645617
15.274662556240894,9.068921143174318,10.486780060098354
15.274662556240894,9.068921143174318,10.091320899892459
15.274662556240894,9.068921143174318,10.655701709221303
15.274662556240894,9.068921143174318,10.340717291585559
13.453578066786658,9.068921143174318,8.800387267765208
5.743997902503818,10.338265233609938,3.602824798431407
15.274662556240894,9.068921143174318,10.265321548277962
15.274662556240894,9.068921143174318,10.132237599963217
15.274662556240894,9.068921143174318,10.41501651836354
15.274662556240894,9.068921143174318,10.453998892749944
10.376781795545632,9.068921143174318,7.326247284713032
15.274662556240894,9.068921143174318,9.690756335276044
15.37505036291953,9.068921143174318,9.56418088315871
15.274662556240894,9.068921143174318,9.802493245008078
20.788206576144397,1.5052095326499426,0.09471406969256825
15.37505036291953,9.549033290585069,9.05956913464652
15.274662556240894,9.068921143174318,10.210185632885475
15.274662556240894,9.068921143174318,10.626112827955566
15.274662556240894,9.068921143174318,9.117779532163965
15.274662556240894,5.674027254566022,3.7241554994881216
15.274662556240894,9.068921143174318,9.000453100672452
15.274662556240894,9.068921143174318,9.478774266737437
15.274662556240894,9.068921143174318,10.381129907433516
15.274662556240894,9.068921143174318,10.323215513376692
15.274662556240894,9.068921143174318,9.399385000602141
15.264682717266368,9.068921143174318,9.488216243962363
15.274662556240894,9.068921143174318,9.289332152905658
15.274662556240894,9.068921143174318,10.652272838073804
15.274662556240894,9.068921143174318,9.554752484015344
15.274662556240894,9.068921143174318,10.596861547885206
15.274662556240894,9.068921143174318,9.525536459517468
15.274662556240894,9.068921143174318,10.544929021335289
15.274662556240894,9.068921143174318,9.071133265754122
15.274662556240894,9.068921143174318,10.575957210413721
21.551873767723954,9.068921143174318,6.285121906321644
15.274662556240894,9.068921143174318,9.539740487721021
15.274662556240894,9.068921143174318,9.515400313283571
15.274662556240894,9.068921143174318,10.417611649381962
15.274662556240894,9.068921143174318,9.915435714804484
15.274662556240894,9.068921143174318,10.842740765310296
15.274662556240894,9.068921143174318,10.514724299036414
15.274662556240894,9.068921143174318,9.263828913965451
15.274662556240894,9.068921143174318,9.010159924495154
15.274662556240894,10.338265233609938,8.67025753231591
15.274662556240894,9.068921143174318,9.240611415895977
15.274662556240894,9.068921143174318,9.892744996032956
21.538610192338222,9.068921143174318,6.069177534606191
15.274662556240894,9.068921143174318,9.840623123629328
12.38375922422626,2.005380702711337,0.10366881873289831
15.37505036291953,9.068921143174318,9.215451261949092
27.34211690853408,9.068921143174318,2.002514990185955
15.274662556240894,9.068921143174318,9.749842678483043
15.274662556240894,9.068921143174318,9.320159845631858
15.274662556240894,9.068921143174318,9.023708046539795
15.274662556240894,9.068921143174318,9.935661525810096
15.274662556240894,9.068921143174318,10.419654312224155
15.274662556240894,9.068921143174318,10.091320899892459
15.37505036291953,9.068921143174318,9.886056188277117
15.274662556240894,9.068921143174318,10.486780060098354
15.274662556240894,9.068921143174318,10.122681707244384
15.274662556240894,9.068921143174318,9.698500112857406
15.274662556240894,9.068921143174318,8.98158283916856
15.274662556240894,9.068921143174318,10.244992633497665
15.274662556240894,9.513251201940625,9.454143619489551
15.408865796444703,5.3399474252834995,2.4527004925730687
15.274662556240894,9.068921143174318,10.294935088687224
15.274662556240894,9.068921143174318,10.773462113142497
15.274662556240894,9.068921143174318,9.784590000645617
15.274662556240894,9.068921143174318,9.071133265754122
15.274662556240894,9.068921143174318,10.773462113142497
21.538610192338222,9.068921143174318,6.069177534606191
15.274662556240894,9.068921143174318,9.010159924495154
15.274662556240894,9.068921143174318,8.98158283916856
15.274662556240894,9.068921143174318,9.840623123629328
15.274662556240894,9.068921143174318,10.210185632885475
15.274662556240894,9.068921143174318,10.626112827955566
15.274662556240894,9.068921143174318,10.46852557555642
15.274662556240894,9.068921143174318,10.323215513376692
15.274662556240894,9.068921143174318,9.802493245008078
15.274662556240894,9.068921143174318,9.263828913965451
15.264682717266368,9.068921143174318,9.095474337834784
15.274662556240894,9.068921143174318,9.554752484015344
15.274662556240894,9.068921143174318,9.935661525810096
15.274662556240894,9.068921143174318,10.514724299036414
15.274662556240894,9.068921143174318,10.294935088687224
15.274662556240894,9.068921143174318,9.92442019359608
15.274662556240894,9.068921143174318,9.686025610146096
15.274662556240894,7.295786027892355,6.72106484928942
15.274662556240894,9.068921143174318,9.117779532163965
15.274662556240894,9.068921143174318,9.289332152905658
10.376781795545632,9.068921143174318,7.326247284713032
12.38375922422626,2.005380702711337,0.10366881873289831
27.34211690853408,9.068921143174318,2.002514990185955
15.274662556240894,9.068921143174318,9.539740487721021
15.274662556240894,9.068921143174318,9.698500112857406
5.743997902503818,10.338265233609938,3.602824798431407
15.274662556240894,9.068921143174318,10.244992633497665
15.274662556240894,9.068921143174318,10.419654312224155
15.274662556240894,9.068921143174318,9.525536459517468
15.274662556240894,9.068921143174318,10.652272838073804
15.408865796444703,5.3399474252834995,2.4527004925730687
15.274662556240894,14.155029541564469,6.005026649911024
13.453578066786658,9.068921143174318,8.800387267765208
15.274662556240894,9.068921143174318,10.453998892749944
15.37505036291953,9.068921143174318,9.56418088315871
15.274662556240894,9.068921143174318,9.000453100672452
15.274662556240894,9.068921143174318,9.915435714804484
15.274662556240894,9.068921143174318,10.596861547885206
15.274662556240894,9.068921143174318,10.655701709221303
15.274662556240894,10.338265233609938,8.67025753231591
21.551873767723954,9.068921143174318,6.285121906321644
15.274662556240894,9.068921143174318,10.486780060098354
15.274662556240894,9.068921143174318,10.842740765310296
15.274662556240894,9.068921143174318,10.381129907433516
15.274662556240894,9.068921143174318,9.478774266737437
15.274662556240894,9.068921143174318,10.41501651836354
15.274662556240894,5.674027254566022,3.7241554994881216
15.274662556240894,9.068921143174318,9.690756335276044
15.274662556240894,9.068921143174318,9.749842678483043
15.274662556240894,9.068921143174318,10.265321548277962
15.37505036291953,9.549033290585069,9.05956913464652
15.274662556240894,9.068921143174318,10.122681707244384
15.264682717266368,9.068921143174318,9.488216243962363
15.274662556240894,9.068921143174318,10.091320899892459
20.788206576144397,1.5052095326499426,0.09471406969256825
15.274662556240894,9.068921143174318,9.399385000602141
15.274662556240894,9.513251201940625,9.454143619489551
15.274662556240894,9.068921143174318,9.023708046539795
15.274662556240894,9.068921143174318,10.544929021335289
15.274662556240894,9.068921143174318,10.132237599963217
15.274662556240894,9.068921143174318,10.417611649381962
15.274662556240894,9.068921143174318,9.515400313283571
15.274662556240894,9.068921143174318,9.320159845631858
15.274662556240894,9.068921143174318,9.682157335338744
15.274662556240894,9.068921143174318,10.653753034151118
15.274662556240894,9.068921143174318,9.784590000645617
15.37505036291953,9.068921143174318,9.886056188277117
15.37505036291953,9.068921143174318,9.215451261949092
15.274662556240894,9.068921143174318,9.892744996032956
15.274662556240894,9.068921143174318,10.340717291585559
