15.274662556240894,9.068921143174318,10.544868973977076
15.274662556240894,9.068921143174318,9.318270092494334
15.37505036291953,9.068921143174318,9.332343037257665
15.37505036291953,9.549033290585069,9.36748258968841
15.274662556240894,9.068921143174318,8.994730455532325
15.274662556240894,9.068921143174318,10.808335346617875
15.274662556240894,4.806272613755234,7.347212846664123
15.274662556240894,9.068921143174318,9.93837708169412
21.905741605258775,9.068921143174318,5.6705824942759495
15.274662556240894,9.068921143174318,10.435755123671154
10.376781795545632,9.068921143174318,6.6965263451588495
15.274662556240894,9.068921143174318,10.105338287501066
15.274662556240894,9.068921143174318,9.577998817702083
15.37505036291953,9.068921143174318,10.635172937820098
15.274662556240894,9.068921143174318,10.29333978116102
15.274662556240894,9.068921143174318,10.244563470995264
10.871916257677675,2.0176735310413774,0.10400075495001372
15.274662556240894,9.068921143174318,8.963619826324946
15.274662556240894,9.068921143174318,10.731651951477128
15.37505036291953,9.068921143174318,10.729057009801762
15.37505036291953,9.068921143174318,8.892107533122248
15.37505036291953,9.068921143174318,9.361040343539571
15.274662556240894,9.068921143174318,9.85234630599564
15.274662556240894,9.068921143174318,9.302825069264786
15.264682717266368,9.068921143174318,9.082333694127353
15.274662556240894,9.068921143174318,9.765538227509879
15.274662556240894,10.338265233609938,8.73385628980825
15.274662556240894,10.691277618647074,8.147632543024518
15.274662556240894,9.068921143174318,9.418533882956735
15.274662556240894,9.068921143174318,8.963878806899643
15.274662556240894,9.068921143174318,9.383106922682849
15.274662556240894,0.17178727250789194,0.10920423943084619
15.274662556240894,9.068921143174318,9.461686827449691
15.274662556240894,9.068921143174318,10.823642617172121
15.274662556240894,9.068921143174318,10.103793615405733
15.274662556240894,9.068921143174318,10.57803504243791
15.274662556240894,9.068921143174318,10.573621548724168
15.274662556240894,9.068921143174318,9.318270092494334
15.274662556240894,9.068921143174318,9.002545826345187
15.274662556240894,9.068921143174318,9.318270092494334
15.274662556240894,9.068921143174318,9.081091945231243
22.902252818965955,10.208554188101843,7.177407881112966
15.274662556240894,9.068921143174318,8.92512314852554
15.274662556240894,14.202084478146647,6.554419517818679
21.724471192807357,9.068921143174318,5.9753545156033665
15.274662556240894,9.068921143174318,9.24964289401013
15.274662556240894,9.068921143174318,8.910024369220825
15.274662556240894,9.068921143174318,8.924400183871816
15.274662556240894,9.068921143174318,10.308447017737695
15.274662556240894,9.068921143174318,10.246947694823204
15.274662556240894,9.068921143174318,9.180690786348045
15.274662556240894,9.068921143174318,10.636226657361727
15.274662556240894,12.815663069604511,6.900573620660621
15.274662556240894,9.068921143174318,8.97068516031555
15.274662556240894,9.068921143174318,9.961497383709945
15.274662556240894,9.068921143174318,9.82654486285626
15.274662556240894,9.068921143174318,10.744708181257323
17.84225353498156,9.068921143174318,7.81032812076239
15.274662556240894,9.068921143174318,9.754469344690845
15.274662556240894,9.068921143174318,9.142004462336955
15.274662556240894,9.068921143174318,9.864441244213653
15.274662556240894,9.068921143174318,10.400117014296764
15.274662556240894,9.068921143174318,9.891184512069898
15.274662556240894,9.068921143174318,9.383719150391066
18.21878052162311,9.745890651010276,8.199815761669022
15.274662556240894,9.068921143174318,9.318270092494334
15.274662556240894,9.068921143174318,9.318270092494334
15.274662556240894,9.068921143174318,9.87757881763229
6.950199455279138,9.068921143174318,4.983171766094864
15.274662556240894,9.068921143174318,10.371787818252175
15.274662556240894,9.068921143174318,10.148557330774295
15.274662556240894,9.068921143174318,9.212662231954798
7.27863784728457,9.068921143174318,5.241540473608831
15.274662556240894,9.068921143174318,10.519165478191152
27.253598780032064,9.068921143174318,1.8629582727344058
7.27863784728457,9.068921143174318,4.412139450022143
10.376781795545632,9.068921143174318,7.336569375811536
15.274662556240894,9.068921143174318,10.334545323416878
10.376781795545632,9.068921143174318,6.867347736725268
15.274662556240894,9.068921143174318,8.915631616039464
