23.70992140123799,9.068921143174318,4.286241356216903
15.274662556240894,9.068921143174318,10.159592065022316
13.675897910831225,9.068921143174318,9.466892088363043
15.274662556240894,9.068921143174318,9.901482015873261
15.274662556240894,6.737758983565894,6.157536051105369
15.274662556240894,9.068921143174318,9.163347646136085
15.274662556240894,9.068921143174318,9.83729204579916
15.274662556240894,9.068921143174318,10.092574582889014
8.257302514047417,17.1937430357143,3.0501452063683936
27.126882822985756,9.068921143174318,1.970578914495238
6.02630270250614,9.068921143174318,3.859609954526629
15.274662556240894,9.068921143174318,10.515386176296301
15.274662556240894,9.068921143174318,9.425423031096404
21.037422259126924,9.068921143174318,5.771537016327875
15.274662556240894,9.068921143174318,9.92304502619866
15.274662556240894,9.068921143174318,9.112881059790439
15.274662556240894,9.068921143174318,9.739093800873285
15.274662556240894,12.590128210305638,7.4989932154921215
15.274662556240894,9.068921143174318,10.458922657803322
15.274662556240894,9.068921143174318,10.699643700557482
25.525746416567493,9.624031249027396,4.4021827152841615
21.037422259126924,9.068921143174318,5.771537016327875
15.274662556240894,9.068921143174318,9.425423031096404
8.257302514047417,17.1937430357143,3.0501452063683936
15.274662556240894,9.068921143174318,9.112881059790439
15.274662556240894,9.068921143174318,10.159592065022316
15.969703079164786,9.068921143174318,8.81792754014776
15.274662556240894,12.590128210305638,7.4989932154921215
15.274662556240894,9.068921143174318,10.515386176296301
25.525746416567493,9.624031249027396,4.4021827152841615
23.70992140123799,9.068921143174318,4.286241356216903
15.274662556240894,9.068921143174318,10.699643700557482
15.274662556240894,9.068921143174318,9.901482015873261
15.274662556240894,9.068921143174318,9.739093800873285
15.274662556240894,9.068921143174318,9.83729204579916
29.118197988310314,17.1937430357143,9.70800268274174
27.126882822985756,9.068921143174318,1.970578914495238
15.274662556240894,9.068921143174318,9.92159011326101
13.675897910831225,9.068921143174318,9.466892088363043
15.274662556240894,9.068921143174318,10.458922657803322
15.274662556240894,6.737758983565894,6.157536051105369
6.02630270250614,9.068921143174318,3.859609954526629
15.274662556240894,9.068921143174318,10.092574582889014
15.274662556240894,9.068921143174318,9.163347646136085
15.274662556240894,9.068921143174318,9.92304502619866
15.274662556240894,9.068921143174318,9.596724494377389
15.274662556240894,6.737758983565894,6.157536051105369
6.02630270250614,9.068921143174318,3.859609954526629
15.274662556240894,9.068921143174318,9.901482015873261
13.675897910831225,9.068921143174318,9.466892088363043
26.2986325221544,15.357542553239798,8.914866610017
15.274662556240894,16.03420312825625,5.55142978884756
15.274662556240894,9.068921143174318,9.112881059790439
15.274662556240894,9.068921143174318,9.92304502619866
29.118197988310314,17.1937430357143,9.70800268274174
15.969703079164786,9.068921143174318,8.81792754014776
15.274662556240894,12.590128210305638,7.4989932154921215
15.274662556240894,9.068921143174318,10.699643700557482
8.257302514047417,17.1937430357143,3.0501452063683936
27.126882822985756,9.068921143174318,1.970578914495238
25.525746416567493,9.624031249027396,4.4021827152841615
21.037422259126924,9.068921143174318,5.771537016327875
15.274662556240894,9.068921143174318,10.092574582889014
15.274662556240894,9.068921143174318,9.83729204579916
15.274662556240894,9.068921143174318,9.816297113504179
15.274662556240894,9.068921143174318,10.515386176296301
15.274662556240894,9.068921143174318,9.425423031096404
15.274662556240894,9.068921143174318,9.163347646136085
15.274662556240894,9.068921143174318,10.458922657803322
23.70992140123799,9.068921143174318,4.286241356216903
15.274662556240894,9.068921143174318,9.92159011326101
15.274662556240894,9.068921143174318,9.739093800873285
15.274662556240894,9.068921143174318,10.235794422978177
15.274662556240894,12.590128210305638,7.4989932154921215
25.525746416567493,9.624031249027396,4.4021827152841615
15.274662556240894,9.068921143174318,10.458922657803322
15.274662556240894,9.624031249027396,9.84108994125078
27.126882822985756,9.068921143174318,1.970578914495238
15.274662556240894,9.068921143174318,9.407541151564953
15.274662556240894,9.068921143174318,9.816297113504179
15.274662556240894,9.068921143174318,9.92304502619866
15.274662556240894,9.068921143174318,10.092574582889014
26.2986325221544,15.357542553239798,8.914866610017
29.118197988310314,17.1937430357143,9.70800268274174
15.274662556240894,9.068921143174318,9.901482015873261
15.274662556240894,9.068921143174318,9.163347646136085
15.274662556240894,6.737758983565894,6.157536051105369
15.274662556240894,9.068921143174318,10.515386176296301
15.274662556240894,9.068921143174318,9.112881059790439
15.274662556240894,9.068921143174318,10.159592065022316
8.257302514047417,17.1937430357143,3.0501452063683936
15.274662556240894,9.068921143174318,9.425423031096404
15.969703079164786,9.068921143174318,8.81792754014776
15.274662556240894,9.068921143174318,9.92159011326101
15.274662556240894,9.068921143174318,10.235794422978177
15.274662556240894,9.068921143174318,9.596724494377389
23.70992140123799,9.068921143174318,4.286241356216903
13.675897910831225,9.068921143174318,9.466892088363043
21.037422259126924,9.068921143174318,5.771537016327875
15.274662556240894,16.03420312825625,5.55142978884756
15.274662556240894,9.068921143174318,9.83729204579916
6.02630270250614,9.068921143174318,3.859609954526629
15.274662556240894,9.068921143174318,10.699643700557482
15.274662556240894,9.068921143174318,9.739093800873285
23.70992140123799,9.068921143174318,4.286241356216903
15.274662556240894,9.624031249027396,9.84108994125078
6.02630270250614,9.068921143174318,3.859609954526629
15.274662556240894,9.068921143174318,10.092574582889014
29.118197988310314,17.1937430357143,9.70800268274174
15.274662556240894,9.068921143174318,9.596724494377389
15.274662556240894,9.068921143174318,10.235794422978177
15.274662556240894,9.068921143174318,9.425423031096404
15.274662556240894,9.068921143174318,9.92159011326101
26.2986325221544,15.357542553239798,8.914866610017
15.274662556240894,9.068921143174318,9.495293585390211
15.274662556240894,6.737758983565894,6.157536051105369
15.274662556240894,16.03420312825625,5.55142978884756
15.274662556240894,9.068921143174318,9.163347646136085
25.525746416567493,9.624031249027396,4.4021827152841615
15.274662556240894,9.068921143174318,9.112881059790439
15.274662556240894,9.068921143174318,9.407541151564953
15.969703079164786,9.068921143174318,8.81792754014776
15.274662556240894,9.068921143174318,10.458922657803322
15.274662556240894,9.068921143174318,10.515386176296301
15.274662556240894,12.590128210305638,7.4989932154921215
27.126882822985756,9.068921143174318,1.970578914495238
15.274662556240894,9.068921143174318,10.159592065022316
21.037422259126924,9.068921143174318,5.771537016327875
13.675897910831225,9.068921143174318,9.466892088363043
15.274662556240894,9.068921143174318,9.901482015873261
15.274662556240894,9.068921143174318,9.816297113504179
15.274662556240894,9.068921143174318,9.739093800873285
15.274662556240894,9.068921143174318,9.92304502619866
15.274662556240894,9.068921143174318,10.699643700557482
15.274662556240894,9.068921143174318,9.261780700315242
15.274662556240894,9.068921143174318,10.235794422978177
15.274662556240894,9.068921143174318,9.425423031096404
15.274662556240894,9.068921143174318,9.739093800873285
15.274662556240894,9.068921143174318,9.112881059790439
29.118197988310314,17.1937430357143,9.70800268274174
15.274662556240894,9.068921143174318,10.092574582889014
15.274662556240894,9.068921143174318,10.515386176296301
15.274662556240894,9.068921143174318,9.83729204579916
15.274662556240894,9.068921143174318,9.901482015873261
15.274662556240894,9.068921143174318,9.163347646136085
23.70992140123799,9.068921143174318,4.286241356216903
25.525746416567493,9.624031249027396,4.4021827152841615
15.274662556240894,9.068921143174318,9.92304502619866
15.274662556240894,9.068921143174318,10.159592065022316
13.675897910831225,9.068921143174318,9.466892088363043
15.274662556240894,9.068921143174318,9.596724494377389
15.274662556240894,9.068921143174318,9.34812819819133
15.274662556240894,9.068921143174318,10.458922657803322
6.02630270250614,9.068921143174318,3.859609954526629
27.126882822985756,9.068921143174318,1.970578914495238
15.274662556240894,12.590128210305638,7.4989932154921215
15.969703079164786,9.068921143174318,8.81792754014776
21.037422259126924,9.068921143174318,5.771537016327875
15.274662556240894,9.068921143174318,9.407541151564953
15.274662556240894,9.068921143174318,9.495293585390211
15.274662556240894,9.068921143174318,9.816297113504179
15.274662556240894,16.03420312825625,5.55142978884756
15.274662556240894,9.624031249027396,9.84108994125078
15.274662556240894,9.068921143174318,10.699643700557482
26.2986325221544,15.357542553239798,8.914866610017
15.274662556240894,9.068921143174318,9.92159011326101
15.274662556240894,6.737758983565894,6.157536051105369
21.037422259126924,9.068921143174318,5.771537016327875
15.274662556240894,9.068921143174318,9.34812819819133
15.274662556240894,9.068921143174318,9.261780700315242
29.118197988310314,17.1937430357143,9.70800268274174
15.274662556240894,16.03420312825625,5.55142978884756
15.274662556240894,9.068921143174318,9.163347646136085
15.274662556240894,9.068921143174318,9.739093800873285
25.525746416567493,9.624031249027396,4.4021827152841615
15.274662556240894,9.068921143174318,10.235794422978177
15.274662556240894,9.068921143174318,10.445949084131776
15.274662556240894,9.624031249027396,9.84108994125078
15.274662556240894,9.068921143174318,9.407541151564953
15.274662556240894,9.068921143174318,9.112881059790439
15.274662556240894,9.068921143174318,10.515386176296301
26.2986325221544,15.357542553239798,8.914866610017
15.274662556240894,9.068921143174318,9.425423031096404
15.274662556240894,9.068921143174318,10.159592065022316
27.126882822985756,9.068921143174318,1.970578914495238
13.675897910831225,9.068921143174318,9.466892088363043
15.274662556240894,9.068921143174318,9.83729204579916
15.274662556240894,6.737758983565894,6.157536051105369
15.274662556240894,9.068921143174318,10.699643700557482
15.274662556240894,9.068921143174318,9.596724494377389
15.274662556240894,9.068921143174318,9.901482015873261
15.274662556240894,9.068921143174318,9.816297113504179
15.274662556240894,12.590128210305638,7.4989932154921215
15.274662556240894,9.068921143174318,9.495293585390211
15.969703079164786,9.068921143174318,8.81792754014776
22.559345456832773,9.068921143174318,4.617418113019231
15.274662556240894,9.068921143174318,10.458922657803322
15.274662556240894,9.068921143174318,10.092574582889014
15.274662556240894,9.068921143174318,9.92304502619866
6.02630270250614,9.068921143174318,3.859609954526629
15.274662556240894,9.068921143174318,9.92159011326101
8.257302514047417,17.1937430357143,3.0501452063683936
15.274662556240894,12.051490244532225,7.585085617692635
15.274662556240894,9.068921143174318,10.458922657803322
26.2986325221544,15.357542553239798,8.914866610017
15.274662556240894,9.068921143174318,9.92304502619866
15.274662556240894,9.068921143174318,9.596724494377389
15.274662556240894,9.068921143174318,9.090799472436895
15.274662556240894,9.068921143174318,10.111053996970224
27.126882822985756,9.068921143174318,1.970578914495238
15.274662556240894,12.590128210305638,7.4989932154921215
15.274662556240894,9.068921143174318,9.261780700315242
15.274662556240894,9.068921143174318,9.163347646136085
15.274662556240894,12.051490244532225,7.585085617692635
15.274662556240894,9.068921143174318,10.515386176296301
15.274662556240894,9.068921143174318,9.816297113504179
21.037422259126924,9.068921143174318,5.771537016327875
6.02630270250614,9.068921143174318,3.859609954526629
15.274662556240894,16.03420312825625,5.55142978884756
15.274662556240894,9.068921143174318,9.24046517617994
22.559345456832773,9.068921143174318,4.617418113019231
15.274662556240894,9.068921143174318,9.112881059790439
15.274662556240894,9.068921143174318,10.699643700557482
15.274662556240894,9.068921143174318,9.83729204579916
15.969703079164786,9.068921143174318,8.81792754014776
15.274662556240894,9.068921143174318,9.495293585390211
8.257302514047417,17.1937430357143,3.0501452063683936
15.274662556240894,9.068921143174318,10.445949084131776
25.525746416567493,9.624031249027396,4.4021827152841615
15.274662556240894,9.068921143174318,10.092574582889014
15.274662556240894,9.068921143174318,9.407541151564953
15.274662556240894,9.068921143174318,9.92159011326101
15.274662556240894,9.624031249027396,9.84108994125078
29.118197988310314,17.1937430357143,9.70800268274174
15.274662556240894,9.068921143174318,9.739093800873285
15.274662556240894,9.068921143174318,10.159592065022316
13.675897910831225,9.068921143174318,9.466892088363043
15.274662556240894,9.068921143174318,10.235794422978177
15.274662556240894,9.068921143174318,9.425423031096404
15.274662556240894,6.737758983565894,6.157536051105369
15.274662556240894,9.068921143174318,9.34812819819133
15.274662556240894,9.068921143174318,9.596724494377389
15.274662556240894,9.068921143174318,9.24046517617994
15.274662556240894,6.737758983565894,6.157536051105369
15.274662556240894,9.068921143174318,9.83729204579916
15.274662556240894,9.068921143174318,9.816297113504179
15.274662556240894,4.363344638487342,0.0936312770452252
15.274662556240894,12.590128210305638,7.4989932154921215
15.274662556240894,9.068921143174318,9.407541151564953
15.969703079164786,9.068921143174318,8.81792754014776
15.274662556240894,9.068921143174318,10.111053996970224
15.274662556240894,9.068921143174318,10.159592065022316
15.274662556240894,9.068921143174318,9.495293585390211
15.274662556240894,9.068921143174318,10.445949084131776
15.274662556240894,9.068921143174318,9.261780700315242
15.274662556240894,9.068921143174318,9.34812819819133
8.257302514047417,17.1937430357143,3.0501452063683936
15.274662556240894,9.068921143174318,10.092574582889014
15.274662556240894,9.068921143174318,10.699643700557482
15.274662556240894,9.068921143174318,10.458922657803322
15.274662556240894,9.624031249027396,9.84108994125078
22.559345456832773,9.068921143174318,4.617418113019231
29.118197988310314,17.1937430357143,9.70800268274174
15.274662556240894,16.03420312825625,5.55142978884756
21.037422259126924,9.068921143174318,5.771537016327875
15.274662556240894,9.068921143174318,9.597668394373358
15.274662556240894,9.068921143174318,10.235794422978177
13.675897910831225,9.068921143174318,9.466892088363043
27.126882822985756,9.068921143174318,1.970578914495238
15.274662556240894,9.068921143174318,10.178464633037926
25.525746416567493,9.624031249027396,4.4021827152841615
15.274662556240894,12.051490244532225,7.585085617692635
15.274662556240894,9.068921143174318,9.090799472436895
15.274662556240894,9.068921143174318,9.92304502619866
15.274662556240894,9.068921143174318,10.515386176296301
26.2986325221544,15.357542553239798,8.914866610017
6.02630270250614,9.068921143174318,3.859609954526629
23.70992140123799,9.068921143174318,4.286241356216903
15.274662556240894,9.068921143174318,9.112881059790439
15.274662556240894,9.068921143174318,9.163347646136085
15.274662556240894,9.068921143174318,9.92159011326101
29.419033465894124,9.068921143174318,0.5336889579274396
15.274662556240894,9.068921143174318,9.425423031096404
15.274662556240894,9.068921143174318,9.739093800873285
6.02630270250614,9.068921143174318,3.859609954526629
15.274662556240894,9.068921143174318,9.34812819819133
15.274662556240894,9.068921143174318,9.92304502619866
28.527683495035983,7.0173208898670705,0.09142442137543626
15.274662556240894,9.068921143174318,9.261780700315242
15.274662556240894,9.068921143174318,9.495293585390211
15.274662556240894,9.068921143174318,9.425423031096404
15.274662556240894,9.068921143174318,10.235794422978177
15.274662556240894,9.068921143174318,9.739093800873285
29.419033465894124,9.068921143174318,0.5336889579274396
26.2986325221544,15.357542553239798,8.914866610017
15.969703079164786,9.068921143174318,8.81792754014776
15.274662556240894,12.590128210305638,7.4989932154921215
15.274662556240894,9.068921143174318,10.699643700557482
15.274662556240894,9.068921143174318,9.597668394373358
15.274662556240894,9.068921143174318,9.596724494377389
15.274662556240894,9.068921143174318,9.92159011326101
22.559345456832773,9.068921143174318,4.617418113019231
27.126882822985756,9.068921143174318,1.970578914495238
15.274662556240894,9.068921143174318,9.112881059790439
23.70992140123799,9.068921143174318,4.286241356216903
15.274662556240894,9.068921143174318,10.445949084131776
15.274662556240894,12.051490244532225,7.585085617692635
15.274662556240894,9.068921143174318,9.901482015873261
15.274662556240894,9.068921143174318,10.712645159509663
15.274662556240894,9.068921143174318,9.24046517617994
15.274662556240894,9.068921143174318,9.83729204579916
15.274662556240894,16.03420312825625,5.55142978884756
15.274662556240894,9.068921143174318,10.458922657803322
15.274662556240894,9.068921143174318,10.111053996970224
15.274662556240894,9.068921143174318,10.515386176296301
15.274662556240894,9.068921143174318,9.407541151564953
15.274662556240894,9.068921143174318,10.159592065022316
29.118197988310314,17.1937430357143,9.70800268274174
15.274662556240894,9.068921143174318,9.090799472436895
15.274662556240894,9.068921143174318,10.178464633037926
8.257302514047417,17.1937430357143,3.0501452063683936
15.274662556240894,9.624031249027396,9.84108994125078
15.274662556240894,9.068921143174318,9.163347646136085
15.274662556240894,9.068921143174318,9.816297113504179
15.274662556240894,9.068921143174318,10.092574582889014
15.274662556240894,4.363344638487342,0.0936312770452252
13.675897910831225,9.068921143174318,9.466892088363043
15.274662556240894,9.068921143174318,10.30885189254973
25.525746416567493,9.624031249027396,4.4021827152841615
21.037422259126924,9.068921143174318,5.771537016327875
15.274662556240894,6.737758983565894,6.157536051105369
15.274662556240894,9.068921143174318,10.092574582889014
25.525746416567493,9.624031249027396,4.4021827152841615
15.274662556240894,12.590128210305638,7.4989932154921215
15.274662556240894,9.068921143174318,10.235794422978177
15.274662556240894,9.068921143174318,9.83729204579916
15.274662556240894,9.068921143174318,9.425423031096404
15.274662556240894,4.363344638487342,0.0936312770452252
15.274662556240894,9.068921143174318,10.445949084131776
15.274662556240894,9.068921143174318,9.816297113504179
15.274662556240894,9.068921143174318,10.699643700557482
15.274662556240894,9.068921143174318,9.261780700315242
15.274662556240894,9.068921143174318,10.30885189254973
15.969703079164786,9.068921143174318,8.81792754014776
22.559345456832773,9.068921143174318,4.617418113019231
15.274662556240894,9.068921143174318,9.34812819819133
15.274662556240894,9.068921143174318,9.495293585390211
15.274662556240894,9.068921143174318,9.901482015873261
29.118197988310314,17.1937430357143,9.70800268274174
13.675897910831225,9.068921143174318,9.466892088363043
15.274662556240894,9.068921143174318,9.597668394373358
15.274662556240894,16.03420312825625,5.55142978884756
15.274662556240894,9.068921143174318,10.712645159509663
6.02630270250614,9.068921143174318,3.859609954526629
15.274662556240894,9.068921143174318,10.111053996970224
15.274662556240894,9.068921143174318,10.458922657803322
15.274662556240894,9.068921143174318,9.090799472436895
15.274662556240894,9.068921143174318,9.92304502619866
15.274662556240894,9.068921143174318,9.92159011326101
21.037422259126924,9.068921143174318,5.771537016327875
15.274662556240894,12.051490244532225,7.585085617692635
23.70992140123799,9.068921143174318,4.286241356216903
15.274662556240894,9.068921143174318,10.722337222600101
15.274662556240894,9.068921143174318,9.112881059790439
28.527683495035983,7.0173208898670705,0.09142442137543626
15.274662556240894,9.068921143174318,9.24046517617994
15.274662556240894,6.737758983565894,6.157536051105369
29.419033465894124,9.068921143174318,0.5336889579274396
8.257302514047417,17.1937430357143,3.0501452063683936
15.274662556240894,9.068921143174318,9.407541151564953
15.274662556240894,9.068921143174318,9.739093800873285
27.126882822985756,9.068921143174318,1.970578914495238
15.274662556240894,9.068921143174318,10.515386176296301
26.2986325221544,15.357542553239798,8.914866610017
15.274662556240894,9.068921143174318,9.163347646136085
15.274662556240894,9.068921143174318,10.159592065022316
15.274662556240894,9.068921143174318,10.178464633037926
15.274662556240894,9.068921143174318,9.596724494377389
15.274662556240894,9.068921143174318,9.495293585390211
15.274662556240894,12.590128210305638,7.4989932154921215
15.274662556240894,9.068921143174318,10.458922657803322
25.525746416567493,9.624031249027396,4.4021827152841615
15.274662556240894,9.068921143174318,10.092574582889014
15.274662556240894,9.068921143174318,9.425423031096404
15.274662556240894,9.068921143174318,10.178464633037926
27.126882822985756,9.068921143174318,1.970578914495238
15.274662556240894,9.068921143174318,9.92159011326101
15.274662556240894,9.068921143174318,9.407541151564953
15.274662556240894,9.068921143174318,10.515386176296301
15.274662556240894,9.624031249027396,9.84108994125078
15.274662556240894,9.068921143174318,10.111053996970224
15.274662556240894,9.068921143174318,9.596724494377389
15.274662556240894,9.068921143174318,9.112881059790439
15.969703079164786,9.068921143174318,8.81792754014776
15.274662556240894,9.068921143174318,9.191991620212574
15.274662556240894,9.068921143174318,10.722337222600101
15.274662556240894,9.068921143174318,9.890794678680852
15.274662556240894,16.03420312825625,5.55142978884756
21.037422259126924,9.068921143174318,5.771537016327875
28.527683495035983,7.0173208898670705,0.09142442137543626
15.274662556240894,9.068921143174318,9.83729204579916
15.274662556240894,9.068921143174318,10.531002779738603
15.274662556240894,9.068921143174318,9.816297113504179
15.274662556240894,9.068921143174318,9.163347646136085
15.274662556240894,12.051490244532225,7.585085617692635
15.274662556240894,9.068921143174318,10.712645159509663
15.274662556240894,9.068921143174318,10.707854617952638
15.274662556240894,9.068921143174318,9.34812819819133
15.274662556240894,9.068921143174318,9.92304502619866
23.70992140123799,9.068921143174318,4.286241356216903
26.2986325221544,15.357542553239798,8.914866610017
22.559345456832773,9.068921143174318,4.617418113019231
15.274662556240894,6.737758983565894,6.157536051105369
15.274662556240894,9.068921143174318,9.24046517617994
15.274662556240894,9.068921143174318,9.090799472436895
15.274662556240894,9.068921143174318,9.739093800873285
15.274662556240894,9.068921143174318,9.901482015873261
8.257302514047417,17.1937430357143,3.0501452063683936
15.274662556240894,9.068921143174318,9.597668394373358
15.274662556240894,9.068921143174318,10.699643700557482
15.274662556240894,4.363344638487342,0.0936312770452252
29.419033465894124,9.068921143174318,0.5336889579274396
15.274662556240894,9.068921143174318,9.261780700315242
15.274662556240894,9.068921143174318,10.445949084131776
15.274662556240894,9.068921143174318,10.159592065022316
15.274662556240894,9.068921143174318,10.30885189254973
6.02630270250614,9.068921143174318,3.859609954526629
13.675897910831225,9.068921143174318,9.466892088363043
29.118197988310314,17.1937430357143,9.70800268274174
15.274662556240894,9.068921143174318,10.235794422978177
15.274662556240894,9.068921143174318,9.92304502619866
15.274662556240894,9.068921143174318,9.83729204579916
15.274662556240894,9.068921143174318,9.92159011326101
15.274662556240894,6.737758983565894,6.157536051105369
15.274662556240894,9.068921143174318,9.597668394373358
15.274662556240894,12.051490244532225,7.585085617692635
15.274662556240894,9.068921143174318,9.901482015873261
15.274662556240894,9.068921143174318,10.445949084131776
15.274662556240894,9.068921143174318,9.090799472436895
15.274662556240894,9.068921143174318,10.531002779738603
15.274662556240894,9.068921143174318,10.722337222600101
15.274662556240894,12.590128210305638,7.4989932154921215
15.274662556240894,9.068921143174318,9.407541151564953
15.274662556240894,9.068921143174318,10.159592065022316
15.274662556240894,9.068921143174318,9.24046517617994
15.274662556240894,9.068921143174318,9.596724494377389
15.274662556240894,9.068921143174318,9.425423031096404
25.525746416567493,9.624031249027396,4.4021827152841615
15.274662556240894,9.068921143174318,10.515386176296301
15.274662556240894,9.068921143174318,9.261780700315242
15.274662556240894,9.068921143174318,9.495293585390211
15.274662556240894,9.068921143174318,8.924269656267022
15.274662556240894,9.068921143174318,10.30885189254973
15.274662556240894,9.068921143174318,10.699643700557482
29.419033465894124,9.068921143174318,0.5336889579274396
15.274662556240894,9.068921143174318,10.707854617952638
15.274662556240894,9.068921143174318,10.111053996970224
15.274662556240894,9.068921143174318,10.458922657803322
15.274662556240894,9.068921143174318,9.890794678680852
15.274662556240894,4.363344638487342,0.0936312770452252
15.274662556240894,9.068921143174318,9.34812819819133
15.274662556240894,9.068921143174318,10.529722342302659
15.274662556240894,9.068921143174318,10.726658170916929
15.969703079164786,9.068921143174318,8.81792754014776
8.257302514047417,17.1937430357143,3.0501452063683936
15.274662556240894,9.068921143174318,10.235794422978177
6.02630270250614,9.068921143174318,3.859609954526629
15.274662556240894,9.068921143174318,9.163347646136085
15.274662556240894,9.068921143174318,10.712645159509663
28.527683495035983,7.0173208898670705,0.09142442137543626
15.274662556240894,9.068921143174318,9.618256869517479
15.274662556240894,9.068921143174318,9.191991620212574
15.274662556240894,16.03420312825625,5.55142978884756
15.274662556240894,9.068921143174318,9.816297113504179
15.274662556240894,9.068921143174318,10.178464633037926
13.675897910831225,9.068921143174318,9.466892088363043
15.274662556240894,9.068921143174318,9.739093800873285
15.274662556240894,9.068921143174318,9.112881059790439
22.559345456832773,9.068921143174318,4.617418113019231
15.274662556240894,9.068921143174318,9.622753112027626
23.70992140123799,9.068921143174318,4.286241356216903
28.527683495035983,31.30031183300524,5.037820465513645
27.126882822985756,9.068921143174318,1.970578914495238
21.037422259126924,9.068921143174318,5.771537016327875
15.274662556240894,9.624031249027396,9.84108994125078
15.274662556240894,9.068921143174318,10.092574582889014
26.2986325221544,15.357542553239798,8.914866610017
15.274662556240894,9.068921143174318,10.111053996970224
15.274662556240894,9.068921143174318,9.163347646136085
15.274662556240894,9.068921143174318,9.816297113504179
15.274662556240894,9.624031249027396,9.84108994125078
15.274662556240894,9.068921143174318,10.726658170916929
8.257302514047417,17.1937430357143,3.0501452063683936
26.2986325221544,15.357542553239798,8.914866610017
15.274662556240894,9.068921143174318,10.407386824567062
15.274662556240894,9.068921143174318,10.458922657803322
27.126882822985756,9.068921143174318,1.970578914495238
21.037422259126924,9.068921143174318,5.771537016327875
15.274662556240894,9.068921143174318,9.425423031096404
15.274662556240894,9.068921143174318,9.596724494377389
15.274662556240894,9.068921143174318,10.722337222600101
15.274662556240894,9.068921143174318,9.191991620212574
15.274662556240894,9.068921143174318,9.622753112027626
29.118197988310314,17.1937430357143,9.70800268274174
15.274662556240894,9.068921143174318,9.407541151564953
15.274662556240894,9.068921143174318,9.261780700315242
15.274662556240894,9.068921143174318,9.92159011326101
15.274662556240894,9.068921143174318,10.515386176296301
15.274662556240894,9.068921143174318,8.924269656267022
15.274662556240894,9.068921143174318,9.495293585390211
15.274662556240894,9.068921143174318,10.274266597156503
15.274662556240894,9.068921143174318,10.529722342302659
6.02630270250614,9.068921143174318,3.859609954526629
15.274662556240894,9.068921143174318,9.890794678680852
28.527683495035983,31.30031183300524,5.037820465513645
15.274662556240894,9.068921143174318,9.597668394373358
15.274662556240894,9.068921143174318,9.090799472436895
23.70992140123799,9.068921143174318,4.286241356216903
13.675897910831225,9.068921143174318,9.466892088363043
15.274662556240894,9.068921143174318,10.445949084131776
15.274662556240894,9.068921143174318,9.24046517617994
25.525746416567493,9.624031249027396,4.4021827152841615
15.274662556240894,9.068921143174318,9.618256869517479
15.274662556240894,9.068921143174318,9.92304502619866
15.274662556240894,9.068921143174318,9.34812819819133
15.274662556240894,9.068921143174318,9.112881059790439
29.419033465894124,9.068921143174318,0.5336889579274396
15.274662556240894,16.03420312825625,5.55142978884756
15.274662556240894,12.590128210305638,7.4989932154921215
15.274662556240894,9.068921143174318,9.901482015873261
15.274662556240894,9.068921143174318,10.707854617952638
15.274662556240894,9.068921143174318,10.127149712606137
15.274662556240894,9.068921143174318,10.712645159509663
15.274662556240894,9.068921143174318,10.159592065022316
15.274662556240894,9.068921143174318,10.30885189254973
15.274662556240894,9.068921143174318,10.178464633037926
15.274662556240894,9.068921143174318,10.235794422978177
15.274662556240894,9.068921143174318,9.676407518037717
15.274662556240894,6.737758983565894,6.157536051105369
22.559345456832773,9.068921143174318,4.617418113019231
15.274662556240894,4.363344638487342,0.0936312770452252
28.527683495035983,17.1937430357143,9.069277469382056
15.274662556240894,9.068921143174318,9.739093800873285
15.274662556240894,12.051490244532225,7.585085617692635
15.274662556240894,9.068921143174318,9.83729204579916
15.274662556240894,9.068921143174318,10.092574582889014
18.01773335778494,9.068921143174318,7.934691601221792
15.969703079164786,9.068921143174318,8.81792754014776
28.527683495035983,7.0173208898670705,0.09142442137543626
15.274662556240894,9.068921143174318,10.531002779738603
15.274662556240894,9.068921143174318,9.952107457489152
22.559345456832773,9.068921143174318,4.617418113019231
15.274662556240894,16.03420312825625,5.55142978884756
15.274662556240894,9.068921143174318,9.24046517617994
15.274662556240894,9.068921143174318,9.090799472436895
15.274662556240894,9.068921143174318,9.191991620212574
8.257302514047417,17.1937430357143,3.0501452063683936
13.675897910831225,9.068921143174318,9.466892088363043
15.274662556240894,9.068921143174318,9.676407518037717
21.037422259126924,9.068921143174318,5.771537016327875
15.274662556240894,9.624031249027396,9.84108994125078
15.274662556240894,9.068921143174318,10.30885189254973
23.70992140123799,9.068921143174318,4.286241356216903
15.274662556240894,9.068921143174318,10.699643700557482
15.274662556240894,9.068921143174318,10.159592065022316
28.527683495035983,7.0173208898670705,0.09142442137543626
15.274662556240894,4.363344638487342,0.0936312770452252
15.274662556240894,9.068921143174318,9.816297113504179
6.02630270250614,9.068921143174318,3.859609954526629
15.274662556240894,4.6895516315345125,0.41639765197613576
15.274662556240894,9.068921143174318,10.111053996970224
15.274662556240894,9.068921143174318,10.235794422978177
15.274662556240894,4.933401219830117,1.5047314058231767
15.274662556240894,9.068921143174318,10.274266597156503
15.274662556240894,6.737758983565894,6.157536051105369
15.274662556240894,9.068921143174318,10.780224669127701
15.274662556240894,9.068921143174318,10.722337222600101
15.274662556240894,9.068921143174318,9.34812819819133
25.525746416567493,9.624031249027396,4.4021827152841615
15.274662556240894,9.068921143174318,9.618256869517479
15.274662556240894,9.068921143174318,9.739093800873285
15.274662556240894,9.068921143174318,9.92304502619866
15.274662556240894,9.068921143174318,9.952107457489152
15.274662556240894,9.068921143174318,9.112881059790439
15.274662556240894,9.068921143174318,10.712645159509663
15.274662556240894,9.068921143174318,9.407541151564953
15.274662556240894,9.068921143174318,10.127149712606137
15.274662556240894,9.068921143174318,10.515386176296301
15.274662556240894,9.068921143174318,8.924269656267022
28.527683495035983,31.30031183300524,5.037820465513645
15.969703079164786,9.068921143174318,8.81792754014776
15.274662556240894,9.068921143174318,10.531002779738603
15.274662556240894,9.068921143174318,9.495293585390211
15.274662556240894,9.068921143174318,10.028590345391775
15.274662556240894,12.590128210305638,7.4989932154921215
15.274662556240894,9.068921143174318,10.407386824567062
15.274662556240894,9.068921143174318,9.261780700315242
28.527683495035983,17.1937430357143,9.069277469382056
15.274662556240894,9.068921143174318,10.726658170916929
15.274662556240894,9.068921143174318,10.178464633037926
15.274662556240894,9.068921143174318,9.597668394373358
15.274662556240894,9.068921143174318,10.027188535527552
26.2986325221544,15.357542553239798,8.914866610017
15.274662556240894,12.051490244532225,7.585085617692635
27.126882822985756,9.068921143174318,1.970578914495238
15.274662556240894,9.068921143174318,9.890794678680852
15.274662556240894,9.068921143174318,9.92159011326101
15.274662556240894,9.068921143174318,9.425423031096404
15.274662556240894,9.068921143174318,10.458922657803322
15.274662556240894,9.068921143174318,10.707854617952638
15.274662556240894,9.068921143174318,9.622753112027626
15.274662556240894,9.068921143174318,10.445949084131776
15.274662556240894,9.068921143174318,9.901482015873261
29.419033465894124,9.068921143174318,0.5336889579274396
15.274662556240894,9.068921143174318,10.092574582889014
23.585312393683417,9.624031249027396,4.941350363164941
15.274662556240894,9.068921143174318,9.596724494377389
18.01773335778494,9.068921143174318,7.934691601221792
15.274662556240894,9.068921143174318,9.163347646136085
15.274662556240894,9.068921143174318,9.83729204579916
29.118197988310314,17.1937430357143,9.70800268274174
15.274662556240894,9.068921143174318,9.177734289578085
15.274662556240894,9.068921143174318,10.529722342302659
