15.274662556240894,9.068921143174318,10.576125069764752
15.274662556240894,9.068921143174318,10.5247627269675
13.202586649306319,9.068921143174318,7.990370356768205
15.274662556240894,3.5464883536643628,0.09002676970330642
15.274662556240894,9.068921143174318,8.995602386600922
15.274662556240894,9.068921143174318,10.252373065067236
15.274662556240894,9.068921143174318,10.409129081324512
15.274662556240894,14.348680982848016,5.793624940294227
15.274662556240894,9.068921143174318,10.878590278953865
15.274662556240894,9.068921143174318,10.846215532271934
15.274662556240894,9.068921143174318,10.559508833591279
15.274662556240894,9.068921143174318,10.242980435979836
0.2868223770047216,9.068921143174318,0.19864007255221422
15.274662556240894,9.068921143174318,9.11142036055266
15.274662556240894,9.068921143174318,10.205592939789248
15.274662556240894,9.068921143174318,10.402226237875666
15.274662556240894,9.068921143174318,9.148261575999154
15.274662556240894,9.068921143174318,10.436339932354159
15.274662556240894,9.068921143174318,10.559508833591279
15.274662556240894,9.068921143174318,10.409129081324512
0.2868223770047216,9.068921143174318,0.19864007255221422
15.274662556240894,9.068921143174318,10.5247627269675
15.274662556240894,9.068921143174318,9.254402246037605
15.274662556240894,9.068921143174318,10.205592939789248
15.274662556240894,9.068921143174318,10.846215532271934
15.274662556240894,9.068921143174318,10.436339932354159
15.274662556240894,9.068921143174318,10.576125069764752
15.274662556240894,9.068921143174318,9.148261575999154
15.274662556240894,3.5464883536643628,0.09002676970330642
15.274662556240894,9.068921143174318,9.11142036055266
15.274662556240894,9.068921143174318,10.252373065067236
15.274662556240894,9.068921143174318,9.261086547841305
15.274662556240894,14.348680982848016,5.793624940294227
15.274662556240894,9.068921143174318,10.035673926689793
13.202586649306319,9.068921143174318,7.990370356768205
15.274662556240894,9.068921143174318,10.402226237875666
15.274662556240894,9.068921143174318,10.878590278953865
15.274662556240894,9.068921143174318,8.995602386600922
15.274662556240894,9.068921143174318,10.242980435979836
13.202586649306319,9.068921143174318,9.43834286246774
15.274662556240894,9.068921143174318,10.878590278953865
15.274662556240894,3.5464883536643628,0.09002676970330642
13.202586649306319,9.068921143174318,7.990370356768205
15.274662556240894,15.357542553239798,6.512733975421823
0.2868223770047216,9.068921143174318,0.19864007255221422
15.274662556240894,9.068921143174318,10.242980435979836
15.274662556240894,9.068921143174318,9.261086547841305
15.274662556240894,9.068921143174318,9.254402246037605
15.274662556240894,9.068921143174318,10.205592939789248
15.274662556240894,9.068921143174318,9.148261575999154
15.274662556240894,9.068921143174318,10.409129081324512
15.274662556240894,14.348680982848016,5.793624940294227
15.274662556240894,9.068921143174318,10.436339932354159
15.274662556240894,9.068921143174318,10.252373065067236
15.274662556240894,9.068921143174318,9.628075552773241
15.274662556240894,9.068921143174318,10.846215532271934
15.274662556240894,9.068921143174318,10.559508833591279
15.274662556240894,9.068921143174318,8.995602386600922
15.274662556240894,9.068921143174318,10.402226237875666
15.274662556240894,9.068921143174318,10.576125069764752
15.274662556240894,9.068921143174318,10.035673926689793
15.274662556240894,9.068921143174318,9.11142036055266
1.0709322703416557,9.068921143174318,0.7118829543491554
15.274662556240894,9.068921143174318,10.205592939789248
15.274662556240894,9.068921143174318,10.436339932354159
15.274662556240894,9.068921143174318,10.402226237875666
15.274662556240894,9.624031249027396,9.72937430050718
15.274662556240894,14.348680982848016,5.793624940294227
15.274662556240894,9.068921143174318,10.844924823356052
15.274662556240894,9.068921143174318,9.628075552773241
15.274662556240894,9.068921143174318,10.242980435979836
15.274662556240894,15.357542553239798,6.512733975421823
15.274662556240894,9.068921143174318,9.261086547841305
15.274662556240894,3.5464883536643628,0.09002676970330642
15.274662556240894,9.068921143174318,8.995602386600922
15.274662556240894,9.068921143174318,10.846215532271934
0.2868223770047216,9.068921143174318,0.19864007255221422
15.274662556240894,9.068921143174318,10.5247627269675
15.274662556240894,9.068921143174318,10.409129081324512
15.274662556240894,9.068921143174318,10.559508833591279
15.274662556240894,9.068921143174318,9.254402246037605
15.274662556240894,9.068921143174318,10.035673926689793
1.0709322703416557,9.068921143174318,0.7118829543491554
13.202586649306319,9.068921143174318,9.43834286246774
15.274662556240894,9.068921143174318,10.576125069764752
13.202586649306319,9.068921143174318,7.990370356768205
15.274662556240894,9.068921143174318,10.252373065067236
15.274662556240894,9.068921143174318,10.878590278953865
15.274662556240894,9.068921143174318,9.148261575999154
15.274662556240894,9.068921143174318,9.11142036055266
15.274662556240894,9.068921143174318,10.576125069764752
15.274662556240894,9.624031249027396,9.72937430050718
15.274662556240894,9.068921143174318,10.878590278953865
15.274662556240894,9.068921143174318,9.261086547841305
13.202586649306319,9.068921143174318,9.43834286246774
1.0709322703416557,9.068921143174318,0.7118829543491554
15.274662556240894,9.068921143174318,10.559508833591279
15.274662556240894,9.068921143174318,10.035673926689793
15.274662556240894,15.357542553239798,6.512733975421823
7.015685810007889,9.068921143174318,4.811071150779382
15.274662556240894,9.068921143174318,8.995602386600922
15.274662556240894,9.068921143174318,10.436339932354159
0.2868223770047216,9.068921143174318,0.19864007255221422
15.274662556240894,9.068921143174318,10.844924823356052
15.274662556240894,9.068921143174318,9.254402246037605
15.274662556240894,9.068921143174318,10.402226237875666
15.274662556240894,9.068921143174318,10.846215532271934
15.274662556240894,9.068921143174318,10.205592939789248
15.274662556240894,14.348680982848016,5.793624940294227
15.274662556240894,9.068921143174318,10.5247627269675
13.202586649306319,9.068921143174318,7.990370356768205
15.274662556240894,3.5464883536643628,0.09002676970330642
15.274662556240894,9.068921143174318,9.628075552773241
15.274662556240894,9.068921143174318,9.11142036055266
15.274662556240894,9.068921143174318,10.242980435979836
15.274662556240894,9.068921143174318,9.148261575999154
15.274662556240894,9.068921143174318,10.397994757680015
1.0709322703416557,9.068921143174318,0.7118829543491554
15.274662556240894,9.068921143174318,10.559508833591279
15.274662556240894,9.068921143174318,9.11142036055266
0.2868223770047216,9.068921143174318,0.19864007255221422
15.274662556240894,9.068921143174318,9.261086547841305
15.274662556240894,9.068921143174318,10.846215532271934
15.274662556240894,9.068921143174318,10.252373065067236
15.274662556240894,3.5464883536643628,0.09002676970330642
15.274662556240894,9.068921143174318,8.995602386600922
15.274662556240894,9.068921143174318,10.576125069764752
15.274662556240894,9.068921143174318,10.436339932354159
15.274662556240894,9.068921143174318,10.242980435979836
15.274662556240894,9.068921143174318,10.5247627269675
13.202586649306319,9.068921143174318,7.990370356768205
13.202586649306319,9.068921143174318,9.43834286246774
15.274662556240894,9.068921143174318,10.470003491287581
15.274662556240894,9.068921143174318,10.402226237875666
15.274662556240894,9.068921143174318,10.878590278953865
15.274662556240894,14.348680982848016,5.793624940294227
15.274662556240894,9.068921143174318,10.205592939789248
15.274662556240894,9.068921143174318,9.254402246037605
15.274662556240894,9.068921143174318,10.844924823356052
7.015685810007889,9.068921143174318,4.811071150779382
15.274662556240894,9.068921143174318,9.628075552773241
15.274662556240894,9.624031249027396,9.72937430050718
15.274662556240894,9.068921143174318,9.148261575999154
15.274662556240894,15.357542553239798,6.512733975421823
15.274662556240894,9.068921143174318,10.035673926689793
15.274662556240894,9.068921143174318,10.470003491287581
15.274662556240894,9.068921143174318,10.397994757680015
15.274662556240894,9.068921143174318,9.261086547841305
15.274662556240894,9.068921143174318,8.995602386600922
15.274662556240894,9.068921143174318,9.11142036055266
15.274662556240894,9.068921143174318,10.436339932354159
1.0709322703416557,9.068921143174318,0.7118829543491554
15.274662556240894,9.624031249027396,9.72937430050718
15.274662556240894,9.068921143174318,10.844924823356052
0.2868223770047216,9.068921143174318,0.19864007255221422
15.274662556240894,9.068921143174318,10.846215532271934
15.274662556240894,15.357542553239798,6.512733975421823
15.274662556240894,9.068921143174318,10.559508833591279
15.274662556240894,9.068921143174318,10.5247627269675
15.274662556240894,14.348680982848016,5.793624940294227
13.202586649306319,9.068921143174318,7.990370356768205
15.274662556240894,9.068921143174318,10.252373065067236
15.274662556240894,9.068921143174318,9.148261575999154
13.202586649306319,9.068921143174318,9.43834286246774
15.274662556240894,3.5464883536643628,0.09002676970330642
15.274662556240894,9.068921143174318,9.628075552773241
15.274662556240894,9.068921143174318,10.205592939789248
7.015685810007889,9.068921143174318,4.811071150779382
15.274662556240894,9.068921143174318,9.254402246037605
15.274662556240894,9.068921143174318,9.14285787978473
15.274662556240894,9.068921143174318,10.402226237875666
15.274662556240894,9.068921143174318,10.242980435979836
15.274662556240894,9.068921143174318,10.878590278953865
15.274662556240894,9.068921143174318,10.035673926689793
15.274662556240894,9.068921143174318,10.409129081324512
15.274662556240894,9.068921143174318,10.574548653539685
15.274662556240894,9.068921143174318,10.402226237875666
15.274662556240894,15.357542553239798,6.512733975421823
15.274662556240894,9.068921143174318,10.242980435979836
13.202586649306319,9.068921143174318,9.43834286246774
15.274662556240894,9.068921143174318,9.950020891740628
15.274662556240894,14.348680982848016,5.793624940294227
15.274662556240894,9.068921143174318,10.205592939789248
15.274662556240894,9.068921143174318,10.397994757680015
15.274662556240894,9.068921143174318,8.995602386600922
15.274662556240894,9.068921143174318,10.574548653539685
15.274662556240894,9.068921143174318,10.846215532271934
15.274662556240894,9.068921143174318,9.628075552773241
15.274662556240894,9.068921143174318,10.878590278953865
15.274662556240894,9.068921143174318,9.14285787978473
0.2868223770047216,9.068921143174318,0.19864007255221422
15.274662556240894,9.068921143174318,9.148261575999154
15.274662556240894,9.068921143174318,10.252373065067236
15.274662556240894,9.068921143174318,9.254402246037605
7.015685810007889,9.068921143174318,4.811071150779382
15.274662556240894,9.068921143174318,10.409129081324512
15.274662556240894,9.068921143174318,10.436339932354159
15.274662556240894,9.068921143174318,10.844924823356052
15.274662556240894,9.068921143174318,10.035673926689793
15.274662556240894,9.624031249027396,9.72937430050718
15.274662556240894,9.068921143174318,9.261086547841305
15.274662556240894,9.068921143174318,9.11142036055266
15.274662556240894,9.068921143174318,10.5247627269675
13.202586649306319,9.068921143174318,7.990370356768205
1.0709322703416557,9.068921143174318,0.7118829543491554
15.274662556240894,9.068921143174318,10.559508833591279
15.274662556240894,9.068921143174318,10.470003491287581
13.202586649306319,9.068921143174318,9.43834286246774
15.274662556240894,9.068921143174318,10.252373065067236
15.274662556240894,9.068921143174318,9.628075552773241
15.274662556240894,9.068921143174318,10.388669225444499
15.274662556240894,9.068921143174318,10.205592939789248
15.274662556240894,9.068921143174318,10.844924823356052
15.274662556240894,9.068921143174318,9.254402246037605
15.274662556240894,9.068921143174318,9.950020891740628
15.274662556240894,9.068921143174318,10.5247627269675
7.015685810007889,9.068921143174318,4.811071150779382
15.274662556240894,9.068921143174318,10.397994757680015
15.274662556240894,9.068921143174318,10.470003491287581
15.274662556240894,9.068921143174318,10.409129081324512
15.274662556240894,9.068921143174318,9.148261575999154
15.274662556240894,9.068921143174318,10.402226237875666
15.274662556240894,9.624031249027396,9.72937430050718
15.274662556240894,9.068921143174318,9.14285787978473
15.274662556240894,9.068921143174318,9.261086547841305
15.274662556240894,9.068921143174318,9.657481189660253
1.0709322703416557,9.068921143174318,0.7118829543491554
13.202586649306319,9.068921143174318,7.990370356768205
15.274662556240894,14.348680982848016,5.793624940294227
27.733919452911238,9.068921143174318,1.5599980762828956
15.274662556240894,9.068921143174318,10.436339932354159
15.274662556240894,9.068921143174318,10.574548653539685
15.274662556240894,9.068921143174318,10.242980435979836
15.274662556240894,9.068921143174318,10.846215532271934
15.274662556240894,15.357542553239798,6.512733975421823
15.274662556240894,9.068921143174318,10.878590278953865
15.274662556240894,9.068921143174318,10.576125069764752
0.2868223770047216,9.068921143174318,0.19864007255221422
15.274662556240894,9.068921143174318,8.995602386600922
15.274662556240894,9.068921143174318,10.035673926689793
15.274662556240894,9.068921143174318,10.253248138744901
15.274662556240894,9.068921143174318,10.559508833591279
15.274662556240894,9.068921143174318,9.11142036055266
15.274662556240894,9.068921143174318,10.878590278953865
15.274662556240894,9.068921143174318,10.470003491287581
15.274662556240894,9.068921143174318,10.242980435979836
15.274662556240894,9.068921143174318,10.138570894822573
15.274662556240894,9.068921143174318,10.397994757680015
7.015685810007889,9.068921143174318,4.811071150779382
15.274662556240894,9.068921143174318,10.559508833591279
1.0709322703416557,9.068921143174318,0.7118829543491554
15.274662556240894,9.068921143174318,9.11142036055266
15.274662556240894,9.068921143174318,10.253248138744901
15.274662556240894,15.357542553239798,6.512733975421823
15.274662556240894,9.068921143174318,9.254402246037605
15.274662556240894,9.068921143174318,10.205592939789248
15.274662556240894,9.068921143174318,9.148261575999154
15.274662556240894,9.068921143174318,9.657481189660253
13.202586649306319,9.068921143174318,9.43834286246774
15.274662556240894,9.068921143174318,10.035673926689793
15.274662556240894,9.068921143174318,9.14285787978473
15.274662556240894,14.348680982848016,5.793624940294227
0.2868223770047216,9.068921143174318,0.19864007255221422
15.274662556240894,9.068921143174318,10.576125069764752
15.274662556240894,9.068921143174318,10.574548653539685
15.274662556240894,3.5464883536643628,0.09002676970330642
15.274662556240894,9.068921143174318,9.187048422012392
15.274662556240894,9.068921143174318,10.252373065067236
15.274662556240894,9.068921143174318,10.402226237875666
15.274662556240894,9.068921143174318,9.950020891740628
15.274662556240894,9.068921143174318,10.846215532271934
15.274662556240894,9.068921143174318,10.844924823356052
15.274662556240894,9.068921143174318,10.5247627269675
15.274662556240894,9.068921143174318,9.261086547841305
27.733919452911238,9.068921143174318,1.5599980762828956
15.274662556240894,9.068921143174318,10.409129081324512
15.274662556240894,9.624031249027396,9.72937430050718
15.274662556240894,9.068921143174318,8.995602386600922
15.274662556240894,9.068921143174318,9.628075552773241
15.274662556240894,9.068921143174318,10.388669225444499
13.202586649306319,9.068921143174318,7.990370356768205
15.274662556240894,9.068921143174318,10.445496519781491
15.274662556240894,9.068921143174318,10.436339932354159
15.274662556240894,9.068921143174318,10.436339932354159
15.274662556240894,9.068921143174318,10.205592939789248
1.0709322703416557,9.068921143174318,0.7118829543491554
15.274662556240894,9.068921143174318,10.252373065067236
15.274662556240894,9.068921143174318,10.559508833591279
15.274662556240894,9.068921143174318,10.388669225444499
15.274662556240894,9.068921143174318,9.628075552773241
15.274662556240894,9.068921143174318,9.148261575999154
15.274662556240894,9.068921143174318,10.397994757680015
15.274662556240894,9.068921143174318,10.445496519781491
15.274662556240894,9.068921143174318,9.254402246037605
15.274662556240894,9.068921143174318,9.14285787978473
15.274662556240894,9.068921143174318,10.470003491287581
7.015685810007889,9.068921143174318,4.811071150779382
15.274662556240894,3.5464883536643628,0.09002676970330642
15.274662556240894,9.068921143174318,9.261086547841305
13.202586649306319,9.068921143174318,7.990370356768205
15.274662556240894,9.068921143174318,9.657481189660253
15.274662556240894,9.068921143174318,9.187048422012392
15.274662556240894,9.068921143174318,10.878590278953865
15.274662556240894,9.068921143174318,9.950020891740628
15.274662556240894,9.068921143174318,10.402226237875666
15.274662556240894,9.068921143174318,10.242980435979836
15.274662556240894,9.068921143174318,10.035673926689793
15.274662556240894,9.068921143174318,10.574548653539685
15.274662556240894,9.068921143174318,10.576125069764752
15.274662556240894,9.068921143174318,9.759484647332156
0.2868223770047216,9.068921143174318,0.19864007255221422
15.274662556240894,9.068921143174318,10.138570894822573
15.274662556240894,9.068921143174318,10.253248138744901
15.274662556240894,9.068921143174318,10.409129081324512
15.274662556240894,9.068921143174318,10.844924823356052
15.274662556240894,9.068921143174318,9.11142036055266
15.274662556240894,14.348680982848016,5.793624940294227
15.274662556240894,9.068921143174318,10.846215532271934
15.274662556240894,15.357542553239798,6.512733975421823
15.274662556240894,9.068921143174318,8.995602386600922
15.274662556240894,9.068921143174318,10.5247627269675
27.733919452911238,9.068921143174318,1.5599980762828956
13.202586649306319,9.068921143174318,9.43834286246774
7.015685810007889,9.068921143174318,4.811071150779382
15.274662556240894,9.068921143174318,10.205592939789248
15.274662556240894,9.068921143174318,10.402226237875666
15.274662556240894,9.068921143174318,10.436339932354159
15.274662556240894,9.068921143174318,10.559508833591279
27.733919452911238,9.068921143174318,1.5599980762828956
15.274662556240894,14.348680982848016,5.793624940294227
15.274662556240894,9.068921143174318,10.035673926689793
15.274662556240894,9.068921143174318,10.844924823356052
15.274662556240894,9.068921143174318,10.846215532271934
15.274662556240894,9.624031249027396,9.72937430050718
15.274662556240894,9.068921143174318,9.950020891740628
13.202586649306319,9.068921143174318,9.43834286246774
0.2868223770047216,9.068921143174318,0.19864007255221422
15.274662556240894,9.068921143174318,9.254402246037605
15.274662556240894,9.068921143174318,10.222288277110552
15.274662556240894,9.068921143174318,9.759484647332156
15.274662556240894,11.685098040615902,8.485495461312297
15.274662556240894,9.068921143174318,10.138570894822573
15.274662556240894,9.068921143174318,10.252373065067236
15.274662556240894,9.068921143174318,9.628075552773241
15.274662556240894,9.068921143174318,8.995602386600922
15.274662556240894,9.068921143174318,10.574548653539685
15.274662556240894,9.068921143174318,9.187048422012392
15.274662556240894,8.969887472858511,8.90271475638097
15.274662556240894,9.068921143174318,10.470003491287581
15.274662556240894,9.068921143174318,10.242980435979836
15.274662556240894,9.068921143174318,10.576125069764752
15.274662556240894,15.357542553239798,6.512733975421823
15.274662556240894,9.068921143174318,9.14285787978473
15.274662556240894,9.068921143174318,9.11142036055266
15.274662556240894,3.5464883536643628,0.09002676970330642
15.274662556240894,9.068921143174318,10.409129081324512
15.274662556240894,9.068921143174318,9.657481189660253
15.274662556240894,9.068921143174318,9.148261575999154
15.274662556240894,9.068921143174318,10.388669225444499
15.274662556240894,9.068921143174318,10.253248138744901
15.274662556240894,9.068921143174318,10.397994757680015
15.274662556240894,9.068921143174318,10.5247627269675
15.274662556240894,9.068921143174318,10.445496519781491
15.274662556240894,9.068921143174318,10.878590278953865
13.202586649306319,9.068921143174318,7.990370356768205
15.274662556240894,9.068921143174318,9.261086547841305
1.0709322703416557,9.068921143174318,0.7118829543491554
15.274662556240894,9.068921143174318,10.242980435979836
15.274662556240894,9.068921143174318,10.252373065067236
15.274662556240894,9.068921143174318,10.035673926689793
15.274662556240894,9.068921143174318,9.657481189660253
15.274662556240894,9.068921143174318,10.574548653539685
15.274662556240894,3.5464883536643628,0.09002676970330642
15.274662556240894,9.068921143174318,9.759484647332156
15.274662556240894,9.068921143174318,10.205592939789248
15.274662556240894,9.068921143174318,10.844924823356052
15.274662556240894,9.068921143174318,10.5247627269675
13.202586649306319,9.068921143174318,9.43834286246774
15.274662556240894,9.068921143174318,10.559508833591279
15.274662556240894,9.068921143174318,10.436339932354159
15.274662556240894,9.068921143174318,10.846215532271934
15.274662556240894,9.068921143174318,10.397994757680015
7.015685810007889,9.068921143174318,4.811071150779382
15.274662556240894,9.068921143174318,9.047265516966483
15.274662556240894,9.068921143174318,10.445496519781491
15.274662556240894,9.068921143174318,9.148261575999154
15.274662556240894,9.068921143174318,10.253248138744901
15.274662556240894,8.969887472858511,8.90271475638097
15.274662556240894,9.068921143174318,9.950020891740628
15.274662556240894,9.068921143174318,10.402226237875666
15.274662556240894,11.685098040615902,8.485495461312297
15.274662556240894,9.068921143174318,10.388669225444499
15.274662556240894,9.068921143174318,10.470003491287581
15.274662556240894,9.068921143174318,9.964474059494057
15.274662556240894,9.068921143174318,10.792270868332164
15.274662556240894,9.068921143174318,9.254402246037605
15.274662556240894,9.068921143174318,10.409129081324512
1.0709322703416557,9.068921143174318,0.7118829543491554
15.274662556240894,9.068921143174318,10.878590278953865
15.274662556240894,9.068921143174318,8.995602386600922
15.274662556240894,9.068921143174318,9.187048422012392
15.274662556240894,9.068921143174318,10.138570894822573
15.274662556240894,9.068921143174318,10.222288277110552
15.274662556240894,9.068921143174318,9.628075552773241
27.733919452911238,9.068921143174318,1.5599980762828956
13.202586649306319,9.068921143174318,7.990370356768205
15.274662556240894,9.068921143174318,9.11142036055266
0.2868223770047216,9.068921143174318,0.19864007255221422
15.274662556240894,9.068921143174318,9.14285787978473
15.274662556240894,12.389291572911059,7.988604847198067
15.274662556240894,9.068921143174318,10.576125069764752
15.274662556240894,15.82684044779629,6.091682469175857
15.274662556240894,14.348680982848016,5.793624940294227
15.274662556240894,9.624031249027396,9.72937430050718
15.274662556240894,15.357542553239798,6.512733975421823
15.274662556240894,9.068921143174318,9.950020891740628
15.274662556240894,9.068921143174318,8.995602386600922
15.274662556240894,9.068921143174318,9.628075552773241
15.274662556240894,9.624031249027396,9.72937430050718
15.274662556240894,9.068921143174318,10.792270868332164
15.274662556240894,9.068921143174318,10.409129081324512
15.274662556240894,15.357542553239798,6.512733975421823
15.274662556240894,9.068921143174318,10.65705853866177
15.274662556240894,9.068921143174318,10.402226237875666
15.274662556240894,14.348680982848016,5.793624940294227
15.274662556240894,9.068921143174318,10.559508833591279
13.202586649306319,9.068921143174318,9.43834286246774
15.274662556240894,9.068921143174318,9.759484647332156
15.274662556240894,9.068921143174318,10.222288277110552
15.274662556240894,12.389291572911059,7.988604847198067
15.274662556240894,9.068921143174318,9.261086547841305
15.274662556240894,9.068921143174318,10.844924823356052
15.274662556240894,9.068921143174318,10.397994757680015
15.274662556240894,9.068921143174318,10.035673926689793
15.274662556240894,9.068921143174318,10.846215532271934
15.274662556240894,9.068921143174318,9.047265516966483
7.015685810007889,9.068921143174318,4.811071150779382
15.274662556240894,9.068921143174318,9.964474059494057
15.274662556240894,9.068921143174318,10.878590278953865
15.274662556240894,11.685098040615902,8.485495461312297
15.274662556240894,15.82684044779629,6.091682469175857
15.274662556240894,9.068921143174318,9.657481189660253
15.274662556240894,9.068921143174318,10.576125069764752
13.202586649306319,9.068921143174318,7.990370356768205
15.274662556240894,9.068921143174318,10.436339932354159
15.274662556240894,9.068921143174318,10.242980435979836
15.274662556240894,9.068921143174318,10.470003491287581
0.2868223770047216,9.068921143174318,0.19864007255221422
15.274662556240894,9.068921143174318,10.253248138744901
15.274662556240894,9.068921143174318,10.205592939789248
15.274662556240894,3.5464883536643628,0.09002676970330642
15.274662556240894,8.969887472858511,8.90271475638097
15.274662556240894,9.068921143174318,10.742183689277338
15.274662556240894,9.068921143174318,9.187048422012392
15.274662556240894,9.068921143174318,10.5247627269675
15.274662556240894,9.068921143174318,10.445496519781491
27.733919452911238,9.068921143174318,1.5599980762828956
1.0709322703416557,9.068921143174318,0.7118829543491554
15.274662556240894,10.907416244344839,8.000764755901347
15.274662556240894,9.068921143174318,9.14285787978473
15.274662556240894,9.068921143174318,10.388669225444499
15.274662556240894,9.068921143174318,10.771264399062256
15.274662556240894,9.068921143174318,9.11142036055266
15.274662556240894,9.068921143174318,10.574548653539685
15.274662556240894,9.068921143174318,10.252373065067236
15.274662556240894,9.068921143174318,9.254402246037605
15.274662556240894,9.068921143174318,10.138570894822573
15.274662556240894,9.068921143174318,9.14285787978473
15.274662556240894,9.068921143174318,10.222288277110552
15.274662556240894,9.068921143174318,10.409129081324512
13.202586649306319,9.068921143174318,7.990370356768205
15.274662556240894,10.907416244344839,8.000764755901347
15.274662556240894,9.624031249027396,9.72937430050718
15.274662556240894,9.068921143174318,10.445496519781491
15.274662556240894,9.068921143174318,10.576125069764752
15.274662556240894,9.068921143174318,9.148261575999154
15.274662556240894,9.068921143174318,10.5247627269675
15.274662556240894,9.068921143174318,10.138570894822573
15.274662556240894,9.068921143174318,10.388669225444499
15.274662556240894,9.068921143174318,9.628075552773241
15.274662556240894,9.068921143174318,10.878590278953865
15.274662556240894,9.068921143174318,8.981788716412558
15.274662556240894,9.068921143174318,9.950020891740628
1.0709322703416557,9.068921143174318,0.7118829543491554
15.274662556240894,4.0035104453217425,0.10995076292716555
15.274662556240894,9.068921143174318,10.448312681315784
15.274662556240894,9.068921143174318,9.759484647332156
15.274662556240894,9.068921143174318,10.470003491287581
15.274662556240894,9.068921143174318,10.436339932354159
15.274662556240894,9.068921143174318,9.11142036055266
15.274662556240894,9.068921143174318,10.242980435979836
0.2868223770047216,9.068921143174318,0.19864007255221422
15.274662556240894,9.068921143174318,9.187048422012392
15.274662556240894,9.068921143174318,10.844924823356052
15.274662556240894,9.068921143174318,10.742183689277338
15.274662556240894,9.068921143174318,10.846215532271934
15.274662556240894,9.068921143174318,9.047265516966483
15.274662556240894,15.82684044779629,6.091682469175857
15.274662556240894,9.068921143174318,9.254402246037605
7.015685810007889,9.068921143174318,4.811071150779382
15.274662556240894,9.068921143174318,9.576353294514629
15.274662556240894,9.068921143174318,10.205592939789248
15.274662556240894,9.068921143174318,10.65705853866177
15.274662556240894,9.068921143174318,10.397994757680015
15.274662556240894,9.068921143174318,10.771264399062256
15.274662556240894,9.068921143174318,10.792270868332164
27.733919452911238,9.068921143174318,1.5599980762828956
15.274662556240894,9.068921143174318,9.657481189660253
15.274662556240894,9.068921143174318,9.93638397622173
15.274662556240894,15.357542553239798,6.512733975421823
15.274662556240894,9.068921143174318,10.574548653539685
15.274662556240894,14.348680982848016,5.793624940294227
15.274662556240894,11.685098040615902,8.485495461312297
15.274662556240894,9.068921143174318,10.035673926689793
15.274662556240894,9.068921143174318,10.559508833591279
15.274662556240894,9.068921143174318,10.402226237875666
15.274662556240894,8.969887472858511,8.90271475638097
15.274662556240894,12.389291572911059,7.988604847198067
15.274662556240894,3.5464883536643628,0.09002676970330642
15.274662556240894,9.068921143174318,10.253248138744901
15.274662556240894,10.339389994963359,9.591467450968132
13.202586649306319,9.068921143174318,9.43834286246774
15.274662556240894,9.068921143174318,8.995602386600922
15.274662556240894,9.068921143174318,10.252373065067236
15.274662556240894,9.068921143174318,9.261086547841305
15.274662556240894,9.068921143174318,9.964474059494057
15.274662556240894,9.068921143174318,10.242980435979836
15.274662556240894,9.068921143174318,10.574548653539685
15.274662556240894,9.068921143174318,9.62262645365452
15.274662556240894,9.068921143174318,10.388669225444499
15.274662556240894,10.339389994963359,9.591467450968132
15.274662556240894,9.068921143174318,10.445496519781491
15.274662556240894,10.907416244344839,8.000764755901347
15.274662556240894,9.068921143174318,10.844924823356052
1.0709322703416557,9.068921143174318,0.7118829543491554
15.274662556240894,9.068921143174318,10.5247627269675
15.274662556240894,9.068921143174318,9.628075552773241
15.274662556240894,9.068921143174318,9.759484647332156
15.274662556240894,9.068921143174318,10.436339932354159
15.274662556240894,9.068921143174318,9.14285787978473
7.015685810007889,9.068921143174318,4.811071150779382
15.274662556240894,3.5464883536643628,0.09002676970330642
15.274662556240894,9.068921143174318,10.409129081324512
15.274662556240894,4.0035104453217425,0.10995076292716555
27.733919452911238,9.068921143174318,1.5599980762828956
15.274662556240894,9.068921143174318,9.254402246037605
15.274662556240894,9.068921143174318,10.559508833591279
15.274662556240894,9.068921143174318,9.187048422012392
15.274662556240894,9.068921143174318,10.771264399062256
15.274662556240894,9.068921143174318,9.950020891740628
15.274662556240894,9.068921143174318,9.261086547841305
0.2868223770047216,9.068921143174318,0.19864007255221422
15.274662556240894,9.068921143174318,10.138570894822573
15.274662556240894,9.068921143174318,10.205592939789248
15.274662556240894,9.068921143174318,10.252373065067236
15.274662556240894,12.389291572911059,7.988604847198067
15.274662556240894,9.068921143174318,9.670243288822322
15.274662556240894,9.068921143174318,10.742183689277338
15.274662556240894,9.068921143174318,10.470003491287581
13.202586649306319,9.068921143174318,9.43834286246774
15.274662556240894,9.068921143174318,9.905851096539832
15.274662556240894,9.068921143174318,8.995602386600922
15.274662556240894,9.624031249027396,9.72937430050718
15.274662556240894,9.068921143174318,8.981788716412558
15.274662556240894,14.348680982848016,5.793624940294227
15.274662556240894,9.068921143174318,10.878590278953865
15.274662556240894,9.068921143174318,9.93638397622173
15.274662556240894,9.068921143174318,10.65705853866177
13.202586649306319,9.068921143174318,7.990370356768205
15.274662556240894,15.82684044779629,6.091682469175857
15.274662556240894,9.068921143174318,9.964474059494057
15.274662556240894,9.068921143174318,10.397994757680015
15.274662556240894,15.357542553239798,6.512733975421823
15.274662556240894,8.969887472858511,8.90271475638097
15.274662556240894,9.068921143174318,10.222288277110552
15.274662556240894,9.068921143174318,10.404993602208437
15.274662556240894,9.068921143174318,10.448312681315784
15.274662556240894,9.068921143174318,9.148261575999154
15.274662556240894,11.685098040615902,8.485495461312297
15.274662556240894,9.068921143174318,10.576125069764752
15.274662556240894,9.068921143174318,10.792270868332164
15.274662556240894,9.068921143174318,10.035673926689793
15.274662556240894,9.068921143174318,9.1299369954632
11.57593467286126,9.068921143174318,8.413508984198904
15.274662556240894,9.068921143174318,9.657481189660253
15.274662556240894,9.068921143174318,10.402226237875666
15.274662556240894,9.068921143174318,10.253248138744901
15.274662556240894,9.068921143174318,9.047265516966483
15.274662556240894,9.068921143174318,9.374165710181552
15.274662556240894,9.068921143174318,9.576353294514629
15.274662556240894,9.068921143174318,10.846215532271934
15.274662556240894,9.068921143174318,10.65705853866177
15.274662556240894,9.068921143174318,9.14285787978473
15.274662556240894,9.068921143174318,9.759484647332156
15.274662556240894,9.068921143174318,9.374165710181552
15.274662556240894,9.068921143174318,10.5247627269675
15.274662556240894,9.068921143174318,9.670243288822322
15.274662556240894,9.068921143174318,9.261086547841305
15.274662556240894,8.969887472858511,8.90271475638097
7.015685810007889,9.068921143174318,4.811071150779382
15.274662556240894,9.068921143174318,9.905851096539832
15.274662556240894,9.068921143174318,10.436339932354159
15.274662556240894,9.068921143174318,10.878590278953865
15.274662556240894,9.068921143174318,10.448312681315784
15.274662556240894,9.068921143174318,10.792270868332164
15.274662556240894,9.068921143174318,10.844924823356052
15.274662556240894,9.624031249027396,9.72937430050718
15.274662556240894,9.068921143174318,9.254402246037605
15.274662556240894,4.0035104453217425,0.10995076292716555
15.274662556240894,9.068921143174318,9.11142036055266
15.274662556240894,10.339389994963359,9.591467450968132
15.274662556240894,9.068921143174318,10.252373065067236
11.57593467286126,9.068921143174318,8.413508984198904
15.274662556240894,12.389291572911059,7.988604847198067
15.274662556240894,9.068921143174318,9.657481189660253
27.733919452911238,9.068921143174318,1.5599980762828956
15.274662556240894,9.068921143174318,10.846215532271934
15.274662556240894,9.068921143174318,10.143211248048928
0.2868223770047216,9.068921143174318,0.19864007255221422
15.274662556240894,9.068921143174318,10.445496519781491
15.274662556240894,9.068921143174318,10.559508833591279
15.274662556240894,9.068921143174318,9.93638397622173
15.274662556240894,15.82684044779629,6.091682469175857
15.274662556240894,10.907416244344839,8.000764755901347
15.274662556240894,14.348680982848016,5.793624940294227
15.274662556240894,9.068921143174318,9.187048422012392
15.274662556240894,9.068921143174318,10.574548653539685
15.274662556240894,9.068921143174318,8.981788716412558
15.274662556240894,9.068921143174318,10.138570894822573
15.274662556240894,9.068921143174318,9.1299369954632
15.274662556240894,9.068921143174318,10.388669225444499
15.274662556240894,9.068921143174318,9.628075552773241
15.274662556240894,9.068921143174318,9.047265516966483
13.202586649306319,9.068921143174318,7.990370356768205
15.274662556240894,9.068921143174318,9.275773730640523
15.274662556240894,9.068921143174318,10.404993602208437
15.274662556240894,9.068921143174318,8.995602386600922
15.274662556240894,9.068921143174318,10.253248138744901
15.274662556240894,9.068921143174318,10.205592939789248
15.274662556240894,9.068921143174318,10.576125069764752
15.274662556240894,9.068921143174318,9.950020891740628
25.972450635326517,9.068921143174318,2.6362699608530074
15.274662556240894,11.685098040615902,8.485495461312297
15.274662556240894,9.068921143174318,9.188223767308786
15.274662556240894,9.068921143174318,9.750817127623291
15.274662556240894,9.068921143174318,10.470003491287581
15.274662556240894,9.068921143174318,9.365470330354528
15.274662556240894,15.357542553239798,6.512733975421823
15.274662556240894,9.068921143174318,10.035673926689793
15.274662556240894,9.068921143174318,9.964474059494057
15.274662556240894,9.068921143174318,9.148261575999154
15.274662556240894,9.068921143174318,10.242980435979836
15.274662556240894,9.068921143174318,9.576353294514629
15.274662556240894,9.068921143174318,10.222288277110552
15.274662556240894,3.5464883536643628,0.09002676970330642
15.274662556240894,9.068921143174318,10.742183689277338
15.274662556240894,9.068921143174318,9.62262645365452
15.274662556240894,9.068921143174318,10.771264399062256
15.274662556240894,9.068921143174318,10.217494814613676
15.274662556240894,9.068921143174318,10.402226237875666
1.0709322703416557,9.068921143174318,0.7118829543491554
15.274662556240894,9.068921143174318,10.409129081324512
13.202586649306319,9.068921143174318,9.43834286246774
