15.274662556240894,9.068921143174318,10.416800608130607
5.581011876246693,9.068921143174318,3.7925715173584864
29.239023892201708,16.097025867427234,9.11461369449447
15.274662556240894,9.068921143174318,9.309532270284706
15.274662556240894,9.068921143174318,9.914690837523109
15.274662556240894,9.068921143174318,9.135875118473823
15.274662556240894,9.068921143174318,9.022217995093161
15.274662556240894,9.068921143174318,10.11743152756911
15.274662556240894,18.080714467075257,5.346140729967653
15.274662556240894,5.3955789895674915,9.282054143868866
15.274662556240894,15.31877193118031,9.310084910802509
15.274662556240894,12.912262013710391,6.975276202430795
28.527683495035983,17.1937430357143,10.853334893525455
28.527683495035983,9.068921143174318,1.1351150354257458
15.274662556240894,9.068921143174318,8.992259438604938
15.274662556240894,9.068921143174318,9.364983511503159
15.274662556240894,9.068921143174318,8.92773185608928
15.274662556240894,0.17643251052218112,0.10486051226795878
15.274662556240894,9.068921143174318,9.815310642407002
15.274662556240894,9.068921143174318,10.35211013525325
15.274662556240894,9.068921143174318,9.736350951514876
15.274662556240894,14.29283233409035,6.819327369215545
15.274662556240894,9.068921143174318,10.74953965973247
15.274662556240894,9.068921143174318,9.192675513821756
18.355556307170005,9.068921143174318,7.904066262032953
15.274662556240894,9.068921143174318,8.970438956954805
15.274662556240894,9.068921143174318,8.970438956954805
15.274662556240894,9.068921143174318,9.307038925751677
15.274662556240894,17.596734198052836,5.042552442136257
15.274662556240894,9.068921143174318,9.510909395989536
15.274662556240894,9.068921143174318,8.970438956954805
15.274662556240894,9.068921143174318,10.087934683416705
23.972621568845526,8.70661905853064,3.711099091926113
15.274662556240894,9.068921143174318,8.970438956954805
15.274662556240894,9.068921143174318,10.071126422912405
15.274662556240894,9.068921143174318,10.25539424371889
15.274662556240894,9.068921143174318,9.442434638813967
15.274662556240894,17.1937430357143,5.734489845589516
15.274662556240894,9.068921143174318,10.601467956462605
15.274662556240894,9.068921143174318,10.662688650540384
15.274662556240894,9.068921143174318,10.53570875114322
15.274662556240894,9.068921143174318,10.054414545156934
15.274662556240894,9.068921143174318,9.570527296854726
15.274662556240894,9.068921143174318,8.970438956954805
15.274662556240894,9.068921143174318,8.947191849314365
15.274662556240894,9.068921143174318,10.80695784018313
15.274662556240894,9.068921143174318,10.087054728296268
15.274662556240894,9.068921143174318,9.380248339411908
15.274662556240894,9.068921143174318,9.990869837699046
15.274662556240894,9.324538605494283,10.597958432928538
28.032926636846586,9.068921143174318,1.4928299122931994
15.274662556240894,16.70205045995798,5.489328692163239
15.274662556240894,9.068921143174318,10.78765388554803
18.355556307170005,9.068921143174318,7.65086214443393
15.274662556240894,9.068921143174318,9.002925293199791
15.274662556240894,9.068921143174318,9.07064630801203
17.88784310617916,10.071759442076843,9.074787088161345
15.274662556240894,8.70661905853064,9.565665227569616
18.355556307170005,10.121690637281224,9.71311959369645
15.274662556240894,8.70661905853064,8.791135079315286
15.274662556240894,8.70661905853064,9.31146328449159
6.253356655733176,9.068921143174318,4.147746434850476
15.274662556240894,8.70661905853064,8.64982353125721
15.274662556240894,9.068921143174318,10.307284432199577
15.274662556240894,9.068921143174318,10.652689265810672
15.274662556240894,9.068921143174318,8.917849315466198
15.274662556240894,9.068921143174318,9.80299628161732
12.40021864628823,8.70661905853064,7.910355665643735
15.274662556240894,9.068921143174318,8.93232301026674
15.274662556240894,9.068921143174318,9.081956263045853
15.274662556240894,9.068921143174318,10.328810645226836
15.274662556240894,9.068921143174318,9.591810202624728
15.274662556240894,9.068921143174318,10.594344900993228
15.274662556240894,9.068921143174318,8.990593295026834
15.274662556240894,16.084756659732776,6.2532535682809645
15.274662556240894,6.703806103724803,6.953971510075741
15.274662556240894,9.068921143174318,9.6414340278617
15.274662556240894,9.068921143174318,9.541138462555642
15.274662556240894,9.068921143174318,10.456012602677877
15.274662556240894,9.068921143174318,9.370789025169355
