26.635056228118078,16.0506701930942,9.650328327103393
26.635056228118078,16.0506701930942,9.650328327103393
26.635056228118078,16.0506701930942,9.650328327103393
26.635056228118078,16.0506701930942,9.650328327103393
26.635056228118078,16.0506701930942,9.650328327103393
26.635056228118078,16.0506701930942,9.650328327103393
26.635056228118078,16.0506701930942,9.650328327103393
26.635056228118078,16.0506701930942,9.650328327103393
26.635056228118078,16.0506701930942,9.650328327103393
26.635056228118078,18.938367465631497,7.618881473288703
26.635056228118078,16.0506701930942,10.842069068366063
26.635056228118078,18.938367465631497,7.618881473288703
26.635056228118078,16.0506701930942,10.842069068366063
26.635056228118078,18.938367465631497,7.618881473288703
26.635056228118078,16.0506701930942,9.650328327103393
28.982574391810935,16.0506701930942,8.813994202809097
26.635056228118078,16.0506701930942,9.650328327103393
26.635056228118078,16.0506701930942,10.842069068366063
26.635056228118078,18.938367465631497,7.618881473288703
26.635056228118078,18.938367465631497,7.618881473288703
28.982574391810935,16.0506701930942,8.813994202809097
26.635056228118078,16.0506701930942,10.842069068366063
26.635056228118078,16.0506701930942,10.842069068366063
26.635056228118078,16.0506701930942,9.309228654865525
26.635056228118078,16.0506701930942,9.650328327103393
28.982574391810935,16.0506701930942,8.813994202809097
26.635056228118078,18.938367465631497,7.618881473288703
26.635056228118078,18.938367465631497,7.618881473288703
28.982574391810935,16.0506701930942,8.813994202809097
26.635056228118078,16.0506701930942,9.309228654865525
26.635056228118078,16.0506701930942,9.650328327103393
28.982574391810935,16.0506701930942,8.813994202809097
26.635056228118078,16.0506701930942,10.842069068366063
26.635056228118078,18.938367465631497,7.618881473288703
26.635056228118078,16.0506701930942,9.309228654865525
26.635056228118078,16.0506701930942,9.650328327103393
26.635056228118078,18.938367465631497,7.618881473288703
26.635056228118078,16.0506701930942,10.842069068366063
26.635056228118078,16.0506701930942,9.309228654865525
26.635056228118078,16.0506701930942,9.267312340270822
28.982574391810935,16.0506701930942,8.813994202809097
26.635056228118078,16.0506701930942,9.309228654865525
26.635056228118078,18.938367465631497,7.618881473288703
28.982574391810935,16.0506701930942,8.813994202809097
26.635056228118078,16.0506701930942,9.650328327103393
26.635056228118078,17.46497116242453,9.98764852665767
26.635056228118078,16.0506701930942,9.267312340270822
26.635056228118078,16.0506701930942,10.842069068366063
26.635056228118078,16.0506701930942,10.842069068366063
26.635056228118078,18.938367465631497,7.618881473288703
28.982574391810935,16.0506701930942,8.813994202809097
26.635056228118078,16.0506701930942,9.650328327103393
26.635056228118078,16.0506701930942,9.267312340270822
26.635056228118078,16.0506701930942,10.842069068366063
26.635056228118078,17.46497116242453,9.98764852665767
26.635056228118078,16.0506701930942,9.267312340270822
26.635056228118078,16.0506701930942,9.650328327103393
26.635056228118078,18.938367465631497,7.618881473288703
26.635056228118078,17.46497116242453,9.98764852665767
26.635056228118078,16.0506701930942,9.650328327103393
28.982574391810935,16.0506701930942,8.813994202809097
26.635056228118078,16.0506701930942,9.309228654865525
26.635056228118078,16.0506701930942,10.077257635571621
26.635056228118078,16.0506701930942,9.650328327103393
26.635056228118078,16.0506701930942,9.309228654865525
28.982574391810935,16.0506701930942,8.813994202809097
26.635056228118078,16.0506701930942,9.267312340270822
28.982574391810935,16.0506701930942,8.813994202809097
26.635056228118078,16.0506701930942,9.650328327103393
26.635056228118078,16.0506701930942,9.309228654865525
26.635056228118078,17.46497116242453,9.98764852665767
26.635056228118078,18.938367465631497,7.618881473288703
26.635056228118078,16.01665193425418,9.255585980836535
26.635056228118078,17.46497116242453,9.98764852665767
26.635056228118078,16.01665193425418,9.809613894188631
26.635056228118078,17.22271842893,9.848333595632216
26.635056228118078,16.0506701930942,9.650328327103393
26.635056228118078,16.01665193425418,9.255585980836535
28.982574391810935,16.0506701930942,8.813994202809097
26.635056228118078,16.0506701930942,10.842069068366063
26.635056228118078,16.01665193425418,10.68532877966775
26.635056228118078,18.938367465631497,7.618881473288703
26.635056228118078,16.01665193425418,9.809613894188631
26.635056228118078,16.0506701930942,10.187148219182832
26.635056228118078,16.0506701930942,9.267312340270822
26.635056228118078,18.938367465631497,7.618881473288703
26.635056228118078,16.01665193425418,9.198410436039097
28.982574391810935,16.0506701930942,8.813994202809097
26.635056228118078,16.0506701930942,10.842069068366063
26.635056228118078,16.01665193425418,10.68532877966775
26.635056228118078,17.46497116242453,9.98764852665767
26.635056228118078,17.22271842893,9.848333595632216
26.635056228118078,16.0506701930942,10.842069068366063
26.635056228118078,16.01665193425418,9.198410436039097
26.635056228118078,17.46497116242453,9.98764852665767
26.635056228118078,16.0506701930942,9.309228654865525
26.635056228118078,16.0506701930942,10.077257635571621
26.635056228118078,18.938367465631497,7.618881473288703
26.635056228118078,16.01665193425418,9.809613894188631
26.635056228118078,16.01665193425418,9.255585980836535
26.635056228118078,17.46497116242453,9.98764852665767
26.635056228118078,16.01665193425418,9.255585980836535
26.635056228118078,18.938367465631497,7.618881473288703
26.635056228118078,16.01665193425418,10.68532877966775
26.635056228118078,16.0506701930942,9.267312340270822
26.635056228118078,16.0506701930942,9.650328327103393
26.635056228118078,18.938367465631497,7.618881473288703
26.635056228118078,16.0506701930942,10.187148219182832
26.635056228118078,17.22271842893,9.848333595632216
26.635056228118078,16.01665193425418,9.198410436039097
26.635056228118078,16.0506701930942,10.077257635571621
1.4525622964850853,2.7435819177390393,3.3852893628868683
26.635056228118078,16.0506701930942,9.650328327103393
26.635056228118078,8.238673995640156,0.6394762418404163
26.635056228118078,16.01665193425418,9.255585980836535
26.635056228118078,16.01665193425418,9.809613894188631
26.635056228118078,16.01665193425418,10.68532877966775
26.635056228118078,16.01665193425418,9.198410436039097
26.635056228118078,16.01665193425418,9.255585980836535
26.635056228118078,8.238673995640156,0.6394762418404163
26.635056228118078,16.0506701930942,9.650328327103393
26.635056228118078,16.01665193425418,9.809613894188631
26.635056228118078,16.0506701930942,10.187148219182832
28.982574391810935,16.0506701930942,8.813994202809097
1.4525622964850853,2.7435819177390393,3.3852893628868683
26.635056228118078,18.938367465631497,7.618881473288703
26.635056228118078,17.46497116242453,9.98764852665767
26.635056228118078,16.0506701930942,9.650328327103393
26.635056228118078,16.0506701930942,9.227607041371924
26.635056228118078,16.01665193425418,9.809613894188631
26.635056228118078,16.0506701930942,10.842069068366063
26.635056228118078,17.22271842893,9.848333595632216
26.635056228118078,16.01665193425418,10.68532877966775
26.635056228118078,16.01665193425418,9.255585980836535
26.635056228118078,18.938367465631497,7.618881473288703
28.982574391810935,16.0506701930942,8.813994202809097
26.635056228118078,16.0506701930942,10.077257635571621
26.635056228118078,8.238673995640156,0.6394762418404163
26.635056228118078,16.0506701930942,9.309228654865525
26.635056228118078,16.01665193425418,9.198410436039097
26.635056228118078,17.22271842893,9.848333595632216
26.635056228118078,16.0506701930942,10.842069068366063
26.635056228118078,16.0506701930942,9.650328327103393
26.635056228118078,16.01665193425418,9.809613894188631
26.635056228118078,16.0506701930942,9.309228654865525
28.982574391810935,16.0506701930942,8.813994202809097
1.4525622964850853,2.7435819177390393,3.3852893628868683
26.635056228118078,16.01665193425418,9.255585980836535
26.635056228118078,16.0506701930942,10.187148219182832
26.635056228118078,16.01665193425418,10.68532877966775
26.635056228118078,19.370734844349556,7.845487268982081
26.635056228118078,16.0506701930942,9.227607041371924
26.635056228118078,17.46497116242453,9.98764852665767
26.635056228118078,16.0506701930942,10.077257635571621
26.635056228118078,18.938367465631497,7.618881473288703
1.4525622964850853,2.7435819177390393,3.3852893628868683
26.635056228118078,16.0506701930942,9.227607041371924
26.635056228118078,16.01665193425418,10.68532877966775
26.635056228118078,16.01665193425418,10.08113069212599
26.635056228118078,18.938367465631497,7.618881473288703
26.635056228118078,16.0506701930942,10.038339027995129
26.635056228118078,19.370734844349556,7.845487268982081
26.635056228118078,16.0506701930942,9.650328327103393
26.635056228118078,16.0506701930942,9.789614277484496
26.635056228118078,17.22271842893,9.848333595632216
26.635056228118078,8.238673995640156,0.6394762418404163
26.635056228118078,16.0506701930942,10.077257635571621
26.635056228118078,16.0506701930942,9.2606627481252
28.982574391810935,16.0506701930942,8.813994202809097
26.635056228118078,16.01665193425418,9.255585980836535
26.635056228118078,16.01665193425418,9.198410436039097
26.635056228118078,17.46497116242453,9.98764852665767
26.635056228118078,16.01665193425418,10.68532877966775
26.635056228118078,16.01665193425418,9.809613894188631
1.4525622964850853,2.7435819177390393,3.3852893628868683
26.635056228118078,16.0506701930942,10.038339027995129
26.635056228118078,16.0506701930942,9.789614277484496
4.415652318774239,16.01665193425418,1.6283155189129972
26.635056228118078,16.0506701930942,9.227607041371924
26.635056228118078,18.938367465631497,7.618881473288703
26.635056228118078,16.0506701930942,9.2606627481252
26.635056228118078,16.0506701930942,9.267312340270822
26.635056228118078,17.46497116242453,9.98764852665767
26.635056228118078,16.0506701930942,10.077257635571621
26.635056228118078,16.0506701930942,9.309228654865525
26.635056228118078,16.0506701930942,10.312312936014273
26.635056228118078,8.238673995640156,0.6394762418404163
26.635056228118078,19.370734844349556,7.845487268982081
28.982574391810935,16.0506701930942,8.813994202809097
26.635056228118078,16.0506701930942,9.309228654865525
26.635056228118078,16.0506701930942,10.801234567506727
26.635056228118078,16.0506701930942,9.650328327103393
26.635056228118078,16.0506701930942,10.038339027995129
26.635056228118078,16.0506701930942,9.2606627481252
26.635056228118078,16.0506701930942,10.261122806611269
26.635056228118078,16.01665193425418,10.08113069212599
26.635056228118078,16.0506701930942,9.227607041371924
26.635056228118078,16.01665193425418,10.68532877966775
26.635056228118078,19.370734844349556,7.845487268982081
28.982574391810935,16.0506701930942,8.813994202809097
1.4525622964850853,2.7435819177390393,3.3852893628868683
26.635056228118078,16.0506701930942,9.789614277484496
26.635056228118078,16.0506701930942,10.842069068366063
26.635056228118078,16.0506701930942,10.312312936014273
26.635056228118078,17.22271842893,9.848333595632216
26.635056228118078,16.01665193425418,9.809613894188631
26.635056228118078,16.0506701930942,9.267312340270822
26.635056228118078,16.01665193425418,9.255585980836535
26.635056228118078,16.0506701930942,10.312312936014273
26.635056228118078,17.22271842893,9.848333595632216
26.635056228118078,18.938367465631497,7.618881473288703
26.635056228118078,16.0506701930942,10.077257635571621
26.635056228118078,16.0506701930942,10.261122806611269
26.635056228118078,17.46497116242453,9.98764852665767
26.635056228118078,16.0506701930942,9.227607041371924
26.635056228118078,16.0506701930942,9.2606627481252
26.635056228118078,16.0506701930942,9.789614277484496
1.4525622964850853,2.7435819177390393,3.3852893628868683
26.635056228118078,16.0506701930942,10.801234567506727
26.635056228118078,16.01665193425418,10.08113069212599
26.635056228118078,16.0506701930942,10.842069068366063
26.635056228118078,16.0506701930942,9.650328327103393
26.635056228118078,16.01665193425418,9.198410436039097
26.635056228118078,19.370734844349556,7.845487268982081
26.635056228118078,8.238673995640156,0.6394762418404163
26.635056228118078,16.0506701930942,10.038339027995129
28.982574391810935,16.0506701930942,8.813994202809097
26.635056228118078,16.01665193425418,9.809613894188631
26.635056228118078,16.0506701930942,9.267312340270822
4.415652318774239,16.01665193425418,1.6283155189129972
26.635056228118078,16.01665193425418,10.68532877966775
26.635056228118078,16.0506701930942,10.187148219182832
26.635056228118078,16.0506701930942,9.026944198078413
26.635056228118078,16.01665193425418,9.809613894188631
26.635056228118078,16.0506701930942,10.312312936014273
26.635056228118078,16.0506701930942,9.227607041371924
26.635056228118078,17.46497116242453,9.98764852665767
26.635056228118078,16.0506701930942,10.567757729185526
26.635056228118078,16.0506701930942,10.0816513405307
26.635056228118078,16.0506701930942,10.801234567506727
26.635056228118078,16.0506701930942,10.842069068366063
26.635056228118078,16.0506701930942,9.2606627481252
28.982574391810935,16.0506701930942,8.813994202809097
26.635056228118078,16.0506701930942,10.261122806611269
26.635056228118078,19.370734844349556,7.845487268982081
26.635056228118078,16.0506701930942,10.038339027995129
26.635056228118078,16.0506701930942,10.077257635571621
26.635056228118078,16.0506701930942,9.455805012210813
1.4525622964850853,2.7435819177390393,3.3852893628868683
26.635056228118078,16.01665193425418,10.08113069212599
26.635056228118078,16.01665193425418,9.198410436039097
26.635056228118078,16.0506701930942,9.789614277484496
26.635056228118078,16.0506701930942,9.31048281372261
26.635056228118078,18.938367465631497,7.618881473288703
26.635056228118078,16.01665193425418,9.255585980836535
26.635056228118078,16.0506701930942,9.267312340270822
26.635056228118078,8.238673995640156,0.6394762418404163
26.635056228118078,27.088030714777435,9.268846279256287
26.635056228118078,16.01665193425418,10.208047659771676
26.635056228118078,16.0506701930942,10.038339027995129
1.4525622964850853,2.7435819177390393,3.3852893628868683
26.635056228118078,16.0506701930942,10.077257635571621
26.635056228118078,16.0506701930942,10.261122806611269
26.635056228118078,16.0506701930942,10.929564622962637
26.635056228118078,16.0506701930942,9.309228654865525
26.635056228118078,16.0506701930942,9.455805012210813
26.635056228118078,19.370734844349556,7.845487268982081
26.635056228118078,16.01665193425418,10.68532877966775
26.635056228118078,16.0506701930942,9.227607041371924
26.635056228118078,16.0506701930942,10.842069068366063
26.635056228118078,16.0506701930942,9.026944198078413
26.635056228118078,16.0506701930942,9.650328327103393
26.635056228118078,16.0506701930942,9.442754352922549
26.635056228118078,16.0506701930942,10.801234567506727
26.635056228118078,16.0506701930942,10.187148219182832
26.635056228118078,16.0506701930942,10.567789270514728
26.635056228118078,16.0506701930942,9.2606627481252
26.635056228118078,16.01665193425418,10.08113069212599
26.635056228118078,17.962271871464868,9.060493020165934
26.635056228118078,16.0506701930942,10.348278856499906
26.635056228118078,16.0506701930942,10.0816513405307
26.635056228118078,16.0506701930942,9.31048281372261
26.635056228118078,16.0506701930942,9.643976389792313
26.635056228118078,17.22271842893,9.848333595632216
26.635056228118078,16.0506701930942,9.789614277484496
4.415652318774239,16.01665193425418,1.6283155189129972
26.635056228118078,16.01665193425418,9.255585980836535
26.635056228118078,16.0506701930942,10.567757729185526
26.635056228118078,16.01665193425418,9.809613894188631
26.635056228118078,16.0506701930942,10.312312936014273
26.635056228118078,16.0506701930942,9.267312340270822
26.635056228118078,16.0506701930942,10.348278856499906
26.635056228118078,16.0506701930942,9.455805012210813
26.635056228118078,28.265790009021735,5.836215181507287
26.635056228118078,16.0506701930942,10.42993911205571
26.635056228118078,16.0506701930942,10.801234567506727
26.635056228118078,16.0506701930942,10.187148219182832
26.635056228118078,16.0506701930942,10.567789270514728
28.982574391810935,16.0506701930942,8.813994202809097
4.415652318774239,16.01665193425418,1.6283155189129972
26.635056228118078,19.370734844349556,7.845487268982081
26.635056228118078,16.0506701930942,9.31048281372261
26.635056228118078,17.22271842893,9.848333595632216
26.635056228118078,24.24327208923513,7.228183643026494
26.635056228118078,16.01665193425418,9.809613894188631
26.635056228118078,16.01665193425418,9.255585980836535
26.635056228118078,16.0506701930942,9.789614277484496
26.635056228118078,16.0506701930942,10.929564622962637
26.635056228118078,16.0506701930942,10.038339027995129
26.635056228118078,17.46497116242453,9.98764852665767
26.635056228118078,16.0506701930942,9.267312340270822
26.635056228118078,16.0506701930942,9.442754352922549
26.635056228118078,16.01665193425418,10.291382777104682
26.635056228118078,16.0506701930942,10.567757729185526
26.635056228118078,16.0506701930942,10.312312936014273
26.635056228118078,16.0506701930942,9.026944198078413
26.635056228118078,16.0506701930942,10.842069068366063
26.635056228118078,16.0506701930942,10.917870306257553
26.635056228118078,16.0506701930942,9.2606627481252
26.635056228118078,16.01665193425418,10.68532877966775
26.635056228118078,16.0506701930942,10.261122806611269
26.635056228118078,8.238673995640156,0.6394762418404163
26.635056228118078,16.0506701930942,10.0816513405307
26.635056228118078,16.0506701930942,9.227607041371924
26.635056228118078,16.0506701930942,9.811872057950517
26.635056228118078,16.01665193425418,9.198410436039097
26.635056228118078,16.0506701930942,9.309228654865525
26.635056228118078,17.962271871464868,9.060493020165934
26.635056228118078,16.0506701930942,9.715742484618936
26.635056228118078,16.0506701930942,9.643976389792313
26.635056228118078,16.0506701930942,10.077257635571621
26.635056228118078,16.0506701930942,9.021021725904102
26.635056228118078,16.01665193425418,10.08113069212599
26.635056228118078,16.01665193425418,9.094933292908122
4.415652318774239,16.01665193425418,1.6283155189129972
26.635056228118078,16.0506701930942,9.156186164894063
26.635056228118078,16.0506701930942,9.149116970578111
26.635056228118078,16.0506701930942,10.261122806611269
26.635056228118078,16.0506701930942,10.042411032719873
26.635056228118078,17.46497116242453,9.98764852665767
26.635056228118078,16.01665193425418,10.929485371009298
26.635056228118078,16.0506701930942,9.267312340270822
26.635056228118078,16.0506701930942,10.0816513405307
26.635056228118078,16.01665193425418,9.198410436039097
26.635056228118078,16.0506701930942,9.2606627481252
26.635056228118078,16.0506701930942,9.715742484618936
26.635056228118078,16.0506701930942,10.791908091289013
26.635056228118078,16.0506701930942,10.348278856499906
1.4525622964850853,2.7435819177390393,3.3852893628868683
26.635056228118078,16.0506701930942,9.643976389792313
26.635056228118078,16.01665193425418,9.809613894188631
26.635056228118078,8.238673995640156,0.6394762418404163
26.635056228118078,16.0506701930942,10.567789270514728
26.635056228118078,18.938367465631497,7.618881473288703
26.635056228118078,24.24327208923513,7.228183643026494
26.635056228118078,16.0506701930942,9.026944198078413
26.635056228118078,16.0506701930942,10.038339027995129
26.635056228118078,16.0506701930942,10.913104872116387
26.635056228118078,16.0506701930942,9.442754352922549
26.635056228118078,16.0506701930942,10.187148219182832
26.635056228118078,28.265790009021735,5.836215181507287
26.635056228118078,16.01665193425418,9.549694148316432
26.635056228118078,16.01665193425418,10.291382777104682
26.635056228118078,16.0506701930942,10.801234567506727
43.513904415097485,16.0506701930942,3.865479006163946
26.635056228118078,16.0506701930942,9.299520072498972
26.635056228118078,17.962271871464868,9.060493020165934
26.635056228118078,16.0506701930942,9.455805012210813
26.635056228118078,16.0506701930942,9.227607041371924
26.635056228118078,16.0506701930942,9.31048281372261
26.635056228118078,21.087864440558473,6.9420173753246
26.635056228118078,20.728363012564973,7.461845509261037
26.635056228118078,16.0506701930942,9.309228654865525
26.635056228118078,16.0506701930942,10.567757729185526
26.635056228118078,16.01665193425418,10.08113069212599
26.635056228118078,16.0506701930942,10.917870306257553
26.635056228118078,16.0506701930942,9.789614277484496
26.635056228118078,16.01665193425418,9.255585980836535
26.635056228118078,16.01665193425418,10.208047659771676
26.635056228118078,16.0506701930942,9.661898761899684
26.635056228118078,31.402066253473272,4.584849651285114
26.635056228118078,16.0506701930942,9.686689652592571
26.635056228118078,16.0506701930942,10.312312936014273
26.635056228118078,16.01665193425418,10.68532877966775
26.635056228118078,19.370734844349556,7.845487268982081
26.635056228118078,16.0506701930942,10.42993911205571
26.635056228118078,16.0506701930942,10.077257635571621
26.635056228118078,16.0506701930942,10.929564622962637
26.635056228118078,16.0506701930942,9.021021725904102
