26.635056228118078,16.0506701930942,10.288022750454926
25.93169910698478,15.511762521367126,9.970693686376348
30.90710710641871,16.0506701930942,8.090978547567842
26.635056228118078,16.0506701930942,9.006627166906116
21.864890525946667,15.511762521367126,8.284399636396529
15.687063280662386,16.0506701930942,5.944891076264154
26.635056228118078,16.0506701930942,9.722292981189035
26.635056228118078,15.226656712052494,8.84919614863488
26.635056228118078,16.0506701930942,10.157505437525359
0.06515854002519461,8.428732297326343,0.09558109438271209
15.195767140989304,8.428732297326343,10.052646424596379
31.52921983886715,17.027339435140078,9.432617976933656
26.635056228118078,16.0506701930942,10.581327713768868
26.635056228118078,16.0506701930942,9.794926662831134
17.465123709102805,17.032695902833257,5.8990889166341605
26.635056228118078,16.0506701930942,10.509233018459668
20.51667763022011,10.941211464683288,8.70285453500899
18.03105775516231,9.112505824701987,7.655959737907776
1.9929295906657991,16.0506701930942,0.708157242144503
26.635056228118078,16.0506701930942,9.270133560595616
39.829852842055615,16.0506701930942,5.07267105491584
26.635056228118078,16.0506701930942,10.050430426076472
0.9130770758739146,16.0506701930942,0.31803809601026223
11.682871493221374,13.660328340114518,4.837538403063787
22.880730920133168,15.511762521367126,9.155712894919112
0.9130770758739146,10.65428367707972,0.5235401846667892
30.90710710641871,15.511762521367126,8.78291783908583
26.635056228118078,16.0506701930942,10.497225854959096
26.635056228118078,16.0506701930942,10.480619154881921
30.90710710641871,15.511762521367126,8.213495197054707
25.93169910698478,16.479348898000993,9.801941939873451
19.61114799428526,15.226656712052494,8.090102072916922
26.635056228118078,16.0506701930942,10.157505437525359
1.9929295906657991,16.0506701930942,0.708157242144503
30.90710710641871,15.511762521367126,8.213495197054707
21.864890525946667,15.511762521367126,8.284399636396529
26.635056228118078,16.0506701930942,9.270133560595616
6.269064357859705,4.835533174192609,9.023492408695372
26.635056228118078,16.0506701930942,10.615477132573938
26.635056228118078,16.0506701930942,9.722292981189035
26.635056228118078,16.0506701930942,10.480619154881921
0.9130770758739146,16.0506701930942,0.31803809601026223
30.90710710641871,15.511762521367126,8.78291783908583
26.635056228118078,16.0506701930942,8.972001719414402
26.635056228118078,16.0506701930942,10.509233018459668
26.635056228118078,16.0506701930942,10.629060151344536
39.829852842055615,16.0506701930942,5.07267105491584
26.635056228118078,16.0506701930942,10.088150458194738
26.635056228118078,16.0506701930942,9.006627166906116
26.635056228118078,16.0506701930942,10.497225854959096
19.61114799428526,15.226656712052494,8.090102072916922
25.93169910698478,15.511762521367126,9.970693686376348
22.880730920133168,15.511762521367126,9.155712894919112
20.51667763022011,10.941211464683288,8.70285453500899
15.195767140989304,8.428732297326343,10.052646424596379
25.93169910698478,16.0506701930942,10.322570958234529
26.635056228118078,16.0506701930942,10.050430426076472
31.52921983886715,17.027339435140078,9.432617976933656
25.93169910698478,16.0506701930942,9.295704679568159
0.9130770758739146,10.65428367707972,0.5235401846667892
30.90710710641871,16.0506701930942,8.090978547567842
25.93169910698478,16.479348898000993,9.801941939873451
26.635056228118078,15.226656712052494,8.84919614863488
26.635056228118078,16.0506701930942,9.991218464653711
26.635056228118078,16.0506701930942,9.794926662831134
26.635056228118078,16.0506701930942,10.581327713768868
18.03105775516231,9.112505824701987,7.655959737907776
0.06515854002519461,8.428732297326343,0.09558109438271209
26.635056228118078,16.0506701930942,9.893603132439509
34.09043390286309,16.0506701930942,7.475718763339427
26.635056228118078,16.0506701930942,10.609317809721194
25.93169910698478,16.0506701930942,10.322570958234529
26.635056228118078,16.0506701930942,8.972001719414402
30.90710710641871,19.863980436329427,8.559195473225088
26.635056228118078,16.0506701930942,10.629060151344536
20.51667763022011,10.941211464683288,8.70285453500899
31.52921983886715,17.027339435140078,9.432617976933656
26.635056228118078,16.0506701930942,9.991218464653711
25.93169910698478,15.511762521367126,9.970693686376348
26.635056228118078,16.0506701930942,10.581327713768868
30.90710710641871,16.0506701930942,8.090978547567842
26.635056228118078,16.0506701930942,9.722292981189035
26.635056228118078,16.0506701930942,9.893603132439509
26.635056228118078,16.0506701930942,10.157505437525359
30.90710710641871,15.511762521367126,8.213495197054707
21.546672263348974,7.4468548712634846,2.4194485820027536
26.635056228118078,16.0506701930942,9.260201508900847
0.06515854002519461,8.428732297326343,0.09558109438271209
26.635056228118078,16.0506701930942,10.023065243241911
18.03105775516231,9.112505824701987,7.655959737907776
26.635056228118078,16.0506701930942,9.270133560595616
15.687063280662386,16.0506701930942,5.944891076264154
30.90710710641871,15.511762521367126,8.78291783908583
51.54969093710757,16.0506701930942,10.212719097286739
26.635056228118078,16.0506701930942,9.794926662831134
26.635056228118078,16.0506701930942,9.78889828423414
21.864890525946667,15.511762521367126,8.284399636396529
15.195767140989304,8.428732297326343,9.684850707216508
26.635056228118078,16.0506701930942,10.088150458194738
17.465123709102805,17.032695902833257,5.8990889166341605
26.635056228118078,16.0506701930942,10.288022750454926
26.635056228118078,16.0506701930942,9.006627166906116
22.880730920133168,15.511762521367126,9.155712894919112
25.93169910698478,1.6939026700969997,0.09818801252788475
26.635056228118078,16.0506701930942,10.497225854959096
26.635056228118078,17.199816435580193,9.28637358551612
26.635056228118078,16.0506701930942,9.124595229664896
26.635056228118078,16.0506701930942,10.050430426076472
15.195767140989304,8.428732297326343,10.052646424596379
0.9130770758739146,16.0506701930942,0.31803809601026223
1.9929295906657991,16.0506701930942,0.708157242144503
18.59911476441161,15.406453572001071,7.7807340178645354
26.635056228118078,16.0506701930942,10.615477132573938
25.93169910698478,16.0506701930942,9.295704679568159
26.635056228118078,16.0506701930942,10.480619154881921
39.829852842055615,16.0506701930942,5.07267105491584
34.09043390286309,16.0506701930942,7.475718763339427
26.635056228118078,16.0506701930942,10.509233018459668
26.635056228118078,16.0506701930942,10.023065243241911
11.682871493221374,13.660328340114518,4.837538403063787
30.90710710641871,19.863980436329427,8.559195473225088
26.635056228118078,16.0506701930942,9.243000710429843
39.829852842055615,16.0506701930942,5.07267105491584
45.250406894152164,16.0506701930942,2.9042198022253864
26.635056228118078,16.0506701930942,10.288022750454926
26.635056228118078,16.0506701930942,9.260201508900847
20.51667763022011,10.941211464683288,8.70285453500899
26.635056228118078,16.0506701930942,10.615477132573938
26.635056228118078,16.0506701930942,9.006627166906116
30.90710710641871,15.511762521367126,8.213495197054707
21.546672263348974,7.4468548712634846,2.4194485820027536
26.635056228118078,16.0506701930942,9.991218464653711
26.635056228118078,15.226656712052494,8.84919614863488
18.03105775516231,9.112505824701987,7.655959737907776
15.687063280662386,16.0506701930942,5.944891076264154
26.635056228118078,16.0506701930942,10.050430426076472
26.635056228118078,16.0506701930942,10.497225854959096
26.635056228118078,17.199816435580193,9.28637358551612
17.465123709102805,17.032695902833257,5.8990889166341605
26.635056228118078,16.0506701930942,10.629060151344536
25.93169910698478,16.0506701930942,10.322570958234529
25.93169910698478,16.0506701930942,10.42573770595487
26.635056228118078,16.0506701930942,9.270133560595616
26.635056228118078,16.0506701930942,10.480619154881921
26.635056228118078,16.0506701930942,9.124595229664896
26.635056228118078,16.0506701930942,10.250515862412032
30.90710710641871,16.0506701930942,8.090978547567842
25.93169910698478,16.0506701930942,9.290211512500914
15.195767140989304,8.428732297326343,9.684850707216508
31.52921983886715,17.027339435140078,9.432617976933656
26.635056228118078,16.0506701930942,8.972001719414402
0.06515854002519461,8.428732297326343,0.09558109438271209
25.93169910698478,16.0506701930942,9.295704679568159
22.880730920133168,15.511762521367126,9.548684365259788
18.82414809780019,8.428732297326343,6.98054766293649
15.195767140989304,8.428732297326343,10.052646424596379
0.9130770758739146,16.0506701930942,0.3253501090675224
26.635056228118078,16.0506701930942,10.088150458194738
0.9130770758739146,10.65428367707972,0.5235401846667892
1.9929295906657991,16.0506701930942,0.708157242144503
34.09043390286309,16.0506701930942,7.475718763339427
26.635056228118078,16.0506701930942,9.78889828423414
25.93169910698478,16.0506701930942,9.069237791800862
22.880730920133168,15.511762521367126,9.155712894919112
26.635056228118078,16.0506701930942,9.893603132439509
30.90710710641871,15.511762521367126,8.78291783908583
26.635056228118078,16.0506701930942,10.157505437525359
26.635056228118078,16.0506701930942,9.794926662831134
0.9130770758739146,16.0506701930942,0.31803809601026223
45.63801216709331,15.511762521367126,2.1531411762893544
31.86575903491739,4.442310880812153,0.10291526545735435
25.93169910698478,15.511762521367126,9.970693686376348
19.61114799428526,15.226656712052494,8.090102072916922
25.93169910698478,1.6939026700969997,0.09818801252788475
