26.635056228118078,16.0506701930942,9.705107912471478
26.635056228118078,27.911506133777344,5.268113301698228
26.635056228118078,19.552943296858597,7.618922696479505
28.166495034598476,16.01665193425418,9.536486939295662
26.635056228118078,16.01665193425418,10.829391048569633
26.635056228118078,16.0506701930942,9.926315850000096
26.635056228118078,16.0506701930942,10.785030296137233
33.59472233785919,16.01665193425418,7.99245601610788
34.749009767969625,16.0506701930942,6.384908145271196
26.635056228118078,16.01665193425418,8.978697899147278
26.635056228118078,16.01665193425418,9.603644347177909
26.635056228118078,14.449032810740599,8.601785967547602
26.635056228118078,16.0506701930942,9.193136729509297
26.635056228118078,16.01665193425418,9.283972301197455
7.481985121645497,27.121207463778063,1.710991757022488
26.635056228118078,16.0506701930942,9.163081429938842
16.99339482784116,16.0506701930942,6.8793357840961065
23.47348660867094,16.0506701930942,8.672476173810384
34.662861658640274,16.0506701930942,7.407914218492367
26.635056228118078,27.568761409200448,9.097904163577633
25.337332359537815,16.01665193425418,9.68388359999488
26.635056228118078,16.01665193425418,10.349469708411721
26.635056228118078,16.0506701930942,9.956024566551537
26.635056228118078,16.0506701930942,10.809260956369338
25.978593008544305,16.01665193425418,9.661008473302331
26.635056228118078,20.714526410562648,7.343277466638395
26.635056228118078,16.0506701930942,9.327299416370247
26.635056228118078,16.01665193425418,10.90227871785716
25.978593008544305,16.0506701930942,9.2557419467605
26.635056228118078,16.01665193425418,9.283972301197455
3.7318097909008365,16.0506701930942,1.5084680708171605
26.635056228118078,16.0506701930942,9.019139056177877
26.635056228118078,16.0506701930942,9.28657743256058
26.635056228118078,16.01665193425418,9.283972301197455
4.613486352346161,15.009820682321472,4.725339281369891
23.47348660867094,22.842362027209784,6.391774758165777
26.635056228118078,16.01665193425418,10.453902551729191
26.635056228118078,10.488354327364856,5.003239543616562
28.078133184582125,16.01665193425418,9.467949158797854
26.635056228118078,23.46897000158059,7.268538748599031
26.635056228118078,16.0506701930942,9.74544637797106
26.635056228118078,16.0506701930942,9.593561476774664
26.635056228118078,16.01665193425418,9.181109992496856
26.635056228118078,16.01665193425418,9.467235809956417
26.635056228118078,16.0506701930942,10.488321948114093
36.29318848962865,16.01665193425418,7.3879677496544875
26.635056228118078,16.0506701930942,9.70490375165197
26.635056228118078,28.3454190699949,5.3924706453367675
26.635056228118078,27.061606734566638,6.45826565882833
26.635056228118078,18.698735688125055,7.970826582254212
26.635056228118078,16.01665193425418,9.7243297823322
26.635056228118078,16.0506701930942,9.28657743256058
26.635056228118078,16.0506701930942,9.28657743256058
26.635056228118078,16.0506701930942,10.254744830124721
26.635056228118078,16.0506701930942,10.756878475745653
26.635056228118078,16.0506701930942,9.473876385056034
26.635056228118078,16.01665193425418,10.68732285593638
26.635056228118078,16.01665193425418,10.854831909965474
23.47348660867094,16.0506701930942,8.71108504919003
26.635056228118078,16.01665193425418,10.75965081442621
26.635056228118078,16.01665193425418,9.749226545284504
26.635056228118078,16.0506701930942,9.185598901818876
26.635056228118078,16.01665193425418,9.109836522272424
26.635056228118078,16.01665193425418,9.283972301197455
26.635056228118078,16.01665193425418,9.283972301197455
26.635056228118078,16.0506701930942,9.265871055520998
26.635056228118078,8.473068458414552,1.0411521867470572
26.635056228118078,16.0506701930942,10.772520009888765
26.635056228118078,16.0506701930942,9.335887552109003
26.635056228118078,16.0506701930942,10.1177637809832
26.635056228118078,16.01665193425418,9.283972301197455
26.635056228118078,6.852974222013392,0.09633082139786826
26.635056228118078,16.01665193425418,8.97930799234988
26.635056228118078,16.01665193425418,9.753598216270973
26.612002792267948,16.0506701930942,9.186441184979355
26.635056228118078,16.0506701930942,9.28657743256058
23.47348660867094,16.0506701930942,8.716546182398144
26.635056228118078,16.01665193425418,9.283972301197455
26.635056228118078,16.0506701930942,10.879144064688019
26.635056228118078,27.349153622544478,7.750170351550495
