108.39843348503132,16.69683906915555,0.10760763070330943
26.93403387006477,16.69683906915555,9.939833578243237
108.39843348503132,16.69683906915555,0.10760763070330943
26.93403387006477,16.69683906915555,9.192364198036858
26.93403387006477,16.69683906915555,9.939833578243237
26.93403387006477,16.69683906915555,10.413780376931172
26.93403387006477,16.69683906915555,9.867622509210108
26.93403387006477,26.42652491063189,6.05275765157449
52.635028533658414,16.69683906915555,1.149750176401266
25.590819801617954,3.7769440937029266,0.10895206093968038
52.635028533658414,1.0542581733379723,1.1641853498747574
26.93403387006477,16.69683906915555,9.192364198036858
108.39843348503132,16.69683906915555,0.10760763070330943
52.635028533658414,16.69683906915555,1.149750176401266
25.590819801617954,3.7769440937029266,0.10895206093968038
26.93403387006477,26.42652491063189,6.087055213975603
52.635028533658414,3.3359966370190737,1.0523609562613474
26.93403387006477,14.379735517498958,9.432756361742346
26.93403387006477,16.69683906915555,10.413780376931172
26.93403387006477,16.69683906915555,10.580987215665834
26.93403387006477,5.050493297248028,0.0954215525607529
98.80003239386264,27.55664767002,7.799452337131731
26.93403387006477,5.050493297248028,0.09401239774062879
7.739415700264821,16.69683906915555,2.672250261606487
26.93403387006477,26.42652491063189,6.18079846999711
7.739415700264821,16.69683906915555,2.672250261606487
26.93403387006477,16.69683906915555,10.622667395619297
26.93403387006477,26.42652491063189,5.984910161364645
17.103051236257592,5.050493297248028,0.10558290324880402
26.93403387006477,5.050493297248028,0.09953003517198847
26.93403387006477,16.69683906915555,9.012125677295892
26.93403387006477,5.050493297248028,0.09401239774062879
26.93403387006477,16.69683906915555,9.73904945830556
26.93403387006477,26.42652491063189,6.24309074970181
26.93403387006477,26.42652491063189,6.05275765157449
26.93403387006477,8.446754386573591,0.9441061081893032
26.93403387006477,16.69683906915555,9.412634696431931
26.93403387006477,14.379735517498958,9.432756361742346
26.93403387006477,16.69683906915555,9.30892860722257
26.93403387006477,16.69683906915555,9.867622509210108
