26.93403387006477,26.42652491063189,6.027792466469268
26.93403387006477,21.15151720463317,9.291903933514487
26.93403387006477,2.0673894961092447,0.1082518596419923
26.93403387006477,21.118074204120305,7.434077385337163
26.93403387006477,18.81523783675196,9.307691279065095
26.93403387006477,2.0673894961092447,0.1082518596419923
26.93403387006477,12.95738214639218,7.9817217195693
26.93403387006477,14.690553389055443,8.611244847474412
40.907848421707676,23.310798604887594,7.126600430619674
26.93403387006477,14.690553389055443,9.37303000820242
38.976697281080554,14.690553389055443,4.4348431680496985
26.93403387006477,12.95738214639218,6.822615899203641
26.93403387006477,12.574242058347648,6.797983226247942
74.02790278234902,4.523686935815174,0.09580516600475161
6.487017281082986,45.75591591012305,2.833504742496335
26.93403387006477,14.690553389055443,9.032882975471136
38.976697281080554,14.690553389055443,4.4348431680496985
38.976697281080554,23.310798604887594,9.111830420365385
26.93403387006477,14.690553389055443,9.04066154133928
26.93403387006477,14.690553389055443,9.594424998995803
38.976697281080554,23.310798604887594,9.111830420365385
30.636064133410695,23.310798604887594,8.589614875038556
26.93403387006477,13.755712642050899,7.5453640437607055
26.93403387006477,14.690553389055443,9.04066154133928
37.704601414390254,14.690553389055443,4.564593004754731
38.976697281080554,14.690553389055443,4.4348431680496985
26.93403387006477,14.690553389055443,9.79515828682667
38.976697281080554,23.310798604887594,9.719944859929498
26.93403387006477,14.690553389055443,8.900569253272351
26.93403387006477,2.0673894961092447,0.1082518596419923
26.93403387006477,14.690553389055443,8.789423116898066
35.108723004739225,14.486073151456152,5.569165056720332
81.06680844032746,23.310798604887594,0.10242922748320352
38.976697281080554,23.310798604887594,10.599525991458334
26.93403387006477,23.310798604887594,7.339854397741492
26.93403387006477,14.690553389055443,9.594424998995803
