42.11065852815994,16.69683906915555,7.64609955889814
26.93403387006477,1.3082461615705618,0.09399316413525265
10.519208489867978,16.69683906915555,6.189324162295094
42.11065852815994,16.69683906915555,7.64609955889814
25.74239423728464,14.379735517498958,9.967266224113843
8.683516168189742,14.379735517498958,5.698218235241503
8.683516168189742,16.69683906915555,5.6128885518885365
8.683516168189742,16.69683906915555,3.2285971979059136
8.683516168189742,16.69683906915555,5.6128885518885365
26.93403387006477,15.372807291958274,8.59303497429953
26.93403387006477,14.379735517498958,8.271294466556204
26.93403387006477,27.22806117377244,5.800579779163938
16.602430014936807,26.42652491063189,6.241481120053628
26.93403387006477,14.379735517498958,7.158637432090069
42.11065852815994,16.69683906915555,7.64609955889814
10.519208489867978,14.379735517498958,6.274653845648061
26.93403387006477,26.42652491063189,6.793146414883831
10.519208489867978,16.69683906915555,3.7123888660792708
10.519208489867978,14.379735517498958,9.092206117864656
10.519208489867978,14.379735517498958,6.274653845648061
10.519208489867978,16.69683906915555,6.189324162295094
10.519208489867978,14.401041813432709,6.276355172735494
26.93403387006477,14.379735517498958,8.33021153403881
26.93403387006477,27.22806117377244,5.800579779163938
8.683516168189742,14.379735517498958,5.698218235241503
8.683516168189742,16.69683906915555,5.6128885518885365
8.683516168189742,14.379735517498958,5.698218235241503
42.11065852815994,16.69683906915555,7.64609955889814
8.683516168189742,16.69683906915555,5.6128885518885365
16.796827320568386,14.379735517498958,9.092206117864656
10.519208489867978,16.69683906915555,6.189324162295094
16.6083950256561,14.379735517498958,8.092988584315993
26.93403387006477,26.42652491063189,7.29651100439555
8.683516168189742,16.69683906915555,5.6128885518885365
26.93403387006477,14.379735517498958,8.685085398485215
42.11065852815994,16.69683906915555,7.64609955889814
10.519208489867978,14.379735517498958,6.274653845648061
26.93403387006477,14.379735517498958,8.271294466556204
8.683516168189742,16.69683906915555,3.2285971979059136
43.51346059712267,14.379735517498958,1.7942757972520453
26.93403387006477,14.379735517498958,8.685085398485215
26.93403387006477,24.449109083515904,6.562352611652452
26.93403387006477,17.836451851345146,8.016938638361541
26.93403387006477,14.379735517498958,8.016938638361541
108.39843348503132,6.209043868063075,0.10822188143382873
43.51346059712267,40.62899825333206,7.637182798132488
10.519208489867978,14.379735517498958,6.274653845648061
8.683516168189742,12.777277663911326,5.43600231597358
26.93403387006477,1.3082461615705618,0.09399316413525265
10.519208489867978,14.379735517498958,9.432756361742346
42.11065852815994,1.7109118308250295,10.55809626282816
42.11065852815994,16.69683906915555,7.64609955889814
10.519208489867978,14.401041813432709,6.276355172735494
10.519208489867978,14.379735517498958,6.274653845648061
6.010997238121183,16.69683906915555,4.458253920180118
26.93403387006477,14.379735517498958,7.158637432090069
10.519208489867978,14.379735517498958,9.092206117864656
6.010997238121183,14.379735517498958,2.3546976524248913
26.93403387006477,26.42652491063189,7.29651100439555
25.74239423728464,14.379735517498958,9.967266224113843
42.11065852815994,16.69683906915555,7.64609955889814
16.6083950256561,14.379735517498958,8.092988584315993
26.93403387006477,24.449109083515904,6.562352611652452
8.683516168189742,16.69683906915555,5.6128885518885365
16.796827320568386,14.379735517498958,9.092206117864656
8.683516168189742,16.69683906915555,5.6128885518885365
42.11065852815994,1.7109118308250295,10.55809626282816
10.519208489867978,14.379735517498958,6.274653845648061
10.519208489867978,14.379735517498958,6.274653845648061
8.683516168189742,16.69683906915555,5.6128885518885365
26.93403387006477,14.379735517498958,7.158637432090069
26.93403387006477,14.379735517498958,8.271294466556204
42.11065852815994,16.69683906915555,7.64609955889814
10.519208489867978,16.69683906915555,3.8360222832085564
10.519208489867978,16.69683906915555,3.7123888660792708
26.93403387006477,14.379735517498958,8.834290624901952
5.476418963039954,16.69683906915555,1.8442357909153648
26.93403387006477,14.379735517498958,8.685085398485215
6.010997238121183,16.69683906915555,4.458253920180118
26.93403387006477,26.42652491063189,6.793146414883831
26.93403387006477,3.676196260871885,7.158637432090069
42.11065852815994,16.69683906915555,7.64609955889814
8.683516168189742,14.379735517498958,5.698218235241503
8.683516168189742,16.69683906915555,5.6128885518885365
10.519208489867978,14.379735517498958,9.432756361742346
10.519208489867978,14.379735517498958,9.432756361742346
10.519208489867978,16.69683906915555,6.189324162295094
26.93403387006477,24.449109083515904,6.562352611652452
108.39843348503132,6.209043868063075,0.10822188143382873
26.93403387006477,3.676196260871885,7.158637432090069
8.683516168189742,12.777277663911326,5.43600231597358
8.683516168189742,16.69683906915555,5.6128885518885365
26.93403387006477,23.121535917847652,6.234715597315751
6.010997238121183,14.379735517498958,4.543583603533085
43.51346059712267,14.379735517498958,1.7942757972520453
8.683516168189742,14.379735517498958,5.698218235241503
25.74239423728464,14.379735517498958,9.967266224113843
26.93403387006477,24.449109083515904,6.562352611652452
10.519208489867978,14.379735517498958,6.274653845648061
26.93403387006477,14.379735517498958,7.158637432090069
26.93403387006477,24.449109083515904,6.562352611652452
8.683516168189742,16.69683906915555,5.6128885518885365
10.519208489867978,14.379735517498958,9.432756361742346
26.93403387006477,1.3082461615705618,0.09399316413525265
26.93403387006477,23.121535917847652,6.234715597315751
26.93403387006477,26.42652491063189,6.793146414883831
6.010997238121183,16.69683906915555,4.458253920180118
42.11065852815994,16.69683906915555,7.64609955889814
26.93403387006477,23.121535917847652,6.234715597315751
43.51346059712267,26.42652491063189,10.497056589569732
10.519208489867978,16.69683906915555,6.189324162295094
26.93403387006477,16.69683906915555,7.0583873581374785
8.683516168189742,16.69683906915555,5.6128885518885365
45.18687268174842,14.379735517498958,9.019774886805218
26.93403387006477,17.836451851345146,8.016938638361541
8.683516168189742,14.379735517498958,5.698218235241503
8.683516168189742,16.69683906915555,5.6128885518885365
10.519208489867978,16.69683906915555,6.189324162295094
42.11065852815994,16.69683906915555,7.64609955889814
26.93403387006477,24.449109083515904,6.562352611652452
10.519208489867978,14.379735517498958,6.274653845648061
10.519208489867978,16.69683906915555,6.189324162295094
26.93403387006477,14.379735517498958,8.834290624901952
8.683516168189742,16.69683906915555,3.2929238221479658
10.519208489867978,14.379735517498958,6.274653845648061
26.93403387006477,14.379735517498958,8.834290624901952
10.519208489867978,14.379735517498958,6.274653845648061
26.93403387006477,1.3082461615705618,0.09399316413525265
42.11065852815994,16.69683906915555,7.64609955889814
8.683516168189742,16.69683906915555,5.6128885518885365
10.519208489867978,14.379735517498958,9.432756361742346
6.010997238121183,16.69683906915555,4.458253920180118
6.010997238121183,14.379735517498958,2.3546976524248913
8.683516168189742,16.69683906915555,5.6128885518885365
6.010997238121183,14.379735517498958,4.543583603533085
10.519208489867978,14.379735517498958,6.274653845648061
8.683516168189742,16.69683906915555,5.6128885518885365
42.11065852815994,1.7109118308250295,10.55809626282816
26.93403387006477,14.379735517498958,8.271294466556204
42.11065852815994,16.69683906915555,7.64609955889814
26.93403387006477,14.379735517498958,8.33021153403881
14.421267365529411,16.69683906915555,6.945348726952808
8.683516168189742,14.379735517498958,5.698218235241503
8.683516168189742,14.379735517498958,5.698218235241503
26.93403387006477,26.42652491063189,6.793146414883831
26.93403387006477,14.379735517498958,8.685085398485215
6.010997238121183,16.69683906915555,4.458253920180118
10.519208489867978,14.379735517498958,9.092206117864656
8.683516168189742,16.69683906915555,8.612530411399579
10.519208489867978,16.69683906915555,8.098791843122322
8.683516168189742,16.69683906915555,8.612530411399579
42.11065852815994,16.69683906915555,7.64609955889814
10.519208489867978,14.379735517498958,6.274653845648061
10.519208489867978,16.69683906915555,3.7123888660792708
8.683516168189742,16.69683906915555,5.6128885518885365
6.010997238121183,14.379735517498958,2.3546976524248913
8.683516168189742,14.379735517498958,5.698218235241503
10.519208489867978,14.379735517498958,6.274653845648061
10.519208489867978,16.69683906915555,3.8360222832085564
8.683516168189742,16.69683906915555,5.6128885518885365
16.602430014936807,26.42652491063189,6.241481120053628
26.93403387006477,14.379735517498958,8.834290624901952
8.683516168189742,16.69683906915555,5.6128885518885365
10.519208489867978,14.401041813432709,6.276355172735494
10.519208489867978,14.379735517498958,6.274653845648061
8.683516168189742,16.69683906915555,5.6128885518885365
10.519208489867978,14.379735517498958,6.274653845648061
8.683516168189742,16.69683906915555,5.6128885518885365
25.74239423728464,14.379735517498958,9.967266224113843
10.519208489867978,14.379735517498958,6.274653845648061
14.421267365529411,16.69683906915555,6.945348726952808
26.93403387006477,14.379735517498958,7.158637432090069
8.683516168189742,14.379735517498958,5.698218235241503
26.93403387006477,23.121535917847652,6.234715597315751
16.6083950256561,14.379735517498958,8.092988584315993
10.519208489867978,16.69683906915555,6.189324162295094
8.683516168189742,16.69683906915555,5.6128885518885365
26.93403387006477,26.42652491063189,6.793146414883831
26.93403387006477,14.379735517498958,8.33021153403881
26.93403387006477,14.379735517498958,8.271294466556204
26.93403387006477,14.379735517498958,8.834290624901952
8.683516168189742,16.69683906915555,5.6128885518885365
26.93403387006477,31.018436417700816,5.296417020828581
10.519208489867978,16.69683906915555,6.189324162295094
26.93403387006477,26.42652491063189,6.1619994921601275
8.683516168189742,16.69683906915555,5.6128885518885365
26.93403387006477,15.372807291958274,8.59303497429953
26.93403387006477,16.69683906915555,10.237638128584837
8.683516168189742,16.69683906915555,5.6128885518885365
8.683516168189742,16.69683906915555,5.6128885518885365
26.93403387006477,26.42652491063189,7.29651100439555
42.11065852815994,1.7109118308250295,10.55809626282816
26.93403387006477,26.42652491063189,6.793146414883831
8.683516168189742,12.777277663911326,5.43600231597358
26.93403387006477,0.007039182881740658,9.563707075497062
26.93403387006477,16.69683906915555,10.237638128584837
8.683516168189742,16.69683906915555,5.6128885518885365
26.93403387006477,1.3082461615705618,0.09399316413525265
42.11065852815994,16.69683906915555,7.64609955889814
8.683516168189742,16.69683906915555,5.6128885518885365
8.683516168189742,16.69683906915555,5.6128885518885365
26.93403387006477,15.372807291958274,8.59303497429953
25.74239423728464,14.379735517498958,9.967266224113843
42.11065852815994,16.69683906915555,7.64609955889814
6.010997238121183,14.379735517498958,4.543583603533085
26.93403387006477,3.676196260871885,7.158637432090069
26.93403387006477,26.42652491063189,6.793146414883831
26.93403387006477,26.42652491063189,6.1619994921601275
8.683516168189742,16.69683906915555,5.6128885518885365
14.421267365529411,16.69683906915555,6.945348726952808
45.18687268174842,14.379735517498958,9.019774886805218
26.93403387006477,14.379735517498958,8.016938638361541
26.93403387006477,14.379735517498958,8.016938638361541
16.6083950256561,14.379735517498958,8.092988584315993
8.683516168189742,16.69683906915555,5.6128885518885365
6.010997238121183,16.69683906915555,4.458253920180118
8.683516168189742,16.69683906915555,5.6128885518885365
26.93403387006477,0.007039182881740658,9.563707075497062
26.93403387006477,1.3082461615705618,0.09399316413525265
26.93403387006477,17.836451851345146,8.016938638361541
10.519208489867978,16.69683906915555,8.098791843122322
8.683516168189742,14.379735517498958,5.698218235241503
26.93403387006477,14.379735517498958,8.834290624901952
10.519208489867978,14.379735517498958,6.274653845648061
26.93403387006477,24.449109083515904,6.562352611652452
26.93403387006477,23.121535917847652,6.234715597315751
26.93403387006477,1.3082461615705618,0.09399316413525265
16.796827320568386,14.379735517498958,9.092206117864656
108.39843348503132,6.209043868063075,0.10822188143382873
26.93403387006477,27.22806117377244,5.800579779163938
26.93403387006477,3.676196260871885,7.158637432090069
10.519208489867978,16.69683906915555,8.098791843122322
10.519208489867978,14.379735517498958,6.274653845648061
8.683516168189742,16.69683906915555,5.6128885518885365
8.683516168189742,14.379735517498958,5.698218235241503
26.93403387006477,3.676196260871885,7.158637432090069
26.93403387006477,26.42652491063189,6.793146414883831
42.11065852815994,16.69683906915555,7.64609955889814
25.74239423728464,14.379735517498958,9.967266224113843
8.683516168189742,16.69683906915555,5.6128885518885365
10.519208489867978,16.69683906915555,6.189324162295094
5.476418963039954,16.69683906915555,1.8442357909153648
8.683516168189742,16.69683906915555,8.612530411399579
26.93403387006477,16.69683906915555,10.237638128584837
26.93403387006477,1.3082461615705618,0.09399316413525265
8.683516168189742,16.69683906915555,5.6128885518885365
8.683516168189742,16.69683906915555,5.6128885518885365
42.11065852815994,16.69683906915555,7.64609955889814
42.11065852815994,16.69683906915555,7.64609955889814
26.93403387006477,26.42652491063189,7.29651100439555
10.519208489867978,16.69683906915555,3.7123888660792708
26.93403387006477,16.69683906915555,10.237638128584837
10.519208489867978,14.379735517498958,6.274653845648061
6.010997238121183,14.379735517498958,4.543583603533085
8.683516168189742,16.69683906915555,5.6128885518885365
10.519208489867978,14.379735517498958,6.274653845648061
8.683516168189742,16.69683906915555,5.6128885518885365
26.93403387006477,14.379735517498958,7.158637432090069
8.683516168189742,16.69683906915555,5.6128885518885365
14.421267365529411,16.69683906915555,6.945348726952808
26.93403387006477,14.379735517498958,8.685085398485215
43.51346059712267,26.42652491063189,10.497056589569732
42.11065852815994,16.69683906915555,7.64609955889814
16.602430014936807,26.42652491063189,6.241481120053628
26.93403387006477,26.42652491063189,7.29651100439555
43.51346059712267,14.379735517498958,1.7942757972520453
10.519208489867978,14.401041813432709,6.276355172735494
43.51346059712267,26.42652491063189,10.497056589569732
10.519208489867978,14.401041813432709,6.276355172735494
8.683516168189742,16.69683906915555,5.6128885518885365
10.519208489867978,14.379735517498958,6.274653845648061
25.74239423728464,14.379735517498958,9.967266224113843
26.93403387006477,14.379735517498958,8.016938638361541
6.010997238121183,14.379735517498958,2.3546976524248913
8.683516168189742,16.69683906915555,5.6128885518885365
26.93403387006477,24.449109083515904,6.562352611652452
26.93403387006477,26.42652491063189,7.29651100439555
26.93403387006477,26.42652491063189,6.793146414883831
26.93403387006477,14.379735517498958,7.158637432090069
8.683516168189742,16.69683906915555,5.6128885518885365
26.93403387006477,15.372807291958274,8.59303497429953
8.683516168189742,16.69683906915555,5.6128885518885365
26.93403387006477,14.379735517498958,8.016938638361541
8.683516168189742,16.69683906915555,5.6128885518885365
26.93403387006477,27.22806117377244,5.800579779163938
42.11065852815994,16.69683906915555,7.64609955889814
26.93403387006477,24.449109083515904,6.562352611652452
8.683516168189742,14.379735517498958,5.698218235241503
10.519208489867978,16.69683906915555,8.098791843122322
26.93403387006477,26.42652491063189,7.29651100439555
8.683516168189742,16.69683906915555,5.6128885518885365
26.93403387006477,24.449109083515904,6.562352611652452
10.519208489867978,16.69683906915555,3.7123888660792708
26.93403387006477,26.42652491063189,6.793146414883831
8.683516168189742,16.69683906915555,5.6128885518885365
26.93403387006477,26.42652491063189,7.29651100439555
8.683516168189742,16.69683906915555,5.6128885518885365
8.683516168189742,16.69683906915555,5.6128885518885365
16.602430014936807,26.42652491063189,6.241481120053628
8.683516168189742,16.69683906915555,5.6128885518885365
26.93403387006477,14.379735517498958,7.158637432090069
14.421267365529411,16.69683906915555,6.945348726952808
26.93403387006477,17.836451851345146,8.016938638361541
43.51346059712267,26.42652491063189,10.497056589569732
26.93403387006477,16.69683906915555,7.0583873581374785
26.93403387006477,26.42652491063189,7.29651100439555
8.683516168189742,14.379735517498958,5.698218235241503
26.93403387006477,26.42652491063189,6.1619994921601275
10.519208489867978,14.379735517498958,9.432756361742346
10.519208489867978,14.401041813432709,6.276355172735494
8.683516168189742,16.69683906915555,8.612530411399579
6.010997238121183,14.379735517498958,4.543583603533085
8.683516168189742,16.69683906915555,5.6128885518885365
26.93403387006477,16.69683906915555,10.237638128584837
26.93403387006477,26.42652491063189,6.793146414883831
45.18687268174842,14.379735517498958,9.019774886805218
8.683516168189742,16.69683906915555,5.6128885518885365
8.683516168189742,16.69683906915555,5.6128885518885365
8.683516168189742,16.69683906915555,5.6128885518885365
8.683516168189742,16.69683906915555,5.6128885518885365
10.519208489867978,14.379735517498958,6.274653845648061
16.796827320568386,14.379735517498958,9.092206117864656
26.93403387006477,14.379735517498958,8.016938638361541
26.93403387006477,26.42652491063189,7.29651100439555
26.93403387006477,15.372807291958274,8.59303497429953
10.519208489867978,16.69683906915555,8.098791843122322
8.683516168189742,14.379735517498958,5.698218235241503
42.11065852815994,16.69683906915555,7.64609955889814
26.93403387006477,3.676196260871885,7.158637432090069
6.010997238121183,16.69683906915555,4.458253920180118
26.93403387006477,17.836451851345146,8.016938638361541
8.683516168189742,16.69683906915555,5.6128885518885365
26.93403387006477,26.42652491063189,7.29651100439555
10.519208489867978,16.69683906915555,3.7123888660792708
26.93403387006477,16.69683906915555,7.0583873581374785
8.683516168189742,16.69683906915555,5.6128885518885365
42.11065852815994,16.69683906915555,7.64609955889814
10.519208489867978,14.379735517498958,6.274653845648061
42.11065852815994,1.7109118308250295,10.55809626282816
26.93403387006477,26.42652491063189,6.793146414883831
8.683516168189742,16.69683906915555,5.6128885518885365
108.39843348503132,6.209043868063075,0.10822188143382873
26.93403387006477,23.121535917847652,6.234715597315751
42.11065852815994,16.69683906915555,7.64609955889814
26.93403387006477,27.22806117377244,5.800579779163938
25.74239423728464,14.379735517498958,9.967266224113843
26.93403387006477,26.42652491063189,6.793146414883831
8.683516168189742,16.69683906915555,5.6128885518885365
26.93403387006477,14.379735517498958,8.016938638361541
26.93403387006477,14.379735517498958,8.685085398485215
8.683516168189742,16.69683906915555,5.6128885518885365
26.93403387006477,14.379735517498958,8.685085398485215
26.93403387006477,24.449109083515904,6.562352611652452
26.93403387006477,1.3082461615705618,0.09399316413525265
8.683516168189742,12.777277663911326,5.43600231597358
43.51346059712267,26.42652491063189,10.497056589569732
8.683516168189742,16.69683906915555,5.6128885518885365
16.6083950256561,14.379735517498958,8.092988584315993
8.683516168189742,16.69683906915555,3.2929238221479658
26.93403387006477,16.69683906915555,10.237638128584837
26.93403387006477,14.379735517498958,8.685085398485215
43.51346059712267,26.42652491063189,10.497056589569732
26.93403387006477,27.22806117377244,5.800579779163938
8.683516168189742,16.69683906915555,5.6128885518885365
26.93403387006477,14.379735517498958,7.158637432090069
8.683516168189742,16.69683906915555,5.6128885518885365
10.519208489867978,14.401041813432709,6.276355172735494
26.93403387006477,16.69683906915555,7.0583873581374785
16.796827320568386,14.379735517498958,9.092206117864656
16.796827320568386,14.379735517498958,9.092206117864656
26.93403387006477,16.69683906915555,10.237638128584837
16.6083950256561,14.379735517498958,8.092988584315993
8.683516168189742,16.69683906915555,5.6128885518885365
26.93403387006477,14.379735517498958,7.158637432090069
25.74239423728464,14.379735517498958,9.967266224113843
8.683516168189742,16.69683906915555,5.6128885518885365
8.683516168189742,14.379735517498958,5.698218235241503
10.519208489867978,14.379735517498958,6.274653845648061
10.519208489867978,14.379735517498958,6.274653845648061
8.683516168189742,16.69683906915555,5.6128885518885365
26.93403387006477,26.42652491063189,6.1619994921601275
8.683516168189742,16.69683906915555,5.6128885518885365
26.93403387006477,24.449109083515904,6.562352611652452
8.683516168189742,14.379735517498958,5.698218235241503
26.93403387006477,14.379735517498958,8.33021153403881
26.93403387006477,14.379735517498958,8.834290624901952
26.93403387006477,0.007039182881740658,9.563707075497062
43.51346059712267,26.42652491063189,10.497056589569732
10.519208489867978,16.69683906915555,8.098791843122322
8.683516168189742,14.379735517498958,5.698218235241503
26.93403387006477,17.836451851345146,8.016938638361541
26.93403387006477,31.018436417700816,5.296417020828581
10.519208489867978,14.379735517498958,6.274653845648061
26.93403387006477,17.836451851345146,8.016938638361541
42.11065852815994,16.69683906915555,7.64609955889814
10.519208489867978,14.379735517498958,9.432756361742346
25.74239423728464,14.379735517498958,9.967266224113843
43.51346059712267,26.42652491063189,10.497056589569732
8.683516168189742,16.69683906915555,5.6128885518885365
26.93403387006477,26.42652491063189,6.793146414883831
8.683516168189742,16.69683906915555,5.6128885518885365
26.93403387006477,31.018436417700816,5.296417020828581
8.683516168189742,16.69683906915555,5.6128885518885365
10.519208489867978,14.379735517498958,6.274653845648061
6.010997238121183,16.69683906915555,4.458253920180118
10.519208489867978,14.379735517498958,6.274653845648061
10.519208489867978,14.379735517498958,6.274653845648061
26.93403387006477,14.379735517498958,8.834290624901952
26.93403387006477,14.379735517498958,8.685085398485215
43.51346059712267,26.42652491063189,10.497056589569732
5.476418963039954,16.69683906915555,1.8442357909153648
42.11065852815994,16.69683906915555,7.64609955889814
8.683516168189742,12.777277663911326,5.43600231597358
14.421267365529411,16.69683906915555,6.945348726952808
8.683516168189742,14.379735517498958,5.698218235241503
8.683516168189742,12.777277663911326,5.43600231597358
10.519208489867978,14.379735517498958,6.274653845648061
26.93403387006477,14.379735517498958,8.834290624901952
42.11065852815994,16.69683906915555,7.64609955889814
10.519208489867978,14.379735517498958,6.274653845648061
26.93403387006477,14.379735517498958,8.271294466556204
16.796827320568386,14.379735517498958,9.092206117864656
8.683516168189742,16.69683906915555,3.2285971979059136
8.683516168189742,16.69683906915555,3.2285971979059136
26.93403387006477,23.121535917847652,6.234715597315751
26.93403387006477,26.42652491063189,7.29651100439555
8.683516168189742,16.69683906915555,5.6128885518885365
42.11065852815994,16.69683906915555,7.64609955889814
42.11065852815994,16.69683906915555,7.64609955889814
8.683516168189742,16.69683906915555,5.6128885518885365
8.683516168189742,16.69683906915555,5.6128885518885365
10.519208489867978,14.401041813432709,6.276355172735494
8.683516168189742,16.69683906915555,5.6128885518885365
26.93403387006477,16.69683906915555,7.0583873581374785
26.93403387006477,14.379735517498958,8.33021153403881
8.683516168189742,16.69683906915555,5.6128885518885365
10.519208489867978,14.379735517498958,9.092206117864656
10.519208489867978,16.69683906915555,8.098791843122322
42.11065852815994,1.7109118308250295,10.55809626282816
8.683516168189742,12.777277663911326,5.43600231597358
8.683516168189742,16.69683906915555,3.2929238221479658
8.683516168189742,16.69683906915555,3.2285971979059136
16.602430014936807,26.42652491063189,6.241481120053628
26.93403387006477,26.42652491063189,7.29651100439555
10.519208489867978,16.69683906915555,8.098791843122322
8.683516168189742,16.69683906915555,3.2285971979059136
26.93403387006477,26.42652491063189,7.29651100439555
43.51346059712267,40.62899825333206,7.637182798132488
26.93403387006477,26.42652491063189,7.29651100439555
26.93403387006477,26.42652491063189,7.29651100439555
42.11065852815994,16.69683906915555,7.64609955889814
42.11065852815994,1.7109118308250295,10.55809626282816
26.93403387006477,0.007039182881740658,9.563707075497062
10.519208489867978,16.69683906915555,6.189324162295094
10.519208489867978,16.69683906915555,6.189324162295094
42.11065852815994,1.7109118308250295,10.55809626282816
26.93403387006477,16.69683906915555,7.0583873581374785
8.683516168189742,16.69683906915555,5.6128885518885365
43.51346059712267,40.62899825333206,7.637182798132488
26.93403387006477,26.42652491063189,6.1619994921601275
26.93403387006477,16.69683906915555,7.0583873581374785
10.519208489867978,16.69683906915555,8.098791843122322
26.93403387006477,14.379735517498958,8.33021153403881
26.93403387006477,24.449109083515904,6.562352611652452
26.93403387006477,1.3082461615705618,0.09399316413525265
6.010997238121183,16.69683906915555,4.458253920180118
16.6083950256561,14.379735517498958,8.092988584315993
8.683516168189742,16.69683906915555,3.2929238221479658
8.683516168189742,16.69683906915555,8.612530411399579
8.683516168189742,16.69683906915555,5.6128885518885365
8.683516168189742,16.69683906915555,5.6128885518885365
26.93403387006477,31.018436417700816,5.296417020828581
26.93403387006477,31.018436417700816,5.296417020828581
8.683516168189742,16.69683906915555,5.6128885518885365
16.602430014936807,26.42652491063189,6.241481120053628
26.93403387006477,26.42652491063189,7.29651100439555
26.93403387006477,24.449109083515904,6.562352611652452
10.519208489867978,14.379735517498958,6.274653845648061
10.519208489867978,14.379735517498958,9.432756361742346
8.683516168189742,16.69683906915555,5.6128885518885365
10.519208489867978,16.69683906915555,3.7123888660792708
26.93403387006477,14.379735517498958,8.33021153403881
10.519208489867978,16.69683906915555,6.189324162295094
8.683516168189742,12.777277663911326,5.43600231597358
8.683516168189742,16.69683906915555,5.6128885518885365
8.683516168189742,16.69683906915555,5.6128885518885365
26.93403387006477,14.379735517498958,8.016938638361541
10.519208489867978,16.69683906915555,8.098791843122322
6.010997238121183,14.379735517498958,4.543583603533085
26.93403387006477,0.007039182881740658,9.563707075497062
8.683516168189742,14.379735517498958,5.698218235241503
8.683516168189742,16.69683906915555,5.6128885518885365
108.39843348503132,6.209043868063075,0.10822188143382873
26.93403387006477,0.007039182881740658,9.563707075497062
14.421267365529411,16.69683906915555,6.945348726952808
26.93403387006477,16.69683906915555,7.0583873581374785
42.11065852815994,16.69683906915555,7.64609955889814
10.519208489867978,16.69683906915555,3.8360222832085564
8.683516168189742,16.69683906915555,5.6128885518885365
26.93403387006477,26.42652491063189,7.29651100439555
8.683516168189742,14.379735517498958,5.698218235241503
10.519208489867978,16.69683906915555,6.189324162295094
10.519208489867978,14.379735517498958,6.274653845648061
26.93403387006477,26.42652491063189,6.793146414883831
26.93403387006477,0.007039182881740658,9.563707075497062
6.010997238121183,16.69683906915555,4.458253920180118
26.93403387006477,15.372807291958274,8.59303497429953
10.519208489867978,14.401041813432709,6.276355172735494
45.18687268174842,14.379735517498958,9.019774886805218
26.93403387006477,26.42652491063189,7.29651100439555
8.683516168189742,16.69683906915555,5.6128885518885365
16.796827320568386,14.379735517498958,9.092206117864656
8.683516168189742,16.69683906915555,5.6128885518885365
26.93403387006477,14.379735517498958,8.834290624901952
6.010997238121183,16.69683906915555,4.458253920180118
8.683516168189742,14.379735517498958,5.698218235241503
8.683516168189742,16.69683906915555,3.2285971979059136
43.51346059712267,26.42652491063189,10.497056589569732
8.683516168189742,16.69683906915555,3.2929238221479658
5.476418963039954,16.69683906915555,1.8442357909153648
108.39843348503132,6.209043868063075,0.10822188143382873
26.93403387006477,14.379735517498958,8.33021153403881
10.519208489867978,14.401041813432709,6.276355172735494
42.11065852815994,16.69683906915555,7.64609955889814
26.93403387006477,14.379735517498958,8.016938638361541
8.683516168189742,16.69683906915555,5.6128885518885365
43.51346059712267,14.379735517498958,1.7942757972520453
8.683516168189742,16.69683906915555,5.6128885518885365
8.683516168189742,16.69683906915555,5.6128885518885365
26.93403387006477,26.42652491063189,7.29651100439555
6.010997238121183,14.379735517498958,4.543583603533085
42.11065852815994,16.69683906915555,7.64609955889814
43.51346059712267,14.379735517498958,1.7942757972520453
26.93403387006477,14.379735517498958,8.834290624901952
26.93403387006477,23.121535917847652,6.234715597315751
10.519208489867978,14.379735517498958,6.274653845648061
16.602430014936807,26.42652491063189,6.241481120053628
42.11065852815994,16.69683906915555,7.64609955889814
43.51346059712267,14.379735517498958,1.7942757972520453
8.683516168189742,16.69683906915555,5.6128885518885365
6.010997238121183,14.379735517498958,4.543583603533085
26.93403387006477,26.42652491063189,7.29651100439555
10.519208489867978,16.69683906915555,6.189324162295094
10.519208489867978,14.379735517498958,6.274653845648061
43.51346059712267,14.379735517498958,1.7942757972520453
8.683516168189742,14.379735517498958,5.698218235241503
6.010997238121183,14.379735517498958,4.543583603533085
5.476418963039954,16.69683906915555,1.8442357909153648
8.683516168189742,16.69683906915555,8.612530411399579
45.18687268174842,14.379735517498958,9.019774886805218
42.11065852815994,16.69683906915555,7.64609955889814
14.421267365529411,16.69683906915555,6.945348726952808
5.476418963039954,16.69683906915555,1.8442357909153648
26.93403387006477,26.42652491063189,6.1619994921601275
16.6083950256561,14.379735517498958,8.092988584315993
26.93403387006477,14.379735517498958,8.33021153403881
26.93403387006477,3.676196260871885,7.158637432090069
26.93403387006477,17.836451851345146,8.016938638361541
26.93403387006477,26.42652491063189,7.29651100439555
26.93403387006477,26.42652491063189,7.29651100439555
26.93403387006477,16.69683906915555,7.0583873581374785
42.11065852815994,16.69683906915555,7.64609955889814
16.6083950256561,14.379735517498958,8.092988584315993
42.11065852815994,16.69683906915555,7.64609955889814
8.683516168189742,16.69683906915555,5.6128885518885365
26.93403387006477,26.42652491063189,6.793146414883831
26.93403387006477,24.449109083515904,6.562352611652452
108.39843348503132,6.209043868063075,0.10822188143382873
6.010997238121183,16.69683906915555,4.458253920180118
42.11065852815994,16.69683906915555,7.64609955889814
26.93403387006477,26.42652491063189,7.29651100439555
10.519208489867978,16.69683906915555,6.189324162295094
42.11065852815994,16.69683906915555,7.64609955889814
8.683516168189742,14.379735517498958,5.698218235241503
8.683516168189742,16.69683906915555,3.2285971979059136
43.51346059712267,40.62899825333206,7.637182798132488
26.93403387006477,1.3082461615705618,0.09399316413525265
8.683516168189742,14.379735517498958,5.698218235241503
26.93403387006477,14.379735517498958,8.016938638361541
26.93403387006477,14.379735517498958,8.016938638361541
10.519208489867978,14.379735517498958,6.274653845648061
26.93403387006477,31.018436417700816,5.296417020828581
43.51346059712267,26.42652491063189,10.497056589569732
8.683516168189742,16.69683906915555,5.6128885518885365
8.683516168189742,16.69683906915555,5.6128885518885365
8.683516168189742,16.69683906915555,3.2285971979059136
26.93403387006477,16.69683906915555,7.0583873581374785
8.683516168189742,16.69683906915555,3.2285971979059136
26.93403387006477,31.018436417700816,5.296417020828581
43.51346059712267,40.62899825333206,7.637182798132488
8.683516168189742,16.69683906915555,5.6128885518885365
8.683516168189742,16.69683906915555,5.6128885518885365
26.93403387006477,27.22806117377244,5.800579779163938
26.93403387006477,31.018436417700816,5.296417020828581
6.010997238121183,14.379735517498958,2.3546976524248913
42.11065852815994,16.69683906915555,7.64609955889814
26.93403387006477,24.449109083515904,6.562352611652452
42.11065852815994,16.69683906915555,7.64609955889814
26.93403387006477,24.449109083515904,6.562352611652452
26.93403387006477,24.449109083515904,6.562352611652452
26.93403387006477,26.42652491063189,7.29651100439555
10.519208489867978,14.379735517498958,6.274653845648061
10.519208489867978,14.379735517498958,9.432756361742346
10.519208489867978,16.69683906915555,3.7123888660792708
26.93403387006477,26.42652491063189,7.29651100439555
26.93403387006477,14.379735517498958,8.016938638361541
26.93403387006477,0.007039182881740658,9.563707075497062
10.519208489867978,16.69683906915555,3.8360222832085564
6.010997238121183,14.379735517498958,4.543583603533085
10.519208489867978,16.69683906915555,6.189324162295094
26.93403387006477,31.018436417700816,5.296417020828581
6.010997238121183,16.69683906915555,4.458253920180118
8.683516168189742,16.69683906915555,3.2929238221479658
8.683516168189742,14.379735517498958,5.698218235241503
6.010997238121183,16.69683906915555,4.458253920180118
8.683516168189742,16.69683906915555,3.2285971979059136
43.51346059712267,40.62899825333206,7.637182798132488
8.683516168189742,16.69683906915555,5.6128885518885365
42.11065852815994,16.69683906915555,7.64609955889814
45.18687268174842,14.379735517498958,9.019774886805218
26.93403387006477,15.372807291958274,8.59303497429953
8.683516168189742,16.69683906915555,5.6128885518885365
26.93403387006477,14.379735517498958,8.685085398485215
8.683516168189742,16.69683906915555,5.6128885518885365
14.421267365529411,16.69683906915555,6.945348726952808
42.11065852815994,16.69683906915555,7.64609955889814
10.519208489867978,16.69683906915555,6.189324162295094
25.74239423728464,14.379735517498958,9.967266224113843
26.93403387006477,14.379735517498958,8.33021153403881
8.683516168189742,16.69683906915555,5.6128885518885365
8.683516168189742,16.69683906915555,5.6128885518885365
43.51346059712267,40.62899825333206,7.637182798132488
26.93403387006477,14.379735517498958,8.685085398485215
26.93403387006477,26.42652491063189,6.793146414883831
26.93403387006477,16.69683906915555,7.0583873581374785
45.18687268174842,14.379735517498958,9.019774886805218
26.93403387006477,14.379735517498958,8.016938638361541
26.93403387006477,14.379735517498958,8.834290624901952
26.93403387006477,27.22806117377244,5.800579779163938
26.93403387006477,26.42652491063189,6.793146414883831
6.010997238121183,16.69683906915555,4.458253920180118
42.11065852815994,16.69683906915555,7.64609955889814
10.519208489867978,14.379735517498958,6.274653845648061
10.519208489867978,16.69683906915555,6.189324162295094
26.93403387006477,14.379735517498958,8.33021153403881
26.93403387006477,15.372807291958274,8.59303497429953
45.18687268174842,14.379735517498958,9.019774886805218
26.93403387006477,14.379735517498958,8.33021153403881
8.683516168189742,12.777277663911326,5.43600231597358
16.602430014936807,26.42652491063189,6.241481120053628
26.93403387006477,26.42652491063189,7.29651100439555
10.519208489867978,16.69683906915555,6.189324162295094
26.93403387006477,14.379735517498958,8.016938638361541
16.796827320568386,14.379735517498958,9.092206117864656
8.683516168189742,16.69683906915555,3.2929238221479658
26.93403387006477,26.42652491063189,6.1619994921601275
43.51346059712267,26.42652491063189,10.497056589569732
26.93403387006477,14.379735517498958,7.158637432090069
26.93403387006477,16.69683906915555,10.237638128584837
10.519208489867978,16.69683906915555,3.8360222832085564
8.683516168189742,16.69683906915555,5.6128885518885365
10.519208489867978,14.401041813432709,6.276355172735494
26.93403387006477,14.379735517498958,8.271294466556204
8.683516168189742,16.69683906915555,5.6128885518885365
16.796827320568386,14.379735517498958,9.092206117864656
43.51346059712267,14.379735517498958,1.7942757972520453
26.93403387006477,14.379735517498958,8.016938638361541
5.476418963039954,16.69683906915555,1.8442357909153648
10.519208489867978,14.401041813432709,6.276355172735494
26.93403387006477,14.379735517498958,7.158637432090069
8.683516168189742,16.69683906915555,5.6128885518885365
8.683516168189742,16.69683906915555,5.6128885518885365
10.519208489867978,14.379735517498958,6.274653845648061
26.93403387006477,31.018436417700816,5.296417020828581
10.519208489867978,14.379735517498958,9.092206117864656
10.519208489867978,14.379735517498958,6.274653845648061
26.93403387006477,14.379735517498958,8.271294466556204
8.683516168189742,16.69683906915555,8.612530411399579
10.519208489867978,14.379735517498958,6.274653845648061
6.010997238121183,16.69683906915555,4.458253920180118
45.18687268174842,14.379735517498958,9.019774886805218
42.11065852815994,16.69683906915555,7.64609955889814
6.010997238121183,16.69683906915555,4.458253920180118
16.6083950256561,14.379735517498958,8.092988584315993
8.683516168189742,16.69683906915555,5.6128885518885365
10.519208489867978,16.69683906915555,6.189324162295094
8.683516168189742,16.69683906915555,5.6128885518885365
8.683516168189742,16.69683906915555,5.6128885518885365
26.93403387006477,17.836451851345146,8.016938638361541
6.010997238121183,14.379735517498958,4.543583603533085
10.519208489867978,14.379735517498958,6.274653845648061
26.93403387006477,27.22806117377244,5.800579779163938
10.519208489867978,16.69683906915555,6.189324162295094
43.51346059712267,14.379735517498958,1.7942757972520453
8.683516168189742,16.69683906915555,5.6128885518885365
8.683516168189742,16.69683906915555,5.6128885518885365
8.683516168189742,16.69683906915555,8.612530411399579
8.683516168189742,16.69683906915555,3.2285971979059136
10.519208489867978,14.401041813432709,6.276355172735494
10.519208489867978,16.69683906915555,3.7123888660792708
8.683516168189742,16.69683906915555,5.6128885518885365
26.93403387006477,27.22806117377244,5.800579779163938
26.93403387006477,26.42652491063189,6.793146414883831
16.796827320568386,14.379735517498958,9.092206117864656
42.11065852815994,16.69683906915555,7.64609955889814
26.93403387006477,14.379735517498958,7.158637432090069
26.93403387006477,26.42652491063189,6.793146414883831
26.93403387006477,16.69683906915555,7.0583873581374785
8.683516168189742,14.379735517498958,5.698218235241503
10.519208489867978,16.69683906915555,3.8360222832085564
6.010997238121183,14.379735517498958,2.3546976524248913
26.93403387006477,14.379735517498958,8.016938638361541
8.683516168189742,16.69683906915555,5.6128885518885365
10.519208489867978,16.69683906915555,6.189324162295094
42.11065852815994,16.69683906915555,7.64609955889814
26.93403387006477,0.007039182881740658,9.563707075497062
8.683516168189742,16.69683906915555,3.2929238221479658
8.683516168189742,16.69683906915555,8.612530411399579
42.11065852815994,1.7109118308250295,10.55809626282816
10.519208489867978,14.401041813432709,6.276355172735494
8.683516168189742,16.69683906915555,5.6128885518885365
26.93403387006477,26.42652491063189,7.29651100439555
10.519208489867978,16.69683906915555,8.098791843122322
8.683516168189742,16.69683906915555,5.6128885518885365
26.93403387006477,14.379735517498958,8.834290624901952
26.93403387006477,16.69683906915555,10.237638128584837
6.010997238121183,14.379735517498958,4.543583603533085
42.11065852815994,1.7109118308250295,10.55809626282816
42.11065852815994,1.7109118308250295,10.55809626282816
26.93403387006477,27.22806117377244,5.800579779163938
8.683516168189742,16.69683906915555,5.6128885518885365
43.51346059712267,40.62899825333206,7.637182798132488
42.11065852815994,16.69683906915555,7.64609955889814
26.93403387006477,14.379735517498958,7.158637432090069
8.683516168189742,16.69683906915555,5.6128885518885365
8.683516168189742,14.379735517498958,5.698218235241503
26.93403387006477,0.007039182881740658,9.563707075497062
8.683516168189742,14.379735517498958,5.698218235241503
10.519208489867978,14.379735517498958,6.274653845648061
8.683516168189742,16.69683906915555,5.6128885518885365
8.683516168189742,16.69683906915555,5.6128885518885365
42.11065852815994,16.69683906915555,7.64609955889814
42.11065852815994,16.69683906915555,7.64609955889814
26.93403387006477,1.3082461615705618,0.09399316413525265
26.93403387006477,16.69683906915555,7.0583873581374785
16.602430014936807,26.42652491063189,6.241481120053628
10.519208489867978,16.69683906915555,3.7123888660792708
10.519208489867978,14.379735517498958,9.092206117864656
8.683516168189742,16.69683906915555,5.6128885518885365
8.683516168189742,16.69683906915555,5.6128885518885365
26.93403387006477,26.42652491063189,7.29651100439555
26.93403387006477,14.379735517498958,7.158637432090069
6.010997238121183,14.379735517498958,2.3546976524248913
8.683516168189742,16.69683906915555,5.6128885518885365
26.93403387006477,31.018436417700816,5.296417020828581
8.683516168189742,12.777277663911326,5.43600231597358
10.519208489867978,14.379735517498958,6.274653845648061
10.519208489867978,14.379735517498958,6.274653845648061
42.11065852815994,16.69683906915555,7.64609955889814
8.683516168189742,16.69683906915555,5.6128885518885365
8.683516168189742,14.379735517498958,5.698218235241503
26.93403387006477,31.018436417700816,5.296417020828581
8.683516168189742,16.69683906915555,5.6128885518885365
8.683516168189742,16.69683906915555,5.6128885518885365
26.93403387006477,26.42652491063189,6.1619994921601275
26.93403387006477,14.379735517498958,8.685085398485215
42.11065852815994,16.69683906915555,7.64609955889814
8.683516168189742,14.379735517498958,5.698218235241503
26.93403387006477,14.379735517498958,8.834290624901952
26.93403387006477,26.42652491063189,6.793146414883831
26.93403387006477,14.379735517498958,8.271294466556204
26.93403387006477,1.3082461615705618,0.09399316413525265
26.93403387006477,26.42652491063189,7.29651100439555
26.93403387006477,26.42652491063189,7.29651100439555
26.93403387006477,24.449109083515904,6.562352611652452
26.93403387006477,31.018436417700816,5.296417020828581
10.519208489867978,14.379735517498958,6.274653845648061
42.11065852815994,16.69683906915555,7.64609955889814
8.683516168189742,16.69683906915555,5.6128885518885365
42.11065852815994,16.69683906915555,7.64609955889814
8.683516168189742,16.69683906915555,5.6128885518885365
8.683516168189742,16.69683906915555,5.6128885518885365
8.683516168189742,16.69683906915555,8.612530411399579
8.683516168189742,16.69683906915555,3.2285971979059136
6.010997238121183,14.379735517498958,2.3546976524248913
26.93403387006477,15.372807291958274,8.59303497429953
26.93403387006477,26.42652491063189,7.29651100439555
14.421267365529411,16.69683906915555,6.945348726952808
42.11065852815994,16.69683906915555,7.64609955889814
26.93403387006477,26.42652491063189,6.1619994921601275
26.93403387006477,3.676196260871885,7.158637432090069
26.93403387006477,16.69683906915555,7.0583873581374785
8.683516168189742,16.69683906915555,5.6128885518885365
42.11065852815994,16.69683906915555,7.64609955889814
6.010997238121183,14.379735517498958,4.543583603533085
26.93403387006477,24.449109083515904,6.562352611652452
10.519208489867978,16.69683906915555,6.189324162295094
8.683516168189742,16.69683906915555,5.6128885518885365
25.74239423728464,14.379735517498958,9.967266224113843
8.683516168189742,16.69683906915555,5.6128885518885365
5.476418963039954,16.69683906915555,1.8442357909153648
6.010997238121183,16.69683906915555,4.458253920180118
8.683516168189742,16.69683906915555,5.6128885518885365
8.683516168189742,16.69683906915555,5.6128885518885365
26.93403387006477,14.379735517498958,7.158637432090069
16.602430014936807,26.42652491063189,6.241481120053628
42.11065852815994,16.69683906915555,7.64609955889814
26.93403387006477,14.379735517498958,8.016938638361541
16.602430014936807,26.42652491063189,6.241481120053628
8.683516168189742,16.69683906915555,5.6128885518885365
8.683516168189742,16.69683906915555,5.6128885518885365
26.93403387006477,15.372807291958274,8.59303497429953
25.74239423728464,14.379735517498958,9.967266224113843
42.11065852815994,16.69683906915555,7.64609955889814
16.6083950256561,14.379735517498958,8.092988584315993
26.93403387006477,14.379735517498958,7.158637432090069
6.010997238121183,16.69683906915555,4.458253920180118
43.51346059712267,40.62899825333206,7.637182798132488
26.93403387006477,26.42652491063189,6.793146414883831
26.93403387006477,14.379735517498958,8.685085398485215
16.602430014936807,26.42652491063189,6.241481120053628
26.93403387006477,14.379735517498958,8.685085398485215
43.51346059712267,26.42652491063189,10.497056589569732
26.93403387006477,26.42652491063189,6.793146414883831
16.602430014936807,26.42652491063189,6.241481120053628
42.11065852815994,16.69683906915555,7.64609955889814
10.519208489867978,16.69683906915555,8.098791843122322
10.519208489867978,14.379735517498958,6.274653845648061
10.519208489867978,14.379735517498958,6.274653845648061
26.93403387006477,14.379735517498958,8.271294466556204
26.93403387006477,1.3082461615705618,0.09399316413525265
26.93403387006477,14.379735517498958,7.158637432090069
10.519208489867978,14.379735517498958,6.274653845648061
26.93403387006477,0.007039182881740658,9.563707075497062
8.683516168189742,16.69683906915555,5.6128885518885365
8.683516168189742,16.69683906915555,5.6128885518885365
45.18687268174842,14.379735517498958,9.019774886805218
43.51346059712267,14.379735517498958,1.7942757972520453
5.476418963039954,16.69683906915555,1.8442357909153648
10.519208489867978,16.69683906915555,8.098791843122322
16.796827320568386,14.379735517498958,9.092206117864656
8.683516168189742,14.379735517498958,5.698218235241503
26.93403387006477,17.836451851345146,8.016938638361541
6.010997238121183,16.69683906915555,4.458253920180118
8.683516168189742,16.69683906915555,5.6128885518885365
26.93403387006477,23.121535917847652,6.234715597315751
10.519208489867978,16.69683906915555,8.098791843122322
8.683516168189742,16.69683906915555,5.6128885518885365
26.93403387006477,14.379735517498958,8.016938638361541
42.11065852815994,16.69683906915555,7.64609955889814
26.93403387006477,31.018436417700816,5.296417020828581
8.683516168189742,16.69683906915555,5.6128885518885365
10.519208489867978,14.379735517498958,6.274653845648061
8.683516168189742,16.69683906915555,5.6128885518885365
26.93403387006477,26.42652491063189,7.29651100439555
10.519208489867978,14.379735517498958,6.274653845648061
16.796827320568386,14.379735517498958,9.092206117864656
26.93403387006477,26.42652491063189,6.1619994921601275
26.93403387006477,17.836451851345146,8.016938638361541
26.93403387006477,26.42652491063189,7.29651100439555
26.93403387006477,17.836451851345146,8.016938638361541
10.519208489867978,16.69683906915555,3.8360222832085564
8.683516168189742,16.69683906915555,5.6128885518885365
42.11065852815994,16.69683906915555,7.64609955889814
8.683516168189742,16.69683906915555,3.2285971979059136
8.683516168189742,14.379735517498958,5.698218235241503
43.51346059712267,26.42652491063189,10.497056589569732
42.11065852815994,16.69683906915555,7.64609955889814
8.683516168189742,16.69683906915555,5.6128885518885365
26.93403387006477,26.42652491063189,7.29651100439555
8.683516168189742,16.69683906915555,8.612530411399579
26.93403387006477,16.69683906915555,7.0583873581374785
10.519208489867978,14.379735517498958,9.092206117864656
43.51346059712267,14.379735517498958,1.7942757972520453
26.93403387006477,14.379735517498958,8.33021153403881
8.683516168189742,16.69683906915555,5.6128885518885365
10.519208489867978,16.69683906915555,3.7123888660792708
10.519208489867978,14.379735517498958,6.274653845648061
26.93403387006477,26.42652491063189,6.1619994921601275
26.93403387006477,14.379735517498958,8.685085398485215
26.93403387006477,26.42652491063189,6.1619994921601275
8.683516168189742,16.69683906915555,5.6128885518885365
26.93403387006477,14.379735517498958,8.016938638361541
10.519208489867978,14.379735517498958,6.274653845648061
8.683516168189742,16.69683906915555,5.6128885518885365
10.519208489867978,16.69683906915555,6.189324162295094
16.6083950256561,14.379735517498958,8.092988584315993
26.93403387006477,26.42652491063189,7.29651100439555
26.93403387006477,26.42652491063189,7.29651100439555
26.93403387006477,24.449109083515904,6.562352611652452
42.11065852815994,16.69683906915555,7.64609955889814
45.18687268174842,14.379735517498958,9.019774886805218
8.683516168189742,16.69683906915555,5.6128885518885365
26.93403387006477,1.3082461615705618,0.09399316413525265
26.93403387006477,14.379735517498958,8.016938638361541
26.93403387006477,14.379735517498958,8.834290624901952
10.519208489867978,16.69683906915555,3.8360222832085564
42.11065852815994,16.69683906915555,7.64609955889814
8.683516168189742,16.69683906915555,5.6128885518885365
10.519208489867978,14.379735517498958,6.274653845648061
8.683516168189742,16.69683906915555,5.6128885518885365
8.683516168189742,16.69683906915555,5.6128885518885365
5.476418963039954,16.69683906915555,1.8442357909153648
10.519208489867978,16.69683906915555,6.189324162295094
6.010997238121183,16.69683906915555,4.458253920180118
10.519208489867978,14.401041813432709,6.276355172735494
8.683516168189742,14.379735517498958,5.698218235241503
6.010997238121183,16.69683906915555,4.458253920180118
10.519208489867978,14.379735517498958,6.274653845648061
6.010997238121183,16.69683906915555,4.458253920180118
8.683516168189742,16.69683906915555,5.6128885518885365
10.519208489867978,16.69683906915555,3.7123888660792708
10.519208489867978,16.69683906915555,3.8360222832085564
10.519208489867978,16.69683906915555,6.189324162295094
14.421267365529411,16.69683906915555,6.945348726952808
42.11065852815994,16.69683906915555,7.64609955889814
8.683516168189742,12.777277663911326,5.43600231597358
42.11065852815994,16.69683906915555,7.64609955889814
10.519208489867978,14.379735517498958,6.274653845648061
8.683516168189742,16.69683906915555,5.6128885518885365
8.683516168189742,16.69683906915555,5.6128885518885365
8.683516168189742,16.69683906915555,5.6128885518885365
8.683516168189742,14.379735517498958,5.698218235241503
42.11065852815994,16.69683906915555,7.64609955889814
42.11065852815994,16.69683906915555,7.64609955889814
42.11065852815994,16.69683906915555,7.64609955889814
8.683516168189742,16.69683906915555,3.2929238221479658
6.010997238121183,14.379735517498958,4.543583603533085
10.519208489867978,14.379735517498958,6.274653845648061
42.11065852815994,16.69683906915555,7.64609955889814
8.683516168189742,16.69683906915555,5.6128885518885365
8.683516168189742,14.379735517498958,5.698218235241503
5.476418963039954,16.69683906915555,1.8442357909153648
10.519208489867978,14.379735517498958,6.274653845648061
10.519208489867978,14.379735517498958,6.274653845648061
42.11065852815994,16.69683906915555,7.64609955889814
10.519208489867978,14.379735517498958,6.274653845648061
6.010997238121183,14.379735517498958,2.3546976524248913
10.519208489867978,14.401041813432709,6.276355172735494
8.683516168189742,12.777277663911326,5.43600231597358
8.683516168189742,16.69683906915555,5.6128885518885365
8.683516168189742,14.379735517498958,5.698218235241503
42.11065852815994,16.69683906915555,7.64609955889814
8.683516168189742,16.69683906915555,3.2929238221479658
8.683516168189742,16.69683906915555,5.6128885518885365
8.683516168189742,16.69683906915555,5.6128885518885365
42.11065852815994,16.69683906915555,7.64609955889814
8.683516168189742,16.69683906915555,5.6128885518885365
8.683516168189742,16.69683906915555,5.6128885518885365
42.11065852815994,16.69683906915555,7.64609955889814
8.683516168189742,16.69683906915555,5.6128885518885365
26.93403387006477,16.69683906915555,7.0583873581374785
10.519208489867978,16.69683906915555,6.189324162295094
8.683516168189742,16.69683906915555,5.6128885518885365
8.683516168189742,14.379735517498958,5.698218235241503
8.683516168189742,16.69683906915555,3.2285971979059136
10.519208489867978,14.379735517498958,6.274653845648061
26.93403387006477,0.007039182881740658,9.563707075497062
8.683516168189742,16.69683906915555,5.6128885518885365
8.683516168189742,16.69683906915555,5.6128885518885365
