26.93403387006477,16.69683906915555,9.271152823011814
52.635028533658414,16.69683906915555,1.194057160715382
17.798499509808813,13.798455950183817,7.064264533390971
26.93403387006477,16.69683906915555,10.194800245920085
17.798499509808813,13.798455950183817,7.064264533390971
26.93403387006477,16.69683906915555,10.43907898516408
37.924374002241684,16.69683906915555,6.593734984434168
18.983807239603102,11.302804409130598,4.53244679060207
26.93403387006477,16.69683906915555,10.194800245920085
11.70362196738978,16.69683906915555,3.4650206987145187
26.93403387006477,7.29042085565319,3.995417600445467
25.590819801617954,10.007387475627361,4.982228997689461
26.93403387006477,16.69683906915555,10.194800245920085
26.93403387006477,16.69683906915555,9.271152823011814
26.93403387006477,16.69683906915555,9.919493414804446
25.590819801617954,16.69683906915555,8.284425500020973
26.93403387006477,16.69683906915555,9.727231438438528
25.590819801617954,3.7769440937029266,9.411070865981253
26.93403387006477,16.69683906915555,10.506375438238605
26.93403387006477,16.69683906915555,10.395376448184821
37.924374002241684,16.69683906915555,6.593734984434168
25.590819801617954,16.69683906915555,8.590648541449553
26.93403387006477,16.69683906915555,10.43907898516408
25.590819801617954,16.69683906915555,9.622191474660227
25.590819801617954,16.69683906915555,9.310572761181204
43.86251855137529,16.69683906915555,4.2071466091411045
25.590819801617954,12.625720425299814,8.624673892297395
25.590819801617954,16.69683906915555,9.229999667761618
26.93403387006477,16.69683906915555,10.033966379630948
26.93403387006477,16.69683906915555,10.307652104325747
12.617420468529962,16.69683906915555,4.497810848096155
26.93403387006477,16.69683906915555,9.271152823011814
52.635028533658414,16.69683906915555,1.194057160715382
25.590819801617954,16.69683906915555,10.08138090774467
4.321601926631029,16.69683906915555,1.6008044030349184
