37.704601414390254,18.349311622347845,6.254281382423331
37.704601414390254,14.690553389055443,4.646357232133392
89.19263710731053,19.17499102958739,4.97884182228423
37.704601414390254,25.182619400649944,6.2014284553898325
37.704601414390254,11.19266569335239,0.10994527244612655
37.704601414390254,25.182619400649944,6.2014284553898325
48.188541292757186,14.690553389055443,0.29302881207343645
33.99829376080748,18.349311622347845,6.901426501335294
37.704601414390254,18.349311622347845,6.254281382423331
37.704601414390254,18.349311622347845,6.254281382423331
37.704601414390254,23.310798604887594,9.276358858811593
48.188541292757186,24.47735785516462,1.8675220551169376
37.704601414390254,18.349311622347845,6.254281382423331
48.188541292757186,6.961241634997075,0.0955911748529388
37.704601414390254,18.349311622347845,8.076366128746885
37.704601414390254,25.182619400649944,6.2014284553898325
28.462474011197408,25.182619400649944,7.617441235028155
37.704601414390254,18.349311622347845,6.254281382423331
33.99829376080748,18.349311622347845,6.901426501335294
37.704601414390254,46.960351384441246,0.1
7.638585470503479,14.690553389055443,3.4080974987484822
81.50200634702325,14.690553389055443,0.1043282988514496
80.09337610526435,14.690553389055443,0.1
37.704601414390254,18.349311622347845,6.254281382423331
81.50200634702325,18.349311622347845,0.10774452084831312
37.704601414390254,18.349311622347845,6.254281382423331
37.704601414390254,3.9217311517038826,0.6152597995863367
81.50200634702325,18.349311622347845,2.961996801507741
37.704601414390254,19.709139072523637,6.206070150347262
48.188541292757186,18.349311622347845,4.397155033972038
48.188541292757186,14.690553389055443,0.32096188809413523
37.704601414390254,23.310798604887594,7.322460500458606
48.188541292757186,10.415581286598387,2.689564530600687
37.704601414390254,18.349311622347845,7.793754840606556
33.99829376080748,19.709139072523637,7.443228216355351
66.95049935477579,18.349311622347845,2.628750689524539
37.704601414390254,18.349311622347845,6.254281382423331
81.50200634702325,14.690553389055443,1.9852935112817107
21.59347568220835,14.690553389055443,9.429109560502928
48.188541292757186,14.690553389055443,2.170563157879509
37.704601414390254,18.349311622347845,7.291196083076317
37.704601414390254,19.709139072523637,6.206070150347262
37.704601414390254,18.349311622347845,7.692435677349455
9.11799743815293,14.690553389055443,3.0360432730087
48.188541292757186,18.349311622347845,4.350284113797336
81.50200634702325,14.690553389055443,1.9852935112817107
37.704601414390254,18.349311622347845,6.254281382423331
48.188541292757186,14.690553389055443,0.3545108663169683
37.704601414390254,18.349311622347845,6.254281382423331
37.704601414390254,14.690553389055443,5.044062882241269
81.50200634702325,14.690553389055443,0.10560005692340363
81.50200634702325,5.874452767313771,1.9852935112817107
37.704601414390254,24.162557655952867,6.989647424880916
52.048409774177344,14.690553389055443,0.10103879417018422
37.704601414390254,18.349311622347845,6.254281382423331
77.73517564104857,1.7112076943514438,0.1
37.704601414390254,18.349311622347845,6.254281382423331
26.93403387006477,12.746231663339616,6.293044760109099
37.704601414390254,24.563304728910484,4.694873512407675
37.704601414390254,18.349311622347845,6.254281382423331
37.704601414390254,25.182619400649944,6.2014284553898325
37.704601414390254,25.182619400649944,9.227882005259593
26.93403387006477,12.746231663339616,7.874047268785214
54.53507612501513,25.182619400649944,6.852724801642888
37.704601414390254,18.349311622347845,6.254281382423331
81.50200634702325,14.690553389055443,0.10706481063492244
37.704601414390254,14.690553389055443,4.694873512407675
35.713807445346994,18.349311622347845,8.205770712389665
37.704601414390254,18.349311622347845,6.254281382423331
37.704601414390254,23.310798604887594,7.322460500458606
48.188541292757186,14.690553389055443,0.2990276099935104
33.99829376080748,19.709139072523637,6.84056733147953
3.9318188746688847,19.709139072523637,3.164653006542838
48.188541292757186,21.466631891997537,2.170563157879509
91.4201338961424,25.182619400649944,0.09155942969494464
37.704601414390254,18.349311622347845,6.254281382423331
23.255191515294296,18.349311622347845,8.003239529456987
37.704601414390254,22.934243808028796,10.388360555219489
37.704601414390254,18.349311622347845,6.254281382423331
37.704601414390254,18.349311622347845,5.671576802633705
