88.88322940709159,10.92828293147704,0.10736629112206618
88.88322940709159,10.92828293147704,0.10736629112206618
88.88322940709159,10.92828293147704,0.10736629112206618
26.93403387006477,14.379735517498958,9.313536119579304
1.8218229949500255,14.379735517498958,0.8017194247798533
26.93403387006477,14.379735517498958,9.313536119579304
88.88322940709159,10.92828293147704,0.10736629112206618
43.51346059712267,16.69683906915555,4.607611079235723
8.683516168189742,16.69683906915555,3.020808992232659
1.8218229949500255,14.379735517498958,0.8017194247798533
43.51346059712267,16.69683906915555,4.607611079235723
8.683516168189742,16.69683906915555,2.8297229385298626
43.51346059712267,16.69683906915555,4.308450934108182
26.93403387006477,14.379735517498958,9.313536119579304
1.8218229949500255,14.379735517498958,0.8017194247798533
43.51346059712267,16.69683906915555,4.607611079235723
26.93403387006477,14.379735517498958,8.949979538590762
26.93403387006477,3.2178977252921133,0.10755221483635254
8.683516168189742,16.69683906915555,2.8297229385298626
9.217651751419856,14.379735517498958,3.8175732064193144
43.51346059712267,16.69683906915555,4.23975478656447
8.683516168189742,16.69683906915555,3.3352836711751217
10.519208489867978,9.544509413508532,6.08851424370084
43.51346059712267,15.671373468549639,1.8413864631967036
26.93403387006477,43.770035489796086,3.397546763438342
43.51346059712267,26.42652491063189,10.561147661812626
8.683516168189742,16.69683906915555,2.9995755307897842
8.65274309011669,0.5745787640350102,0.09962829404492288
8.683516168189742,16.69683906915555,3.020808992232659
43.51346059712267,55.80165708153834,4.8055613172026765
8.683516168189742,16.69683906915555,3.020808992232659
1.8218229949500255,14.379735517498958,0.8017194247798533
8.683516168189742,32.93845365210658,1.5382200082403337
43.51346059712267,16.69683906915555,4.253875837074439
43.51346059712267,26.42652491063189,10.705714107779928
10.519208489867978,14.165619779034243,4.808390185418296
8.683516168189742,16.69683906915555,2.9995755307897842
43.51346059712267,16.69683906915555,4.262743924561509
88.88322940709159,10.92828293147704,0.10736629112206618
43.51346059712267,16.69683906915555,4.23975478656447
8.683516168189742,16.69683906915555,3.2230739314420744
26.93403387006477,3.2178977252921133,0.10755221483635254
43.51346059712267,55.80165708153834,4.8055613172026765
43.51346059712267,26.42652491063189,10.2702936428492
26.93403387006477,43.770035489796086,3.397546763438342
72.12983765809625,16.69683906915555,0.09306589841261875
