27.251268363181328,26.42652491063189,5.83807840988278
37.704601414390254,14.690553389055443,4.354551325969659
26.93403387006477,21.118074204120305,7.434077385337163
26.93403387006477,18.81523783675196,9.307691279065095
37.704601414390254,23.310798604887594,9.155595197012506
40.907848421707676,23.310798604887594,7.126600430619674
48.188541292757186,14.690553389055443,9.37303000820242
38.976697281080554,14.690553389055443,4.4348431680496985
26.93403387006477,12.574242058347648,7.4884467866043245
38.976697281080554,14.690553389055443,4.4348431680496985
37.704601414390254,14.690553389055443,4.635813403300645
38.976697281080554,14.690553389055443,4.4348431680496985
26.93403387006477,14.690553389055443,8.900569253272351
38.976697281080554,23.310798604887594,9.544194517011144
37.704601414390254,14.690553389055443,4.635813403300645
26.93403387006477,14.690553389055443,8.6496301633187
37.704601414390254,23.310798604887594,9.155595197012506
37.704601414390254,14.690553389055443,4.635813403300645
37.704601414390254,23.310798604887594,10.665079270368013
37.704601414390254,14.690553389055443,4.354551325969659
37.704601414390254,14.690553389055443,4.646357232133392
26.93403387006477,14.690553389055443,9.172975466933142
26.93403387006477,14.690553389055443,8.562737831820511
26.93403387006477,12.574242058347648,7.4884467866043245
27.251268363181328,26.42652491063189,5.83807840988278
37.704601414390254,14.690553389055443,4.2316578745209075
27.97615494529518,14.690553389055443,7.773566681365252
26.93403387006477,14.690553389055443,9.582707841861549
37.704601414390254,14.690553389055443,4.418350077436204
38.976697281080554,23.310798604887594,9.544194517011144
26.93403387006477,14.031043045751687,7.818097685096344
