37.704601414390254,14.690553389055443,4.57573528252902
48.188541292757186,14.690553389055443,0.29869433156328895
48.188541292757186,14.690553389055443,9.37303000820242
26.93403387006477,14.812469861317119,8.900569253272351
34.20468059745682,14.690553389055443,8.6496301633187
48.188541292757186,14.690553389055443,0.29869433156328895
4.827770064709846,23.310798604887594,10.665079270368013
37.704601414390254,14.690553389055443,4.57573528252902
37.704601414390254,14.690553389055443,4.646357232133392
26.93403387006477,14.690553389055443,9.172975466933142
27.97615494529518,14.690553389055443,7.773566681365252
26.93403387006477,14.690553389055443,8.271684770483738
37.704601414390254,14.690553389055443,4.418350077436204
26.93403387006477,20.585456090587094,7.359268613429336
48.188541292757186,14.690553389055443,0.3504903353262579
48.188541292757186,14.690553389055443,0.33092612700759694
48.188541292757186,14.690553389055443,0.29869433156328895
48.188541292757186,14.690553389055443,0.2907870431344276
26.93403387006477,14.690553389055443,8.476441689097289
51.07300313150814,14.690553389055443,0.10142179241335768
37.704601414390254,14.690553389055443,4.173810944223229
37.704601414390254,14.690553389055443,4.298357033048921
37.704601414390254,14.690553389055443,4.945642660519294
26.93403387006477,14.690553389055443,8.734548869371697
26.93403387006477,14.690553389055443,8.271684770483738
48.188541292757186,23.310798604887594,7.069677808988864
37.704601414390254,14.690553389055443,4.436501551146724
37.704601414390254,14.690553389055443,4.914573384450293
26.93403387006477,20.585456090587094,7.359268613429336
37.704601414390254,14.690553389055443,4.8989781137713555
48.188541292757186,14.690553389055443,0.29869433156328895
48.188541292757186,14.690553389055443,0.2907870431344276
37.704601414390254,14.690553389055443,4.405330765522497
37.704601414390254,14.690553389055443,4.57573528252902
26.93403387006477,14.690553389055443,8.476441689097289
