26.93403387006477,16.69683906915555,7.979204567959577
25.590819801617954,16.69683906915555,8.046889625816064
18.983807239603102,23.111162305304404,4.53244679060207
36.640290190195515,0.6748376790074246,0.09569914015095772
9.088793639361686,16.69683906915555,3.262796901849268
53.52337784096569,2.5633458212852123,7.553586734143771
26.93403387006477,16.69683906915555,5.554097605121282
32.35064197195892,14.815781158538208,8.410603851862536
2.3533252610300543,10.007387475627361,7.261169662988612
25.590819801617954,20.81850984254208,6.671648775195446
26.93403387006477,8.169522474539658,0.23076180995194748
26.93403387006477,16.69683906915555,7.979204567959577
26.93403387006477,10.007387475627361,4.119718976942127
26.93403387006477,16.69683906915555,9.727231438438528
25.590819801617954,16.69683906915555,9.108947944386898
25.590819801617954,16.69683906915555,8.284425500020973
25.590819801617954,16.69683906915555,8.046889625816064
25.590819801617954,16.69683906915555,8.046889625816064
57.11201325401307,14.815781158538208,0.10334636530652008
39.34964880417631,10.007387475627361,0.10588426900053369
26.93403387006477,16.69683906915555,10.194800245920085
25.590819801617954,14.815781158538208,7.932960563470087
26.93403387006477,11.164994787009826,5.762141510308618
26.93403387006477,16.69683906915555,7.979204567959577
26.93403387006477,16.69683906915555,7.979204567959577
25.590819801617954,16.69683906915555,8.046889625816064
53.52337784096569,2.5633458212852123,7.553586734143771
25.590819801617954,16.69683906915555,9.108947944386898
17.798499509808813,16.69683906915555,7.516404719946126
25.590819801617954,16.69683906915555,8.046889625816064
18.983807239603102,23.111162305304404,4.53244679060207
25.590819801617954,16.69683906915555,8.046889625816064
26.93403387006477,16.69683906915555,7.979204567959577
26.93403387006477,16.69683906915555,9.829769767782777
25.590819801617954,23.8816498557495,4.773058122810165
26.93403387006477,16.69683906915555,7.979204567959577
1.8627642879222464,22.359098130930864,0.5396316351791669
26.93403387006477,8.169522474539658,0.23076180995194748
32.35064197195892,14.815781158538208,8.410603851862536
17.798499509808813,16.69683906915555,6.867111984357969
25.590819801617954,23.8816498557495,4.773058122810165
26.93403387006477,16.69683906915555,10.506375438238605
25.590819801617954,16.69683906915555,8.046889625816064
25.590819801617954,16.69683906915555,8.046889625816064
25.590819801617954,10.007387475627361,4.982228997689461
26.93403387006477,14.815781158538208,8.041983278875893
25.590819801617954,16.69683906915555,8.046889625816064
25.590819801617954,16.69683906915555,8.046889625816064
25.590819801617954,16.69683906915555,8.046889625816064
17.798499509808813,14.815781158538208,6.848152449316288
26.93403387006477,16.69683906915555,9.030525962295847
26.93403387006477,16.69683906915555,7.979204567959577
25.590819801617954,14.815781158538208,7.932960563470087
39.34964880417631,10.007387475627361,0.10588426900053369
17.798499509808813,13.798455950183817,7.064264533390971
26.93403387006477,16.69683906915555,9.727231438438528
57.11201325401307,14.815781158538208,0.10334636530652008
26.93403387006477,16.69683906915555,5.554097605121282
26.93403387006477,10.007387475627361,3.995417600445467
9.088793639361686,16.69683906915555,3.262796901849268
36.640290190195515,0.6748376790074246,0.09569914015095772
25.590819801617954,16.69683906915555,8.046889625816064
26.93403387006477,16.69683906915555,10.506375438238605
25.590819801617954,16.69683906915555,8.046889625816064
25.590819801617954,16.69683906915555,8.046889625816064
26.93403387006477,16.69683906915555,9.829769767782777
26.93403387006477,16.69683906915555,9.030525962295847
39.34964880417631,10.007387475627361,0.10588426900053369
1.8627642879222464,22.359098130930864,0.5396316351791669
25.590819801617954,16.69683906915555,8.046889625816064
26.93403387006477,16.69683906915555,9.727231438438528
26.93403387006477,8.169522474539658,0.23076180995194748
36.640290190195515,0.6748376790074246,0.09569914015095772
26.93403387006477,8.169522474539658,4.149161465182019
25.590819801617954,16.69683906915555,8.046889625816064
26.93403387006477,16.69683906915555,9.425623055278736
26.93403387006477,16.69683906915555,8.87394630677434
25.590819801617954,23.8816498557495,4.773058122810165
17.798499509808813,13.798455950183817,7.064264533390971
25.590819801617954,16.69683906915555,8.046889625816064
4.082172528090002,16.69683906915555,5.518334348342733
25.590819801617954,16.69683906915555,9.108947944386898
17.798499509808813,14.815781158538208,7.40247565760015
26.93403387006477,16.69683906915555,9.885245342743813
17.798499509808813,14.815781158538208,6.848152449316288
17.798499509808813,14.815781158538208,6.848152449316288
26.93403387006477,16.69683906915555,10.194800245920085
26.93403387006477,16.69683906915555,10.506375438238605
25.590819801617954,10.007387475627361,4.982228997689461
4.082172528090002,16.69683906915555,5.518334348342733
25.590819801617954,16.69683906915555,8.046889625816064
25.590819801617954,16.69683906915555,8.046889625816064
26.93403387006477,16.69683906915555,7.979204567959577
43.86251855137529,16.69683906915555,2.790582122381871
17.798499509808813,16.69683906915555,6.867111984357969
17.798499509808813,14.815781158538208,7.40247565760015
9.088793639361686,16.69683906915555,3.262796901849268
26.93403387006477,16.69683906915555,10.506375438238605
1.8627642879222464,22.359098130930864,0.5396316351791669
26.93403387006477,16.69683906915555,9.727231438438528
26.93403387006477,16.69683906915555,10.506375438238605
25.590819801617954,16.69683906915555,8.046889625816064
17.798499509808813,14.815781158538208,6.848152449316288
25.590819801617954,16.69683906915555,8.046889625816064
26.93403387006477,16.69683906915555,7.979204567959577
26.93403387006477,16.69683906915555,5.554097605121282
17.798499509808813,13.798455950183817,7.064264533390971
26.93403387006477,16.69683906915555,9.919493414804446
26.93403387006477,16.69683906915555,7.979204567959577
26.93403387006477,16.69683906915555,9.441737928978451
26.93403387006477,16.69683906915555,10.194800245920085
26.93403387006477,16.69683906915555,7.979204567959577
21.51014760027142,16.69683906915555,7.946639017671775
10.582187727784312,16.69683906915555,3.4650206987145187
25.590819801617954,16.69683906915555,8.046889625816064
53.52337784096569,2.5633458212852123,7.553586734143771
25.590819801617954,16.69683906915555,8.046889625816064
26.93403387006477,16.69683906915555,10.194800245920085
36.640290190195515,0.6748376790074246,0.09569914015095772
26.93403387006477,16.69683906915555,10.506375438238605
1.8627642879222464,22.359098130930864,0.5396316351791669
26.93403387006477,16.69683906915555,10.194800245920085
26.93403387006477,16.69683906915555,9.425623055278736
26.93403387006477,16.69683906915555,7.979204567959577
25.590819801617954,16.69683906915555,8.046889625816064
26.93403387006477,16.69683906915555,9.425623055278736
39.34964880417631,10.007387475627361,0.10588426900053369
25.590819801617954,16.69683906915555,8.046889625816064
36.640290190195515,0.6748376790074246,0.09569914015095772
25.590819801617954,16.69683906915555,8.046889625816064
17.798499509808813,14.815781158538208,6.848152449316288
46.75974963285685,7.659413345852425,0.1
26.93403387006477,16.69683906915555,5.554097605121282
25.590819801617954,16.69683906915555,8.046889625816064
43.86251855137529,16.69683906915555,2.790582122381871
25.590819801617954,16.69683906915555,8.046889625816064
26.93403387006477,16.69683906915555,5.554097605121282
26.93403387006477,16.69683906915555,9.030525962295847
26.93403387006477,8.169522474539658,0.23076180995194748
26.93403387006477,16.69683906915555,7.979204567959577
26.93403387006477,11.164994787009826,5.762141510308618
8.775584431040915,16.69683906915555,5.554097605121282
6.244746231355261,10.007387475627361,4.119718976942127
26.93403387006477,16.69683906915555,7.979204567959577
26.93403387006477,16.69683906915555,5.554097605121282
25.590819801617954,23.8816498557495,4.773058122810165
17.798499509808813,13.798455950183817,7.064264533390971
57.11201325401307,14.815781158538208,0.10334636530652008
25.590819801617954,16.69683906915555,9.411070865981253
25.590819801617954,17.159513571055882,7.998642530822415
25.590819801617954,16.69683906915555,9.411070865981253
36.640290190195515,0.6748376790074246,0.09569914015095772
25.590819801617954,16.69683906915555,8.284425500020973
25.590819801617954,16.69683906915555,8.046889625816064
25.590819801617954,16.69683906915555,8.046889625816064
26.93403387006477,16.69683906915555,5.554097605121282
26.93403387006477,16.69683906915555,7.979204567959577
1.8627642879222464,22.359098130930864,0.5396316351791669
26.93403387006477,8.169522474539658,4.149161465182019
26.93403387006477,27.52007038641009,5.535138070079601
26.93403387006477,10.007387475627361,4.119718976942127
26.93403387006477,16.69683906915555,9.425623055278736
25.590819801617954,16.69683906915555,8.046889625816064
25.590819801617954,14.815781158538208,7.932960563470087
1.8627642879222464,22.359098130930864,0.5396316351791669
25.590819801617954,16.69683906915555,8.046889625816064
25.590819801617954,16.69683906915555,8.284425500020973
26.93403387006477,16.69683906915555,9.885245342743813
9.088793639361686,16.69683906915555,3.262796901849268
39.34964880417631,10.007387475627361,0.10588426900053369
8.775584431040915,16.69683906915555,5.554097605121282
2.324922059602141,16.69683906915555,5.627673066344579
6.244746231355261,10.007387475627361,4.119718976942127
26.93403387006477,16.69683906915555,7.979204567959577
25.590819801617954,16.69683906915555,8.046889625816064
26.93403387006477,16.69683906915555,10.194800245920085
25.590819801617954,16.69683906915555,8.046889625816064
26.93403387006477,16.69683906915555,5.554097605121282
26.93403387006477,11.164994787009826,5.762141510308618
26.93403387006477,8.169522474539658,0.23076180995194748
26.93403387006477,16.69683906915555,9.425623055278736
25.590819801617954,16.69683906915555,8.046889625816064
48.05823375347465,8.169522474539658,0.22737178780734907
18.983807239603102,23.111162305304404,4.53244679060207
26.93403387006477,16.69683906915555,7.979204567959577
21.51014760027142,16.69683906915555,7.946639017671775
25.590819801617954,20.81850984254208,6.671648775195446
25.590819801617954,14.815781158538208,7.932960563470087
26.93403387006477,16.69683906915555,5.554097605121282
25.590819801617954,16.69683906915555,8.046889625816064
26.93403387006477,10.007387475627361,3.995417600445467
26.93403387006477,16.69683906915555,9.030525962295847
25.590819801617954,16.69683906915555,8.046889625816064
25.590819801617954,16.69683906915555,8.046889625816064
51.724194030379785,10.184213084877063,6.792849988201458
25.590819801617954,14.815781158538208,7.932960563470087
25.590819801617954,16.69683906915555,8.046889625816064
25.590819801617954,16.69683906915555,8.046889625816064
26.93403387006477,16.69683906915555,9.919493414804446
2.3533252610300543,10.007387475627361,7.261169662988612
25.590819801617954,10.007387475627361,5.670063905248026
25.590819801617954,20.81850984254208,6.671648775195446
9.088793639361686,16.69683906915555,3.262796901849268
26.93403387006477,16.69683906915555,9.919493414804446
43.86251855137529,16.69683906915555,2.790582122381871
4.082172528090002,16.69683906915555,5.518334348342733
26.93403387006477,16.69683906915555,5.554097605121282
26.93403387006477,16.69683906915555,7.979204567959577
25.590819801617954,10.007387475627361,5.670063905248026
8.775584431040915,16.69683906915555,5.554097605121282
10.582187727784312,16.69683906915555,3.4650206987145187
26.93403387006477,16.69683906915555,7.979204567959577
25.590819801617954,16.69683906915555,8.046889625816064
25.590819801617954,16.69683906915555,8.046889625816064
17.798499509808813,16.69683906915555,7.516404719946126
46.75974963285685,7.659413345852425,0.1
21.51014760027142,16.69683906915555,7.946639017671775
51.724194030379785,10.184213084877063,6.792849988201458
25.590819801617954,16.69683906915555,8.046889625816064
25.590819801617954,16.69683906915555,8.046889625816064
25.590819801617954,17.159513571055882,7.998642530822415
26.93403387006477,16.69683906915555,7.979204567959577
26.93403387006477,16.69683906915555,9.425623055278736
39.34964880417631,10.007387475627361,0.10588426900053369
26.93403387006477,16.69683906915555,10.506375438238605
26.93403387006477,16.69683906915555,7.979204567959577
25.590819801617954,16.69683906915555,8.046889625816064
25.590819801617954,16.69683906915555,8.046889625816064
25.590819801617954,10.007387475627361,4.982228997689461
26.93403387006477,16.69683906915555,7.979204567959577
4.082172528090002,16.69683906915555,5.518334348342733
25.590819801617954,17.159513571055882,7.998642530822415
25.590819801617954,16.69683906915555,8.046889625816064
26.93403387006477,27.52007038641009,5.535138070079601
6.244746231355261,10.007387475627361,4.119718976942127
4.082172528090002,16.69683906915555,5.518334348342733
25.590819801617954,16.69683906915555,8.046889625816064
36.640290190195515,0.6748376790074246,0.09569914015095772
9.088793639361686,16.69683906915555,3.262796901849268
17.798499509808813,16.69683906915555,7.516404719946126
26.93403387006477,16.69683906915555,10.194800245920085
26.93403387006477,16.69683906915555,8.87394630677434
25.590819801617954,16.69683906915555,9.411070865981253
25.590819801617954,14.815781158538208,7.932960563470087
25.590819801617954,16.69683906915555,8.046889625816064
25.590819801617954,10.007387475627361,5.670063905248026
17.798499509808813,16.69683906915555,7.516404719946126
26.93403387006477,10.007387475627361,4.119718976942127
36.640290190195515,0.6748376790074246,0.09569914015095772
26.93403387006477,10.007387475627361,3.995417600445467
25.590819801617954,16.69683906915555,8.046889625816064
25.590819801617954,14.815781158538208,7.932960563470087
25.590819801617954,16.69683906915555,8.046889625816064
43.86251855137529,16.69683906915555,2.790582122381871
26.93403387006477,16.69683906915555,5.554097605121282
25.590819801617954,16.69683906915555,8.284425500020973
26.93403387006477,16.69683906915555,9.829769767782777
26.93403387006477,16.69683906915555,9.727231438438528
26.93403387006477,27.52007038641009,5.535138070079601
8.775584431040915,16.69683906915555,5.554097605121282
25.590819801617954,23.8816498557495,4.773058122810165
26.93403387006477,16.69683906915555,9.441737928978451
26.93403387006477,16.69683906915555,7.979204567959577
26.93403387006477,10.007387475627361,4.119718976942127
26.93403387006477,16.69683906915555,7.979204567959577
17.798499509808813,16.69683906915555,6.867111984357969
25.590819801617954,14.815781158538208,7.932960563470087
26.93403387006477,16.69683906915555,9.441737928978451
25.590819801617954,14.815781158538208,7.932960563470087
26.93403387006477,16.69683906915555,5.554097605121282
39.34964880417631,10.007387475627361,0.10588426900053369
9.088793639361686,16.69683906915555,3.262796901849268
25.590819801617954,16.69683906915555,8.046889625816064
26.93403387006477,16.69683906915555,5.554097605121282
25.590819801617954,16.69683906915555,8.046889625816064
26.93403387006477,16.69683906915555,10.506375438238605
26.93403387006477,16.69683906915555,7.979204567959577
25.590819801617954,16.69683906915555,8.046889625816064
26.93403387006477,16.69683906915555,9.727231438438528
25.590819801617954,16.69683906915555,8.046889625816064
25.590819801617954,20.81850984254208,6.671648775195446
26.93403387006477,16.69683906915555,7.979204567959577
25.590819801617954,16.69683906915555,8.046889625816064
17.798499509808813,16.69683906915555,7.516404719946126
26.93403387006477,16.69683906915555,7.979204567959577
26.93403387006477,10.007387475627361,4.119718976942127
26.93403387006477,16.69683906915555,10.506375438238605
6.244746231355261,10.007387475627361,4.119718976942127
25.590819801617954,17.159513571055882,7.998642530822415
26.93403387006477,10.007387475627361,3.995417600445467
2.3533252610300543,10.007387475627361,7.261169662988612
26.93403387006477,16.69683906915555,10.506375438238605
25.590819801617954,16.69683906915555,8.046889625816064
25.590819801617954,16.69683906915555,8.046889625816064
2.3533252610300543,10.007387475627361,7.261169662988612
26.93403387006477,16.69683906915555,7.979204567959577
25.590819801617954,16.69683906915555,8.046889625816064
26.93403387006477,16.69683906915555,7.979204567959577
26.93403387006477,10.007387475627361,4.119718976942127
26.93403387006477,16.69683906915555,9.829769767782777
26.93403387006477,16.69683906915555,9.727231438438528
8.775584431040915,16.69683906915555,5.554097605121282
25.590819801617954,16.69683906915555,8.046889625816064
26.93403387006477,16.69683906915555,9.441737928978451
26.93403387006477,16.69683906915555,7.979204567959577
26.93403387006477,16.69683906915555,9.892221808577522
17.798499509808813,14.815781158538208,7.40247565760015
26.93403387006477,16.69683906915555,7.979204567959577
17.798499509808813,14.815781158538208,6.848152449316288
25.590819801617954,14.815781158538208,7.932960563470087
25.590819801617954,16.69683906915555,9.411070865981253
43.86251855137529,16.69683906915555,2.790582122381871
21.51014760027142,16.69683906915555,7.946639017671775
25.590819801617954,14.815781158538208,7.932960563470087
26.93403387006477,16.69683906915555,5.554097605121282
10.582187727784312,16.69683906915555,3.4650206987145187
26.93403387006477,27.52007038641009,5.535138070079601
25.590819801617954,10.007387475627361,5.670063905248026
26.93403387006477,16.69683906915555,9.885245342743813
26.93403387006477,16.69683906915555,9.885245342743813
25.590819801617954,16.69683906915555,8.284425500020973
25.590819801617954,16.69683906915555,8.046889625816064
25.590819801617954,16.69683906915555,8.046889625816064
26.93403387006477,16.69683906915555,9.892221808577522
25.590819801617954,20.81850984254208,6.671648775195446
25.590819801617954,17.159513571055882,7.998642530822415
26.93403387006477,16.69683906915555,7.979204567959577
26.93403387006477,16.69683906915555,7.979204567959577
4.082172528090002,16.69683906915555,5.518334348342733
46.75974963285685,7.659413345852425,0.1
25.590819801617954,16.69683906915555,8.046889625816064
25.590819801617954,16.69683906915555,8.046889625816064
26.93403387006477,16.69683906915555,7.979204567959577
25.590819801617954,16.69683906915555,8.046889625816064
26.93403387006477,16.69683906915555,7.979204567959577
25.590819801617954,10.007387475627361,5.670063905248026
26.93403387006477,16.69683906915555,7.979204567959577
25.590819801617954,16.69683906915555,8.046889625816064
26.93403387006477,16.69683906915555,9.030525962295847
25.590819801617954,16.69683906915555,8.046889625816064
26.93403387006477,16.69683906915555,9.885245342743813
25.590819801617954,10.007387475627361,4.982228997689461
26.93403387006477,16.69683906915555,7.979204567959577
25.590819801617954,16.69683906915555,9.108947944386898
26.93403387006477,16.69683906915555,7.979204567959577
9.088793639361686,16.69683906915555,3.262796901849268
25.590819801617954,16.69683906915555,8.046889625816064
25.590819801617954,16.69683906915555,8.046889625816064
26.93403387006477,16.69683906915555,7.979204567959577
25.590819801617954,23.8816498557495,4.773058122810165
25.590819801617954,16.69683906915555,8.046889625816064
25.590819801617954,23.8816498557495,4.773058122810165
26.93403387006477,16.69683906915555,10.506375438238605
25.590819801617954,16.69683906915555,8.046889625816064
25.590819801617954,16.69683906915555,8.046889625816064
26.93403387006477,16.69683906915555,9.441737928978451
26.93403387006477,16.69683906915555,7.979204567959577
25.590819801617954,16.69683906915555,8.046889625816064
26.93403387006477,16.69683906915555,7.979204567959577
25.590819801617954,14.815781158538208,7.932960563470087
25.590819801617954,23.8816498557495,4.773058122810165
26.93403387006477,16.69683906915555,9.441737928978451
26.93403387006477,16.69683906915555,7.979204567959577
17.798499509808813,16.69683906915555,7.516404719946126
2.324922059602141,16.69683906915555,5.627673066344579
25.590819801617954,16.69683906915555,8.046889625816064
25.590819801617954,14.815781158538208,7.932960563470087
26.93403387006477,16.69683906915555,7.979204567959577
25.590819801617954,16.69683906915555,8.046889625816064
25.590819801617954,16.69683906915555,8.046889625816064
25.590819801617954,14.815781158538208,7.932960563470087
25.590819801617954,16.69683906915555,8.046889625816064
17.798499509808813,16.69683906915555,7.516404719946126
26.93403387006477,16.69683906915555,9.727231438438528
9.088793639361686,16.69683906915555,3.262796901849268
25.590819801617954,16.69683906915555,8.046889625816064
17.798499509808813,14.815781158538208,7.40247565760015
1.8627642879222464,22.359098130930864,0.5396316351791669
1.8627642879222464,22.359098130930864,0.5396316351791669
21.51014760027142,16.69683906915555,7.946639017671775
26.93403387006477,16.69683906915555,7.979204567959577
21.51014760027142,16.69683906915555,7.946639017671775
26.93403387006477,16.69683906915555,10.506375438238605
26.93403387006477,16.69683906915555,7.979204567959577
