26.93403387006477,10.007387475627361,4.119718976942127
26.93403387006477,16.69683906915555,6.535126507281063
36.640290190195515,0.6748376790074246,0.09569914015095772
17.798499509808813,16.69683906915555,6.718298521948921
51.724194030379785,16.69683906915555,6.792849988201458
26.93403387006477,16.69683906915555,9.32965918390936
17.798499509808813,16.69683906915555,6.867111984357969
10.582187727784312,16.69683906915555,3.4650206987145187
26.93403387006477,10.007387475627361,3.5603792041883753
26.93403387006477,16.69683906915555,6.792849988201458
26.93403387006477,16.69683906915555,5.554097605121282
32.65366913460173,10.007387475627361,2.735877749899749
31.901574369063763,10.007387475627361,2.9092510574059114
17.798499509808813,13.471517344274018,6.633295163795493
26.93403387006477,16.69683906915555,5.554097605121282
43.86251855137529,16.69683906915555,9.14323989028263
26.93403387006477,10.007387475627361,4.119718976942127
26.93403387006477,15.218959511893718,6.841594919507332
17.798499509808813,10.007387475627361,5.432733356178814
53.52337784096569,2.5633458212852123,7.553586734143771
17.798499509808813,14.815781158538208,6.848152449316288
83.76853723652992,16.69683906915555,0.1007506726320501
17.798499509808813,10.007387475627361,9.570854639197464
26.93403387006477,10.007387475627361,3.995417600445467
17.798499509808813,16.69683906915555,6.867111984357969
26.93403387006477,14.815781158538208,8.041983278875893
32.35064197195892,14.815781158538208,4.220469696554588
26.93403387006477,16.69683906915555,5.554097605121282
17.798499509808813,11.441400448227004,6.023107368640909
22.023319358318126,10.007387475627361,5.12188089196422
26.93403387006477,16.69683906915555,6.792849988201458
26.93403387006477,10.007387475627361,4.119718976942127
26.93403387006477,8.169522474539658,0.22737178780734907
26.93403387006477,16.69683906915555,5.554097605121282
26.93403387006477,16.69683906915555,10.030501979673113
43.86251855137529,16.69683906915555,2.790582122381871
26.93403387006477,10.007387475627361,4.119718976942127
49.40685256390199,7.531312890090781,0.10772337397228872
26.93403387006477,16.69683906915555,5.554097605121282
26.93403387006477,16.69683906915555,6.792849988201458
49.32200716683087,14.815781158538208,0.10334636530652008
26.93403387006477,16.69683906915555,6.792849988201458
49.40685256390199,25.773130484759704,0.09033826134724529
18.983807239603102,10.007387475627361,5.354824418066429
26.93403387006477,16.69683906915555,6.535126507281063
26.93403387006477,16.69683906915555,10.10953090648875
17.798499509808813,8.169522474539658,3.944630647951862
46.75974963285685,10.007387475627361,1.4968007202487492
32.35064197195892,16.69683906915555,4.239429231596269
26.93403387006477,16.69683906915555,6.792849988201458
16.020878679232347,16.69683906915555,6.743812137757374
26.93403387006477,16.69683906915555,5.554097605121282
26.93403387006477,8.169522474539658,4.149161465182019
26.93403387006477,16.69683906915555,5.554097605121282
32.35064197195892,14.815781158538208,8.410603851862536
26.93403387006477,2.5924908057836795,0.10639714266039942
44.23734283781064,16.69683906915555,4.981001958517486
39.34964880417631,10.007387475627361,0.10588426900053369
43.86251855137529,10.007387475627361,3.3068048146751616
18.983807239603102,23.111162305304404,4.53244679060207
26.93403387006477,14.815781158538208,5.535138070079601
17.798499509808813,14.815781158538208,7.683855324007599
17.798499509808813,13.798455950183817,7.064264533390971
26.93403387006477,16.69683906915555,9.829769767782777
26.93403387006477,16.69683906915555,9.425623055278736
26.93403387006477,16.69683906915555,5.554097605121282
21.51014760027142,10.007387475627361,7.261169662988612
26.93403387006477,14.815781158538208,5.535138070079601
17.798499509808813,14.815781158538208,6.848152449316288
17.798499509808813,14.815781158538208,6.848152449316288
26.93403387006477,16.69683906915555,6.535126507281063
26.93403387006477,16.69683906915555,5.554097605121282
32.35064197195892,14.815781158538208,5.878627919319245
26.93403387006477,11.164994787009826,5.762141510308618
26.93403387006477,16.69683906915555,5.554097605121282
26.93403387006477,16.69683906915555,6.792849988201458
26.93403387006477,10.007387475627361,4.119718976942127
17.798499509808813,10.007387475627361,5.432733356178814
26.93403387006477,8.169522474539658,0.23076180995194748
25.590819801617954,16.69683906915555,5.867315631269225
