27.43185018913637,16.132783266072217,9.94880773943554
27.43185018913637,16.132783266072217,9.94880773943554
27.43185018913637,16.132783266072217,9.94880773943554
27.43185018913637,16.132783266072217,9.94880773943554
27.43185018913637,16.132783266072217,9.94880773943554
27.43185018913637,16.132783266072217,9.94880773943554
27.43185018913637,16.132783266072217,9.94880773943554
27.43185018913637,16.132783266072217,9.94880773943554
23.697876796923637,14.648784628168789,9.234175977604519
27.43185018913637,16.132783266072217,9.94880773943554
23.697876796923637,14.648784628168789,9.234175977604519
23.697876796923637,14.648784628168789,9.700877631456125
27.43185018913637,16.132783266072217,9.94880773943554
23.697876796923637,14.648784628168789,9.234175977604519
27.43185018913637,16.132783266072217,9.94880773943554
27.43185018913637,16.132783266072217,9.94880773943554
23.697876796923637,14.61756113246913,10.289827981564338
23.697876796923637,14.648784628168789,9.234175977604519
23.697876796923637,14.648784628168789,9.700877631456125
23.697876796923637,14.61756113246913,10.289827981564338
27.43185018913637,16.132783266072217,9.94880773943554
23.697876796923637,14.648784628168789,9.700877631456125
23.66382066914896,14.059633569263545,10.613033410666116
23.697876796923637,14.059633569263545,8.907493698659609
27.43185018913637,16.132783266072217,9.94880773943554
23.697876796923637,14.648784628168789,9.234175977604519
23.66382066914896,14.059633569263545,10.613033410666116
23.697876796923637,14.059633569263545,9.258814452532489
23.697876796923637,14.61756113246913,10.289827981564338
27.43185018913637,16.132783266072217,9.94880773943554
23.697876796923637,14.059633569263545,8.907493698659609
23.697876796923637,14.648784628168789,9.234175977604519
27.43185018913637,16.132783266072217,9.94880773943554
23.697876796923637,14.648784628168789,9.700877631456125
23.697876796923637,14.059633569263545,8.907493698659609
23.697876796923637,14.61756113246913,10.289827981564338
23.697876796923637,14.059633569263545,8.907493698659609
27.43185018913637,16.132783266072217,9.94880773943554
23.697876796923637,14.648784628168789,9.234175977604519
27.43185018913637,16.132783266072217,9.94880773943554
23.697876796923637,14.059633569263545,9.456887212884181
23.697876796923637,14.059633569263545,8.907493698659609
23.697876796923637,14.059633569263545,9.59606349782777
23.697876796923637,14.648784628168789,9.234175977604519
23.697876796923637,14.648784628168789,9.700877631456125
23.66382066914896,14.059633569263545,10.613033410666116
23.697876796923637,14.059633569263545,9.258814452532489
27.43185018913637,16.132783266072217,9.94880773943554
33.365830721732955,14.059633569263545,10.173624543792524
23.697876796923637,14.648784628168789,9.700877631456125
23.697876796923637,14.059633569263545,8.907493698659609
23.697876796923637,14.648784628168789,9.234175977604519
23.66382066914896,14.059633569263545,10.613033410666116
23.697876796923637,14.61756113246913,10.289827981564338
23.697876796923637,14.059633569263545,9.258814452532489
33.365830721732955,14.059633569263545,10.173624543792524
9.18935884377782,14.61756113246913,10.118350403067794
23.697876796923637,14.059633569263545,9.59606349782777
23.697876796923637,14.059633569263545,9.456887212884181
23.66382066914896,14.059633569263545,10.613033410666116
23.697876796923637,14.059633569263545,9.258814452532489
39.860969009311624,14.059633569263545,3.207686200988074
23.697876796923637,14.61756113246913,10.289827981564338
27.43185018913637,16.132783266072217,9.94880773943554
23.697876796923637,14.059633569263545,8.907493698659609
33.365830721732955,14.059633569263545,10.173624543792524
23.697876796923637,14.648784628168789,9.700877631456125
23.66382066914896,14.059633569263545,10.613033410666116
23.66382066914896,14.059633569263545,10.613033410666116
23.697876796923637,14.059633569263545,9.258814452532489
33.365830721732955,14.059633569263545,10.173624543792524
9.18935884377782,14.61756113246913,10.118350403067794
15.697868424772372,14.059633569263545,6.996676192358962
23.697876796923637,15.20645720317884,10.284624854459237
23.697876796923637,14.059633569263545,9.59606349782777
15.697868424772372,14.059633569263545,6.996676192358962
23.697876796923637,14.059633569263545,9.258814452532489
23.697876796923637,14.059633569263545,8.907493698659609
23.697876796923637,14.61756113246913,10.289827981564338
33.365830721732955,14.059633569263545,10.173624543792524
22.47860558480744,26.005935910938597,5.652599557464265
23.697876796923637,14.61756113246913,9.805898419393683
23.697876796923637,14.059633569263545,9.456887212884181
23.66382066914896,14.059633569263545,10.613033410666116
9.18935884377782,14.61756113246913,10.118350403067794
23.697876796923637,13.437002437384857,8.914890825098304
23.697876796923637,14.059633569263545,10.200171361799395
23.697876796923637,14.059633569263545,9.098134484459788
23.697876796923637,14.059633569263545,9.456887212884181
23.697876796923637,14.059633569263545,9.258814452532489
23.697876796923637,14.61756113246913,10.289827981564338
23.697876796923637,14.61756113246913,10.204774471811708
23.697876796923637,15.20645720317884,10.284624854459237
27.43185018913637,16.132783266072217,9.94880773943554
23.697876796923637,14.648784628168789,9.234175977604519
23.697876796923637,16.18243360212288,8.948538214649497
23.697876796923637,13.437002437384857,8.914890825098304
23.697876796923637,14.61756113246913,9.811569150517778
23.697876796923637,15.028966417654436,9.913951980958496
23.697876796923637,14.61756113246913,9.805898419393683
23.697876796923637,14.059633569263545,8.907493698659609
33.365830721732955,14.059633569263545,10.173624543792524
23.697876796923637,14.059633569263545,9.59606349782777
23.697876796923637,15.20645720317884,10.284624854459237
23.697876796923637,14.059633569263545,9.456887212884181
23.697876796923637,19.285561381014652,7.032354246769915
23.697876796923637,14.61756113246913,10.204774471811708
23.697876796923637,14.059633569263545,9.098134484459788
23.697876796923637,14.059633569263545,10.098793620344837
23.66382066914896,14.059633569263545,10.613033410666116
23.697876796923637,14.648784628168789,9.700877631456125
15.697868424772372,14.059633569263545,6.996676192358962
23.697876796923637,14.059633569263545,8.907493698659609
22.47860558480744,26.005935910938597,5.652599557464265
27.077948616904685,14.059633569263545,10.821542354822066
23.697876796923637,14.61756113246913,9.805898419393683
22.47860558480744,26.005935910938597,5.652599557464265
43.486278310927574,7.0735628005335345,9.244374629647378
23.697876796923637,14.61756113246913,9.811569150517778
23.697876796923637,16.18243360212288,8.948538214649497
23.697876796923637,14.059633569263545,10.200171361799395
23.697876796923637,13.437002437384857,8.914890825098304
27.077948616904685,14.059633569263545,10.821542354822066
23.697876796923637,14.059633569263545,8.907493698659609
23.697876796923637,14.059633569263545,10.237918927941715
27.43185018913637,16.132783266072217,9.94880773943554
23.66382066914896,14.059633569263545,10.613033410666116
23.697876796923637,15.959836897941074,9.55131312106454
23.697876796923637,14.059633569263545,9.810891758523814
23.697876796923637,19.285561381014652,7.032354246769915
33.365830721732955,14.059633569263545,10.173624543792524
27.077948616904685,14.059633569263545,10.821542354822066
23.697876796923637,14.059633569263545,9.59606349782777
23.697876796923637,14.059633569263545,9.810891758523814
23.697876796923637,14.61756113246913,9.811569150517778
23.697876796923637,14.059633569263545,10.227438315263381
23.697876796923637,14.059633569263545,9.258814452532489
23.051608988072307,17.193692961348397,8.387810621004627
23.697876796923637,14.61756113246913,9.035105344720039
23.697876796923637,15.028966417654436,9.913951980958496
23.697876796923637,14.059633569263545,9.098134484459788
23.697876796923637,13.437002437384857,8.914890825098304
23.697876796923637,16.18243360212288,8.948538214649497
23.697876796923637,12.862005819875906,8.322188361243493
39.860969009311624,14.059633569263545,3.207686200988074
23.66382066914896,14.059633569263545,10.613033410666116
3.9021186388106024,16.711801809646193,1.4744669152899605
23.697876796923637,14.059633569263545,8.907493698659609
9.18935884377782,14.61756113246913,10.118350403067794
23.697876796923637,14.648784628168789,9.700877631456125
23.697876796923637,19.28114739252143,6.97016865020757
23.697876796923637,12.862005819875906,8.322188361243493
23.697876796923637,14.648784628168789,9.234175977604519
23.697876796923637,14.059633569263545,9.456887212884181
23.697876796923637,14.059633569263545,10.237918927941715
23.697876796923637,12.212264126704449,8.084401378563243
23.697876796923637,19.285561381014652,7.032354246769915
23.697876796923637,14.648784628168789,9.700877631456125
23.697876796923637,13.437002437384857,8.914890825098304
22.47860558480744,26.005935910938597,5.652599557464265
23.697876796923637,14.059633569263545,9.415065955287405
23.697876796923637,14.059633569263545,8.907493698659609
39.860969009311624,14.059633569263545,3.207686200988074
27.077948616904685,14.059633569263545,10.821542354822066
9.18935884377782,14.61756113246913,10.118350403067794
23.697876796923637,14.61756113246913,9.035105344720039
15.697868424772372,14.059633569263545,6.996676192358962
23.697876796923637,14.059633569263545,9.098134484459788
23.051608988072307,17.193692961348397,8.387810621004627
23.697876796923637,14.059633569263545,9.810891758523814
23.697876796923637,14.61756113246913,10.289827981564338
23.697876796923637,14.059633569263545,9.59606349782777
23.697876796923637,14.059633569263545,10.200171361799395
23.697876796923637,15.959836897941074,9.55131312106454
23.697876796923637,14.059633569263545,9.810891758523814
23.697876796923637,12.862005819875906,8.322188361243493
23.697876796923637,14.059633569263545,9.258814452532489
23.697876796923637,14.059633569263545,9.195777230431588
23.697876796923637,14.059633569263545,9.456887212884181
7.9449996812206685,14.059633569263545,9.665195353947889
23.697876796923637,14.059633569263545,9.541093289571364
23.697876796923637,14.61756113246913,10.289827981564338
23.697876796923637,14.648784628168789,9.234175977604519
23.697876796923637,14.059633569263545,10.098793620344837
15.697868424772372,14.059633569263545,6.996676192358962
39.860969009311624,14.059633569263545,3.207686200988074
23.697876796923637,14.61756113246913,9.811569150517778
23.697876796923637,14.648784628168789,10.144695164018122
23.697876796923637,14.059633569263545,9.415065955287405
23.697876796923637,14.059633569263545,10.200171361799395
23.697876796923637,14.059633569263545,10.508555058177484
23.697876796923637,14.61756113246913,10.204774471811708
23.697876796923637,13.437002437384857,8.914890825098304
23.697876796923637,14.61756113246913,9.651773109954474
23.697876796923637,14.059633569263545,9.395184535848312
27.43185018913637,16.132783266072217,9.94880773943554
23.697876796923637,14.059633569263545,9.59606349782777
23.697876796923637,14.059633569263545,9.098134484459788
23.697876796923637,14.059633569263545,10.384363597491847
23.697876796923637,19.28114739252143,6.97016865020757
27.077948616904685,14.059633569263545,10.821542354822066
23.697876796923637,12.212264126704449,8.084401378563243
23.697876796923637,14.61756113246913,9.035105344720039
23.697876796923637,14.61756113246913,9.805898419393683
23.697876796923637,14.648784628168789,9.526008075930015
23.697876796923637,14.059633569263545,9.287954376070559
23.697876796923637,14.059633569263545,10.508555058177484
23.697876796923637,14.059633569263545,9.395184535848312
23.697876796923637,14.61756113246913,9.805898419393683
23.697876796923637,14.059633569263545,9.541093289571364
23.697876796923637,14.059633569263545,9.195777230431588
23.697876796923637,14.059633569263545,8.907493698659609
23.697876796923637,16.18243360212288,8.948538214649497
2.934556181726876,14.61756113246913,1.3028078332331632
23.697876796923637,28.825501316121237,5.3585419615475836
23.697876796923637,14.648784628168789,9.526008075930015
16.276684126319505,14.648784628168789,7.1980501899554605
25.244470390944954,14.648784628168789,8.723695970382504
23.697876796923637,14.059633569263545,9.258814452532489
23.697876796923637,14.059633569263545,9.280403537414662
23.697876796923637,14.61756113246913,9.811569150517778
23.697876796923637,15.028966417654436,9.913951980958496
23.697876796923637,14.059633569263545,10.098793620344837
23.697876796923637,8.558513145764351,3.1447240584567906
23.697876796923637,14.059633569263545,9.810891758523814
23.697876796923637,14.61756113246913,9.651773109954474
23.697876796923637,14.61756113246913,9.862345679637832
23.697876796923637,14.648784628168789,8.753086760188797
23.697876796923637,19.285561381014652,7.032354246769915
23.697876796923637,5.373839055497321,0.1049090037262635
23.697876796923637,19.28114739252143,6.97016865020757
39.860969009311624,14.059633569263545,3.207686200988074
23.697876796923637,14.61756113246913,10.204774471811708
23.697876796923637,14.648784628168789,10.562704799630822
23.697876796923637,14.059633569263545,10.562565549751296
23.697876796923637,14.059633569263545,9.098134484459788
23.697876796923637,14.059633569263545,10.227438315263381
39.493768286598424,14.61756113246913,3.791731315810579
3.9021186388106024,16.711801809646193,1.4744669152899605
23.697876796923637,14.648784628168789,10.144695164018122
22.47860558480744,26.005935910938597,5.652599557464265
23.697876796923637,14.059633569263545,10.384363597491847
23.697876796923637,14.61756113246913,9.035105344720039
23.697876796923637,14.059633569263545,9.456887212884181
23.66382066914896,14.059633569263545,10.613033410666116
