7.640204381638384,18.942563027120464,9.297831238363736
27.43185018913637,16.132783266072217,10.497142505884142
7.640204381638384,18.942563027120464,9.297831238363736
27.43185018913637,16.132783266072217,10.497142505884142
27.43185018913637,16.132783266072217,10.497142505884142
27.43185018913637,16.132783266072217,10.497142505884142
7.640204381638384,18.942563027120464,9.297831238363736
27.43185018913637,16.132783266072217,10.497142505884142
23.576705016150903,23.528230113277672,5.558872057499088
7.640204381638384,18.942563027120464,9.297831238363736
23.576705016150903,23.528230113277672,5.558872057499088
7.640204381638384,18.942563027120464,9.297831238363736
27.43185018913637,16.132783266072217,10.497142505884142
23.697876796923637,19.47496164958857,9.368887402020944
27.43185018913637,16.132783266072217,10.497142505884142
23.697876796923637,19.47496164958857,9.368887402020944
23.576705016150903,23.528230113277672,5.558872057499088
23.576705016150903,23.528230113277672,5.558872057499088
23.697876796923637,19.47496164958857,9.368887402020944
40.62874223087567,4.632242550701925,0.09166311623144047
27.43185018913637,16.132783266072217,10.497142505884142
40.62874223087567,4.632242550701925,0.09166311623144047
23.66382066914896,15.545425154187857,9.627767175283651
27.43185018913637,16.132783266072217,10.497142505884142
23.697876796923637,19.47496164958857,9.368887402020944
23.66382066914896,15.545425154187857,9.627767175283651
28.215381372267032,14.059633569263545,7.3106823406311925
27.43185018913637,16.132783266072217,10.497142505884142
7.640204381638384,18.942563027120464,9.297831238363736
23.576705016150903,23.528230113277672,5.558872057499088
23.576705016150903,23.528230113277672,5.558872057499088
23.66382066914896,15.545425154187857,9.627767175283651
27.43185018913637,16.132783266072217,10.497142505884142
7.640204381638384,18.942563027120464,9.297831238363736
23.697876796923637,19.47496164958857,9.368887402020944
23.697876796923637,14.059633569263545,10.234589379061983
27.43185018913637,16.132783266072217,10.497142505884142
23.697876796923637,14.059633569263545,10.234589379061983
23.697876796923637,14.059633569263545,10.334142133503127
23.66382066914896,15.545425154187857,9.627767175283651
28.215381372267032,14.059633569263545,7.3106823406311925
7.640204381638384,18.942563027120464,9.297831238363736
23.697876796923637,19.47496164958857,9.368887402020944
7.640204381638384,18.942563027120464,9.297831238363736
23.697876796923637,14.059633569263545,10.334142133503127
27.43185018913637,16.132783266072217,10.497142505884142
23.697876796923637,19.47496164958857,9.368887402020944
28.215381372267032,14.059633569263545,7.3106823406311925
40.62874223087567,4.632242550701925,0.09166311623144047
7.640204381638384,18.942563027120464,9.297831238363736
23.66382066914896,14.059633569263545,10.726918352763544
23.576705016150903,23.528230113277672,5.558872057499088
23.697876796923637,14.059633569263545,9.750284144453817
27.43185018913637,16.132783266072217,10.497142505884142
23.66382066914896,15.545425154187857,9.627767175283651
23.66382066914896,14.059633569263545,10.726918352763544
23.697876796923637,19.47496164958857,9.368887402020944
23.697876796923637,14.059633569263545,10.210185988960736
23.697876796923637,14.059633569263545,10.334142133503127
27.43185018913637,16.132783266072217,10.497142505884142
23.697876796923637,14.059633569263545,10.513413400690158
23.697876796923637,14.059633569263545,9.750284144453817
23.66382066914896,15.545425154187857,9.627767175283651
27.43185018913637,16.132783266072217,10.497142505884142
28.215381372267032,14.059633569263545,7.3106823406311925
40.62874223087567,4.632242550701925,0.09166311623144047
23.697876796923637,14.059633569263545,9.750284144453817
23.697876796923637,14.059633569263545,10.234589379061983
23.697876796923637,14.059633569263545,10.334142133503127
23.697876796923637,19.47496164958857,9.368887402020944
23.697876796923637,14.059633569263545,9.750284144453817
27.43185018913637,16.132783266072217,10.497142505884142
23.66382066914896,19.644954979333228,9.96699079598955
23.576705016150903,23.528230113277672,5.558872057499088
23.697876796923637,14.059633569263545,10.513413400690158
23.697876796923637,14.059633569263545,10.234589379061983
23.66382066914896,15.545425154187857,9.627767175283651
40.62874223087567,4.632242550701925,0.09166311623144047
23.576705016150903,23.528230113277672,5.558872057499088
27.43185018913637,16.132783266072217,10.497142505884142
23.697876796923637,14.059633569263545,9.361069560257835
23.697876796923637,14.059633569263545,9.750284144453817
23.66382066914896,13.427403741262903,8.509070963834926
23.66382066914896,15.545425154187857,9.627767175283651
28.215381372267032,14.059633569263545,7.3106823406311925
23.66382066914896,14.059633569263545,10.726918352763544
23.697876796923637,14.059633569263545,8.902588837380739
7.640204381638384,18.942563027120464,9.297831238363736
23.697876796923637,14.059633569263545,10.210185988960736
23.697876796923637,19.47496164958857,9.368887402020944
23.697876796923637,14.059633569263545,10.513413400690158
27.43185018913637,16.132783266072217,10.497142505884142
40.62874223087567,4.632242550701925,0.09166311623144047
23.66382066914896,14.059633569263545,10.384002029056935
28.215381372267032,14.059633569263545,7.3106823406311925
7.640204381638384,18.942563027120464,9.297831238363736
23.697876796923637,14.059633569263545,8.902588837380739
23.697876796923637,11.039117772623623,7.034390939425725
23.697876796923637,14.059633569263545,9.750284144453817
23.697876796923637,19.47496164958857,9.368887402020944
23.66382066914896,15.545425154187857,9.627767175283651
23.66382066914896,14.059633569263545,10.726918352763544
23.697876796923637,14.059633569263545,10.334142133503127
23.697876796923637,14.059633569263545,10.513413400690158
23.697876796923637,14.059633569263545,10.210185988960736
23.697876796923637,19.47496164958857,9.368887402020944
23.697876796923637,14.059633569263545,10.234589379061983
23.697876796923637,2.374110824003969,0.10208042787340993
23.66382066914896,14.059633569263545,10.384002029056935
28.633948280737307,14.059633569263545,8.424989022767653
23.66382066914896,19.644954979333228,9.96699079598955
23.697876796923637,14.61756113246913,9.951896698113071
23.66382066914896,13.427403741262903,8.509070963834926
23.697876796923637,11.039117772623623,7.034390939425725
23.697876796923637,14.059633569263545,9.361069560257835
7.640204381638384,18.942563027120464,9.297831238363736
23.66382066914896,14.059633569263545,10.726918352763544
23.697876796923637,14.059633569263545,10.844925833236394
23.697876796923637,14.059633569263545,10.210185988960736
23.697876796923637,14.059633569263545,10.844925833236394
23.697876796923637,14.059633569263545,8.902588837380739
23.697876796923637,6.046425202262347,10.823223196139457
7.640204381638384,18.942563027120464,9.297831238363736
23.697876796923637,14.059633569263545,10.334142133503127
23.697876796923637,2.374110824003969,0.10208042787340993
23.051608988072307,14.059633569263545,9.164009854969903
27.43185018913637,16.132783266072217,10.497142505884142
23.697876796923637,14.059633569263545,10.234589379061983
23.697876796923637,14.059633569263545,10.606162514840234
23.697876796923637,14.059633569263545,9.750284144453817
23.66382066914896,14.059633569263545,10.384002029056935
23.576705016150903,23.528230113277672,5.558872057499088
28.215381372267032,14.059633569263545,7.3106823406311925
23.697876796923637,11.039117772623623,7.034390939425725
23.66382066914896,14.059633569263545,10.726918352763544
23.66382066914896,14.059633569263545,10.726918352763544
23.697876796923637,14.059633569263545,9.137113037836375
7.640204381638384,18.942563027120464,9.297831238363736
23.051608988072307,14.059633569263545,9.164009854969903
23.697876796923637,14.059633569263545,10.210185988960736
23.697876796923637,14.059633569263545,10.234589379061983
23.66382066914896,14.059633569263545,10.384002029056935
23.697876796923637,14.059633569263545,10.844925833236394
40.62874223087567,4.632242550701925,0.09166311623144047
23.697876796923637,2.374110824003969,0.10208042787340993
28.633948280737307,14.059633569263545,8.424989022767653
23.697876796923637,14.61756113246913,9.951896698113071
23.697876796923637,14.059633569263545,8.99350202048185
23.697876796923637,12.689973672709343,7.957586765985282
23.697876796923637,14.059633569263545,8.902588837380739
23.697876796923637,14.059633569263545,10.606162514840234
23.697876796923637,11.039117772623623,7.034390939425725
23.66382066914896,19.644954979333228,9.96699079598955
23.697876796923637,14.648784628168789,9.207980204184251
23.66382066914896,13.427403741262903,8.509070963834926
23.697876796923637,14.059633569263545,8.99350202048185
23.697876796923637,14.059633569263545,10.210185988960736
23.697876796923637,14.059633569263545,9.750284144453817
23.697876796923637,14.059633569263545,9.137113037836375
23.697876796923637,14.059633569263545,10.334142133503127
23.66382066914896,14.059633569263545,10.384002029056935
23.697876796923637,14.059633569263545,10.629299452760954
23.697876796923637,14.61756113246913,8.77546438352435
40.62874223087567,4.632242550701925,0.09166311623144047
23.697876796923637,14.059633569263545,10.234589379061983
23.697876796923637,14.059633569263545,10.844925833236394
23.697876796923637,14.059633569263545,9.568871600324147
23.697876796923637,11.039117772623623,7.034390939425725
23.697876796923637,14.059633569263545,10.521091984733948
23.697876796923637,14.059633569263545,9.361069560257835
23.051608988072307,14.059633569263545,9.164009854969903
23.66382066914896,14.059633569263545,10.726918352763544
23.697876796923637,14.61756113246913,9.951896698113071
23.697876796923637,14.822850578853279,8.78466668220639
23.697876796923637,14.059633569263545,10.509926076817495
23.697876796923637,14.059633569263545,10.213671314021605
23.697876796923637,14.059633569263545,8.902588837380739
23.697876796923637,14.059633569263545,10.606162514840234
23.697876796923637,14.059633569263545,9.361069560257835
23.697876796923637,14.059633569263545,10.210185988960736
23.697876796923637,14.059633569263545,10.234589379061983
23.697876796923637,14.059633569263545,10.205631181336814
23.697876796923637,14.059633569263545,10.334142133503127
23.697876796923637,11.039117772623623,7.034390939425725
23.697876796923637,14.059633569263545,10.521091984733948
23.697876796923637,14.059633569263545,10.513413400690158
23.576705016150903,23.528230113277672,5.558872057499088
28.633948280737307,14.059633569263545,8.424989022767653
23.697876796923637,14.059633569263545,9.568871600324147
19.98650931978299,14.059633569263545,8.919399159591514
23.697876796923637,2.374110824003969,0.10208042787340993
23.697876796923637,14.648784628168789,9.207980204184251
23.697876796923637,14.059633569263545,10.031622337367876
27.43185018913637,16.132783266072217,10.497142505884142
23.697876796923637,14.059633569263545,9.137113037836375
23.697876796923637,14.059633569263545,8.902588837380739
23.697876796923637,14.61756113246913,9.969356452505682
23.697876796923637,23.120224204173375,5.8822201849414535
6.748916041354235,14.059633569263545,3.1120510961542207
23.697876796923637,14.059633569263545,10.844925833236394
23.66382066914896,15.545425154187857,9.627767175283651
23.697876796923637,14.059633569263545,9.520158400148455
23.697876796923637,14.059633569263545,9.806007319074427
23.697876796923637,14.648784628168789,10.017269797283934
23.051608988072307,14.059633569263545,9.164009854969903
41.21268418395019,25.25746758397291,9.691320893599993
23.697876796923637,14.822850578853279,8.78466668220639
23.697876796923637,5.023664627201072,0.1044452376695337
23.697876796923637,14.059633569263545,10.063961886137397
23.697876796923637,14.059633569263545,8.985464470211731
23.697876796923637,14.059633569263545,10.193798476820174
23.697876796923637,14.61756113246913,8.77546438352435
40.62874223087567,4.632242550701925,0.09166311623144047
23.697876796923637,10.493633675063156,6.757550698462901
23.697876796923637,14.059633569263545,9.750284144453817
23.697876796923637,12.689973672709343,7.957586765985282
23.66382066914896,14.059633569263545,10.384002029056935
23.697876796923637,14.059633569263545,8.935918650171747
