27.313765072748065,12.953990171364076,4.661181632989248
15.63812427145087,6.137201192658768,4.862090820484883
23.052431319003624,11.637638720317733,7.518339529908112
18.183796896181505,15.22958820082132,6.7008006518406615
16.877353831322168,15.912845566706885,5.792222236921633
23.66382066914896,14.913046092601956,8.686884952854061
31.171154687830974,15.768731432664435,8.935789665541181
34.36537478312077,16.317028380079428,4.819351590102038
18.183796896181505,15.22958820082132,6.928050971987943
15.963992068530345,9.25303621914722,9.598729080219812
23.66382066914896,14.913046092601956,8.202124120181157
15.217344882364847,14.750442841107613,5.764306072041783
19.403818797920223,0.6535442503728923,4.986684522141196
23.66382066914896,10.872436777289392,7.425709461781163
13.748036529817963,12.681869304695063,6.201469734564032
18.67025275826634,15.22958820082132,7.502421097667594
17.620884375741312,16.748025169447885,5.88583453079374
15.53146258260268,12.109415378988558,8.047478317284698
23.66382066914896,11.785102393338175,8.165648377204295
23.73210886282683,16.748025169447885,8.454452429496849
23.66382066914896,14.913046092601956,9.558161633635542
38.235416181645824,15.224395536253652,4.675201572233708
21.474232517260013,15.22958820082132,8.68788815260619
33.81304523882809,16.65652900222517,6.18617523134644
16.436098852915176,16.84374917166337,6.157950737264333
15.963992068530345,11.785102393338175,8.765055172631842
18.183796896181505,15.22958820082132,6.941277813838315
23.66382066914896,14.913046092601956,9.80288136425312
29.860881690744655,13.694096724883565,8.800700154047203
32.70159956627291,11.785102393338175,3.612797118567795
15.963992068530345,13.694096724883565,6.445710069269752
21.474232517260013,11.785102393338175,8.556187753900602
21.168520126196213,11.263362437676097,9.103426412157248
15.963992068530345,14.913046092601956,6.452870589968402
12.544165787063193,14.059633569263545,6.416682809113908
23.66382066914896,14.913046092601956,8.894634218405756
23.66382066914896,14.913046092601956,8.840159150451726
18.67025275826634,14.808156376689936,7.242024648047007
14.469307134665321,15.494150653137527,5.187717647346426
34.52253274744818,17.408027251705715,7.593099318849095
15.963992068530345,11.785102393338175,7.052349105241353
7.409062237981978,12.404736746115393,3.7712365416336517
19.387702521692283,12.693394754630608,7.73437903162624
53.86570566416853,17.429907968767125,1.424876254170396
23.66382066914896,10.872436777289392,6.691378561706664
15.963992068530345,14.059633569263545,7.106536768145395
23.66382066914896,14.913046092601956,8.781591132654437
26.9656598772784,16.429472806750756,10.459745979490819
18.183796896181505,15.494150653137527,6.750781055226821
23.73210886282683,16.748025169447885,7.85378816800482
20.79177693080726,12.693394754630608,6.226598064806897
16.978511287385608,13.694096724883565,7.322357771390387
15.963992068530345,11.785102393338175,6.98540372199289
23.66382066914896,11.785102393338175,8.165648377204295
16.978511287385608,13.995725651376684,7.316006431287517
15.963992068530345,5.973318648614142,3.658645403623331
18.183796896181505,6.846280835680668,4.415102884179299
23.66382066914896,14.059633569263545,10.29267486319135
23.66382066914896,14.059633569263545,9.770533769334701
15.963992068530345,11.785102393338175,7.607760265391239
8.262127547053272,15.22958820082132,3.436174991121599
23.66382066914896,13.692040870048121,8.82960468347448
18.67025275826634,14.913046092601956,7.553097418021481
18.67025275826634,13.692040870048121,7.958016412998287
18.67025275826634,13.692040870048121,8.551183270748808
18.67025275826634,13.692040870048121,7.646731441299647
23.66382066914896,14.913046092601956,8.202124120181157
23.66382066914896,15.22958820082132,8.143405749552663
15.684477483118673,2.444700124071794,0.10575736935451822
15.963992068530345,14.059633569263545,7.212499184528805
33.39516594302606,11.785102393338175,7.385256110296579
21.474232517260013,14.059633569263545,8.073220392018321
23.66382066914896,14.913046092601956,8.202124120181157
21.474232517260013,15.494150653137527,7.557497749106171
11.837056169631502,14.913046092601956,6.204842835326345
18.680009383001224,13.692040870048121,7.64849573356269
18.67025275826634,14.913046092601956,8.191066953149573
23.66382066914896,14.913046092601956,8.202124120181157
15.963992068530345,11.785102393338175,7.320089922248274
6.646571318908448,11.785102393338175,5.715898853902917
