27.43185018913637,16.132783266072217,9.053504446244482
27.43185018913637,16.132783266072217,9.053504446244482
27.43185018913637,16.132783266072217,9.053504446244482
27.43185018913637,16.132783266072217,9.053504446244482
27.43185018913637,16.132783266072217,9.053504446244482
27.43185018913637,16.132783266072217,9.053504446244482
27.43185018913637,16.132783266072217,9.053504446244482
27.43185018913637,16.132783266072217,9.053504446244482
23.66382066914896,6.564839213990668,9.627767175283651
27.43185018913637,16.132783266072217,9.053504446244482
23.66382066914896,6.564839213990668,9.627767175283651
37.188285871379485,14.059633569263545,4.110829811618299
27.43185018913637,16.132783266072217,9.053504446244482
23.66382066914896,6.564839213990668,9.627767175283651
27.43185018913637,16.132783266072217,9.053504446244482
23.697876796923637,6.046425202262347,0.10161406430619595
27.43185018913637,16.132783266072217,9.053504446244482
23.697876796923637,6.046425202262347,0.10161406430619595
23.697876796923637,12.040129544104882,10.334142133503127
23.66382066914896,6.564839213990668,9.627767175283651
37.188285871379485,14.059633569263545,4.110829811618299
23.697876796923637,12.040129544104882,10.334142133503127
27.43185018913637,16.132783266072217,9.053504446244482
37.188285871379485,14.059633569263545,4.110829811618299
23.66382066914896,14.059633569263545,10.51887167578006
23.697876796923637,14.059633569263545,9.826744365626718
27.43185018913637,16.132783266072217,9.053504446244482
23.66382066914896,6.564839213990668,9.627767175283651
23.66382066914896,14.059633569263545,10.51887167578006
23.697876796923637,14.059633569263545,9.620483881001178
23.697876796923637,12.040129544104882,10.334142133503127
27.43185018913637,16.132783266072217,9.053504446244482
23.697876796923637,14.059633569263545,9.826744365626718
23.66382066914896,6.564839213990668,9.627767175283651
27.43185018913637,16.132783266072217,9.053504446244482
37.188285871379485,14.059633569263545,4.110829811618299
23.697876796923637,14.059633569263545,9.826744365626718
23.697876796923637,6.046425202262347,0.10161406430619595
23.697876796923637,12.040129544104882,10.334142133503127
23.697876796923637,14.059633569263545,9.826744365626718
27.43185018913637,16.132783266072217,9.053504446244482
23.697876796923637,6.046425202262347,0.10161406430619595
23.66382066914896,6.564839213990668,9.627767175283651
27.43185018913637,16.132783266072217,9.053504446244482
34.05095231458003,22.110361791505973,9.482098545766464
23.697876796923637,14.059633569263545,9.826744365626718
0.46425259935731233,14.059633569263545,0.2095788358768442
23.66382066914896,6.564839213990668,9.627767175283651
37.188285871379485,14.059633569263545,4.110829811618299
23.66382066914896,14.059633569263545,10.51887167578006
23.697876796923637,14.059633569263545,9.620483881001178
27.43185018913637,16.132783266072217,9.053504446244482
23.66382066914896,14.059633569263545,10.173624543792524
37.188285871379485,14.059633569263545,4.110829811618299
23.697876796923637,14.059633569263545,9.826744365626718
23.66382066914896,6.564839213990668,9.627767175283651
23.66382066914896,14.059633569263545,10.51887167578006
23.697876796923637,12.040129544104882,10.334142133503127
23.697876796923637,14.059633569263545,9.620483881001178
23.697876796923637,6.046425202262347,0.10161406430619595
23.66382066914896,14.059633569263545,10.173624543792524
23.697876796923637,14.61756113246913,9.126750498263457
0.46425259935731233,14.059633569263545,0.2095788358768442
34.05095231458003,22.110361791505973,9.482098545766464
23.66382066914896,14.059633569263545,10.51887167578006
23.697876796923637,14.059633569263545,9.620483881001178
23.697876796923637,6.046425202262347,0.09161151172095312
23.697876796923637,12.040129544104882,10.334142133503127
27.43185018913637,16.132783266072217,9.053504446244482
23.697876796923637,6.046425202262347,0.10161406430619595
0.40345643285385435,13.240342765160468,0.17978433693438625
23.697876796923637,14.059633569263545,9.826744365626718
23.66382066914896,14.059633569263545,10.173624543792524
37.188285871379485,14.059633569263545,4.110829811618299
23.66382066914896,14.059633569263545,10.51887167578006
23.66382066914896,14.059633569263545,10.51887167578006
23.697876796923637,14.059633569263545,9.620483881001178
23.697876796923637,6.046425202262347,0.10161406430619595
23.66382066914896,14.059633569263545,10.173624543792524
23.697876796923637,14.61756113246913,9.126750498263457
23.697876796923637,14.059633569263545,10.166440391980045
0.40345643285385435,13.240342765160468,0.17978433693438625
23.697876796923637,14.648784628168789,10.284624854459237
0.46425259935731233,14.059633569263545,0.2095788358768442
23.697876796923637,14.059633569263545,10.166440391980045
23.697876796923637,14.059633569263545,9.620483881001178
23.697876796923637,14.059633569263545,9.826744365626718
23.697876796923637,12.040129544104882,10.334142133503127
23.66382066914896,14.059633569263545,10.173624543792524
22.47860558480744,14.059633569263545,9.682740438534948
23.697876796923637,14.61756113246913,10.582148727936652
23.697876796923637,6.046425202262347,0.10161406430619595
23.697876796923637,14.059633569263545,10.24621798731906
34.05095231458003,22.110361791505973,9.482098545766464
23.66382066914896,14.059633569263545,10.51887167578006
23.697876796923637,14.61756113246913,9.126750498263457
0.4023212434169601,14.822850578853279,0.1667665086592498
23.697876796923637,14.059633569263545,9.612990505117411
23.697876796923637,14.059633569263545,9.765182165366298
0.40345643285385435,13.240342765160468,0.17978433693438625
34.05095231458003,22.110361791505973,9.482098545766464
23.697876796923637,14.059633569263545,9.620483881001178
23.697876796923637,6.046425202262347,0.10161406430619595
23.697876796923637,12.040129544104882,10.334142133503127
23.697876796923637,14.059633569263545,10.24621798731906
19.98650931978299,14.499890544154836,9.279845701716322
23.697876796923637,14.648784628168789,10.284624854459237
16.276684126319505,14.059633569263545,7.383527325824012
27.43185018913637,16.132783266072217,9.053504446244482
23.697876796923637,14.059633569263545,10.767640230922414
23.66382066914896,6.564839213990668,9.627767175283651
23.697876796923637,14.059633569263545,9.159625643622608
0.4023212434169601,14.822850578853279,0.1667665086592498
23.697876796923637,14.648784628168789,8.845808291908915
23.697876796923637,14.059633569263545,9.497337040162098
23.697876796923637,14.61756113246913,10.582148727936652
23.697876796923637,14.059633569263545,9.826744365626718
23.66382066914896,14.059633569263545,10.173624543792524
23.85157359402447,13.414388254277998,8.869435795029506
0.46425259935731233,14.059633569263545,0.2095788358768442
23.85157359402447,13.414388254277998,8.869435795029506
23.697876796923637,14.059633569263545,9.214305277332192
23.697876796923637,14.648784628168789,10.284624854459237
23.697876796923637,14.648784628168789,9.355277234288915
34.05095231458003,22.110361791505973,9.482098545766464
23.697876796923637,14.059633569263545,10.665545375412977
23.697876796923637,14.059633569263545,9.962417910462106
23.697876796923637,14.059633569263545,10.767640230922414
19.98650931978299,14.499890544154836,9.279845701716322
23.697876796923637,14.059633569263545,9.765182165366298
23.697876796923637,12.585551159288936,8.125725353520451
23.697876796923637,14.059633569263545,10.24621798731906
23.697876796923637,22.325735097105067,9.264092851629295
23.66382066914896,14.059633569263545,10.51887167578006
23.697876796923637,6.450094323216843,0.09712671314695626
23.697876796923637,6.046425202262347,0.10161406430619595
37.188285871379485,14.059633569263545,4.110829811618299
0.40345643285385435,13.240342765160468,0.17978433693438625
23.697876796923637,14.059633569263545,10.166440391980045
23.697876796923637,14.059633569263545,9.826744365626718
22.47860558480744,14.059633569263545,9.682740438534948
14.663085648852775,14.059633569263545,6.280555890789385
23.697876796923637,14.059633569263545,10.721587277089936
16.276684126319505,14.059633569263545,7.383527325824012
23.697876796923637,14.61756113246913,10.582148727936652
23.051608988072307,14.059633569263545,9.29397939879326
22.47860558480744,14.059633569263545,9.682740438534948
23.697876796923637,14.059684723095563,9.244374629647378
23.697876796923637,14.648784628168789,9.355277234288915
23.697876796923637,14.059633569263545,10.665545375412977
23.697876796923637,14.648784628168789,8.845808291908915
23.697876796923637,14.059633569263545,9.159625643622608
23.697876796923637,14.059633569263545,9.612990505117411
0.4023212434169601,14.822850578853279,0.1667665086592498
14.663085648852775,14.059633569263545,6.280555890789385
23.697876796923637,14.059633569263545,10.721587277089936
23.697876796923637,14.059633569263545,9.826744365626718
0.40345643285385435,13.240342765160468,0.17978433693438625
23.697876796923637,14.059633569263545,10.767640230922414
23.697876796923637,14.059633569263545,9.214305277332192
23.697876796923637,14.059633569263545,10.372385450905375
23.697876796923637,6.450094323216843,0.09712671314695626
27.43185018913637,16.132783266072217,9.053504446244482
23.66382066914896,14.059633569263545,10.51887167578006
23.697876796923637,14.059633569263545,9.310244509410396
23.697876796923637,14.648784628168789,9.681551558955901
23.697876796923637,14.059633569263545,9.962417910462106
23.697876796923637,12.585551159288936,8.125725353520451
23.697876796923637,6.046425202262347,0.10161406430619595
23.85157359402447,13.414388254277998,8.869435795029506
23.697876796923637,14.059633569263545,10.24621798731906
23.697876796923637,6.450094323216843,0.09712671314695626
23.697876796923637,14.648784628168789,8.839156941377325
16.276684126319505,14.059633569263545,7.383527325824012
23.697876796923637,10.377601406886058,6.615653469195529
23.66382066914896,14.059633569263545,10.173624543792524
14.663085648852775,14.059633569263545,6.280555890789385
0.46425259935731233,14.059633569263545,0.2095788358768442
23.697876796923637,14.61756113246913,10.475419350185833
23.697876796923637,14.648784628168789,9.681551558955901
23.697876796923637,14.648784628168789,8.845808291908915
23.697876796923637,14.059633569263545,9.538097581517748
23.697876796923637,14.059633569263545,9.620483881001178
23.051608988072307,14.61756113246913,8.653646009244731
23.85157359402447,13.414388254277998,8.869435795029506
23.697876796923637,14.059633569263545,10.227516646243595
23.051608988072307,14.059633569263545,9.29397939879326
23.697876796923637,14.059633569263545,9.497337040162098
23.697876796923637,6.046425202262347,0.10161406430619595
23.697876796923637,14.059633569263545,9.765182165366298
0.4023212434169601,14.822850578853279,0.1667665086592498
23.697876796923637,12.585551159288936,8.125725353520451
23.697876796923637,14.648784628168789,9.355277234288915
23.697876796923637,14.059633569263545,10.721587277089936
23.697876796923637,14.059633569263545,9.159625643622608
23.697876796923637,12.862005819875906,8.99424122678252
0.40345643285385435,13.240342765160468,0.17978433693438625
23.697876796923637,14.648784628168789,9.821486163745856
23.697876796923637,14.059633569263545,10.767640230922414
23.697876796923637,14.059633569263545,10.375117526268404
23.697876796923637,14.059633569263545,10.24621798731906
23.697876796923637,6.046425202262347,0.09161151172095312
23.697876796923637,14.059633569263545,10.665545375412977
23.66382066914896,14.059633569263545,10.51887167578006
23.697876796923637,14.059633569263545,10.059345398969834
23.697876796923637,14.059633569263545,9.826744365626718
23.697876796923637,14.61756113246913,9.126750498263457
37.188285871379485,14.059633569263545,4.110829811618299
23.697876796923637,6.046425202262347,0.10568783766123808
23.697876796923637,14.059633569263545,9.924884710423202
23.697876796923637,14.059633569263545,9.214305277332192
