23.66382066914896,14.059633569263545,10.518136768521455
23.66382066914896,14.059633569263545,10.287313615470438
26.9656598772784,16.429472806750756,10.476363308595602
23.66382066914896,14.059633569263545,9.281460827465517
23.66382066914896,14.059633569263545,9.48403717537261
26.74306485883038,14.059633569263545,9.409638935438222
26.300712179235507,15.22958820082132,10.042244945010372
23.66382066914896,14.255592023782068,10.84025231327114
23.66382066914896,14.059633569263545,10.518136768521455
23.66382066914896,14.059633569263545,9.281460827465517
23.66382066914896,14.059633569263545,9.48403717537261
23.07584864863443,13.692040870048121,9.09443547377735
23.66382066914896,14.059633569263545,10.287313615470438
23.66382066914896,14.059633569263545,9.48403717537261
23.66382066914896,14.059633569263545,10.518136768521455
23.66382066914896,14.059633569263545,10.287313615470438
23.07584864863443,13.692040870048121,9.09443547377735
23.66382066914896,14.059633569263545,9.281460827465517
26.300712179235507,15.22958820082132,10.042244945010372
26.74306485883038,14.059633569263545,9.409638935438222
23.697876796923637,14.059633569263545,10.467935545072978
23.66382066914896,14.059633569263545,10.287313615470438
23.697876796923637,14.059633569263545,10.319306508727085
23.66382066914896,14.059633569263545,10.518136768521455
26.9656598772784,16.429472806750756,10.476363308595602
23.07584864863443,13.692040870048121,9.09443547377735
23.66382066914896,14.059633569263545,10.287313615470438
23.697876796923637,14.059633569263545,10.319306508727085
23.66382066914896,14.059633569263545,9.281460827465517
26.74306485883038,14.059633569263545,9.409638935438222
23.66382066914896,14.059633569263545,10.518136768521455
23.697876796923637,14.059633569263545,10.467935545072978
23.66382066914896,14.059633569263545,9.281460827465517
23.697876796923637,14.059633569263545,10.467935545072978
23.66382066914896,14.255592023782068,10.84025231327114
23.66382066914896,14.059633569263545,9.48403717537261
23.66382066914896,14.059633569263545,10.287313615470438
23.66382066914896,14.059633569263545,9.880134787780108
23.66382066914896,14.059633569263545,10.518136768521455
23.697876796923637,14.059633569263545,10.758594292709079
26.74306485883038,14.059633569263545,9.409638935438222
23.07584864863443,13.692040870048121,9.09443547377735
26.300712179235507,15.22958820082132,10.042244945010372
23.66382066914896,14.059633569263545,10.287313615470438
23.697876796923637,14.059633569263545,10.467935545072978
26.74306485883038,14.059633569263545,9.409638935438222
23.66382066914896,14.059633569263545,9.281460827465517
23.697876796923637,14.059633569263545,10.758594292709079
23.66382066914896,14.255592023782068,10.84025231327114
23.697876796923637,14.059633569263545,10.319306508727085
26.9656598772784,16.429472806750756,10.476363308595602
23.07584864863443,13.692040870048121,9.09443547377735
23.66382066914896,14.059633569263545,9.281460827465517
23.697876796923637,14.059633569263545,10.467935545072978
23.66382066914896,14.059633569263545,10.39572791567529
23.697876796923637,14.059633569263545,10.758594292709079
23.66382066914896,14.059633569263545,9.880134787780108
23.66382066914896,14.255592023782068,10.84025231327114
27.984883388880938,5.382507219203967,8.786013903413364
26.74306485883038,14.059633569263545,9.409638935438222
23.576705016150903,14.059633569263545,10.389470676599974
23.66382066914896,14.255592023782068,10.84025231327114
23.66382066914896,14.059633569263545,10.473418454277084
23.66382066914896,14.059633569263545,9.48403717537261
23.66382066914896,14.059633569263545,10.39572791567529
26.9656598772784,16.429472806750756,10.476363308595602
27.984883388880938,5.382507219203967,8.786013903413364
26.300712179235507,15.22958820082132,10.042244945010372
23.66382066914896,14.059633569263545,10.287313615470438
23.66382066914896,14.059633569263545,10.518136768521455
23.66382066914896,14.059633569263545,9.281460827465517
23.66382066914896,14.255592023782068,10.84025231327114
23.576705016150903,14.059633569263545,10.389470676599974
23.66382066914896,14.059633569263545,10.287313615470438
23.697876796923637,14.059633569263545,10.758594292709079
23.697876796923637,14.059633569263545,10.320828721570074
26.9656598772784,16.429472806750756,10.476363308595602
23.66382066914896,14.059633569263545,10.473418454277084
23.66382066914896,14.059633569263545,10.39572791567529
23.66382066914896,14.059633569263545,9.281460827465517
23.697876796923637,14.059633569263545,10.467935545072978
23.66382066914896,14.059633569263545,9.880134787780108
23.697876796923637,14.059633569263545,9.481529602876051
23.66382066914896,14.059633569263545,10.287313615470438
23.66382066914896,14.059633569263545,9.48403717537261
23.66382066914896,14.059633569263545,9.880134787780108
27.984883388880938,5.382507219203967,8.786013903413364
23.697876796923637,14.059633569263545,9.686867949801325
26.300712179235507,15.22958820082132,10.042244945010372
23.66382066914896,14.059633569263545,10.518136768521455
23.697876796923637,14.059633569263545,10.467935545072978
23.697876796923637,14.059633569263545,10.758594292709079
23.697876796923637,14.059633569263545,10.319306508727085
23.697876796923637,14.059633569263545,9.481529602876051
23.66382066914896,14.059633569263545,10.473418454277084
23.576705016150903,14.059633569263545,10.389470676599974
23.576705016150903,14.059633569263545,10.389470676599974
23.66382066914896,14.059633569263545,9.855778180846572
23.66382066914896,14.059633569263545,10.473418454277084
23.697876796923637,14.059633569263545,9.686867949801325
23.66382066914896,14.059633569263545,10.287313615470438
23.66382066914896,14.059633569263545,10.39572791567529
23.07584864863443,13.692040870048121,9.09443547377735
23.66382066914896,14.255592023782068,10.84025231327114
26.74306485883038,14.059633569263545,9.409638935438222
23.697876796923637,14.059633569263545,9.481529602876051
27.984883388880938,5.382507219203967,8.786013903413364
27.984883388880938,5.382507219203967,8.786013903413364
23.66382066914896,14.059633569263545,9.48403717537261
23.66382066914896,14.059633569263545,10.473418454277084
26.74306485883038,14.059633569263545,9.409638935438222
23.07584864863443,13.692040870048121,9.09443547377735
23.697876796923637,14.059633569263545,10.758594292709079
26.300712179235507,15.22958820082132,10.042244945010372
22.92974703052576,14.059633569263545,9.915942673866438
23.697876796923637,14.059633569263545,10.467935545072978
23.66382066914896,14.059633569263545,10.39572791567529
23.66382066914896,14.059633569263545,9.855778180846572
23.66382066914896,14.059633569263545,9.48403717537261
22.92974703052576,14.059633569263545,9.915942673866438
23.66382066914896,14.059633569263545,9.681745862198484
23.66382066914896,14.059633569263545,9.445089961147298
27.984883388880938,5.382507219203967,8.786013903413364
26.933820070060285,12.77421551865848,7.603986957153808
23.66382066914896,14.059633569263545,10.287313615470438
23.66382066914896,14.059633569263545,9.855778180846572
23.66382066914896,14.059633569263545,10.518136768521455
23.07584864863443,13.692040870048121,9.09443547377735
23.697876796923637,14.059633569263545,9.686867949801325
23.697876796923637,14.059633569263545,10.320828721570074
23.697876796923637,18.781628499977398,7.204947070498683
23.697876796923637,14.059633569263545,10.467935545072978
23.66382066914896,14.059633569263545,9.281460827465517
23.66382066914896,14.059633569263545,10.473418454277084
27.984883388880938,5.382507219203967,8.786013903413364
23.697876796923637,14.059633569263545,9.131422707008888
23.697876796923637,14.059633569263545,9.686867949801325
23.66382066914896,14.059633569263545,10.630155007039136
23.66382066914896,14.059633569263545,9.281460827465517
23.66382066914896,14.059633569263545,10.473418454277084
23.66382066914896,14.059633569263545,9.48403717537261
23.66382066914896,14.059633569263545,9.855778180846572
23.66382066914896,14.255592023782068,10.84025231327114
25.545280094442262,14.059633569263545,8.83139784514382
23.66382066914896,14.059633569263545,9.681745862198484
26.933820070060285,12.77421551865848,7.603986957153808
23.697876796923637,14.059633569263545,10.320828721570074
23.697876796923637,14.059633569263545,9.481529602876051
26.74306485883038,14.059633569263545,9.409638935438222
25.545280094442262,14.059633569263545,8.83139784514382
23.66382066914896,14.059633569263545,9.445089961147298
23.66382066914896,14.255592023782068,10.84025231327114
23.697876796923637,14.059633569263545,9.260825921933298
21.82066184400841,25.06223043494237,4.848868323719623
23.66382066914896,14.059633569263545,9.390945524126028
23.697876796923637,14.059633569263545,10.467935545072978
23.66382066914896,14.059633569263545,10.630155007039136
26.9656598772784,16.429472806750756,10.476363308595602
26.300712179235507,15.22958820082132,10.042244945010372
23.66382066914896,14.059633569263545,10.473418454277084
23.697876796923637,14.059633569263545,10.023994040552413
23.697876796923637,14.059633569263545,10.758594292709079
23.66382066914896,14.059633569263545,9.880134787780108
23.66382066914896,14.059633569263545,9.855778180846572
26.933820070060285,12.77421551865848,7.603986957153808
23.576705016150903,14.059633569263545,10.389470676599974
23.697876796923637,14.059633569263545,10.758594292709079
23.697876796923637,14.059633569263545,9.134128541069009
23.66382066914896,14.059633569263545,10.39572791567529
27.984883388880938,5.382507219203967,8.786013903413364
23.576705016150903,14.059633569263545,10.389470676599974
23.66382066914896,14.059633569263545,10.518136768521455
23.66382066914896,14.059633569263545,9.445089961147298
23.697876796923637,14.059633569263545,10.467935545072978
26.9656598772784,16.429472806750756,10.476363308595602
23.66382066914896,14.059633569263545,10.473418454277084
23.66382066914896,14.059633569263545,9.281460827465517
21.82066184400841,25.06223043494237,4.848868323719623
23.697876796923637,7.881802593588238,2.02146252246459
23.697876796923637,14.059633569263545,10.319306508727085
23.697876796923637,14.059633569263545,9.481529602876051
23.66382066914896,14.059633569263545,10.630155007039136
23.66382066914896,14.059633569263545,9.880134787780108
23.697876796923637,14.059633569263545,9.601031489582752
23.66382066914896,14.059633569263545,10.7118544391851
23.697876796923637,14.059633569263545,10.467935545072978
23.07584864863443,13.692040870048121,9.09443547377735
23.697876796923637,14.059633569263545,9.601031489582752
23.697876796923637,14.059633569263545,10.851548304244604
23.66382066914896,14.059633569263545,9.855778180846572
23.66382066914896,14.059633569263545,10.629351087266727
21.82066184400841,25.06223043494237,4.848868323719623
23.697876796923637,14.059633569263545,10.023994040552413
27.984883388880938,5.382507219203967,8.786013903413364
25.545280094442262,14.059633569263545,8.83139784514382
23.66382066914896,14.059633569263545,9.14472673430936
36.86682007528643,14.059633569263545,4.06591257921621
23.66382066914896,14.059633569263545,10.39572791567529
23.66382066914896,14.059633569263545,9.681745862198484
23.697876796923637,14.059633569263545,10.320828721570074
23.66382066914896,14.255592023782068,10.84025231327114
23.697876796923637,14.059633569263545,10.261203763184964
23.697876796923637,14.059633569263545,9.343383400548673
32.21302661974905,14.059633569263545,6.096386250548031
23.697876796923637,14.059633569263545,10.758594292709079
23.697876796923637,7.881802593588238,2.02146252246459
23.66382066914896,14.059633569263545,9.445089961147298
26.933820070060285,12.77421551865848,7.603986957153808
23.66382066914896,14.059633569263545,9.281460827465517
26.74306485883038,14.059633569263545,9.409638935438222
23.66382066914896,14.059633569263545,10.518136768521455
23.697876796923637,14.059633569263545,9.260825921933298
26.9656598772784,16.429472806750756,10.476363308595602
23.697876796923637,18.781628499977398,7.204947070498683
23.697876796923637,14.059633569263545,10.164968316157932
23.697876796923637,14.059633569263545,9.481529602876051
23.697876796923637,14.059633569263545,9.243893957600697
23.66382066914896,14.059633569263545,9.281460827465517
26.9656598772784,16.429472806750756,10.476363308595602
23.66382066914896,14.059633569263545,10.518136768521455
23.07584864863443,13.692040870048121,9.09443547377735
23.697876796923637,7.881802593588238,2.02146252246459
20.919251372050745,14.059633569263545,8.839641053216559
23.66382066914896,17.660194978493802,7.886886554163889
23.66382066914896,29.250553210653568,5.080731449408708
23.697876796923637,14.059633569263545,10.261203763184964
23.697876796923637,14.059633569263545,10.320828721570074
23.697876796923637,14.059633569263545,10.467935545072978
23.697876796923637,14.059633569263545,10.164968316157932
23.697876796923637,14.059633569263545,9.481529602876051
23.66382066914896,14.059633569263545,9.855778180846572
23.66382066914896,14.059633569263545,9.438378263041383
21.82066184400841,25.06223043494237,4.848868323719623
4.770161273714436,10.983582822135917,2.4946391447182914
23.697876796923637,14.059633569263545,9.260825921933298
26.933820070060285,12.77421551865848,7.603986957153808
23.697876796923637,23.646335820774276,5.525815229348269
20.389312510421213,14.059633569263545,9.068653522021105
23.697876796923637,18.781628499977398,7.204947070498683
23.697876796923637,14.059633569263545,10.851548304244604
36.86682007528643,14.059633569263545,4.06591257921621
23.66382066914896,14.059633569263545,10.7118544391851
23.697876796923637,14.059633569263545,9.343383400548673
32.21302661974905,14.059633569263545,6.096386250548031
23.697876796923637,14.059633569263545,10.758594292709079
23.697876796923637,14.059633569263545,10.507956253294884
31.961391352539295,5.691737449215024,0.1061259831281253
23.697876796923637,18.438137494522636,8.016726700119676
23.697876796923637,14.059633569263545,10.023994040552413
23.66382066914896,14.059633569263545,9.14472673430936
23.697876796923637,14.059633569263545,9.131422707008888
23.66382066914896,14.059633569263545,10.630155007039136
23.697876796923637,14.059633569263545,10.319306508727085
23.697876796923637,14.059633569263545,10.317380733424566
23.66382066914896,14.059633569263545,9.850870482559964
23.697876796923637,14.059633569263545,9.686867949801325
