23.697876796923637,11.005981939346011,7.76780882006431
23.697876796923637,14.059633569263545,9.312887498222533
23.697876796923637,29.358585338678367,7.834490787507598
23.697876796923637,2.9745046377854703,0.09145137485994348
23.697876796923637,14.059633569263545,9.046277014758235
32.46348323275384,14.059633569263545,6.350656343336301
26.402095811595657,14.61756113246913,10.041346020098967
23.697876796923637,14.059633569263545,9.81230811363458
23.697876796923637,14.059633569263545,8.895859360564746
2.6049709462302175,14.059633569263545,1.1340575515948907
2.7739361775340434,14.059633569263545,1.2868239459491724
12.047352563266763,14.059633569263545,4.994489206149258
23.697876796923637,14.059633569263545,9.175537473787468
16.530917447651074,14.648784628168789,8.817621657879295
23.697876796923637,7.504696816158858,6.268342256130898
23.697876796923637,14.059633569263545,10.854573266568021
23.697876796923637,14.059633569263545,10.867347039135197
23.697876796923637,14.059633569263545,9.908053451873553
11.647972530172346,3.014275880169981,10.76747574422693
23.697876796923637,16.901233455131226,10.368510126460434
23.697876796923637,14.059633569263545,9.05012252896315
23.697876796923637,19.399335556325795,10.157268752013412
23.697876796923637,14.059633569263545,9.105318731387875
23.697876796923637,15.074001015213883,8.983514802541649
23.697876796923637,14.474930555722652,10.56848142488309
23.697876796923637,14.059633569263545,10.393535729604995
23.697876796923637,14.059633569263545,8.895859360564746
23.697876796923637,13.01465321707127,9.568344361276834
23.697876796923637,26.668397121003437,10.862753595178427
23.697876796923637,14.059633569263545,9.27300477666862
34.92723536842004,14.059633569263545,5.573612224622602
23.697876796923637,14.059633569263545,10.595805772248076
23.697876796923637,15.074001015213883,10.214025111419623
23.697876796923637,15.074001015213883,8.983514802541649
35.23054013592445,14.059633569263545,6.959161312499726
23.697876796923637,14.059633569263545,9.191992363898324
39.63845314350074,14.059633569263545,3.2299110485235145
35.64625453068284,14.059633569263545,5.174116574754732
41.54829802744493,14.059633569263545,10.435427489253923
23.697876796923637,13.365964634997047,9.126009845938867
23.697876796923637,14.059633569263545,10.319191157377668
27.077948616904685,14.648784628168789,8.70320223358029
23.697876796923637,13.560506287318152,8.847706879810609
11.573801596669,14.059633569263545,9.105318731387875
23.697876796923637,14.059633569263545,9.380451238908183
23.66382066914896,14.059633569263545,10.123804656635233
23.697876796923637,14.059633569263545,8.895859360564746
37.974601140168225,14.059633569263545,9.250031705104718
23.697876796923637,14.059633569263545,10.290485583671272
23.697876796923637,16.200056826421992,9.612046625674953
23.697876796923637,14.059633569263545,10.742030679658571
23.697876796923637,14.059633569263545,8.895859360564746
23.697876796923637,14.059633569263545,9.646412191104302
23.697876796923637,14.059633569263545,8.895859360564746
23.697876796923637,14.059633569263545,8.895859360564746
23.697876796923637,14.059633569263545,9.991607377888235
23.697876796923637,13.560506287318152,8.829314238471474
23.697876796923637,14.059633569263545,9.459988772037585
23.697876796923637,14.059633569263545,9.013716407810506
23.697876796923637,14.059633569263545,8.895859360564746
23.697876796923637,14.059633569263545,10.245504447344697
23.697876796923637,14.059633569263545,9.799561279729476
23.697876796923637,14.059633569263545,10.025204918120108
23.697876796923637,13.82726773131338,8.804201600456302
23.697876796923637,14.059633569263545,8.895859360564746
23.697876796923637,4.439252051765617,0.09110195395514976
23.697876796923637,14.059633569263545,8.895859360564746
23.697876796923637,13.781561648234373,9.655832897755118
18.12902194925601,14.059633569263545,9.447124054506666
23.697876796923637,14.059633569263545,10.720855732682256
23.697876796923637,14.059633569263545,8.895859360564746
23.697876796923637,16.4891022664871,9.687864790673883
23.697876796923637,14.059633569263545,10.556942814097994
10.023937940059442,14.059633569263545,8.46097469814407
23.697876796923637,14.059633569263545,8.895859360564746
23.697876796923637,14.059633569263545,9.244799669123532
23.697876796923637,14.059633569263545,8.895859360564746
23.697876796923637,14.059633569263545,9.606005005507633
23.697876796923637,19.14868853274021,10.0
23.697876796923637,14.059633569263545,9.645624250034535
