23.66382066914896,25.88832999974282,5.412871029891927
26.9656598772784,18.942563027120464,10.206946235684635
34.776091778640556,2.941758262677409,0.09655067346467441
23.66382066914896,17.776062486444058,7.518701540232257
23.697876796923637,14.059633569263545,9.869664948902317
26.300712179235507,11.209083467785863,10.130686680127756
23.697876796923637,15.017665969664248,8.833560497756356
34.776091778640556,2.941758262677409,0.09655067346467441
23.66382066914896,17.776062486444058,7.518701540232257
23.66382066914896,25.88832999974282,5.412871029891927
23.66382066914896,17.776062486444058,7.518701540232257
23.66382066914896,25.88832999974282,5.412871029891927
34.776091778640556,2.941758262677409,0.09655067346467441
26.300712179235507,11.209083467785863,10.130686680127756
23.697876796923637,14.059633569263545,9.869664948902317
23.66382066914896,14.059633569263545,9.587815458343934
23.66382066914896,25.88832999974282,5.412871029891927
26.9656598772784,18.942563027120464,10.206946235684635
23.66382066914896,25.88832999974282,5.412871029891927
34.776091778640556,2.941758262677409,0.09655067346467441
23.697876796923637,14.059633569263545,9.869664948902317
23.66382066914896,14.059633569263545,9.587815458343934
34.776091778640556,2.941758262677409,0.09655067346467441
23.66382066914896,14.059633569263545,9.587815458343934
23.697876796923637,15.017665969664248,8.833560497756356
23.66382066914896,17.776062486444058,7.518701540232257
23.66382066914896,25.88832999974282,5.412871029891927
37.08594796825561,11.082772510081835,0.09175654817558968
23.697876796923637,14.059633569263545,10.87612453059604
23.697876796923637,14.059633569263545,9.869664948902317
26.300712179235507,11.209083467785863,10.130686680127756
23.66382066914896,25.88832999974282,5.412871029891927
23.66382066914896,14.059633569263545,9.587815458343934
23.697876796923637,14.059633569263545,9.869664948902317
34.776091778640556,2.941758262677409,0.09655067346467441
23.697876796923637,14.059633569263545,10.87612453059604
23.697876796923637,15.017665969664248,8.833560497756356
26.9656598772784,18.942563027120464,10.206946235684635
34.776091778640556,2.941758262677409,0.09655067346467441
23.66382066914896,14.059633569263545,9.587815458343934
23.66382066914896,14.059633569263545,10.403529568882508
23.697876796923637,14.059633569263545,10.87612453059604
37.08594796825561,11.082772510081835,0.09175654817558968
23.697876796923637,15.017665969664248,8.833560497756356
23.697876796923637,14.059633569263545,9.869664948902317
23.576705016150903,14.059633569263545,10.774579405637041
23.697876796923637,15.017665969664248,8.833560497756356
23.66382066914896,5.885455342768843,0.09420454298865602
23.66382066914896,17.776062486444058,7.518701540232257
23.66382066914896,14.059633569263545,10.403529568882508
26.9656598772784,18.942563027120464,10.206946235684635
26.300712179235507,11.209083467785863,10.130686680127756
23.66382066914896,25.88832999974282,5.412871029891927
34.776091778640556,2.941758262677409,0.09655067346467441
23.697876796923637,15.017665969664248,8.833560497756356
23.576705016150903,14.059633569263545,10.774579405637041
23.66382066914896,25.88832999974282,5.412871029891927
23.697876796923637,14.059633569263545,10.87612453059604
23.697876796923637,16.161283964405946,9.119535687864232
26.9656598772784,18.942563027120464,10.206946235684635
23.66382066914896,5.885455342768843,0.09420454298865602
23.66382066914896,14.059633569263545,10.403529568882508
34.776091778640556,2.941758262677409,0.09655067346467441
23.66382066914896,14.059633569263545,9.587815458343934
37.08594796825561,11.082772510081835,0.09175654817558968
23.697876796923637,14.059633569263545,8.964124789733214
23.66382066914896,25.88832999974282,5.412871029891927
23.66382066914896,17.776062486444058,7.518701540232257
37.08594796825561,11.082772510081835,0.09175654817558968
23.697876796923637,14.059633569263545,10.86951530786689
26.300712179235507,11.209083467785863,10.130686680127756
23.66382066914896,14.059633569263545,9.587815458343934
23.697876796923637,14.059633569263545,10.87612453059604
23.697876796923637,14.059633569263545,8.964124789733214
23.66382066914896,5.885455342768843,0.09420454298865602
23.576705016150903,14.059633569263545,10.774579405637041
23.576705016150903,14.059633569263545,10.774579405637041
23.66382066914896,5.885455342768843,0.09420454298865602
23.697876796923637,14.059633569263545,10.86951530786689
23.66382066914896,25.88832999974282,5.412871029891927
23.66382066914896,14.059633569263545,10.403529568882508
23.697876796923637,15.017665969664248,8.833560497756356
23.697876796923637,14.059633569263545,9.869664948902317
23.697876796923637,14.059633569263545,8.964124789733214
23.66382066914896,17.776062486444058,7.518701540232257
23.66382066914896,5.885455342768843,0.09420454298865602
23.697876796923637,14.059633569263545,9.869664948902317
23.697876796923637,14.059633569263545,10.87612453059604
26.300712179235507,11.209083467785863,10.130686680127756
22.92974703052576,14.059633569263545,10.759146862830296
23.66382066914896,14.059633569263545,9.587815458343934
23.66382066914896,14.059633569263545,10.403529568882508
23.66382066914896,17.776062486444058,7.518701540232257
22.92974703052576,14.059633569263545,10.759146862830296
23.66382066914896,20.597532740398705,6.898792747826371
23.66382066914896,15.545425154187857,8.32957012243214
23.66382066914896,25.88832999974282,5.412871029891927
23.697876796923637,14.059633569263545,10.86951530786689
23.697876796923637,16.161283964405946,9.119535687864232
23.697876796923637,5.742420818318463,9.731423388647636
23.66382066914896,14.059633569263545,9.587815458343934
34.776091778640556,2.941758262677409,0.09655067346467441
23.66382066914896,5.885455342768843,0.09420454298865602
23.697876796923637,14.059633569263545,10.395039788301007
23.697876796923637,14.059633569263545,10.86951530786689
23.697876796923637,11.156096100746257,7.471407989430208
34.776091778640556,2.941758262677409,0.09655067346467441
23.66382066914896,5.885455342768843,0.09420454298865602
23.66382066914896,17.776062486444058,7.518701540232257
23.697876796923637,15.017665969664248,8.833560497756356
21.738098017510147,14.059633569263545,9.869221425977797
23.66382066914896,20.597532740398705,6.898792747826371
23.697876796923637,16.161283964405946,9.119535687864232
23.697876796923637,14.059633569263545,8.964124789733214
23.697876796923637,14.059633569263545,9.869664948902317
21.738098017510147,14.059633569263545,9.869221425977797
23.66382066914896,15.545425154187857,8.32957012243214
23.697876796923637,15.017665969664248,8.833560497756356
28.215381372267032,14.059633569263545,9.747835949039015
23.66382066914896,14.059633569263545,9.587815458343934
23.697876796923637,11.156096100746257,7.471407989430208
26.9656598772784,18.942563027120464,10.206946235684635
26.300712179235507,11.209083467785863,10.130686680127756
23.66382066914896,5.885455342768843,0.09420454298865602
12.305944770445905,19.901078536964334,3.4356834872685527
23.697876796923637,14.059633569263545,10.87612453059604
37.08594796825561,11.082772510081835,0.09175654817558968
23.576705016150903,14.059633569263545,10.774579405637041
23.697876796923637,14.059633569263545,10.87612453059604
23.697876796923637,14.059633569263545,10.826138084614787
23.66382066914896,14.059633569263545,10.403529568882508
23.576705016150903,14.059633569263545,10.774579405637041
23.66382066914896,15.545425154187857,8.32957012243214
23.66382066914896,14.059633569263545,9.587815458343934
26.9656598772784,18.942563027120464,10.206946235684635
23.66382066914896,5.885455342768843,0.09420454298865602
34.776091778640556,2.941758262677409,0.09655067346467441
23.697876796923637,14.059633569263545,9.385484652896954
23.697876796923637,14.059633569263545,8.964124789733214
23.697876796923637,11.156096100746257,7.471407989430208
37.08594796825561,11.082772510081835,0.09175654817558968
23.697876796923637,14.059633569263545,9.091374578443729
23.66382066914896,14.059633569263545,9.587815458343934
23.697876796923637,14.059633569263545,9.091374578443729
23.697876796923637,14.059633569263545,10.351543391811687
23.697876796923637,14.059633569263545,9.123169876762251
12.305944770445905,19.901078536964334,3.4356834872685527
21.738098017510147,14.059633569263545,9.869221425977797
23.697876796923637,14.059633569263545,9.120278224009123
23.66382066914896,14.059633569263545,10.403529568882508
23.66382066914896,20.597532740398705,6.898792747826371
23.697876796923637,16.161283964405946,9.119535687864232
23.697876796923637,15.017665969664248,8.833560497756356
23.697876796923637,14.059633569263545,9.479523683326741
23.697876796923637,14.059633569263545,10.87612453059604
23.697876796923637,14.059633569263545,9.385484652896954
23.66382066914896,15.545425154187857,8.32957012243214
34.776091778640556,2.941758262677409,0.09655067346467441
23.697876796923637,14.059633569263545,9.869664948902317
28.215381372267032,14.059633569263545,9.747835949039015
26.9656598772784,18.942563027120464,10.206946235684635
23.697876796923637,5.742420818318463,9.731423388647636
23.697876796923637,14.059633569263545,8.964124789733214
34.776091778640556,2.941758262677409,0.09655067346467441
26.9656598772784,18.942563027120464,10.206946235684635
23.697876796923637,14.059633569263545,9.385484652896954
23.697876796923637,14.059633569263545,9.479523683326741
23.697876796923637,16.161283964405946,9.119535687864232
23.66382066914896,14.059633569263545,9.587815458343934
23.697876796923637,14.059633569263545,8.964124789733214
28.215381372267032,14.059633569263545,9.747835949039015
23.697876796923637,5.742420818318463,9.731423388647636
23.697876796923637,14.059633569263545,10.351543391811687
23.697876796923637,14.059633569263545,10.87612453059604
12.305944770445905,19.901078536964334,3.4356834872685527
23.697876796923637,14.059633569263545,9.120278224009123
23.697876796923637,14.059633569263545,10.395039788301007
23.697876796923637,11.156096100746257,7.471407989430208
23.697876796923637,14.059633569263545,10.86951530786689
23.697876796923637,14.059633569263545,9.123169876762251
23.697876796923637,14.059633569263545,9.869664948902317
22.92974703052576,14.059633569263545,10.759146862830296
26.9656598772784,18.942563027120464,10.206946235684635
23.697876796923637,11.156096100746257,7.471407989430208
23.697876796923637,14.059633569263545,10.87612453059604
23.66382066914896,14.059633569263545,9.245564524572655
23.697876796923637,14.059633569263545,10.351543391811687
26.300712179235507,11.209083467785863,10.130686680127756
23.697876796923637,14.059633569263545,10.395039788301007
21.738098017510147,14.059633569263545,9.869221425977797
23.697876796923637,15.017665969664248,8.833560497756356
23.66382066914896,20.597532740398705,6.898792747826371
23.576705016150903,14.059633569263545,10.774579405637041
23.697876796923637,14.059633569263545,9.427194397993778
23.697876796923637,14.059633569263545,10.826138084614787
23.697876796923637,5.742420818318463,9.731423388647636
23.66382066914896,14.059633569263545,9.587815458343934
23.697876796923637,16.161283964405946,9.119535687864232
37.08594796825561,11.082772510081835,0.09175654817558968
23.697876796923637,14.059633569263545,9.385484652896954
23.697876796923637,14.059633569263545,9.120278224009123
23.697876796923637,5.742420818318463,9.731423388647636
23.66382066914896,15.545425154187857,8.32957012243214
23.697876796923637,14.059633569263545,10.351543391811687
23.697876796923637,14.059633569263545,9.385484652896954
23.697876796923637,14.059633569263545,10.826138084614787
23.66382066914896,14.059633569263545,9.245564524572655
23.697876796923637,14.059633569263545,9.123169876762251
8.925149931644668,14.059633569263545,3.5081303141273374
23.697876796923637,14.059633569263545,8.964124789733214
23.697876796923637,14.059633569263545,9.120278224009123
23.697876796923637,14.059633569263545,10.87612453059604
23.697876796923637,15.017665969664248,8.833560497756356
26.300712179235507,11.209083467785863,10.130686680127756
37.08594796825561,11.082772510081835,0.09175654817558968
19.98650931978299,14.059633569263545,9.63645026687437
23.697876796923637,14.059633569263545,9.869664948902317
23.697876796923637,14.059633569263545,9.479523683326741
23.66382066914896,14.059633569263545,9.587815458343934
23.697876796923637,14.059633569263545,10.034890931169166
23.697876796923637,27.7076519640301,10.218965559664325
34.776091778640556,2.941758262677409,0.09655067346467441
23.697876796923637,16.161283964405946,9.119535687864232
23.697876796923637,14.059633569263545,9.427194397993778
23.697876796923637,14.059633569263545,9.385484652896954
23.697876796923637,14.059633569263545,10.86951530786689
37.08594796825561,11.082772510081835,0.09175654817558968
23.697876796923637,14.059633569263545,9.869664948902317
23.66382066914896,14.059633569263545,9.556712246321975
23.697876796923637,14.059633569263545,10.395039788301007
23.66382066914896,15.545425154187857,8.32957012243214
23.66382066914896,14.059633569263545,9.587815458343934
23.697876796923637,14.059633569263545,10.351543391811687
23.66382066914896,14.059633569263545,10.403529568882508
8.925149931644668,14.059633569263545,3.5081303141273374
23.697876796923637,11.156096100746257,7.471407989430208
28.215381372267032,14.059633569263545,9.747835949039015
23.697876796923637,14.059633569263545,9.120278224009123
23.697876796923637,14.059633569263545,9.462856422788429
23.697876796923637,14.059633569263545,9.123169876762251
27.921374882876016,14.059633569263545,7.574083885484639
22.92974703052576,14.059633569263545,10.759146862830296
23.697876796923637,14.059633569263545,9.427194397993778
23.697876796923637,15.017665969664248,8.833560497756356
23.697876796923637,16.161283964405946,9.119535687864232
23.697876796923637,14.059633569263545,9.091374578443729
23.697876796923637,14.059633569263545,9.479523683326741
23.66382066914896,17.776062486444058,7.518701540232257
34.776091778640556,2.941758262677409,0.09655067346467441
23.697876796923637,17.735858952790803,7.286732986169074
23.697876796923637,14.059633569263545,10.87612453059604
23.697876796923637,14.059633569263545,9.544600286497827
23.697876796923637,14.059633569263545,8.964124789733214
24.615903441750735,14.059633569263545,9.201170675509097
23.697876796923637,8.053796170896593,2.437752936607752
23.697876796923637,14.059633569263545,9.272408619966646
23.697876796923637,12.764249702980507,8.038917018079296
23.697876796923637,14.059633569263545,10.351543391811687
34.776091778640556,2.941758262677409,0.09655067346467441
23.66382066914896,14.059633569263545,10.403529568882508
23.697876796923637,14.059633569263545,9.427194397993778
23.697876796923637,14.059633569263545,9.849558960681737
23.697876796923637,14.059633569263545,10.058162330014314
23.697876796923637,11.156096100746257,7.471407989430208
23.697876796923637,14.059633569263545,9.702961310248924
23.66382066914896,14.059633569263545,9.587815458343934
23.66382066914896,14.059633569263545,9.556712246321975
23.66382066914896,14.059633569263545,10.705464667554061
23.697876796923637,14.059633569263545,9.544600286497827
23.697876796923637,5.157082654054038,0.09904545081880867
23.697876796923637,14.059633569263545,10.395039788301007
23.576705016150903,14.059633569263545,10.774579405637041
23.697876796923637,14.059633569263545,10.86951530786689
27.921374882876016,14.059633569263545,8.636437060466768
23.697876796923637,17.735858952790803,7.286732986169074
27.921374882876016,14.059633569263545,7.574083885484639
23.697876796923637,14.059633569263545,10.034890931169166
23.66382066914896,5.885455342768843,0.09420454298865602
23.66382066914896,25.88832999974282,5.412871029891927
23.697876796923637,14.059633569263545,9.385484652896954
23.697876796923637,14.059633569263545,9.091374578443729
23.66382066914896,20.597532740398705,6.898792747826371
23.697876796923637,14.059633569263545,10.87612453059604
12.305944770445905,19.901078536964334,3.4356834872685527
23.697876796923637,14.059633569263545,9.120278224009123
23.66382066914896,17.776062486444058,7.518701540232257
8.925149931644668,14.059633569263545,3.5081303141273374
23.66382066914896,14.059633569263545,10.259182675950393
23.697876796923637,14.059633569263545,9.462856422788429
23.697876796923637,15.017665969664248,8.833560497756356
23.66382066914896,15.545425154187857,8.32957012243214
23.66382066914896,14.059633569263545,10.584751450668957
37.08594796825561,11.082772510081835,0.09175654817558968
