27.984883388880938,14.059633569263545,8.104725126325304
23.66382066914896,14.059633569263545,9.390945524126028
2.4185231660322337,14.059633569263545,9.205256360456797
23.697876796923637,7.212379664889381,0.28991958117649713
23.66382066914896,14.059633569263545,10.287313615470438
23.66382066914896,14.059633569263545,9.48403717537261
35.66365125347088,14.059633569263545,9.921672828912662
23.697876796923637,14.059633569263545,10.307375008043334
36.37723079377173,14.059633569263545,4.481635552546423
23.697876796923637,12.77421551865848,9.396623048637567
25.545280094442262,14.059633569263545,8.624429570687166
26.9656598772784,16.429472806750756,10.610655982483095
17.00456135971217,14.059633569263545,7.2312198822445595
23.66382066914896,14.059633569263545,9.28743077032876
17.448902866004076,12.136773555004984,8.559718986061679
26.300712179235507,15.22958820082132,10.042244945010372
23.697876796923637,14.059633569263545,9.205256360456797
23.66382066914896,14.059633569263545,9.414911797819013
23.66382066914896,14.059633569263545,10.473418454277084
26.63816323585985,14.059633569263545,7.912254710849046
23.697876796923637,14.059633569263545,10.674832801760905
23.66382066914896,14.059633569263545,9.2777880509312
23.66382066914896,14.059633569263545,10.795347371758313
23.697876796923637,14.059633569263545,10.088262574437254
23.66382066914896,14.059633569263545,9.880134787780108
23.66382066914896,22.495873719662132,9.205489002905246
23.576705016150903,14.059633569263545,10.389470676599974
23.697876796923637,14.059633569263545,9.12197876345831
22.92974703052576,14.059633569263545,9.915942673866438
23.697876796923637,14.059633569263545,9.689097726493443
23.66382066914896,14.059633569263545,9.356371416195595
23.697876796923637,14.059633569263545,10.057140559486836
66.50944273845681,3.32617612897746,10.532995228783278
23.66382066914896,21.597527777881385,6.895895138125906
23.66382066914896,17.14153507824522,8.304361018271049
18.163815150545254,14.059633569263545,7.365809239515752
23.07584864863443,13.692040870048121,9.009797113525732
23.697876796923637,20.660675833677132,6.549698675585263
13.567833562373854,14.059633569263545,9.943197596979031
23.697876796923637,14.059633569263545,9.277942443536165
23.697876796923637,14.059633569263545,10.765707180947889
23.66382066914896,14.059633569263545,8.995339146976878
23.66382066914896,14.059633569263545,9.2777880509312
23.66382066914896,14.059633569263545,9.205489002905246
23.66382066914896,14.059633569263545,10.013487654494964
23.697876796923637,14.059633569263545,9.277942443536165
23.697876796923637,14.059633569263545,9.134128541069009
23.66382066914896,14.059633569263545,10.277931638130564
23.66382066914896,14.059633569263545,10.464412728065609
23.697876796923637,14.059633569263545,9.277942443536165
6.394288620049032,14.059633569263545,6.015319524511445
23.66382066914896,14.421718835240288,10.339540583817307
23.66382066914896,15.819772166188265,9.435330757584588
23.66382066914896,14.421718835240288,9.353952793295576
23.697876796923637,14.059633569263545,10.805363814636653
9.781343625431242,14.059633569263545,4.193911042731964
23.697876796923637,14.059633569263545,9.277942443536165
23.697876796923637,14.059633569263545,9.277942443536165
23.697876796923637,14.059633569263545,10.679945214091116
23.697876796923637,14.059633569263545,9.277942443536165
23.697876796923637,14.059633569263545,9.202098779255794
23.66382066914896,12.54053163763974,8.881476495239337
23.66382066914896,14.059633569263545,9.230189687086131
1.2146679698359009,14.059633569263545,0.5625900272656329
23.66382066914896,14.059633569263545,10.087907798113273
5.7299129980770935,14.059633569263545,5.830133820959763
23.66382066914896,14.059633569263545,9.2777880509312
23.697876796923637,14.059633569263545,9.227578504040837
23.66382066914896,14.059633569263545,9.2777880509312
23.66382066914896,14.059633569263545,9.430244663893042
23.66382066914896,14.059633569263545,9.2777880509312
23.697876796923637,23.656725986158094,5.6349431887473225
23.697876796923637,14.059633569263545,9.277942443536165
20.919251372050745,14.059633569263545,9.0781217421984
23.66382066914896,14.059633569263545,9.91189943001107
23.66382066914896,8.298978813884531,3.0028048588061793
0.6635548769746364,6.351043856336882,1.4064792290885084
46.56626025225029,14.059633569263545,0.11984669338335595
23.66382066914896,5.552093644983097,6.422671923217475
23.697876796923637,14.059633569263545,9.767338419633653
