23.697876796923637,14.059633569263545,8.004629785811861
23.697876796923637,3.662274529547684,0.10978789842807826
23.697876796923637,13.885859994205815,9.724807169741142
23.697876796923637,1.992423183924151,9.122181804563741
4.1402395709059086,14.059633569263545,1.6571026567504037
27.472070821615596,10.17971417070545,4.055666342081266
25.726012459273793,5.842696699180301,0.1006071375904038
28.215381372267032,14.059633569263545,8.43371510649708
23.697876796923637,4.662224614396775,4.363294219096523
23.697876796923637,14.059633569263545,9.838041249072814
21.738098017510147,18.89584046275212,9.869221425977797
26.9656598772784,18.942563027120464,7.794372019308962
21.129339171798556,14.059633569263545,9.562893314877186
23.697876796923637,14.059633569263545,8.004629785811861
23.66382066914896,11.123087892779289,9.351611777989515
23.66382066914896,14.059633569263545,10.122039593851762
23.66382066914896,22.023164015429707,6.358241219421925
23.697876796923637,25.93802352800848,5.556577671604885
9.089842443358227,14.059633569263545,3.7332373271490567
23.697876796923637,14.059633569263545,10.82634616714938
23.697876796923637,9.571262223364808,10.86951530786689
28.633948280737307,14.059633569263545,8.204444047824966
23.66382066914896,15.545425154187857,9.8299004455631
23.697876796923637,14.059633569263545,9.368887402020944
23.66382066914896,14.059633569263545,10.666467168935707
23.66382066914896,14.059633569263545,10.259154849429779
23.576705016150903,14.059633569263545,10.240669971388733
23.697876796923637,14.61756113246913,10.43539197198132
40.62874223087567,14.059633569263545,9.156105324867656
23.697876796923637,6.993705926854934,0.103317727459904
23.697876796923637,14.059633569263545,9.144594663457557
29.85460060970822,22.294711927326247,7.6783882073167655
23.697876796923637,14.61756113246913,10.165158564119588
23.697876796923637,14.61756113246913,9.049932912041479
23.66382066914896,16.132783266072217,8.839231760929358
23.66382066914896,14.059633569263545,10.087441157924594
23.66382066914896,14.059633569263545,9.25534728569032
23.697876796923637,27.53360073518719,4.777914482815069
23.697876796923637,20.940861343508722,9.119535687864232
23.697876796923637,14.059633569263545,10.551634133060519
23.697876796923637,14.059633569263545,9.759233008828128
23.697876796923637,14.059633569263545,9.390341064310338
45.65427920038786,14.059633569263545,0.47106445747522374
19.98650931978299,14.059633569263545,8.691812107787648
23.697876796923637,14.059633569263545,10.444853379422534
3.8745663935317793,14.059633569263545,9.011871706686481
23.697876796923637,2.2027962681457325,0.0930533847505884
23.66382066914896,14.059633569263545,9.243533837439719
23.697876796923637,0.0781158998835112,0.10319237998017228
23.697876796923637,14.61756113246913,9.542268668182047
23.66382066914896,8.022166502942035,5.309500200519681
23.697876796923637,4.662224614396775,0.10066951572156327
23.697876796923637,27.714020043726826,6.529113318882441
23.66382066914896,14.059633569263545,9.34773948795683
30.97666436477347,14.61756113246913,8.275535330827825
23.697876796923637,14.059633569263545,9.394645486605967
23.697876796923637,16.53050307412812,8.467021638843102
31.1371014960771,14.059633569263545,8.122717930722448
23.697876796923637,14.059633569263545,10.858106968841987
14.751810565547917,14.059633569263545,7.603113677161744
23.697876796923637,10.476087283275646,6.515163383825705
32.361568597261495,14.059633569263545,8.110969846914625
23.697876796923637,14.059633569263545,8.004629785811861
23.697876796923637,14.059633569263545,10.834684167402939
23.697876796923637,9.571262223364808,6.061658637728552
23.697876796923637,14.059633569263545,8.004629785811861
23.697876796923637,14.059633569263545,10.406486996211061
23.697876796923637,4.662224614396775,4.363294219096523
23.697876796923637,14.059633569263545,8.004629785811861
23.697876796923637,14.059633569263545,8.004629785811861
23.697876796923637,14.648784628168789,10.335279787731682
23.697876796923637,14.059633569263545,9.752649375920576
23.697876796923637,14.059633569263545,8.004629785811861
5.876045641062952,14.059633569263545,2.2718520307727066
27.921374882876016,14.059633569263545,7.514490693293249
5.468866899615097,8.814624977004275,3.051332561009158
23.697876796923637,4.662224614396775,0.10698167680741
23.66382066914896,14.059633569263545,8.00379283052802
23.697876796923637,4.662224614396775,0.1010764554487736
23.697876796923637,14.61756113246913,9.357176899727138
