23.697876796923637,11.053723107220215,7.360395033343568
23.697876796923637,14.059633569263545,9.144594663457557
23.697876796923637,14.059633569263545,10.567312124999122
23.697876796923637,14.059633569263545,9.122181804563741
23.697876796923637,14.059633569263545,10.314067914636857
23.66382066914896,17.776062486444058,7.518701540232257
25.726012459273793,20.202791398774075,8.207451469563496
28.215381372267032,14.059633569263545,8.600711985097153
23.66382066914896,14.059633569263545,10.403529568882508
23.697876796923637,14.059633569263545,10.83490744637942
21.738098017510147,18.89584046275212,9.869221425977797
26.9656598772784,18.942563027120464,8.023779906037612
21.129339171798556,14.059633569263545,9.702961310248924
7.689756180069802,20.597532740398705,2.31929168836277
23.66382066914896,14.059633569263545,10.556221978600394
26.300712179235507,11.209083467785863,5.676317406216722
23.66382066914896,22.023164015429707,9.397613508352968
23.697876796923637,25.93802352800848,8.833560497756356
23.66382066914896,14.059633569263545,10.513080646675043
19.98650931978299,14.059633569263545,7.8351830384407055
23.697876796923637,14.059633569263545,10.86951530786689
11.766751698206233,1.602746923930697,0.10489846452125623
23.66382066914896,15.545425154187857,9.522030389881174
23.697876796923637,14.059633569263545,9.616910583937862
23.66382066914896,14.059633569263545,9.39203917206214
23.66382066914896,14.059633569263545,10.705464667554061
23.576705016150903,14.059633569263545,10.240669971388733
23.697876796923637,14.059633569263545,9.869664948902317
22.92974703052576,14.059633569263545,9.415180416692312
23.697876796923637,14.059633569263545,10.87612453059604
23.697876796923637,14.059633569263545,9.144594663457557
23.697876796923637,20.43102125536148,10.395039788301007
23.697876796923637,5.742420818318463,0.09052546934328681
23.697876796923637,3.9442257423890457,0.0940844020542695
23.66382066914896,14.059633569263545,9.464745335435714
23.66382066914896,14.059633569263545,9.690957877344863
23.66382066914896,14.059633569263545,9.425102958651353
23.697876796923637,14.059633569263545,9.091374578443729
23.697876796923637,16.161283964405946,9.119535687864232
23.697876796923637,14.059633569263545,9.479523683326741
23.697876796923637,14.059633569263545,10.030823474369607
23.697876796923637,14.059633569263545,9.390341064310338
23.697876796923637,14.059633569263545,9.123169876762251
23.66382066914896,14.059633569263545,9.141773329555985
14.742190343923841,14.059633569263545,7.947688669479096
23.697876796923637,27.7076519640301,5.252572675998023
23.697876796923637,4.662224614396775,10.826138084614787
23.66382066914896,14.059633569263545,9.39203917206214
23.697876796923637,14.059633569263545,9.390341064310338
23.697876796923637,14.059633569263545,10.30174319021759
23.66382066914896,14.059633569263545,10.632307249470266
23.697876796923637,14.059633569263545,9.991010193796743
23.697876796923637,14.059633569263545,8.987141555955887
32.361568597261495,14.059633569263545,5.982840088347967
17.928347634152978,14.059633569263545,7.492433656890283
23.697876796923637,14.059633569263545,10.8070162974536
23.697876796923637,14.059633569263545,9.746345177342398
23.697876796923637,14.059633569263545,9.251640572194
23.66382066914896,14.059633569263545,9.39203917206214
23.697876796923637,14.059633569263545,9.390341064310338
23.697876796923637,14.059633569263545,9.390341064310338
23.697876796923637,27.217105000110593,5.090571770974833
23.697876796923637,14.059633569263545,9.390341064310338
44.66666912127825,14.059633569263545,0.8498875003000304
23.697876796923637,14.059633569263545,10.106576489979867
23.697876796923637,23.643155195122425,7.717573828937185
23.66382066914896,14.059633569263545,9.39203917206214
23.66382066914896,17.735858952790803,8.27279065920274
23.697876796923637,14.059633569263545,9.390341064310338
23.697876796923637,20.653272845243134,8.283667506529165
23.66382066914896,14.059633569263545,9.39203917206214
23.697876796923637,14.059633569263545,10.280162302329193
23.697876796923637,14.059633569263545,9.390341064310338
23.697876796923637,14.059633569263545,10.823726076716692
27.921374882876016,14.059633569263545,8.731716239959336
27.921374882876016,0.05738738433809765,6.255111402494215
35.18851501392499,14.059633569263545,6.202031596508952
23.66382066914896,14.059633569263545,9.39203917206214
23.697876796923637,14.059633569263545,9.390341064310338
23.697876796923637,14.61756113246913,10.323394358034959
