5.170709241702452,11.052155352841254,8.697813567901306
5.170709241702452,11.052155352841254,8.697813567901306
5.170709241702452,11.052155352841254,8.697813567901306
19.815492837339875,7.894638318048923,6.825618705546685
19.815492837339875,7.894638318048923,6.825618705546685
0.1282688613835994,5.799560132777334,8.932616409859373
20.64857940703251,19.508031977300607,5.782816253829186
5.170709241702452,11.052155352841254,8.697813567901306
20.64857940703251,19.508031977300607,5.782816253829186
6.813471510999439,3.747980049648651,9.744676501472245
16.83263303694433,9.779149241816276,9.519227544597266
5.170709241702452,11.052155352841254,8.697813567901306
41.18297867233889,21.049943754444925,8.343921362960378
0.3121874894301815,27.77475556572241,5.882756338018966
33.10618955609806,40.04991949102282,4.608637971671962
20.64857940703251,20.049947528515403,6.413227182838386
8.219004362467908,11.92030809002507,6.816544679948199
33.10618955609806,40.04991949102282,4.608637971671962
20.64857940703251,20.049947528515403,6.413227182838386
16.83263303694433,9.779149241816276,9.519227544597266
0.1282688613835994,5.799560132777334,8.932616409859373
33.10618955609806,40.04991949102282,4.608637971671962
41.18297867233889,21.049943754444925,8.343921362960378
48.97540793151347,1.0551037513848058,6.865063738561229
20.64857940703251,34.8526999841539,6.629368317012234
9.90233255684879,29.662756056483403,6.978759316649752
13.541182821582009,11.860023986195438,6.842610130734492
15.162609031109595,1.5210157624001877,6.316331975075924
6.6749055082453435,2.3903082139948717,9.339151111091505
15.162609031109595,1.5210157624001877,6.316331975075924
41.18297867233889,21.049943754444925,8.343921362960378
39.34684666568296,14.304002643140194,9.186484018802858
8.219004362467908,11.92030809002507,6.816544679948199
20.64857940703251,20.049947528515403,6.413227182838386
8.219004362467908,11.92030809002507,6.816544679948199
4.942588300348596,17.59015323110644,7.3130657627387565
37.21042011567794,27.61099875174577,7.742866013851313
6.666634209329382,6.121070842518036,6.609512416440239
28.09541152904623,25.890250460015466,6.957491246761554
8.219004362467908,11.92030809002507,6.816544679948199
36.87084613767459,74.513525702376,9.90754066986184
6.813471510999439,3.747980049648651,9.744676501472245
20.64857940703251,34.8526999841539,6.629368317012234
20.64857940703251,19.508031977300607,5.782816253829186
13.541182821582009,11.860023986195438,6.842610130734492
28.09541152904623,29.621731946662223,5.361645345917013
15.285293194241454,18.5809487720877,6.445548738078924
28.09541152904623,29.621731946662223,5.361645345917013
8.219004362467908,11.92030809002507,6.816544679948199
36.87084613767459,74.513525702376,9.90754066986184
19.815492837339875,7.894638318048923,6.825618705546685
6.813471510999439,3.747980049648651,9.744676501472245
8.219004362467908,11.92030809002507,6.816544679948199
28.09541152904623,1.4592713244598343,10.697510461255822
35.40028266961972,22.678709617442316,9.508052977873547
33.10618955609806,40.04991949102282,4.608637971671962
28.09541152904623,22.678709617442316,6.748078184389727
22.197277312465346,15.398424191350928,8.959839563187971
28.09541152904623,22.678709617442316,7.255541909375854
28.09541152904623,25.890250460015466,6.696296726950406
5.853025647755002,2.6186714735109895,6.535884141855589
41.18297867233889,21.049943754444925,8.343921362960378
1.3917035317602675,7.435115610701246,1.038571117117058
6.813471510999439,3.747980049648651,9.744676501472245
74.57003352887921,8.823782676416684,0.09853309034373084
28.09541152904623,25.890250460015466,6.957491246761554
16.51201063714533,30.445836935090757,3.242795371088874
9.579880582626977,16.950474871467293,3.568190938185239
11.752770744859484,22.100281521704773,3.1147836630824357
