1.4611691506297855,4.3513684404546975,1.8617344818793033
3.9373756077427635,8.862624384374064,5.7221637283090185
3.9373756077427635,11.513972491045806,5.813067965665212
20.64857940703251,4.117435458581483,7.900295928926029
13.138905451565673,17.267661538701542,4.530400407259506
20.64857940703251,19.508031977300607,9.81871549232113
0.6775667937486425,5.011563176752679,7.66878738907575
20.64857940703251,1.4886656693328275,7.900295928926029
28.35601605680086,7.523345227301824,0.0939320880976902
20.64857940703251,37.453422459844276,5.0467233996867815
7.467521692668236,9.74317357437109,5.037367749259489
8.269397973389777,11.860023986195438,7.734134050940169
20.64857940703251,23.54687228746139,4.776056751234008
20.64857940703251,75.26565746818918,6.076854523429894
26.528067307369582,12.278533750503241,6.865063738561229
79.41515122341329,4.934491967037534,6.611635945865919
5.126152019637395,12.657450403094938,4.657912795247805
20.64857940703251,11.860023986195438,9.519227544597266
20.64857940703251,16.45336502520042,7.340486398877844
3.9373756077427635,1.3519809181662747,8.283914265683443
8.532023657147736,16.38501455627706,4.936316165748187
3.9373756077427635,0.6075973677006918,5.821233892007346
0.936591475777992,3.8318357219191475,8.769586765760964
43.314200321716015,58.48876640215302,4.776256349711641
7.244864080308227,2.579903096618019,5.6432706782494435
37.19066192834366,12.594553760792289,7.204917016102945
20.64857940703251,10.579255456386635,4.65837919244246
33.10618955609806,23.65694862635079,4.723010189570385
20.814648719089703,1.3519809181662747,7.594530008735462
36.63783897790162,21.151603163000082,8.932616409859373
8.95059330018335,10.552484622048935,6.293587039096131
4.984933975297363,23.103816850930965,7.204917016102945
20.64857940703251,23.385735776922022,7.085426181437501
34.45369405087897,7.395116202770123,10.334732058909697
20.534827891019606,13.8797012542496,7.799655213237338
20.64857940703251,3.5938849945795788,10.4824538658967
20.64857940703251,15.231577761660027,7.340534005444347
5.447661859819726,10.250521096945928,6.6567042318746665
41.744425347311534,24.639719100306905,5.584660616385975
22.15556095165901,1.6430349425308408,7.064669909801935
13.945256947512988,17.861782772903247,8.478963877463734
81.95668314954183,11.113647147604787,8.097795129730576
0.001937407578234668,2.919511642545862,6.0510221366786165
0.8223964506833497,15.010220314467292,6.289199228184021
20.64857940703251,13.440565811945813,9.496115666316596
23.145990912135666,5.821649478857712,8.35589329191573
20.64857940703251,22.678709617442316,6.859590125973894
7.825512025428205,21.161243871146468,5.882756338018966
46.90139262863804,21.049943754444925,6.925014856262021
6.725567769601248,11.860023986195438,7.204917016102945
31.975180189496058,0.49745122580439227,4.493892953053402
12.437242281848773,25.310021506613225,5.180585357407756
5.884821489785359,16.289514078418083,2.2062566410661772
8.849370668047504,5.8313449227455125,5.524929985950573
18.479531178093577,25.900549478446198,7.347126785055527
20.64857940703251,21.449256324104105,6.220295860373262
0.897928646590815,21.10218100059918,7.0130683815546835
20.233801728117857,13.537432307966618,8.697813567901306
20.64857940703251,2.6860053264675336,7.867251444932924
1.8573130973768512,1.3519809181662747,8.284627608370162
20.64857940703251,22.678709617442316,6.800701538665514
10.064109890597152,17.59015323110644,9.15101945321232
5.447661859819726,8.862624384374064,3.8411755321594545
20.64857940703251,1.3519809181662747,5.177073955331739
3.9373756077427635,26.525743963538066,5.546473464616859
1.8573130973768512,2.775598908286571,7.727466420989629
14.763276431894816,23.385735776922022,6.2471072894658075
20.64857940703251,4.9400787288429235,0.09022384699650392
6.977688981497905,16.625777977469006,7.244451294678351
20.64857940703251,19.74630521690672,7.968166530312752
5.447661859819726,22.678709617442316,5.885523723831965
2.3651631374360242,11.860023986195438,1.2203309416282522
20.64857940703251,22.678709617442316,6.859590125973894
5.447661859819726,11.513972491045806,6.6567042318746665
5.447661859819726,7.722528861969488,6.828413560401118
3.4475049339335864,11.860023986195438,7.26247286673561
6.613850620241224,11.860023986195438,6.096060794903836
20.64857940703251,22.678709617442316,6.800701538665514
3.9373756077427635,26.525743963538066,0.887884332145021
20.64857940703251,22.678709617442316,6.800701538665514
