11.752770744859484,22.100281521704773,3.1147836630824357
28.09541152904623,29.621731946662223,5.361645345917013
41.282443014837085,18.156570496659796,6.994442210655335
15.285293194241454,18.5809487720877,6.445548738078924
19.815492837339875,7.894638318048923,6.825618705546685
20.64857940703251,19.508031977300607,5.782816253829186
11.29882882012987,7.262792666364694,6.789328307115081
17.277173317060154,1.4886656693328275,7.900295928926029
36.87084613767459,74.513525702376,9.90754066986184
5.665427082929441,17.083909372246204,6.187486620948672
28.09541152904623,22.678709617442316,7.255541909375854
13.541182821582009,11.860023986195438,6.842610130734492
3.5820254079646645,26.216511173595187,6.571387494737471
20.64857940703251,18.078952826916243,7.065643315508273
48.97540793151347,1.0551037513848058,6.865063738561229
74.57003352887921,8.823782676416684,0.09853309034373084
35.40028266961972,22.678709617442316,9.508052977873547
16.83263303694433,9.779149241816276,9.519227544597266
20.64857940703251,20.049947528515403,6.413227182838386
6.6749055082453435,2.3903082139948717,9.339151111091505
8.219004362467908,11.92030809002507,6.816544679948199
28.09541152904623,7.435115610701246,7.070704880492615
28.09541152904623,7.435115610701246,7.070704880492615
19.156625428182537,1.038110287698203,6.263017868158173
1.5872200237320726,0.14851912610097395,5.6432706782494435
18.22952669774233,35.460198202140305,4.7629475131220085
20.64857940703251,34.8526999841539,6.629368317012234
33.10618955609806,40.04991949102282,4.608637971671962
19.748577939315123,2.7698944642062475,7.008370857995779
0.1282688613835994,5.799560132777334,8.932616409859373
28.09541152904623,25.890250460015466,6.696296726950406
18.356098248602322,3.8565542206411756,7.204917016102945
20.64857940703251,26.308998826439307,7.085426181437501
9.579880582626977,16.950474871467293,3.568190938185239
20.534827891019606,13.8797012542496,7.799655213237338
6.813471510999439,3.747980049648651,9.744676501472245
28.09541152904623,17.083909372246204,6.206694888188194
28.09541152904623,5.225464764292143,7.182059093189136
28.09541152904623,25.890250460015466,6.633102326577712
28.09541152904623,22.678709617442316,6.748078184389727
28.09541152904623,25.890250460015466,6.970950936113658
28.09541152904623,1.4592713244598343,10.697510461255822
15.162609031109595,1.5210157624001877,6.316331975075924
5.853025647755002,2.6186714735109895,6.535884141855589
1.3917035317602675,25.890250460015466,6.909696621562476
7.8190522560016,17.59015323110644,6.035243261800691
28.09541152904623,28.58880730550673,6.778022645156101
0.3121874894301815,27.77475556572241,5.882756338018966
41.18297867233889,21.049943754444925,8.343921362960378
28.09541152904623,7.978741583440056,7.217399618234249
37.21042011567794,27.61099875174577,7.742866013851313
0.8450956066857653,22.678709617442316,7.750238062538806
9.90233255684879,29.662756056483403,6.978759316649752
28.09541152904623,22.678709617442316,6.364439260026448
39.34684666568296,14.304002643140194,9.186484018802858
16.51201063714533,30.445836935090757,3.242795371088874
1.2104812798852569,18.105736422144243,6.798410656004009
5.170709241702452,11.052155352841254,8.697813567901306
6.666634209329382,6.121070842518036,6.609512416440239
1.3917035317602675,25.890250460015466,6.909696621562476
19.037718875909697,22.678709617442316,6.800701538665514
20.64857940703251,12.664354417679446,6.77246096881988
41.53895153476232,22.678709617442316,6.692353057933315
20.907189311706894,7.435115610701246,8.191764227604702
1.3917035317602675,7.435115610701246,1.038571117117058
3.0846478208620853,3.1882165889820784,7.727466420989629
1.3917035317602675,22.678709617442316,7.57459052435903
22.197277312465346,15.398424191350928,8.959839563187971
8.189248767378327,10.00869897397153,6.893266438173989
28.09541152904623,25.890250460015466,6.957491246761554
4.942588300348596,17.59015323110644,7.3130657627387565
28.09541152904623,10.00869897397153,7.472460098149111
13.423774272457134,7.435115610701246,7.94325340108094
3.956475052728648,30.280686665238818,6.866473742906481
28.09541152904623,7.435115610701246,7.3075177428687335
52.72564735685706,7.435115610701246,8.191764227604702
28.09541152904623,10.450804592517196,6.971193115954024
28.09541152904623,7.435115610701246,7.070704880492615
28.09541152904623,7.435115610701246,7.070704880492615
28.09541152904623,25.890250460015466,6.633102326577712
