2.4560515990510297,2.338213915687814,5.823520117745269
27.651340301419467,54.45438658208753,7.119943931975754
6.009132299673496,6.564160330706098,4.210116346931117
10.702234169288836,9.848915629569207,9.103392056792107
26.59349448079912,2.009903591288259,8.866041818743959
41.4133363160096,7.24888507362333,6.4758044924016
21.68091512594078,7.328797740112185,7.66878738907575
41.4133363160096,7.24888507362333,6.4758044924016
8.849370668047504,10.200798460247864,5.524929985950573
29.894506710268665,8.843067047857673,0.10563497879443312
36.20420034128013,15.49019864213486,6.128832866031518
26.59349448079912,2.009903591288259,8.866041818743959
20.233801728117857,13.537432307966618,8.578100821994616
36.20420034128013,15.49019864213486,6.128832866031518
2.4560515990510297,2.338213915687814,5.823520117745269
20.233801728117857,13.537432307966618,8.578100821994616
41.74284419062943,58.48876640215302,5.75452126422035
32.47897096754495,13.96597738464635,5.584660616385975
20.64857940703251,23.385735776922022,10.109186431810425
3.833077890603343,4.143501302822786,8.769586765760964
41.74284419062943,58.48876640215302,5.75452126422035
27.761841981420385,11.860023986195438,6.3780892032726575
20.233801728117857,13.537432307966618,8.578100821994616
13.871001645845265,8.638411324617204,5.119225518011622
27.761841981420385,11.860023986195438,6.3780892032726575
3.833077890603343,4.143501302822786,8.769586765760964
13.138905451565673,17.616091052087615,4.530400407259506
13.138905451565673,17.616091052087615,4.530400407259506
2.4560515990510297,2.338213915687814,5.823520117745269
13.871001645845265,21.151603163000082,5.1612500496703655
3.833077890603343,4.143501302822786,8.769586765760964
20.64857940703251,11.860023986195438,9.742179521096032
33.60540114911445,37.64898859077642,5.661416241872903
6.009132299673496,6.564160330706098,4.210116346931117
20.64857940703251,11.860023986195438,10.334732058909697
20.64857940703251,11.860023986195438,10.334732058909697
20.64857940703251,11.860023986195438,9.81871549232113
20.233801728117857,13.537432307966618,8.578100821994616
20.64857940703251,11.860023986195438,9.81871549232113
20.64857940703251,11.860023986195438,10.4824538658967
20.64857940703251,11.860023986195438,10.33157131241795
1.8129996559815247,11.860023986195438,0.9512736170275199
20.64857940703251,11.860023986195438,9.56973889213703
29.894506710268665,8.843067047857673,0.10563497879443312
1.8129996559815247,17.6130913486843,0.6102409045812862
5.3270116091976565,0.31017233696009683,0.1074361047363737
