0.5416501520267762,11.860023986195438,9.839313078918192
6.11637587280422,16.965592379714597,2.265627821603247
2.4560515990510297,2.338213915687814,5.823520117745269
37.265430392365836,17.59015323110644,7.119943931975754
4.2480362028307095,6.564160330706098,5.448066912682147
10.702234169288836,10.42666780969272,9.103392056792107
26.59349448079912,16.409411125739535,8.866041818743959
41.4133363160096,7.24888507362333,6.4758044924016
21.68091512594078,7.328797740112185,7.66878738907575
41.4133363160096,7.24888507362333,6.4758044924016
6.11637587280422,16.965592379714597,2.265627821603247
27.728513800583464,1.8364506225648753,9.042989051010208
0.27509387528721874,23.216455628226434,8.90205057033994
8.849370668047504,9.642753545082124,5.524929985950573
29.894506710268665,26.56916870345015,8.84848548132237
36.20420034128013,15.49019864213486,6.128832866031518
26.59349448079912,16.409411125739535,8.866041818743959
69.65804110298512,17.63763213814942,0.09575054882249283
20.233801728117857,13.537432307966618,9.024449630565492
36.20420034128013,15.49019864213486,6.128832866031518
2.4560515990510297,2.338213915687814,5.823520117745269
20.233801728117857,13.537432307966618,9.024449630565492
41.74284419062943,31.56991868397001,5.75452126422035
32.47897096754495,13.96597738464635,5.584660616385975
20.64857940703251,11.860023986195438,10.109186431810425
6.614875907093772,4.143501302822786,8.769586765760964
41.74284419062943,31.56991868397001,5.75452126422035
27.761841981420385,11.860023986195438,6.3780892032726575
20.233801728117857,13.537432307966618,9.024449630565492
13.871001645845265,8.638411324617204,5.119225518011622
27.761841981420385,11.860023986195438,6.3780892032726575
6.11637587280422,16.965592379714597,2.265627821603247
6.614875907093772,4.143501302822786,8.769586765760964
13.138905451565673,17.616091052087615,4.530400407259506
67.28919166318131,15.957357625057398,6.556990062447604
13.138905451565673,17.616091052087615,4.530400407259506
2.115402510774892,11.858558153153101,1.0773601096270222
2.4560515990510297,2.338213915687814,5.823520117745269
69.65804110298512,17.63763213814942,0.09575054882249283
13.871001645845265,17.6130913486843,5.1612500496703655
6.614875907093772,4.143501302822786,8.769586765760964
20.64857940703251,11.860023986195438,9.742179521096032
33.60540114911445,37.64898859077642,5.661416241872903
