12.977659720875854,42.07528787420755,1.671467883689601
10.064109890597152,17.59015323110644,5.256261773097135
20.64857940703251,13.537432307966618,6.994442210655335
20.64857940703251,10.00869897397153,7.373512595230697
13.138905451565673,17.267661538701542,4.530400407259506
20.64857940703251,19.508031977300607,9.81871549232113
11.29882882012987,6.121070842518036,6.789328307115081
20.64857940703251,1.4886656693328275,7.900295928926029
20.64857940703251,22.678709617442316,6.200075116010002
20.64857940703251,37.453422459844276,5.0467233996867815
7.467521692668236,14.340154360944025,5.037367749259489
8.269397973389777,11.860023986195438,4.451995692656976
10.064109890597152,21.730527183966164,6.571387494737471
20.64857940703251,6.121070842518036,0.10182488631414141
26.528067307369582,10.842596989127493,6.865063738561229
74.57003352887921,4.934491967037534,6.611635945865919
20.64857940703251,22.678709617442316,6.151591915720319
29.176719836417774,11.860023986195438,9.519227544597266
20.64857940703251,20.049947528515403,6.413227182838386
3.9373756077427635,2.3903082139948717,9.339151111091505
0.09275938195159394,2.300394934363744,0.2404789429932162
7.048413084781815,0.6075973677006918,5.821233892007346
0.936591475777992,3.8318357219191475,8.769586765760964
10.064109890597152,10.755902960725113,6.263017868158173
7.244864080308227,1.6722220936815766,5.6432706782494435
18.22952669774233,35.460198202140305,4.7629475131220085
20.64857940703251,10.579255456386635,4.65837919244246
33.10618955609806,23.65694862635079,4.723010189570385
22.818636134894003,6.121070842518036,7.008370857995779
14.177586432947749,10.426858811959233,8.932616409859373
6.542723448310546,22.678709617442316,6.020013054866007
9.035316864815968,23.103816850930965,7.204917016102945
20.64857940703251,23.385735776922022,7.085426181437501
9.579880582626977,17.59015323110644,7.193107715060245
20.534827891019606,13.8797012542496,7.799655213237338
11.752770744859484,6.121070842518036,10.4824538658967
0.826131858040128,15.231577761660027,0.3224377486078059
1.1043113844554755,10.250521096945928,6.6567042318746665
41.744425347311534,4.120777055545906,5.584660616385975
6.155875936885602,0.8117499359847785,7.064669909801935
15.300550124791904,4.570273164314889,6.625844783446204
81.95668314954183,12.802028246512352,8.097795129730576
10.064109890597152,10.00869897397153,6.316331975075924
4.963761516757945,17.59015323110644,6.035243261800691
20.64857940703251,2.2069095286944904,9.496115666316596
4.963761516757945,17.59015323110644,6.035243261800691
1.4485730504599807,16.02727140483148,6.859590125973894
7.825512025428205,31.469917150499235,5.882756338018966
46.90139262863804,21.049943754444925,6.960580368227982
0.4465117981403812,10.00869897397153,5.491424224831778
37.21042011567794,27.61099875174577,7.742866013851313
1.401216937995424,25.310021506613225,5.180585357407756
61.225291249913035,17.59015323110644,6.978759316649752
8.849370668047504,5.8313449227455125,5.524929985950573
39.34684666568296,14.304002643140194,9.186484018802858
10.064109890597152,14.102359787890968,7.422426525736308
0.8257422466991278,18.105736422144243,6.798410656004009
15.300550124791904,13.537432307966618,8.697813567901306
6.666634209329382,6.121070842518036,6.609512416440239
1.8573130973768512,2.300394934363744,8.284627608370162
23.968037923596004,22.678709617442316,6.800701538665514
20.64857940703251,17.59015323110644,6.77246096881988
20.64857940703251,4.241859824665603,7.252441616665658
10.064109890597152,10.00869897397153,5.1852259895195125
6.437133385772297,11.860023986195438,7.032266491654719
3.1968147209391775,2.775598908286571,7.727466420989629
5.990529987419489,40.451283907287404,6.057635152744782
22.197277312465346,15.398424191350928,7.49993799829511
6.977688981497905,16.625777977469006,7.244451294678351
28.09541152904623,19.74630521690672,7.968166530312752
20.64857940703251,17.59015323110644,7.3130657627387565
20.64857940703251,19.74630521690672,5.903957492170603
29.72892831106875,0.7422586967574674,6.859590125973894
15.25979704333918,10.00869897397153,5.1852259895195125
5.447661859819726,7.722528861969488,6.828413560401118
6.083457380120917,11.860023986195438,7.26247286673561
10.064109890597152,17.59015323110644,7.193107715060245
20.64857940703251,12.22398820943295,6.742564914180303
5.853025647755002,10.00869897397153,5.1852259895195125
4.963761516757945,22.678709617442316,5.838682043209138
