19.83209016172236,0.37137082732386517,None
19.83209016172236,13.5959846975784,8.750285460535983
19.887366913430817,11.9301002764115,9.999944564438083
19.83209016172236,20.907556977100608,9.972149811357246
19.545833493657558,10.037397858211653,8.31853112648207
23.97580295349667,11.9301002764115,7.944271282039892
19.83209016172236,11.9301002764115,8.685582415763001
4.4846404462056935,9.742737217428814,7.78898121073548
23.97580295349667,11.9301002764115,None
19.83209016172236,7.239992874956091,None
19.83209016172236,10.635570731930311,9.972149811357246
23.97580295349667,2.0220727020094413,6.887285335936594
31.430232465291308,11.9301002764115,None
25.60972372776903,38.224897511267656,9.972149811357246
31.430232465291308,7.239992874956091,None
20.03121377348645,24.990918972957484,9.927725064598965
14.461326355238903,16.128138824392046,None
19.83209016172236,16.128138824392046,None
19.83209016172236,0.15228557315067803,None
19.83209016172236,11.9301002764115,None
19.83209016172236,11.9301002764115,None
25.245159201276554,11.9301002764115,7.30600216549086
19.887366913430817,11.9301002764115,9.999944564438083
19.83209016172236,11.9301002764115,8.685582415763001
26.164748072272953,11.9301002764115,9.972149811357246
19.83209016172236,7.239992874956091,None
31.430232465291308,11.9301002764115,None
58.65371379867597,16.891227257209323,None
18.326985991014123,22.343068378835774,9.21533980547244
19.83209016172236,16.128138824392046,None
19.83209016172236,11.9301002764115,None
20.240507203586688,7.920584302723728,9.504333617796012
19.83209016172236,0.15228557315067803,None
23.97580295349667,11.9301002764115,None
14.461326355238903,16.128138824392046,None
3.7856649666933393,12.429323077938983,8.556586625641064
19.83209016172236,20.907556977100608,9.972149811357246
19.83209016172236,11.9301002764115,None
19.83209016172236,11.9301002764115,None
25.245159201276554,2.503903781889184,7.30600216549086
27.87504899171879,15.581399467246463,None
19.887366913430817,11.9301002764115,9.999944564438083
19.545833493657558,7.660821629006225,None
19.83209016172236,0.37137082732386517,None
19.83209016172236,11.9301002764115,9.972149811357246
19.887366913430817,7.239992874956091,8.736316655051306
19.83209016172236,7.239992874956091,None
19.545833493657558,11.9301002764115,None
19.83209016172236,7.239992874956091,None
19.545833493657558,11.9301002764115,None
20.03121377348645,11.1738908633436,9.246069121265457
31.834239044075552,2.496018565854749,8.929948831045946
31.430232465291308,11.9301002764115,None
19.83209016172236,20.907556977100608,9.972149811357246
19.83209016172236,11.9301002764115,9.972149811357246
19.83209016172236,16.128138824392046,None
19.83209016172236,0.15228557315067803,None
19.83209016172236,14.014126790744953,None
18.97225621045323,11.9301002764115,9.539800376424953
23.97580295349667,11.9301002764115,None
19.83209016172236,11.9301002764115,None
23.97580295349667,16.029787119582487,9.48707506371176
14.461326355238903,16.128138824392046,None
19.83209016172236,11.9301002764115,None
27.87504899171879,15.581399467246463,None
19.83209016172236,11.9301002764115,9.972149811357246
19.545833493657558,7.660821629006225,None
19.83209016172236,0.37137082732386517,None
20.03121377348645,11.9301002764115,9.927725064598965
19.83209016172236,11.9301002764115,None
58.65371379867597,16.891227257209323,None
19.887366913430817,16.128138824392046,None
27.87504899171879,15.581399467246463,None
19.887366913430817,7.239992874956091,8.736316655051306
23.97580295349667,11.9301002764115,7.944271282039892
19.83209016172236,11.9301002764115,9.972149811357246
19.887366913430817,16.128138824392046,9.999944564438083
18.326985991014123,22.343068378835774,9.21533980547244
19.83209016172236,7.239992874956091,None
31.430232465291308,11.9301002764115,None
33.95682186888764,26.042597549302187,9.066818093780247
19.83209016172236,16.128138824392046,None
19.83209016172236,0.15228557315067803,None
19.83209016172236,11.9301002764115,None
23.97580295349667,11.9301002764115,None
20.03121377348645,11.9301002764115,9.927725064598965
19.83209016172236,18.185171155237885,6.542074650016332
31.430232465291308,7.239992874956091,None
14.461326355238903,16.128138824392046,None
23.97580295349667,2.0220727020094413,6.887285335936594
31.430232465291308,7.239992874956091,None
19.161543981241675,3.239975138175671,7.7836174908843825
19.83209016172236,11.9301002764115,None
19.545833493657558,7.660821629006225,None
20.03121377348645,11.9301002764115,9.927725064598965
19.83209016172236,0.37137082732386517,None
19.83209016172236,20.50924919981034,9.972149811357246
19.83209016172236,7.239992874956091,None
19.83209016172236,13.5959846975784,8.750285460535983
35.29719880660673,21.231058001370467,9.973165004637936
19.83209016172236,18.185171155237885,6.542074650016332
19.83209016172236,7.239992874956091,None
31.430232465291308,11.9301002764115,None
19.83209016172236,16.128138824392046,None
23.97580295349667,11.9301002764115,7.944271282039892
27.87504899171879,15.581399467246463,None
19.887366913430817,7.239992874956091,8.736316655051306
19.83209016172236,0.15228557315067803,None
10.071556824242673,35.2338186727861,7.675428442991462
23.97580295349667,11.9301002764115,None
19.887366913430817,11.9301002764115,9.999944564438083
19.83209016172236,11.9301002764115,None
19.545833493657558,7.660821629006225,None
25.245159201276554,11.9301002764115,7.30600216549086
14.461326355238903,16.128138824392046,None
19.83209016172236,11.9301002764115,None
19.83209016172236,11.9301002764115,None
19.83209016172236,0.37137082732386517,None
19.545833493657558,11.9301002764115,None
19.887366913430817,16.128138824392046,None
19.83209016172236,11.9301002764115,None
19.83209016172236,7.239992874956091,None
19.83209016172236,2.104639281020882,None
19.887366913430817,11.9301002764115,9.999944564438083
19.83209016172236,0.37137082732386517,None
19.887366913430817,23.491558816344938,9.158467980118605
31.430232465291308,11.9301002764115,None
19.83209016172236,16.128138824392046,None
19.83209016172236,0.15228557315067803,None
19.83209016172236,11.9301002764115,8.685582415763001
33.95682186888764,26.042597549302187,9.066818093780247
23.97580295349667,11.9301002764115,None
14.461326355238903,16.128138824392046,None
19.83209016172236,11.9301002764115,None
19.887366913430817,16.128138824392046,None
27.87504899171879,15.581399467246463,None
19.545833493657558,7.660821629006225,None
20.03121377348645,11.9301002764115,9.927725064598965
20.03121377348645,11.9301002764115,9.927725064598965
19.83209016172236,11.9301002764115,None
19.545833493657558,11.9301002764115,None
19.887366913430817,16.128138824392046,None
58.65371379867597,16.891227257209323,None
25.245159201276554,2.503903781889184,7.30600216549086
19.83209016172236,7.239992874956091,None
27.87504899171879,15.581399467246463,None
19.887366913430817,16.128138824392046,None
23.97580295349667,10.169840234895752,8.494874888590354
33.95682186888764,26.042597549302187,9.066818093780247
31.430232465291308,11.9301002764115,None
19.83209016172236,16.128138824392046,None
19.83209016172236,11.9301002764115,None
19.83209016172236,0.15228557315067803,None
19.83209016172236,20.907556977100608,9.972149811357246
23.97580295349667,11.9301002764115,None
19.83209016172236,11.9301002764115,None
14.461326355238903,16.128138824392046,None
31.834239044075552,2.496018565854749,8.929948831045946
19.83209016172236,11.9301002764115,None
19.545833493657558,7.660821629006225,None
19.83209016172236,0.37137082732386517,None
19.83209016172236,11.9301002764115,9.067862767200792
38.0503494847183,17.77411891911088,8.81218333476727
19.545833493657558,11.9301002764115,None
19.887366913430817,16.128138824392046,None
58.65371379867597,16.891227257209323,None
25.245159201276554,2.503903781889184,7.30600216549086
19.887366913430817,16.128138824392046,9.999944564438083
19.887366913430817,14.495115186853425,9.999944564438083
19.83209016172236,7.239992874956091,None
19.887366913430817,16.128138824392046,None
31.430232465291308,11.9301002764115,None
19.83209016172236,0.15228557315067803,None
19.83209016172236,16.128138824392046,None
23.97580295349667,11.9301002764115,None
18.326985991014123,22.343068378835774,9.21533980547244
19.83209016172236,11.9301002764115,None
14.461326355238903,16.128138824392046,None
19.887366913430817,11.9301002764115,9.999944564438083
19.83209016172236,13.5959846975784,8.750285460535983
18.97225621045323,11.9301002764115,9.539800376424953
19.83209016172236,11.9301002764115,None
27.87504899171879,15.581399467246463,None
19.83209016172236,0.37137082732386517,None
19.545833493657558,7.660821629006225,None
10.071556824242673,35.2338186727861,7.675428442991462
19.83209016172236,11.9301002764115,None
58.65371379867597,16.891227257209323,None
19.887366913430817,11.9301002764115,9.999944564438083
19.545833493657558,11.9301002764115,None
19.887366913430817,16.128138824392046,None
25.245159201276554,2.503903781889184,7.30600216549086
23.97580295349667,11.9301002764115,7.944271282039892
23.97580295349667,16.029787119582487,9.48707506371176
19.83209016172236,0.15228557315067803,None
14.461326355238903,16.128138824392046,None
19.83209016172236,7.239992874956091,None
20.03121377348645,24.990918972957484,9.927725064598965
31.430232465291308,11.9301002764115,None
19.83209016172236,16.128138824392046,None
23.97580295349667,11.9301002764115,None
19.83209016172236,11.9301002764115,None
19.83209016172236,11.9301002764115,9.972149811357246
19.83209016172236,11.9301002764115,None
27.87504899171879,15.581399467246463,None
19.545833493657558,7.660821629006225,None
19.83209016172236,0.37137082732386517,None
19.83209016172236,11.9301002764115,None
19.545833493657558,11.9301002764115,None
20.03121377348645,11.1738908633436,9.246069121265457
19.83209016172236,7.239992874956091,None
19.887366913430817,16.128138824392046,None
19.83209016172236,18.185171155237885,6.542074650016332
33.95682186888764,26.042597549302187,9.066818093780247
19.887366913430817,16.128138824392046,None
23.97580295349667,11.9301002764115,7.944271282039892
19.887366913430817,16.128138824392046,None
35.29719880660673,21.231058001370467,9.973165004637936
33.95682186888764,26.042597549302187,9.066818093780247
19.83209016172236,0.15228557315067803,None
19.83209016172236,11.9301002764115,9.067862767200792
25.245159201276554,2.503903781889184,7.30600216549086
20.240507203586688,7.920584302723728,9.504333617796012
19.83209016172236,10.635570731930311,9.972149811357246
19.83209016172236,7.239992874956091,None
31.430232465291308,11.9301002764115,None
19.83209016172236,16.128138824392046,None
23.97580295349667,11.9301002764115,None
19.83209016172236,11.9301002764115,None
14.461326355238903,16.128138824392046,None
19.887366913430817,14.495115186853425,9.999944564438083
19.83209016172236,11.9301002764115,None
27.87504899171879,15.581399467246463,None
19.545833493657558,7.660821629006225,None
19.83209016172236,0.37137082732386517,None
26.498638082523378,9.02219849060486,9.428134452914842
19.83209016172236,11.9301002764115,None
19.545833493657558,11.9301002764115,None
19.887366913430817,16.128138824392046,None
58.65371379867597,16.891227257209323,None
19.545833493657558,11.9301002764115,None
25.47759069787653,15.256043665002787,9.98200447325523
3.7856649666933393,12.429323077938983,8.556586625641064
16.652001232665135,10.030781211555043,9.958549277809121
19.887366913430817,11.9301002764115,9.999944564438083
19.83209016172236,7.239992874956091,None
31.430232465291308,11.9301002764115,None
19.83209016172236,16.128138824392046,None
19.83209016172236,0.37137082732386517,None
19.83209016172236,18.185171155237885,6.542074650016332
19.83209016172236,0.15228557315067803,None
20.240507203586688,7.920584302723728,9.504333617796012
23.97580295349667,11.9301002764115,None
19.83209016172236,11.9301002764115,None
14.461326355238903,16.128138824392046,None
19.887366913430817,16.128138824392046,9.999944564438083
19.83209016172236,11.9301002764115,None
27.87504899171879,15.581399467246463,None
19.545833493657558,7.660821629006225,None
19.83209016172236,11.9301002764115,None
19.887366913430817,16.128138824392046,None
19.887366913430817,16.128138824392046,None
58.65371379867597,16.891227257209323,None
25.245159201276554,2.503903781889184,7.30600216549086
19.83209016172236,7.239992874956091,None
25.245159201276554,11.9301002764115,7.30600216549086
19.83209016172236,11.9301002764115,9.069955855716426
25.47759069787653,15.256043665002787,9.98200447325523
19.83209016172236,7.239992874956091,None
19.83209016172236,11.9301002764115,None
31.430232465291308,11.9301002764115,None
19.83209016172236,16.128138824392046,None
19.83209016172236,0.15228557315067803,None
23.97580295349667,11.9301002764115,None
19.83209016172236,11.9301002764115,None
19.887366913430817,23.491558816344938,9.158467980118605
14.461326355238903,16.128138824392046,None
19.887366913430817,14.495115186853425,9.999944564438083
19.83209016172236,11.9301002764115,None
27.87504899171879,15.581399467246463,None
19.545833493657558,7.660821629006225,None
19.83209016172236,0.37137082732386517,None
19.545833493657558,11.9301002764115,None
19.887366913430817,16.128138824392046,None
19.887366913430817,16.128138824392046,None
58.65371379867597,16.891227257209323,None
25.245159201276554,2.503903781889184,7.30600216549086
35.29719880660673,21.231058001370467,9.973165004637936
19.887366913430817,11.9301002764115,9.999944564438083
19.83209016172236,7.239992874956091,None
31.430232465291308,11.9301002764115,None
19.83209016172236,16.128138824392046,None
19.83209016172236,0.15228557315067803,None
19.83209016172236,11.9301002764115,9.069955855716426
19.83209016172236,11.9301002764115,None
19.83209016172236,0.37137082732386517,None
23.97580295349667,2.0220727020094413,6.887285335936594
19.83209016172236,11.9301002764115,None
23.97580295349667,11.9301002764115,None
20.03121377348645,11.9301002764115,9.927725064598965
19.887366913430817,11.9301002764115,9.999944564438083
19.83209016172236,11.9301002764115,None
14.461326355238903,16.128138824392046,None
19.83209016172236,11.9301002764115,None
58.65371379867597,16.891227257209323,None
27.87504899171879,15.581399467246463,None
19.545833493657558,7.660821629006225,None
19.545833493657558,11.9301002764115,None
19.887366913430817,16.128138824392046,None
19.887366913430817,16.128138824392046,None
25.245159201276554,2.503903781889184,7.30600216549086
19.887366913430817,16.128138824392046,9.999944564438083
23.97580295349667,11.9301002764115,7.944271282039892
19.83209016172236,18.185171155237885,6.542074650016332
25.47759069787653,15.256043665002787,9.98200447325523
18.326985991014123,22.343068378835774,9.21533980547244
19.83209016172236,7.239992874956091,None
19.545833493657558,10.037397858211653,8.31853112648207
23.97580295349667,16.029787119582487,9.48707506371176
31.430232465291308,11.9301002764115,None
19.887366913430817,16.128138824392046,None
20.03121377348645,14.992036845356678,9.003789435569242
19.83209016172236,16.128138824392046,None
19.83209016172236,0.15228557315067803,None
23.97580295349667,11.9301002764115,None
19.83209016172236,11.9301002764115,None
20.03121377348645,11.9301002764115,9.927725064598965
14.461326355238903,16.128138824392046,None
25.245159201276554,2.503903781889184,7.30600216549086
19.83209016172236,11.9301002764115,8.685582415763001
19.83209016172236,11.9301002764115,None
19.887366913430817,11.25095871150309,9.396428831408953
27.87504899171879,15.581399467246463,None
19.545833493657558,7.660821629006225,None
3.7856649666933393,12.429323077938983,8.556586625641064
19.83209016172236,0.37137082732386517,None
19.83209016172236,7.239992874956091,None
19.83209016172236,20.907556977100608,9.972149811357246
19.887366913430817,11.9301002764115,9.999944564438083
19.83209016172236,20.50924919981034,9.972149811357246
31.430232465291308,11.9301002764115,None
19.83209016172236,11.9301002764115,9.067862767200792
19.83209016172236,16.128138824392046,None
19.83209016172236,0.15228557315067803,None
23.97580295349667,11.9301002764115,None
19.83209016172236,11.9301002764115,None
14.461326355238903,16.128138824392046,None
18.97225621045323,11.9301002764115,9.539800376424953
19.83209016172236,11.9301002764115,None
19.83209016172236,11.9301002764115,9.972149811357246
19.83209016172236,7.239992874956091,None
27.87504899171879,15.581399467246463,None
19.545833493657558,7.660821629006225,None
19.887366913430817,16.128138824392046,None
23.97580295349667,11.9301002764115,7.944271282039892
19.83209016172236,0.37137082732386517,None
26.498638082523378,9.02219849060486,9.428134452914842
19.83209016172236,11.9301002764115,None
19.545833493657558,11.9301002764115,None
19.887366913430817,16.128138824392046,None
27.87504899171879,15.581399467246463,None
19.83209016172236,11.9301002764115,None
19.83209016172236,7.239992874956091,None
31.430232465291308,11.9301002764115,None
19.83209016172236,16.128138824392046,None
19.83209016172236,0.15228557315067803,None
23.97580295349667,11.9301002764115,None
19.83209016172236,11.9301002764115,None
14.461326355238903,16.128138824392046,None
19.83209016172236,18.185171155237885,6.542074650016332
19.83209016172236,11.9301002764115,None
19.545833493657558,7.660821629006225,None
19.83209016172236,0.37137082732386517,None
19.83209016172236,11.9301002764115,None
19.545833493657558,11.9301002764115,None
19.83209016172236,2.104639281020882,None
19.887366913430817,16.128138824392046,None
19.83209016172236,11.9301002764115,9.067862767200792
19.887366913430817,16.128138824392046,None
58.65371379867597,16.891227257209323,None
25.245159201276554,2.503903781889184,7.30600216549086
19.887366913430817,16.128138824392046,9.999944564438083
34.08440546518419,13.282440323181552,8.84330845659024
19.887366913430817,11.9301002764115,9.999944564438083
14.461326355238903,16.128138824392046,None
19.83209016172236,18.185171155237885,6.542074650016332
19.83209016172236,11.9301002764115,9.972149811357246
19.83209016172236,7.239992874956091,None
19.83209016172236,11.9301002764115,9.067862767200792
58.65371379867597,16.891227257209323,None
38.0503494847183,17.77411891911088,8.81218333476727
31.430232465291308,11.9301002764115,None
20.03121377348645,11.9301002764115,9.927725064598965
34.08440546518419,13.282440323181552,8.84330845659024
19.83209016172236,11.9301002764115,9.972149811357246
19.83209016172236,16.128138824392046,None
19.83209016172236,0.15228557315067803,None
14.189367775167035,21.365732334795737,9.545475737249802
23.97580295349667,11.9301002764115,None
27.87504899171879,15.581399467246463,None
19.887366913430817,23.491558816344938,9.158467980118605
19.83209016172236,11.9301002764115,None
19.83209016172236,11.9301002764115,None
31.430232465291308,7.239992874956091,None
19.83209016172236,11.9301002764115,9.972149811357246
33.95682186888764,26.042597549302187,9.066818093780247
19.545833493657558,7.660821629006225,None
19.83209016172236,11.9301002764115,None
19.887366913430817,14.495115186853425,9.999944564438083
14.189367775167035,21.365732334795737,9.545475737249802
19.83209016172236,2.104639281020882,None
19.83209016172236,7.239992874956091,None
19.83209016172236,16.128138824392046,None
31.430232465291308,11.9301002764115,None
19.83209016172236,0.15228557315067803,None
23.97580295349667,11.9301002764115,None
19.83209016172236,11.9301002764115,None
14.461326355238903,16.128138824392046,None
19.83209016172236,11.9301002764115,None
19.83209016172236,18.185171155237885,6.542074650016332
27.87504899171879,15.581399467246463,None
19.545833493657558,7.660821629006225,None
19.887366913430817,16.128138824392046,None
19.83209016172236,0.37137082732386517,None
19.83209016172236,11.9301002764115,9.067862767200792
25.245159201276554,2.503903781889184,7.30600216549086
19.83209016172236,11.9301002764115,None
19.545833493657558,11.9301002764115,None
19.887366913430817,16.128138824392046,None
58.65371379867597,16.891227257209323,None
19.887366913430817,16.128138824392046,9.999944564438083
19.887366913430817,11.25095871150309,9.396428831408953
19.83209016172236,11.9301002764115,None
20.03121377348645,11.9301002764115,9.927725064598965
19.83209016172236,13.5959846975784,8.750285460535983
19.83209016172236,0.15228557315067803,None
19.83209016172236,7.239992874956091,None
19.83209016172236,11.9301002764115,None
31.430232465291308,11.9301002764115,None
20.03121377348645,14.992036845356678,9.003789435569242
33.95682186888764,26.042597549302187,9.066818093780247
19.83209016172236,16.128138824392046,None
19.83209016172236,18.185171155237885,6.542074650016332
19.83209016172236,0.37137082732386517,None
19.83209016172236,11.9301002764115,9.972149811357246
23.97580295349667,11.9301002764115,7.944271282039892
23.97580295349667,11.9301002764115,None
19.83209016172236,11.9301002764115,None
14.461326355238903,16.128138824392046,None
27.87504899171879,15.581399467246463,None
19.545833493657558,7.660821629006225,None
19.83209016172236,11.9301002764115,None
19.545833493657558,11.9301002764115,None
19.887366913430817,16.128138824392046,None
19.887366913430817,16.128138824392046,None
58.65371379867597,16.891227257209323,None
19.887366913430817,16.128138824392046,None
58.65371379867597,16.891227257209323,None
23.97580295349667,2.0220727020094413,6.887285335936594
19.887366913430817,7.239992874956091,8.736316655051306
19.83209016172236,7.239992874956091,None
31.430232465291308,11.9301002764115,None
19.83209016172236,11.9301002764115,8.685582415763001
23.97580295349667,11.9301002764115,7.944271282039892
19.83209016172236,16.128138824392046,None
19.83209016172236,0.15228557315067803,None
23.97580295349667,11.9301002764115,None
19.83209016172236,11.9301002764115,None
33.95682186888764,26.042597549302187,9.066818093780247
14.461326355238903,16.128138824392046,None
19.83209016172236,11.9301002764115,None
27.87504899171879,15.581399467246463,None
19.887366913430817,11.9301002764115,9.999944564438083
19.545833493657558,7.660821629006225,None
19.83209016172236,0.37137082732386517,None
19.83209016172236,11.9301002764115,None
19.887366913430817,11.9301002764115,9.999944564438083
19.545833493657558,11.9301002764115,None
19.887366913430817,16.128138824392046,None
20.03121377348645,14.992036845356678,9.003789435569242
23.97580295349667,11.9301002764115,None
27.87504899171879,15.581399467246463,None
19.545833493657558,11.9301002764115,None
4.4846404462056935,9.742737217428814,7.78898121073548
14.461326355238903,16.128138824392046,None
20.240507203586688,7.920584302723728,9.504333617796012
19.887366913430817,16.128138824392046,None
19.887366913430817,11.9301002764115,9.999944564438083
19.83209016172236,7.239992874956091,None
19.83209016172236,14.014126790744953,None
31.430232465291308,11.9301002764115,None
19.83209016172236,16.128138824392046,None
19.83209016172236,0.15228557315067803,None
19.83209016172236,11.9301002764115,None
19.83209016172236,11.9301002764115,None
19.545833493657558,7.660821629006225,None
19.83209016172236,11.9301002764115,None
26.498638082523378,9.02219849060486,9.428134452914842
31.834239044075552,2.496018565854749,8.929948831045946
19.83209016172236,0.37137082732386517,None
19.83209016172236,11.9301002764115,None
19.887366913430817,16.128138824392046,None
58.65371379867597,16.891227257209323,None
25.245159201276554,2.503903781889184,7.30600216549086
31.430232465291308,11.9301002764115,None
19.83209016172236,0.15228557315067803,None
19.887366913430817,16.128138824392046,9.999944564438083
19.887366913430817,11.25095871150309,9.396428831408953
20.03121377348645,17.82245417816345,9.927725064598965
31.430232465291308,11.9301002764115,None
19.83209016172236,7.239992874956091,None
19.83209016172236,7.239992874956091,None
19.83209016172236,16.128138824392046,None
23.97580295349667,11.9301002764115,None
19.83209016172236,11.9301002764115,None
14.461326355238903,16.128138824392046,None
19.83209016172236,18.185171155237885,6.542074650016332
19.83209016172236,11.9301002764115,None
27.87504899171879,15.581399467246463,None
19.545833493657558,7.660821629006225,None
19.83209016172236,0.37137082732386517,None
58.65371379867597,16.891227257209323,None
20.03121377348645,24.990918972957484,9.927725064598965
19.83209016172236,11.9301002764115,None
19.83209016172236,11.9301002764115,None
19.545833493657558,11.9301002764115,None
20.03121377348645,11.1738908633436,9.246069121265457
19.83209016172236,10.635570731930311,9.972149811357246
25.245159201276554,2.503903781889184,7.30600216549086
18.97225621045323,11.9301002764115,9.539800376424953
19.887366913430817,16.128138824392046,7.397030910465238
27.87504899171879,15.581399467246463,None
58.65371379867597,16.891227257209323,None
19.83209016172236,20.50924919981034,9.972149811357246
20.03121377348645,11.1738908633436,9.246069121265457
19.83209016172236,7.239992874956091,None
19.83209016172236,0.15228557315067803,None
19.83209016172236,0.37137082732386517,None
31.430232465291308,11.9301002764115,None
25.60972372776903,38.224897511267656,9.972149811357246
19.887366913430817,16.128138824392046,9.999944564438083
33.95682186888764,26.042597549302187,9.066818093780247
19.83209016172236,16.128138824392046,None
23.97580295349667,11.9301002764115,None
20.03121377348645,11.9301002764115,9.927725064598965
19.887366913430817,11.25095871150309,9.396428831408953
19.83209016172236,11.9301002764115,None
14.461326355238903,16.128138824392046,None
19.83209016172236,11.9301002764115,None
19.545833493657558,7.660821629006225,None
19.83209016172236,11.9301002764115,None
19.83209016172236,18.185171155237885,6.542074650016332
35.29719880660673,21.231058001370467,9.973165004637936
10.071556824242673,35.2338186727861,7.675428442991462
31.834239044075552,2.496018565854749,8.929948831045946
19.83209016172236,7.239992874956091,None
14.189367775167035,21.365732334795737,9.545475737249802
25.245159201276554,2.503903781889184,7.30600216549086
19.887366913430817,16.128138824392046,9.999944564438083
19.83209016172236,11.9301002764115,None
31.430232465291308,11.9301002764115,None
19.83209016172236,16.128138824392046,None
19.83209016172236,0.15228557315067803,None
19.83209016172236,7.239992874956091,None
23.97580295349667,11.9301002764115,None
19.83209016172236,11.9301002764115,None
14.461326355238903,16.128138824392046,None
19.887366913430817,16.128138824392046,7.397030910465238
19.83209016172236,14.014126790744953,None
27.87504899171879,15.581399467246463,None
19.887366913430817,14.495115186853425,9.999944564438083
19.83209016172236,11.9301002764115,None
19.545833493657558,7.660821629006225,None
19.83209016172236,0.37137082732386517,None
19.83209016172236,11.9301002764115,None
19.887366913430817,16.128138824392046,None
19.83209016172236,11.9301002764115,None
25.245159201276554,11.9301002764115,7.30600216549086
31.430232465291308,7.239992874956091,None
19.887366913430817,16.128138824392046,9.999944564438083
19.887366913430817,23.491558816344938,9.158467980118605
31.834239044075552,2.496018565854749,8.929948831045946
19.83209016172236,7.239992874956091,None
19.83209016172236,0.15228557315067803,None
35.29719880660673,21.231058001370467,9.973165004637936
31.430232465291308,11.9301002764115,None
20.03121377348645,11.9301002764115,9.927725064598965
19.887366913430817,11.25095871150309,9.396428831408953
19.83209016172236,16.128138824392046,None
23.97580295349667,11.9301002764115,None
19.83209016172236,11.9301002764115,None
14.461326355238903,16.128138824392046,None
23.97580295349667,11.9301002764115,7.944271282039892
19.83209016172236,11.9301002764115,None
27.87504899171879,15.581399467246463,None
20.03121377348645,11.1738908633436,9.246069121265457
19.545833493657558,7.660821629006225,None
19.83209016172236,0.37137082732386517,None
19.545833493657558,11.9301002764115,None
38.0503494847183,17.77411891911088,8.81218333476727
19.83209016172236,20.907556977100608,9.972149811357246
3.7856649666933393,12.429323077938983,8.556586625641064
19.83209016172236,11.9301002764115,None
19.83209016172236,7.239992874956091,None
23.97580295349667,11.9301002764115,7.944271282039892
4.4846404462056935,9.742737217428814,7.78898121073548
31.430232465291308,11.9301002764115,None
34.08440546518419,13.282440323181552,8.84330845659024
18.97225621045323,11.9301002764115,9.539800376424953
19.83209016172236,16.128138824392046,None
19.83209016172236,0.15228557315067803,None
23.97580295349667,11.9301002764115,None
19.83209016172236,13.5959846975784,8.750285460535983
19.83209016172236,11.9301002764115,None
19.83209016172236,11.9301002764115,None
14.461326355238903,16.128138824392046,None
27.87504899171879,15.581399467246463,None
19.545833493657558,10.037397858211653,8.31853112648207
20.03121377348645,11.9301002764115,9.927725064598965
19.545833493657558,7.660821629006225,None
20.03121377348645,11.9301002764115,9.927725064598965
19.83209016172236,0.37137082732386517,None
19.545833493657558,11.9301002764115,None
23.97580295349667,2.0220727020094413,6.887285335936594
4.4846404462056935,9.742737217428814,7.78898121073548
19.887366913430817,11.25095871150309,9.396428831408953
31.430232465291308,7.239992874956091,None
20.03121377348645,11.9301002764115,9.927725064598965
19.83209016172236,20.907556977100608,9.972149811357246
19.83209016172236,7.239992874956091,None
19.83209016172236,11.9301002764115,None
31.430232465291308,11.9301002764115,None
19.887366913430817,11.9301002764115,9.999944564438083
19.83209016172236,16.128138824392046,None
19.83209016172236,0.15228557315067803,None
23.97580295349667,11.9301002764115,None
14.461326355238903,16.128138824392046,None
19.83209016172236,11.9301002764115,None
20.03121377348645,14.992036845356678,9.003789435569242
19.83209016172236,0.37137082732386517,None
27.87504899171879,15.581399467246463,None
19.83209016172236,11.9301002764115,None
31.834239044075552,2.496018565854749,8.929948831045946
19.545833493657558,7.660821629006225,None
20.573876811910036,10.282084185840755,7.996735396702338
19.545833493657558,11.9301002764115,None
19.887366913430817,16.128138824392046,None
19.887366913430817,16.128138824392046,9.999944564438083
20.240507203586688,7.920584302723728,9.504333617796012
19.83209016172236,7.239992874956091,None
19.887366913430817,7.239992874956091,8.736316655051306
31.430232465291308,11.9301002764115,None
19.83209016172236,16.128138824392046,None
19.83209016172236,0.15228557315067803,None
23.97580295349667,11.9301002764115,None
19.83209016172236,13.5959846975784,8.750285460535983
19.83209016172236,11.9301002764115,None
14.461326355238903,16.128138824392046,None
19.83209016172236,11.9301002764115,None
27.87504899171879,15.581399467246463,None
19.545833493657558,7.660821629006225,None
19.83209016172236,0.37137082732386517,None
20.03121377348645,11.9301002764115,9.927725064598965
23.97580295349667,11.9301002764115,7.944271282039892
19.83209016172236,11.9301002764115,None
19.545833493657558,11.9301002764115,None
19.887366913430817,16.128138824392046,None
19.887366913430817,16.128138824392046,None
19.83209016172236,7.239992874956091,None
14.189367775167035,21.365732334795737,9.545475737249802
58.65371379867597,16.891227257209323,None
25.245159201276554,2.503903781889184,7.30600216549086
19.83209016172236,11.9301002764115,9.972149811357246
3.7856649666933393,12.429323077938983,8.556586625641064
19.83209016172236,7.239992874956091,None
19.83209016172236,0.15228557315067803,None
19.887366913430817,11.9301002764115,9.999944564438083
19.545833493657558,7.660821629006225,None
19.83209016172236,11.9301002764115,8.685582415763001
23.97580295349667,11.9301002764115,7.944271282039892
31.430232465291308,11.9301002764115,None
20.03121377348645,24.990918972957484,9.927725064598965
19.83209016172236,16.128138824392046,None
23.97580295349667,11.9301002764115,None
19.83209016172236,11.9301002764115,None
14.461326355238903,16.128138824392046,None
19.83209016172236,11.9301002764115,None
27.87504899171879,15.581399467246463,None
19.545833493657558,11.9301002764115,None
19.83209016172236,0.37137082732386517,None
19.83209016172236,11.9301002764115,None
19.887366913430817,16.128138824392046,None
19.887366913430817,16.128138824392046,None
19.887366913430817,16.128138824392046,9.999944564438083
19.887366913430817,11.25095871150309,9.396428831408953
58.65371379867597,16.891227257209323,None
25.245159201276554,11.9301002764115,7.30600216549086
19.83209016172236,7.239992874956091,None
31.430232465291308,11.9301002764115,None
19.83209016172236,16.128138824392046,None
19.83209016172236,0.15228557315067803,None
19.887366913430817,16.128138824392046,None
19.83209016172236,11.9301002764115,8.685582415763001
20.03121377348645,11.9301002764115,9.927725064598965
25.245159201276554,2.503903781889184,7.30600216549086
19.545833493657558,7.660821629006225,None
19.83209016172236,11.9301002764115,None
23.97580295349667,11.9301002764115,None
19.83209016172236,11.9301002764115,None
19.545833493657558,11.9301002764115,None
19.83209016172236,13.5959846975784,8.750285460535983
14.461326355238903,16.128138824392046,None
19.83209016172236,11.9301002764115,None
27.87504899171879,15.581399467246463,None
31.834239044075552,2.496018565854749,8.929948831045946
19.83209016172236,0.37137082732386517,None
19.887366913430817,16.128138824392046,None
58.65371379867597,16.891227257209323,None
19.887366913430817,16.128138824392046,9.999944564438083
25.47759069787653,15.256043665002787,9.98200447325523
34.08440546518419,13.282440323181552,8.84330845659024
19.83209016172236,18.185171155237885,6.542074650016332
19.83209016172236,11.9301002764115,9.972149811357246
31.834239044075552,2.496018565854749,8.929948831045946
14.189367775167035,21.365732334795737,9.545475737249802
19.83209016172236,7.239992874956091,None
19.83209016172236,11.9301002764115,None
35.29719880660673,21.231058001370467,9.973165004637936
31.430232465291308,11.9301002764115,None
19.83209016172236,11.9301002764115,None
19.83209016172236,16.128138824392046,None
19.83209016172236,0.37137082732386517,None
19.83209016172236,20.50924919981034,9.972149811357246
19.83209016172236,0.15228557315067803,None
23.97580295349667,11.9301002764115,None
14.461326355238903,16.128138824392046,None
19.545833493657558,11.9301002764115,None
20.03121377348645,17.82245417816345,9.927725064598965
27.87504899171879,15.581399467246463,None
19.83209016172236,11.9301002764115,8.685582415763001
19.887366913430817,16.128138824392046,None
19.545833493657558,7.660821629006225,None
19.83209016172236,11.9301002764115,None
19.887366913430817,16.128138824392046,None
19.887366913430817,11.9301002764115,9.999944564438083
20.03121377348645,24.990918972957484,9.927725064598965
31.430232465291308,11.9301002764115,None
19.83209016172236,20.50924919981034,9.972149811357246
19.83209016172236,11.9301002764115,None
19.83209016172236,7.239992874956091,None
19.545833493657558,7.660821629006225,None
19.83209016172236,16.128138824392046,None
19.83209016172236,0.15228557315067803,None
23.97580295349667,11.9301002764115,None
19.83209016172236,11.9301002764115,None
19.887366913430817,16.128138824392046,None
14.461326355238903,16.128138824392046,None
27.87504899171879,15.581399467246463,None
19.83209016172236,0.37137082732386517,None
58.65371379867597,16.891227257209323,None
19.83209016172236,11.9301002764115,None
19.545833493657558,11.9301002764115,None
19.887366913430817,16.128138824392046,None
25.245159201276554,2.503903781889184,7.30600216549086
19.887366913430817,16.128138824392046,9.999944564438083
34.08440546518419,13.282440323181552,8.84330845659024
19.887366913430817,11.9301002764115,9.999944564438083
26.498638082523378,9.02219849060486,9.428134452914842
31.430232465291308,11.9301002764115,None
19.83209016172236,0.15228557315067803,None
27.87504899171879,15.581399467246463,None
19.887366913430817,16.128138824392046,None
19.887366913430817,11.9301002764115,9.999944564438083
19.83209016172236,7.239992874956091,None
19.545833493657558,7.660821629006225,None
26.164748072272953,11.9301002764115,9.972149811357246
19.545833493657558,11.9301002764115,None
58.65371379867597,16.891227257209323,None
20.03121377348645,11.9301002764115,9.927725064598965
19.83209016172236,16.128138824392046,None
23.97580295349667,11.9301002764115,None
19.83209016172236,11.9301002764115,None
19.83209016172236,10.635570731930311,9.972149811357246
14.461326355238903,16.128138824392046,None
19.83209016172236,11.9301002764115,None
16.652001232665135,10.030781211555043,9.958549277809121
19.83209016172236,0.37137082732386517,None
19.83209016172236,11.9301002764115,None
14.189367775167035,21.365732334795737,9.545475737249802
19.887366913430817,16.128138824392046,None
25.245159201276554,2.503903781889184,7.30600216549086
19.887366913430817,16.128138824392046,9.999944564438083
19.887366913430817,11.9301002764115,9.999944564438083
19.83209016172236,11.9301002764115,9.972149811357246
19.83209016172236,13.5959846975784,8.750285460535983
19.83209016172236,11.9301002764115,None
19.83209016172236,11.9301002764115,None
23.97580295349667,2.0220727020094413,6.887285335936594
19.83209016172236,11.9301002764115,9.972149811357246
25.245159201276554,2.503903781889184,7.30600216549086
31.430232465291308,11.9301002764115,None
19.83209016172236,11.9301002764115,None
19.83209016172236,7.239992874956091,None
19.83209016172236,0.37137082732386517,None
19.83209016172236,16.128138824392046,None
19.83209016172236,10.635570731930311,9.972149811357246
23.97580295349667,11.9301002764115,None
19.83209016172236,7.239992874956091,None
19.83209016172236,0.15228557315067803,None
14.189367775167035,21.365732334795737,9.545475737249802
58.65371379867597,16.891227257209323,None
14.461326355238903,16.128138824392046,None
20.03121377348645,11.9301002764115,9.927725064598965
27.87504899171879,15.581399467246463,None
19.545833493657558,7.660821629006225,None
19.83209016172236,11.9301002764115,None
25.60972372776903,38.224897511267656,9.972149811357246
19.83209016172236,11.9301002764115,9.972149811357246
33.95682186888764,26.042597549302187,9.066818093780247
20.03121377348645,17.82245417816345,9.927725064598965
19.83209016172236,11.9301002764115,None
38.0503494847183,17.77411891911088,8.81218333476727
19.83209016172236,20.907556977100608,9.972149811357246
20.03121377348645,14.992036845356678,9.003789435569242
19.83209016172236,7.239992874956091,None
31.430232465291308,7.239992874956091,None
31.430232465291308,11.9301002764115,None
23.97580295349667,16.029787119582487,9.48707506371176
19.83209016172236,16.128138824392046,None
19.83209016172236,0.15228557315067803,None
19.887366913430817,11.9301002764115,9.999944564438083
23.97580295349667,11.9301002764115,None
19.83209016172236,11.9301002764115,None
20.03121377348645,11.9301002764115,9.927725064598965
19.161543981241675,3.239975138175671,7.7836174908843825
14.461326355238903,16.128138824392046,None
19.83209016172236,11.9301002764115,None
26.164748072272953,11.9301002764115,9.972149811357246
27.87504899171879,15.581399467246463,None
19.83209016172236,0.37137082732386517,None
19.161543981241675,3.239975138175671,7.7836174908843825
19.83209016172236,7.239992874956091,None
23.97580295349667,11.9301002764115,None
19.887366913430817,11.9301002764115,9.999944564438083
19.545833493657558,11.9301002764115,None
31.430232465291308,11.9301002764115,None
19.83209016172236,16.128138824392046,None
19.83209016172236,2.104639281020882,None
19.887366913430817,16.128138824392046,9.999944564438083
19.83209016172236,0.15228557315067803,None
19.83209016172236,11.9301002764115,None
20.03121377348645,11.1738908633436,9.246069121265457
14.461326355238903,16.128138824392046,None
31.430232465291308,11.9301002764115,None
19.83209016172236,11.9301002764115,None
19.887366913430817,16.128138824392046,None
27.87504899171879,15.581399467246463,None
19.545833493657558,7.660821629006225,None
19.83209016172236,0.37137082732386517,None
19.83209016172236,11.9301002764115,None
19.887366913430817,16.128138824392046,None
19.83209016172236,13.5959846975784,8.750285460535983
58.65371379867597,16.891227257209323,None
25.245159201276554,2.503903781889184,7.30600216549086
20.240507203586688,7.920584302723728,9.504333617796012
31.834239044075552,2.496018565854749,8.929948831045946
19.83209016172236,7.239992874956091,None
19.887366913430817,16.128138824392046,9.999944564438083
31.430232465291308,11.9301002764115,None
26.498638082523378,9.02219849060486,9.428134452914842
31.430232465291308,11.9301002764115,None
19.83209016172236,16.128138824392046,None
19.83209016172236,0.15228557315067803,None
23.97580295349667,11.9301002764115,None
19.83209016172236,11.9301002764115,None
14.461326355238903,16.128138824392046,None
27.87504899171879,15.581399467246463,None
19.545833493657558,11.9301002764115,None
19.83209016172236,11.9301002764115,None
25.47759069787653,15.256043665002787,9.98200447325523
19.83209016172236,0.37137082732386517,None
19.545833493657558,7.660821629006225,None
18.326985991014123,22.343068378835774,9.21533980547244
19.83209016172236,11.9301002764115,None
19.887366913430817,16.128138824392046,None
19.887366913430817,16.128138824392046,None
20.03121377348645,24.990918972957484,9.927725064598965
58.65371379867597,16.891227257209323,None
19.83209016172236,20.907556977100608,9.972149811357246
26.498638082523378,9.02219849060486,9.428134452914842
31.834239044075552,2.496018565854749,8.929948831045946
31.430232465291308,11.9301002764115,None
25.245159201276554,2.503903781889184,7.30600216549086
19.83209016172236,7.239992874956091,None
19.83209016172236,16.128138824392046,None
19.83209016172236,20.50924919981034,9.972149811357246
19.83209016172236,0.15228557315067803,None
4.4846404462056935,9.742737217428814,7.78898121073548
19.83209016172236,11.9301002764115,None
23.97580295349667,11.9301002764115,None
19.83209016172236,11.9301002764115,None
14.461326355238903,16.128138824392046,None
19.83209016172236,11.9301002764115,None
25.60972372776903,38.224897511267656,9.972149811357246
27.87504899171879,15.581399467246463,None
19.545833493657558,7.660821629006225,None
19.83209016172236,10.635570731930311,9.972149811357246
19.83209016172236,0.37137082732386517,None
19.83209016172236,11.9301002764115,None
19.887366913430817,11.9301002764115,9.999944564438083
19.545833493657558,11.9301002764115,None
19.887366913430817,16.128138824392046,None
19.83209016172236,18.185171155237885,6.542074650016332
19.83209016172236,11.9301002764115,9.069955855716426
19.83209016172236,13.5959846975784,8.750285460535983
19.83209016172236,11.9301002764115,8.685582415763001
19.887366913430817,14.495115186853425,9.999944564438083
19.83209016172236,7.239992874956091,None
18.97225621045323,11.9301002764115,9.539800376424953
31.430232465291308,11.9301002764115,None
19.83209016172236,11.9301002764115,None
19.83209016172236,11.9301002764115,None
19.83209016172236,16.128138824392046,None
19.83209016172236,0.15228557315067803,None
23.97580295349667,11.9301002764115,None
31.834239044075552,2.496018565854749,8.929948831045946
19.83209016172236,0.37137082732386517,None
14.461326355238903,16.128138824392046,None
25.60972372776903,38.224897511267656,9.972149811357246
19.83209016172236,11.9301002764115,None
27.87504899171879,15.581399467246463,None
19.545833493657558,7.660821629006225,None
19.83209016172236,11.9301002764115,None
19.887366913430817,11.9301002764115,9.999944564438083
19.545833493657558,11.9301002764115,None
19.887366913430817,16.128138824392046,None
19.887366913430817,16.128138824392046,None
35.29719880660673,21.231058001370467,9.973165004637936
19.83209016172236,7.239992874956091,None
19.83209016172236,11.9301002764115,None
19.545833493657558,11.9301002764115,None
25.245159201276554,2.503903781889184,7.30600216549086
31.430232465291308,11.9301002764115,None
19.887366913430817,11.9301002764115,9.999944564438083
19.83209016172236,16.128138824392046,None
20.03121377348645,11.9301002764115,9.927725064598965
19.83209016172236,0.15228557315067803,None
19.161543981241675,3.239975138175671,7.7836174908843825
19.83209016172236,11.9301002764115,8.685582415763001
23.97580295349667,11.9301002764115,None
19.83209016172236,11.9301002764115,None
14.461326355238903,16.128138824392046,None
19.83209016172236,11.9301002764115,None
27.87504899171879,15.581399467246463,None
19.545833493657558,7.660821629006225,None
19.83209016172236,0.37137082732386517,None
19.887366913430817,16.128138824392046,None
58.65371379867597,16.891227257209323,None
19.887366913430817,16.128138824392046,9.999944564438083
19.83209016172236,11.9301002764115,9.972149811357246
14.461326355238903,16.128138824392046,None
19.887366913430817,11.9301002764115,9.999944564438083
20.03121377348645,11.9301002764115,9.927725064598965
23.97580295349667,10.169840234895752,8.494874888590354
19.83209016172236,7.239992874956091,None
31.430232465291308,11.9301002764115,None
19.83209016172236,16.128138824392046,None
19.83209016172236,0.15228557315067803,None
23.97580295349667,11.9301002764115,None
19.83209016172236,11.9301002764115,None
19.83209016172236,11.9301002764115,None
19.83209016172236,11.9301002764115,None
27.87504899171879,15.581399467246463,None
19.545833493657558,7.660821629006225,None
19.83209016172236,0.37137082732386517,None
19.83209016172236,11.9301002764115,None
19.545833493657558,11.9301002764115,None
19.887366913430817,16.128138824392046,None
19.887366913430817,16.128138824392046,None
58.65371379867597,16.891227257209323,None
19.83209016172236,2.104639281020882,None
25.245159201276554,2.503903781889184,7.30600216549086
19.887366913430817,16.128138824392046,9.999944564438083
34.08440546518419,13.282440323181552,8.84330845659024
58.65371379867597,16.891227257209323,None
19.83209016172236,2.104639281020882,None
19.83209016172236,7.239992874956091,None
23.97580295349667,11.9301002764115,None
19.545833493657558,7.660821629006225,None
19.83209016172236,11.9301002764115,None
31.430232465291308,11.9301002764115,None
19.83209016172236,16.128138824392046,None
18.326985991014123,22.343068378835774,9.21533980547244
19.83209016172236,0.15228557315067803,None
20.03121377348645,24.990918972957484,9.927725064598965
19.83209016172236,11.9301002764115,None
14.461326355238903,16.128138824392046,None
19.83209016172236,11.9301002764115,None
20.03121377348645,11.9301002764115,9.927725064598965
27.87504899171879,15.581399467246463,None
19.83209016172236,0.37137082732386517,None
19.545833493657558,11.9301002764115,None
19.887366913430817,16.128138824392046,None
19.887366913430817,16.128138824392046,None
25.245159201276554,2.503903781889184,7.30600216549086
19.887366913430817,16.128138824392046,9.999944564438083
34.08440546518419,13.282440323181552,8.84330845659024
3.7856649666933393,12.429323077938983,8.556586625641064
19.83209016172236,20.50924919981034,9.972149811357246
23.97580295349667,2.0220727020094413,6.887285335936594
19.887366913430817,11.9301002764115,9.999944564438083
10.071556824242673,35.2338186727861,7.675428442991462
23.97580295349667,11.9301002764115,7.944271282039892
19.887366913430817,16.128138824392046,None
25.47759069787653,15.256043665002787,9.98200447325523
19.83209016172236,7.239992874956091,None
31.430232465291308,11.9301002764115,None
19.83209016172236,16.128138824392046,None
19.83209016172236,0.15228557315067803,None
23.97580295349667,11.9301002764115,None
19.83209016172236,11.9301002764115,None
14.461326355238903,16.128138824392046,None
19.83209016172236,11.9301002764115,None
27.87504899171879,15.581399467246463,None
19.887366913430817,7.239992874956091,8.736316655051306
19.545833493657558,7.660821629006225,None
19.83209016172236,14.014126790744953,None
19.83209016172236,0.37137082732386517,None
19.83209016172236,11.9301002764115,None
19.545833493657558,11.9301002764115,None
19.887366913430817,16.128138824392046,None
38.0503494847183,17.77411891911088,8.81218333476727
19.83209016172236,14.014126790744953,None
19.83209016172236,7.239992874956091,None
19.887366913430817,16.128138824392046,None
20.03121377348645,14.992036845356678,9.003789435569242
19.83209016172236,7.239992874956091,None
31.430232465291308,11.9301002764115,None
19.83209016172236,18.185171155237885,6.542074650016332
19.83209016172236,16.128138824392046,None
31.430232465291308,7.239992874956091,None
25.245159201276554,11.9301002764115,7.30600216549086
19.83209016172236,0.15228557315067803,None
23.97580295349667,11.9301002764115,None
19.83209016172236,11.9301002764115,None
14.461326355238903,16.128138824392046,None
27.87504899171879,15.581399467246463,None
19.83209016172236,11.9301002764115,9.972149811357246
19.545833493657558,7.660821629006225,None
19.83209016172236,11.9301002764115,None
19.83209016172236,0.37137082732386517,None
19.83209016172236,11.9301002764115,None
19.83209016172236,11.9301002764115,None
19.545833493657558,11.9301002764115,None
19.887366913430817,16.128138824392046,None
58.65371379867597,16.891227257209323,None
19.887366913430817,16.128138824392046,None
20.240507203586688,7.920584302723728,9.504333617796012
19.83209016172236,7.239992874956091,None
3.7856649666933393,12.429323077938983,8.556586625641064
19.83209016172236,20.50924919981034,9.972149811357246
19.83209016172236,14.014126790744953,None
31.430232465291308,11.9301002764115,None
19.83209016172236,7.239992874956091,None
19.83209016172236,18.185171155237885,6.542074650016332
19.83209016172236,16.128138824392046,None
19.83209016172236,0.15228557315067803,None
23.97580295349667,11.9301002764115,None
19.83209016172236,11.9301002764115,None
31.430232465291308,7.239992874956091,None
31.430232465291308,7.239992874956091,None
23.97580295349667,11.9301002764115,7.944271282039892
14.461326355238903,16.128138824392046,None
19.887366913430817,16.128138824392046,7.397030910465238
19.83209016172236,11.9301002764115,None
27.87504899171879,15.581399467246463,None
19.887366913430817,7.239992874956091,8.736316655051306
19.83209016172236,11.9301002764115,None
19.545833493657558,7.660821629006225,None
19.83209016172236,0.37137082732386517,None
23.97580295349667,11.9301002764115,7.944271282039892
20.03121377348645,24.990918972957484,9.927725064598965
19.83209016172236,16.128138824392046,None
19.887366913430817,11.9301002764115,9.999944564438083
19.887366913430817,16.128138824392046,None
19.83209016172236,7.239992874956091,None
19.887366913430817,16.128138824392046,9.999944564438083
23.97580295349667,10.169840234895752,8.494874888590354
19.83209016172236,11.9301002764115,9.067862767200792
31.430232465291308,11.9301002764115,None
19.887366913430817,16.128138824392046,None
19.83209016172236,0.15228557315067803,None
23.97580295349667,11.9301002764115,None
19.83209016172236,11.9301002764115,None
14.461326355238903,16.128138824392046,None
20.240507203586688,7.920584302723728,9.504333617796012
19.83209016172236,11.9301002764115,None
27.87504899171879,15.581399467246463,None
19.545833493657558,7.660821629006225,None
19.83209016172236,0.37137082732386517,None
19.83209016172236,11.9301002764115,None
19.545833493657558,11.9301002764115,None
58.65371379867597,16.891227257209323,None
25.245159201276554,2.503903781889184,7.30600216549086
20.03121377348645,11.9301002764115,9.927725064598965
19.83209016172236,2.104639281020882,None
19.83209016172236,11.9301002764115,None
31.430232465291308,7.239992874956091,None
19.83209016172236,7.239992874956091,None
31.430232465291308,11.9301002764115,None
19.83209016172236,16.128138824392046,None
19.83209016172236,0.15228557315067803,None
23.97580295349667,11.9301002764115,None
26.164748072272953,11.9301002764115,9.972149811357246
19.83209016172236,11.9301002764115,None
14.461326355238903,16.128138824392046,None
19.83209016172236,11.9301002764115,None
27.87504899171879,15.581399467246463,None
19.887366913430817,14.495115186853425,9.999944564438083
19.545833493657558,7.660821629006225,None
19.83209016172236,7.239992874956091,None
19.83209016172236,0.37137082732386517,None
19.887366913430817,16.128138824392046,None
19.887366913430817,16.128138824392046,None
19.545833493657558,11.9301002764115,None
58.65371379867597,16.891227257209323,None
19.887366913430817,11.9301002764115,9.999944564438083
25.245159201276554,2.503903781889184,7.30600216549086
19.887366913430817,7.239992874956091,8.736316655051306
19.887366913430817,11.9301002764115,9.999944564438083
23.97580295349667,11.9301002764115,7.944271282039892
19.887366913430817,14.495115186853425,9.999944564438083
19.83209016172236,7.239992874956091,None
31.430232465291308,11.9301002764115,None
18.97225621045323,11.9301002764115,9.539800376424953
19.83209016172236,16.128138824392046,None
19.83209016172236,11.9301002764115,9.972149811357246
19.83209016172236,0.15228557315067803,None
10.071556824242673,35.2338186727861,7.675428442991462
19.83209016172236,11.9301002764115,9.069955855716426
23.97580295349667,11.9301002764115,None
19.83209016172236,11.9301002764115,None
14.461326355238903,16.128138824392046,None
19.83209016172236,11.9301002764115,None
27.87504899171879,15.581399467246463,None
23.97580295349667,11.9301002764115,7.944271282039892
23.97580295349667,16.029787119582487,9.48707506371176
19.545833493657558,7.660821629006225,None
19.83209016172236,0.37137082732386517,None
19.83209016172236,11.9301002764115,None
19.545833493657558,11.9301002764115,None
19.83209016172236,18.185171155237885,6.542074650016332
23.97580295349667,10.169840234895752,8.494874888590354
23.97580295349667,2.0220727020094413,6.887285335936594
19.83209016172236,7.239992874956091,None
19.83209016172236,11.9301002764115,None
31.430232465291308,11.9301002764115,None
19.83209016172236,16.128138824392046,None
19.83209016172236,0.15228557315067803,None
23.97580295349667,11.9301002764115,None
19.887366913430817,16.128138824392046,None
14.461326355238903,16.128138824392046,None
19.83209016172236,11.9301002764115,None
19.83209016172236,11.9301002764115,8.685582415763001
27.87504899171879,15.581399467246463,None
19.83209016172236,11.9301002764115,8.685582415763001
19.545833493657558,7.660821629006225,None
19.545833493657558,11.9301002764115,None
58.65371379867597,16.891227257209323,None
25.245159201276554,11.9301002764115,7.30600216549086
19.83209016172236,0.37137082732386517,None
19.887366913430817,23.491558816344938,9.158467980118605
19.83209016172236,11.9301002764115,None
19.83209016172236,11.9301002764115,9.972149811357246
19.887366913430817,16.128138824392046,None
19.887366913430817,16.128138824392046,7.397030910465238
19.83209016172236,2.104639281020882,None
31.430232465291308,7.239992874956091,None
19.83209016172236,11.9301002764115,None
19.83209016172236,11.9301002764115,None
19.83209016172236,7.239992874956091,None
31.430232465291308,7.239992874956091,None
31.430232465291308,11.9301002764115,None
19.83209016172236,7.239992874956091,None
31.430232465291308,11.9301002764115,None
19.83209016172236,11.9301002764115,None
19.83209016172236,16.128138824392046,None
19.83209016172236,14.014126790744953,None
19.83209016172236,0.15228557315067803,None
23.97580295349667,11.9301002764115,None
19.83209016172236,11.9301002764115,None
19.83209016172236,11.9301002764115,None
14.461326355238903,16.128138824392046,None
27.87504899171879,15.581399467246463,None
19.545833493657558,7.660821629006225,None
19.83209016172236,0.37137082732386517,None
19.887366913430817,16.128138824392046,None
19.887366913430817,16.128138824392046,None
19.545833493657558,11.9301002764115,None
58.65371379867597,16.891227257209323,None
23.984079260406766,14.33721392992288,9.784115443602678
47.60377783557419,14.33721392992288,4.855556806526319
23.984079260406766,14.33721392992288,9.461171474189076
47.34602443485967,14.33721392992288,9.02655223532235
23.984079260406766,9.0207901644535,9.268008877930772
23.984079260406766,0.872348683873394,10.179000775422946
23.984079260406766,14.33721392992288,10.700540170269544
23.984079260406766,11.728098106370386,9.07644674889553
23.984079260406766,14.33721392992288,9.733149701493177
23.984079260406766,27.038281818254397,7.296250911092858
23.984079260406766,7.131313886314384,0.09143359093779614
11.102914642335802,14.33721392992288,8.830113329104549
23.99620149705476,14.33721392992288,10.577043620989159
28.37501646816964,14.33721392992288,8.142290247513392
17.234616847276595,14.33721392992288,7.925985398610665
23.984079260406766,14.33721392992288,10.552384332229982
23.99620149705476,22.31600892355817,8.31197868379714
17.945125409860232,0.9545761898126877,8.817563266977563
23.984079260406766,14.33721392992288,9.963958515506166
34.80492158094508,14.33721392992288,9.239297755722706
23.984079260406766,14.33721392992288,9.481098992543167
23.984079260406766,28.415001268049217,4.591970597984095
29.435083788420606,18.68768477557954,9.526187909315446
23.984079260406766,14.33721392992288,9.052499442171367
23.99620149705476,22.31600892355817,8.31197868379714
23.984079260406766,14.33721392992288,10.552384332229982
33.64401272642793,14.33721392992288,9.289625338338709
0.873889797509392,14.33721392992288,9.125838595622698
23.984079260406766,27.038281818254397,7.296250911092858
28.37501646816964,14.33721392992288,8.142290247513392
23.984079260406766,14.33721392992288,9.052499442171367
23.984079260406766,14.33721392992288,9.919295971271724
23.984079260406766,8.197940611248454,9.215028411038297
47.53247602064269,14.33721392992288,0.11973612017382185
23.984079260406766,14.33721392992288,9.784115443602678
23.984079260406766,14.33721392992288,9.02655223532235
23.984079260406766,14.33721392992288,9.461171474189076
17.234616847276595,14.33721392992288,7.925985398610665
17.945125409860232,0.9545761898126877,8.817563266977563
23.984079260406766,13.94311474391872,9.713946932895295
23.984079260406766,14.33721392992288,9.992105151823388
23.984079260406766,14.33721392992288,9.381222901030167
34.80492158094508,14.33721392992288,9.239297755722706
23.984079260406766,27.282906862134283,5.452303315227378
29.435083788420606,18.68768477557954,9.526187909315446
1.9416115140561097,6.139478206416724,1.8633028301556456
23.984079260406766,14.33721392992288,9.052499442171367
23.984079260406766,14.33721392992288,9.052499442171367
23.984079260406766,14.217779261513089,10.275190426957435
23.984079260406766,14.33721392992288,9.784115443602678
23.984079260406766,27.038281818254397,7.296250911092858
34.508944464732025,27.038281818254397,7.600913570190871
28.37501646816964,14.33721392992288,8.142290247513392
22.58352907198764,1.029562809499291,8.64337477198655
23.99620149705476,22.31600892355817,8.31197868379714
17.945125409860232,0.9545761898126877,8.817563266977563
17.234616847276595,14.33721392992288,7.925985398610665
34.80492158094508,14.33721392992288,9.239297755722706
29.435083788420606,18.68768477557954,9.526187909315446
23.984079260406766,14.33721392992288,10.231717364929981
23.984079260406766,14.33721392992288,9.661633932062875
23.984079260406766,14.33721392992288,9.052499442171367
23.984079260406766,14.33721392992288,9.381222901030167
16.397779562204548,14.989212530352678,9.67269144952801
23.984079260406766,17.03692400242288,8.458823561225833
23.984079260406766,8.74795832375455,9.250718169763859
23.984079260406766,14.33721392992288,9.052499442171367
23.984079260406766,14.33721392992288,9.208499302682444
34.508944464732025,14.33721392992288,5.895405582869868
30.162238955150897,14.33721392992288,7.510241055931048
47.60377783557419,14.33721392992288,4.855556806526319
23.984079260406766,14.33721392992288,9.481098992543167
23.984079260406766,14.33721392992288,9.052499442171367
23.984079260406766,14.33721392992288,9.268008877930772
47.34602443485967,14.33721392992288,9.02655223532235
23.984079260406766,27.038281818254397,7.296250911092858
23.984079260406766,14.33721392992288,9.784115443602678
28.37501646816964,14.33721392992288,8.142290247513392
39.78426331315643,22.346631846506348,9.488208416423515
17.234616847276595,14.33721392992288,7.925985398610665
23.99620149705476,22.31600892355817,8.31197868379714
34.80492158094508,14.33721392992288,9.239297755722706
34.508944464732025,14.33721392992288,10.657803825255277
17.945125409860232,0.9545761898126877,8.817563266977563
29.435083788420606,18.68768477557954,9.526187909315446
40.80431933318866,14.33721392992288,10.374047751657441
23.984079260406766,7.875330272600198,9.268008877930772
23.984079260406766,14.33721392992288,9.381222901030167
35.395706942160636,14.33721392992288,9.030388919639037
23.984079260406766,14.33721392992288,9.052499442171367
24.544686783349725,14.33721392992288,9.234016884076144
23.984079260406766,14.33721392992288,10.945084213253422
23.984079260406766,14.33721392992288,9.052499442171367
34.508944464732025,19.572111548374544,10.223362924254909
23.984079260406766,14.33721392992288,9.052499442171367
23.984079260406766,14.33721392992288,9.605055639932287
30.162238955150897,14.33721392992288,7.510241055931048
23.99620149705476,13.94311474391872,8.81230715398244
23.984079260406766,14.33721392992288,9.733149701493177
23.984079260406766,14.33721392992288,9.481098992543167
23.984079260406766,14.33721392992288,9.919295971271724
47.60377783557419,14.33721392992288,4.855556806526319
11.102914642335802,14.33721392992288,8.830113329104549
23.984079260406766,14.33721392992288,9.784115443602678
34.508944464732025,14.33721392992288,5.895405582869868
23.984079260406766,27.038281818254397,7.296250911092858
28.37501646816964,14.33721392992288,8.142290247513392
17.234616847276595,14.33721392992288,7.925985398610665
23.99620149705476,22.31600892355817,8.31197868379714
17.945125409860232,0.9545761898126877,8.817563266977563
34.80492158094508,14.33721392992288,9.239297755722706
29.435083788420606,18.68768477557954,9.526187909315446
23.984079260406766,14.33721392992288,9.381222901030167
23.984079260406766,14.33721392992288,9.461171474189076
33.64401272642793,14.33721392992288,9.289625338338709
23.984079260406766,14.33721392992288,9.052499442171367
35.395706942160636,14.33721392992288,9.030388919639037
23.984079260406766,14.33721392992288,9.052499442171367
34.508944464732025,19.572111548374544,10.223362924254909
23.984079260406766,14.33721392992288,9.052499442171367
1.9416115140561097,6.139478206416724,1.8633028301556456
17.945125409860232,0.9545761898126877,8.817563266977563
17.234616847276595,14.33721392992288,7.925985398610665
34.80492158094508,14.33721392992288,9.239297755722706
47.32221929967004,13.972704251704,0.10107762495996196
23.984079260406766,14.33721392992288,9.992105151823388
23.984079260406766,9.0207901644535,9.268008877930772
23.984079260406766,14.33721392992288,10.328910720584084
23.984079260406766,14.33721392992288,9.784115443602678
23.984079260406766,0.872348683873394,10.179000775422946
23.984079260406766,8.197940611248454,9.215028411038297
23.984079260406766,27.038281818254397,7.296250911092858
28.37501646816964,14.33721392992288,8.142290247513392
23.99620149705476,22.31600892355817,8.31197868379714
29.435083788420606,18.68768477557954,9.526187909315446
23.984079260406766,14.33721392992288,9.381222901030167
23.984079260406766,14.33721392992288,9.052499442171367
23.984079260406766,14.33721392992288,9.052499442171367
34.508944464732025,19.572111548374544,10.223362924254909
23.984079260406766,14.33721392992288,9.605055639932287
16.397779562204548,14.989212530352678,9.67269144952801
23.984079260406766,14.33721392992288,9.052499442171367
23.984079260406766,14.33721392992288,9.052499442171367
47.53247602064269,14.33721392992288,0.11973612017382185
23.984079260406766,14.33721392992288,9.052499442171367
23.984079260406766,14.33721392992288,9.052499442171367
23.984079260406766,7.131313886314384,0.09143359093779614
23.984079260406766,14.33721392992288,9.784115443602678
23.984079260406766,27.038281818254397,7.296250911092858
28.37501646816964,14.33721392992288,8.142290247513392
17.234616847276595,14.33721392992288,7.925985398610665
23.99620149705476,22.31600892355817,8.31197868379714
17.945125409860232,0.9545761898126877,8.817563266977563
23.984079260406766,14.33721392992288,9.992105151823388
34.80492158094508,14.33721392992288,9.239297755722706
29.435083788420606,18.68768477557954,9.526187909315446
23.984079260406766,14.33721392992288,9.381222901030167
23.984079260406766,14.33721392992288,9.052499442171367
23.984079260406766,28.415001268049217,4.591970597984095
0.873889797509392,14.33721392992288,9.125838595622698
34.508944464732025,19.572111548374544,10.223362924254909
23.984079260406766,14.33721392992288,9.605055639932287
47.53247602064269,14.33721392992288,0.11973612017382185
23.984079260406766,14.33721392992288,10.552384332229982
23.984079260406766,14.33721392992288,9.052499442171367
47.60377783557419,14.33721392992288,4.855556806526319
23.984079260406766,14.33721392992288,9.461171474189076
23.984079260406766,14.33721392992288,9.208499302682444
16.397779562204548,14.989212530352678,9.67269144952801
23.984079260406766,14.33721392992288,9.268008877930772
23.984079260406766,14.33721392992288,9.963958515506166
23.984079260406766,14.33721392992288,9.208499302682444
23.984079260406766,27.282906862134283,5.452303315227378
23.984079260406766,14.33721392992288,9.784115443602678
23.984079260406766,27.038281818254397,7.296250911092858
23.984079260406766,17.03692400242288,8.458823561225833
29.435083788420606,18.68768477557954,9.526187909315446
23.984079260406766,11.525347740986163,9.227476359214949
34.508944464732025,19.572111548374544,10.223362924254909
28.37501646816964,14.33721392992288,8.142290247513392
17.234616847276595,14.33721392992288,7.925985398610665
23.99620149705476,22.31600892355817,8.31197868379714
29.23520538942882,14.33721392992288,7.953710489592677
17.945125409860232,0.9545761898126877,8.817563266977563
34.80492158094508,14.33721392992288,9.239297755722706
23.984079260406766,14.33721392992288,9.381222901030167
23.984079260406766,14.33721392992288,9.052499442171367
23.984079260406766,14.33721392992288,9.052499442171367
23.984079260406766,14.33721392992288,9.268008877930772
23.984079260406766,14.33721392992288,9.052499442171367
47.53247602064269,14.33721392992288,0.11973612017382185
23.984079260406766,14.33721392992288,9.605055639932287
23.984079260406766,14.33721392992288,9.02655223532235
3.2561771646257407,20.716347045109142,9.08612716148763
23.984079260406766,14.33721392992288,9.784115443602678
11.102914642335802,14.33721392992288,8.830113329104549
28.37501646816964,14.33721392992288,8.142290247513392
23.984079260406766,14.33721392992288,10.929501468189047
39.78426331315643,22.346631846506348,9.488208416423515
23.984079260406766,27.038281818254397,7.296250911092858
23.984079260406766,14.33721392992288,10.700540170269544
17.234616847276595,14.33721392992288,7.925985398610665
23.99620149705476,22.31600892355817,8.31197868379714
23.984079260406766,14.33721392992288,10.231717364929981
17.945125409860232,0.9545761898126877,8.817563266977563
34.80492158094508,14.33721392992288,9.239297755722706
29.435083788420606,18.68768477557954,9.526187909315446
23.984079260406766,14.33721392992288,9.381222901030167
23.984079260406766,14.33721392992288,9.052499442171367
23.984079260406766,14.33721392992288,9.052499442171367
34.508944464732025,19.572111548374544,10.223362924254909
23.984079260406766,14.33721392992288,9.052499442171367
23.984079260406766,8.74795832375455,9.250718169763859
23.984079260406766,14.33721392992288,9.605055639932287
23.984079260406766,14.33721392992288,9.661633932062875
47.53247602064269,14.33721392992288,0.11973612017382185
23.99620149705476,14.33721392992288,10.577043620989159
29.435083788420606,18.68768477557954,9.526187909315446
23.984079260406766,14.33721392992288,9.784115443602678
23.984079260406766,14.33721392992288,9.481098992543167
23.984079260406766,14.33721392992288,10.552384332229982
23.984079260406766,27.038281818254397,7.296250911092858
23.984079260406766,7.875330272600198,9.268008877930772
23.984079260406766,14.33721392992288,9.733149701493177
28.37501646816964,14.33721392992288,8.142290247513392
17.234616847276595,14.33721392992288,7.925985398610665
23.99620149705476,22.31600892355817,8.31197868379714
17.945125409860232,0.9545761898126877,8.817563266977563
23.984079260406766,14.33721392992288,9.461171474189076
34.80492158094508,14.33721392992288,9.239297755722706
23.984079260406766,14.217779261513089,10.275190426957435
23.984079260406766,14.33721392992288,9.381222901030167
34.508944464732025,19.572111548374544,10.223362924254909
0.20604521024984024,12.210444059701654,8.314848247863202
23.984079260406766,14.33721392992288,9.052499442171367
23.984079260406766,14.33721392992288,9.231309577861287
23.984079260406766,14.33721392992288,9.052499442171367
23.984079260406766,13.94311474391872,9.713946932895295
23.984079260406766,14.33721392992288,9.052499442171367
23.984079260406766,14.33721392992288,9.605055639932287
33.64401272642793,13.94311474391872,10.30491231678237
34.508944464732025,14.33721392992288,5.895405582869868
23.984079260406766,14.33721392992288,9.784115443602678
23.984079260406766,27.038281818254397,7.296250911092858
23.984079260406766,14.33721392992288,10.929501468189047
23.984079260406766,13.94311474391872,9.713946932895295
29.435083788420606,18.68768477557954,9.526187909315446
23.99620149705476,13.94311474391872,8.81230715398244
28.37501646816964,14.33721392992288,8.142290247513392
17.234616847276595,14.33721392992288,7.925985398610665
23.984079260406766,14.33721392992288,9.381222901030167
23.99620149705476,22.31600892355817,8.31197868379714
23.984079260406766,14.33721392992288,9.208499302682444
23.984079260406766,27.282906862134283,5.452303315227378
17.945125409860232,0.9545761898126877,8.817563266977563
34.80492158094508,14.33721392992288,9.239297755722706
23.984079260406766,14.33721392992288,9.052499442171367
23.984079260406766,14.33721392992288,9.052499442171367
34.508944464732025,19.572111548374544,10.223362924254909
23.984079260406766,14.33721392992288,9.02655223532235
23.984079260406766,14.33721392992288,9.052499442171367
16.397779562204548,14.989212530352678,9.67269144952801
23.984079260406766,14.33721392992288,9.231309577861287
23.984079260406766,14.33721392992288,9.605055639932287
0.873889797509392,14.33721392992288,9.125838595622698
23.984079260406766,14.33721392992288,9.052499442171367
29.435083788420606,18.68768477557954,9.526187909315446
23.984079260406766,14.33721392992288,9.605055639932287
23.984079260406766,14.33721392992288,9.784115443602678
23.984079260406766,27.038281818254397,7.296250911092858
28.37501646816964,14.33721392992288,8.142290247513392
17.234616847276595,14.33721392992288,7.925985398610665
23.99620149705476,22.31600892355817,8.31197868379714
17.945125409860232,0.9545761898126877,8.817563266977563
34.80492158094508,14.33721392992288,9.239297755722706
47.60377783557419,14.33721392992288,4.855556806526319
23.984079260406766,14.33721392992288,9.381222901030167
23.984079260406766,14.33721392992288,9.052499442171367
35.395706942160636,14.33721392992288,9.030388919639037
23.984079260406766,14.33721392992288,9.052499442171367
34.508944464732025,19.572111548374544,10.223362924254909
47.53247602064269,14.33721392992288,0.11973612017382185
47.32221929967004,13.972704251704,0.10107762495996196
23.984079260406766,14.33721392992288,10.552384332229982
23.984079260406766,14.33721392992288,9.052499442171367
23.984079260406766,14.33721392992288,9.461171474189076
11.102914642335802,14.33721392992288,8.830113329104549
23.984079260406766,14.33721392992288,9.208499302682444
24.51121696765965,14.33721392992288,9.280917788384057
35.395706942160636,14.33721392992288,9.030388919639037
23.984079260406766,27.038281818254397,7.296250911092858
23.984079260406766,9.0207901644535,9.268008877930772
23.984079260406766,14.33721392992288,9.052499442171367
34.508944464732025,14.33721392992288,10.657803825255277
23.984079260406766,14.33721392992288,9.784115443602678
23.984079260406766,14.33721392992288,9.963958515506166
28.37501646816964,14.33721392992288,8.142290247513392
34.508944464732025,14.33721392992288,5.895405582869868
23.984079260406766,14.33721392992288,9.605055639932287
17.234616847276595,14.33721392992288,7.925985398610665
23.99620149705476,22.31600892355817,8.31197868379714
17.945125409860232,0.9545761898126877,8.817563266977563
23.984079260406766,14.33721392992288,9.053382196857038
34.80492158094508,14.33721392992288,9.239297755722706
29.435083788420606,18.68768477557954,9.526187909315446
23.984079260406766,14.33721392992288,9.381222901030167
23.984079260406766,14.33721392992288,9.052499442171367
23.984079260406766,14.33721392992288,9.052499442171367
34.508944464732025,19.572111548374544,10.223362924254909
23.984079260406766,14.33721392992288,9.052499442171367
23.984079260406766,14.33721392992288,9.052499442171367
47.53247602064269,14.33721392992288,0.11973612017382185
23.984079260406766,14.33721392992288,9.381222901030167
23.984079260406766,14.33721392992288,9.784115443602678
47.53247602064269,14.33721392992288,0.11973612017382185
23.984079260406766,14.33721392992288,9.268008877930772
23.984079260406766,14.33721392992288,9.919295971271724
23.984079260406766,27.038281818254397,7.296250911092858
28.37501646816964,14.33721392992288,8.142290247513392
23.99620149705476,22.31600892355817,8.31197868379714
29.435083788420606,18.68768477557954,9.526187909315446
23.984079260406766,9.0207901644535,9.268008877930772
17.234616847276595,14.33721392992288,7.925985398610665
17.945125409860232,0.9545761898126877,8.817563266977563
23.984079260406766,14.33721392992288,9.052499442171367
25.996494584354426,14.33721392992288,9.567470180943994
34.80492158094508,14.33721392992288,9.239297755722706
23.984079260406766,14.33721392992288,9.268008877930772
23.984079260406766,14.33721392992288,9.052499442171367
23.984079260406766,14.33721392992288,10.328910720584084
23.984079260406766,14.33721392992288,9.052499442171367
34.508944464732025,19.572111548374544,10.223362924254909
47.60377783557419,14.33721392992288,4.855556806526319
23.984079260406766,14.33721392992288,9.461171474189076
34.508944464732025,14.33721392992288,5.895405582869868
11.102914642335802,14.33721392992288,8.830113329104549
23.984079260406766,0.872348683873394,10.179000775422946
23.984079260406766,14.33721392992288,9.052499442171367
23.984079260406766,14.33721392992288,9.784115443602678
23.984079260406766,27.038281818254397,7.296250911092858
28.37501646816964,14.33721392992288,8.142290247513392
23.984079260406766,14.33721392992288,9.052499442171367
17.234616847276595,14.33721392992288,7.925985398610665
23.99620149705476,22.31600892355817,8.31197868379714
17.945125409860232,0.9545761898126877,8.817563266977563
23.984079260406766,14.33721392992288,9.963958515506166
34.80492158094508,14.33721392992288,9.239297755722706
23.984079260406766,17.03692400242288,8.458823561225833
29.435083788420606,18.68768477557954,9.526187909315446
23.984079260406766,14.33721392992288,9.381222901030167
23.984079260406766,14.33721392992288,9.052499442171367
34.508944464732025,19.572111548374544,10.223362924254909
16.397779562204548,14.989212530352678,9.67269144952801
23.984079260406766,7.875330272600198,9.268008877930772
23.984079260406766,14.33721392992288,9.052499442171367
23.984079260406766,9.648288229929141,10.55923249037929
33.64401272642793,14.33721392992288,9.289625338338709
23.984079260406766,8.74795832375455,9.250718169763859
23.984079260406766,14.33721392992288,9.605055639932287
47.53247602064269,14.33721392992288,0.11973612017382185
34.80492158094508,14.33721392992288,9.239297755722706
23.984079260406766,14.33721392992288,9.661633932062875
23.984079260406766,14.33721392992288,9.02655223532235
23.984079260406766,14.33721392992288,9.784115443602678
23.984079260406766,27.038281818254397,7.296250911092858
28.37501646816964,14.33721392992288,8.142290247513392
17.234616847276595,14.33721392992288,7.925985398610665
23.99620149705476,14.33721392992288,10.577043620989159
23.984079260406766,14.33721392992288,10.700540170269544
23.984079260406766,11.728098106370386,9.07644674889553
23.99620149705476,22.31600892355817,8.31197868379714
17.945125409860232,0.9545761898126877,8.817563266977563
23.984079260406766,14.33721392992288,9.268008877930772
29.435083788420606,18.68768477557954,9.526187909315446
23.984079260406766,14.33721392992288,9.381222901030167
23.984079260406766,14.33721392992288,9.052499442171367
23.984079260406766,14.33721392992288,9.052499442171367
23.984079260406766,14.33721392992288,9.208499302682444
39.78426331315643,22.346631846506348,9.488208416423515
34.508944464732025,19.572111548374544,10.223362924254909
23.984079260406766,14.33721392992288,9.052499442171367
47.60377783557419,14.33721392992288,4.855556806526319
23.984079260406766,14.33721392992288,9.605055639932287
47.53247602064269,14.33721392992288,0.11973612017382185
40.80431933318866,14.33721392992288,10.374047751657441
23.984079260406766,14.33721392992288,9.784115443602678
23.99620149705476,22.31600892355817,8.31197868379714
23.984079260406766,14.33721392992288,10.328910720584084
23.984079260406766,14.33721392992288,9.661633932062875
28.37501646816964,14.33721392992288,8.142290247513392
23.984079260406766,27.038281818254397,7.296250911092858
17.234616847276595,14.33721392992288,7.925985398610665
17.945125409860232,0.9545761898126877,8.817563266977563
47.60377783557419,14.33721392992288,4.855556806526319
34.80492158094508,14.33721392992288,9.239297755722706
29.435083788420606,18.68768477557954,9.526187909315446
23.984079260406766,14.33721392992288,9.381222901030167
23.984079260406766,14.33721392992288,9.052499442171367
47.53247602064269,14.33721392992288,0.11973612017382185
23.984079260406766,14.33721392992288,10.552384332229982
23.984079260406766,14.33721392992288,9.605055639932287
23.984079260406766,2.068564486683881,10.130283083604695
23.984079260406766,14.33721392992288,9.052499442171367
34.508944464732025,19.572111548374544,10.223362924254909
23.984079260406766,14.33721392992288,9.052499442171367
23.984079260406766,14.33721392992288,9.052499442171367
23.984079260406766,14.33721392992288,9.461171474189076
23.984079260406766,14.33721392992288,9.208499302682444
23.984079260406766,14.33721392992288,9.052499442171367
23.984079260406766,28.415001268049217,4.591970597984095
24.544686783349725,14.33721392992288,9.234016884076144
23.984079260406766,14.33721392992288,9.992105151823388
23.984079260406766,14.33721392992288,9.733149701493177
23.99620149705476,14.33721392992288,10.577043620989159
23.984079260406766,14.33721392992288,9.784115443602678
23.984079260406766,27.038281818254397,7.296250911092858
47.34602443485967,14.33721392992288,9.02655223532235
28.37501646816964,14.33721392992288,8.142290247513392
17.234616847276595,14.33721392992288,7.925985398610665
23.99620149705476,22.31600892355817,8.31197868379714
17.945125409860232,0.9545761898126877,8.817563266977563
34.80492158094508,14.33721392992288,9.239297755722706
29.435083788420606,18.68768477557954,9.526187909315446
23.984079260406766,14.33721392992288,9.381222901030167
23.984079260406766,14.33721392992288,9.052499442171367
34.508944464732025,19.572111548374544,10.223362924254909
23.984079260406766,14.33721392992288,9.052499442171367
23.984079260406766,14.33721392992288,9.605055639932287
23.99620149705476,13.94311474391872,8.81230715398244
47.53247602064269,14.33721392992288,0.11973612017382185
23.984079260406766,14.33721392992288,10.552384332229982
23.984079260406766,14.33721392992288,9.052499442171367
23.984079260406766,14.33721392992288,9.268008877930772
23.984079260406766,9.0207901644535,9.268008877930772
23.984079260406766,14.33721392992288,9.784115443602678
23.984079260406766,27.038281818254397,7.296250911092858
17.234616847276595,14.33721392992288,7.925985398610665
23.984079260406766,13.94311474391872,9.713946932895295
23.984079260406766,14.33721392992288,9.461171474189076
28.37501646816964,14.33721392992288,8.142290247513392
0.873889797509392,14.33721392992288,9.125838595622698
23.99620149705476,22.31600892355817,8.31197868379714
23.984079260406766,14.33721392992288,9.052499442171367
23.984079260406766,14.33721392992288,9.381222901030167
34.80492158094508,14.33721392992288,9.239297755722706
23.984079260406766,14.33721392992288,9.052499442171367
47.34602443485967,14.33721392992288,9.02655223532235
23.984079260406766,14.33721392992288,9.052499442171367
17.945125409860232,0.9545761898126877,8.817563266977563
23.984079260406766,8.197940611248454,9.215028411038297
29.435083788420606,18.68768477557954,9.526187909315446
23.984079260406766,14.33721392992288,9.052499442171367
34.508944464732025,19.572111548374544,10.223362924254909
23.984079260406766,14.33721392992288,9.052499442171367
23.984079260406766,14.33721392992288,9.605055639932287
23.984079260406766,14.33721392992288,9.02655223532235
23.984079260406766,14.33721392992288,9.052499442171367
23.984079260406766,27.038281818254397,7.296250911092858
34.508944464732025,14.33721392992288,5.895405582869868
23.99620149705476,22.31600892355817,8.31197868379714
23.984079260406766,14.33721392992288,9.784115443602678
23.984079260406766,7.875330272600198,9.268008877930772
17.945125409860232,0.9545761898126877,8.817563266977563
23.984079260406766,14.33721392992288,9.268008877930772
28.37501646816964,14.33721392992288,8.142290247513392
23.984079260406766,2.068564486683881,10.130283083604695
23.984079260406766,9.0207901644535,9.268008877930772
24.51121696765965,14.33721392992288,9.280917788384057
23.984079260406766,9.648288229929141,10.55923249037929
17.234616847276595,14.33721392992288,7.925985398610665
23.984079260406766,14.33721392992288,9.268008877930772
34.80492158094508,14.33721392992288,9.239297755722706
25.996494584354426,14.33721392992288,9.567470180943994
23.99620149705476,13.94311474391872,8.81230715398244
29.435083788420606,18.68768477557954,9.526187909315446
23.984079260406766,14.33721392992288,9.381222901030167
23.984079260406766,14.33721392992288,9.052499442171367
23.984079260406766,14.33721392992288,9.053382196857038
34.508944464732025,19.572111548374544,10.223362924254909
23.984079260406766,14.33721392992288,9.268008877930772
11.102914642335802,14.33721392992288,8.830113329104549
23.984079260406766,14.33721392992288,10.945084213253422
23.984079260406766,14.33721392992288,9.052499442171367
23.984079260406766,14.33721392992288,9.784115443602678
23.984079260406766,14.33721392992288,9.052499442171367
34.508944464732025,27.038281818254397,7.600913570190871
23.984079260406766,27.038281818254397,7.296250911092858
28.37501646816964,14.33721392992288,8.142290247513392
17.234616847276595,14.33721392992288,7.925985398610665
23.99620149705476,22.31600892355817,8.31197868379714
17.945125409860232,0.9545761898126877,8.817563266977563
23.984079260406766,14.33721392992288,9.052499442171367
34.80492158094508,14.33721392992288,9.239297755722706
29.435083788420606,18.68768477557954,9.526187909315446
23.984079260406766,14.33721392992288,9.381222901030167
23.984079260406766,14.33721392992288,9.052499442171367
34.508944464732025,19.572111548374544,10.223362924254909
23.984079260406766,14.33721392992288,9.052499442171367
23.984079260406766,14.33721392992288,9.605055639932287
23.984079260406766,14.33721392992288,10.552384332229982
33.64401272642793,14.33721392992288,9.289625338338709
47.53247602064269,14.33721392992288,0.11973612017382185
23.984079260406766,14.33721392992288,9.052499442171367
47.60377783557419,14.33721392992288,4.855556806526319
