34.805010990266226,14.33721392992288,8.41741613764253
23.984079260406766,12.151507871764956,8.871990878430728
39.436828613912446,17.86654571811303,6.79765088671807
34.501482104482825,14.33721392992288,5.2756652889079705
21.326981142227453,14.33721392992288,10.177461605031349
66.74603321162054,14.33721392992288,7.9888701063372665
23.984079260406766,14.33721392992288,8.749560382248784
34.508944464732025,19.572111548374544,7.599452961345519
23.984079260406766,14.33721392992288,9.077065448153638
23.984079260406766,14.33721392992288,10.937608399194852
23.984079260406766,14.33721392992288,9.821769086295063
23.984079260406766,14.33721392992288,9.177726688921032
4.1184079968697205,14.283458582422714,1.584626323805754
3.6524115418213476,14.33721392992288,1.6233295328942299
23.984079260406766,1.6098835288789903,9.250718169763859
23.984079260406766,14.283458582422714,10.157689448119598
28.04086276225359,17.03692400242288,9.297838671260472
29.743132758957,14.33721392992288,8.274714575092295
45.908212465118226,14.33721392992288,9.832280637152177
23.984079260406766,17.419792489851584,8.957709661363392
5.547678279422421,14.33721392992288,2.475189205707667
32.101240595432984,14.33721392992288,9.106656897029591
39.78426331315643,27.334086850676016,9.750510075590011
23.984079260406766,19.078638177530788,7.715065356488611
39.436828613912446,14.33721392992288,9.202843944877703
23.984079260406766,14.33721392992288,8.76853612253239
16.888076015208423,5.089777598273445,9.268008877930772
10.52327791036366,14.33721392992288,7.593834856613528
23.984079260406766,14.33721392992288,8.825703615510228
39.660781162497756,22.31600892355817,8.827103484240224
29.23520538942882,14.33721392992288,7.650349744254245
23.984079260406766,14.33721392992288,8.825703615510228
23.984079260406766,14.33721392992288,10.466752293294318
23.984079260406766,14.33721392992288,9.161790813514767
23.99620149705476,15.62417388689958,9.683357911177401
23.984079260406766,14.33721392992288,9.783638714200455
13.558360707478577,13.94311474391872,5.641252181863065
39.38062193095194,5.59406101215143,9.628149452628985
23.984079260406766,8.03951953748112,8.57603531129585
23.99620149705476,14.33721392992288,10.16476274862489
23.984079260406766,19.637812711307294,9.849112499642912
23.984079260406766,14.283458582422714,10.558018473991684
23.984079260406766,14.33721392992288,8.76853612253239
19.511707003938294,14.33721392992288,8.392922011526181
1.821711910415822,14.33721392992288,10.577043620989159
23.984079260406766,14.33721392992288,10.077247280258112
23.984079260406766,14.33721392992288,10.51170736169228
23.984079260406766,14.33721392992288,10.797783420722821
23.984079260406766,13.294113679744205,9.96771482556237
22.55425572997128,14.33721392992288,9.225357708587895
23.984079260406766,18.1317210775803,9.058489654508163
39.436828613912446,14.33721392992288,3.6338839789542754
19.021592217978284,35.278762061215666,8.210985971641298
23.984079260406766,13.698465430871774,9.241082483056752
1.3234793246691936,11.795402406343765,0.696364088793788
35.395706942160636,23.171146997425637,9.985782987335604
6.244892140484033,18.1317210775803,1.9526011379118662
23.99620149705476,14.283458582422714,8.824836320668936
23.984079260406766,14.33721392992288,9.135122396796895
4.1184079968697205,2.6380117320901633,8.73517616627495
26.95236335004652,14.33721392992288,9.208499302682444
26.283063702368448,14.283458582422714,8.260056690749868
42.85968229018761,14.33721392992288,9.358731759356749
23.984079260406766,14.33721392992288,8.825703615510228
33.021283233446376,14.33721392992288,8.905934874923812
23.99620149705476,14.283458582422714,10.750092329337315
23.99620149705476,14.33721392992288,9.727385195989324
0.1891583964316086,14.33721392992288,6.314169858175787
31.689455603915825,14.33721392992288,8.66275498355294
4.1184079968697205,2.6380117320901633,6.281875902471917
4.1184079968697205,2.6380117320901633,8.554921979362492
23.984079260406766,14.33721392992288,8.825703615510228
23.984079260406766,14.283458582422714,8.82423340018973
23.99620149705476,14.283458582422714,8.824836320668936
1.821711910415822,14.33721392992288,5.996189351654797
23.984079260406766,14.33721392992288,9.935796289146765
23.984079260406766,18.530987007985285,7.635551851111292
23.984079260406766,14.33721392992288,8.825703615510228
23.984079260406766,14.33721392992288,8.825703615510228
15.928952156038566,14.33721392992288,7.780485885434193
