18.130580378412546,13.001388650648808,8.89688526425984
35.03390838527609,14.33721392992288,5.845885310750003
17.960320877843735,16.92075463038102,6.899012870902484
36.55344998183619,15.623478388234126,6.4233670021546025
21.337182073618447,16.96398727938615,7.120477644118852
24.57753377233885,9.787127396415158,4.667534719944981
23.984079260406766,23.935929891873656,6.103258975093659
38.41373285098266,12.024904774130674,6.6075310261919995
31.06733102664603,16.799080545197878,8.96324881372373
8.765716496580136,15.852708205575233,3.624548909206141
41.41436733101446,14.283273670604737,2.403834184789054
26.990692115911152,11.909764540400364,6.684764671083669
38.41373285098266,16.76352235693075,6.431664751812257
23.40469009380453,10.023651100795206,5.548752235627163
23.984079260406766,15.075721163986133,10.04378506524648
23.393922837363125,9.134103359701108,4.95266386929206
17.056690244222192,9.448222754095738,8.394561674621995
25.31473799578403,14.241505954463692,8.789288923358107
33.1489745805592,16.386394511909153,7.155168449343176
16.937159620915487,17.21666498400927,5.3859148267884915
33.30277507753406,12.754054371976567,4.523449669852062
35.03390838527609,14.33721392992288,5.845885310750003
36.55344998183619,15.623478388234126,6.4233670021546025
25.217477586937612,13.096749194352018,7.750719332037489
17.056690244222192,16.81988906134172,6.519332389139132
22.58352907198764,28.57592111105749,5.082507440124381
18.130580378412546,13.001388650648808,8.89688526425984
30.637701752155046,10.606070867005101,2.50837804613201
18.130580378412546,12.190384408197056,8.259415023175396
37.17009196343861,11.642614170685992,0.9187194524059706
23.984079260406766,15.075721163986133,10.04378506524648
35.30037264727985,14.33721392992288,5.191291961732592
23.984079260406766,23.935929891873656,6.103258975093659
35.4275700962558,14.175840080950342,5.289761389399603
17.38280261489656,8.239229000273909,7.678074572264708
21.337182073618447,16.96398727938615,7.120477644118852
30.637701752155046,10.606070867005101,2.50837804613201
16.937159620915487,17.21666498400927,5.3859148267884915
35.03390838527609,14.33721392992288,5.845885310750003
15.892964987854546,8.88147573142989,9.339308075056046
34.45152606539392,12.486757127674753,3.5450156597488043
22.58352907198764,28.57592111105749,5.082507440124381
17.056690244222192,16.81988906134172,6.519332389139132
22.58352907198764,14.217779261513089,10.315915029591224
16.937159620915487,15.075721163986133,6.543964868170773
34.71537068545989,17.75534683427877,8.263563490479088
34.35637415861905,10.644249648949078,0.6989990581013669
28.201642467512666,13.328711934395315,7.143377389332889
26.374665832684943,17.349801527714607,9.054770864549045
8.765716496580136,15.852708205575233,3.624548909206141
29.692415264028952,14.33721392992288,6.824234864350991
19.544867517732296,15.048098313152737,8.125454032607362
