18.130580378412546,13.001388650648808,7.663448412007211
16.937159620915487,15.075721163986133,7.0973094294900765
24.57753377233885,9.787127396415158,4.667534719944981
13.246837267178716,14.241505954463692,5.929566065055569
22.799440801862875,4.272173302026445,6.379535165923438
12.94942387750972,15.042847181681747,5.017891877226722
7.01484108940954,11.025900149182071,5.845885310750003
22.483969221771908,14.217779261513089,7.502386208732684
16.89942556177885,11.953032149853906,6.200056984995593
22.799440801862875,14.33721392992288,9.082787169049979
23.984079260406766,15.075721163986133,9.440284911882147
21.337182073618447,16.96398727938615,7.178248571653077
16.937159620915487,17.75534683427877,7.268015897094793
22.58352907198764,15.234419196871883,7.3756376108971935
39.65716297784691,16.799080545197878,8.663230779748936
22.58352907198764,14.217779261513089,7.3251903237881795
10.734705696256643,17.75534683427877,7.642436219255789
16.937159620915487,19.4621579459016,5.616528342561885
22.58352907198764,14.33721392992288,7.334187363336904
22.399864333944286,11.909764540400364,9.497460547440012
44.21553676134657,14.33721392992288,6.379535165923438
23.984079260406766,15.075721163986133,10.04378506524648
11.237245389692744,12.190384408197056,6.016231717572391
15.892964987854546,8.88147573142989,10.12526840255337
23.984079260406766,15.075721163986133,8.005280143781729
23.984079260406766,15.075721163986133,8.005280143781729
36.55344998183619,15.623478388234126,5.855208350561671
26.374665832684943,30.150442608059695,9.164124615020006
23.984079260406766,16.799080545197878,7.3851914787341535
23.984079260406766,15.075721163986133,8.005280143781729
17.960320877843735,17.96139827443369,6.368498009664841
16.937159620915487,14.33721392992288,7.723005399351806
35.30037264727985,12.244287842224812,5.191291961732592
28.801637384783138,22.46855245270073,8.110032265370927
17.056690244222192,0.32518271957995637,7.347190339803214
6.960045574720942,10.535046893120867,7.678074572264708
23.984079260406766,14.33721392992288,8.002538204885552
25.217477586937612,13.096749194352018,8.487368018967771
26.521142709698992,16.799080545197878,7.417120151371749
10.891296333143638,14.33721392992288,7.379220132856341
17.328399829647328,0.18813064690876402,7.52004069083741
23.984079260406766,23.935929891873656,6.2934284543398915
63.90612710077539,14.175840080950342,5.289761389399603
23.984079260406766,14.33721392992288,9.92954335216991
22.799440801862875,14.33721392992288,9.646497835749678
41.84709873482777,14.33721392992288,6.670397147921099
38.41373285098266,16.76352235693075,6.651806251104341
22.58352907198764,14.217779261513089,7.502386208732684
22.58352907198764,17.75534683427877,6.91364617147354
31.06733102664603,16.799080545197878,8.96324881372373
29.498608723548802,16.34934078367867,8.618877681999722
31.8120476618724,14.33721392992288,6.460136107463669
23.984079260406766,6.556223037175321,0.09596392854448384
17.056690244222192,16.81988906134172,6.519332389139132
22.799440801862875,3.585480399373191,7.073821614159044
23.984079260406766,14.33721392992288,8.002538204885552
4.74619295905215,35.51755409395948,7.333464166429081
23.984079260406766,15.075721163986133,9.769179053491296
23.984079260406766,14.33721392992288,9.969619616103385
17.056690244222192,9.448222754095738,8.394561674621995
54.816698982381865,16.799080545197878,6.991910635777335
16.937159620915487,14.33721392992288,7.757175325893203
23.984079260406766,15.075721163986133,8.005280143781729
28.201642467512666,0.13376956247144278,7.143377389332889
22.58352907198764,14.33721392992288,9.06518563220637
23.984079260406766,25.514574993962768,9.213919143939576
23.984079260406766,12.024904774130674,7.063146359201884
23.984079260406766,14.33721392992288,10.930422328568248
23.984079260406766,14.33721392992288,9.325047562474172
23.984079260406766,14.217779261513089,8.000651798343988
23.984079260406766,15.075721163986133,9.963704718902108
22.799440801862875,14.217779261513089,7.950993377864635
17.693593000755655,14.33721392992288,7.5492623533194205
43.423243321525135,14.33721392992288,1.8357825963591505
10.341886270895046,24.85390283824966,2.460148866206777
23.984079260406766,14.33721392992288,9.70233187034876
28.811871384713363,27.235621204553347,6.148612994253488
22.58352907198764,14.33721392992288,7.941655612797705
23.984079260406766,15.075721163986133,8.005280143781729
23.984079260406766,15.075721163986133,8.005280143781729
