23.984079260406766,14.33721392992288,9.050577074505654
23.984079260406766,12.151507871764956,8.02541963479522
34.508944464732025,18.68768477557954,8.826214166939062
23.984079260406766,14.33721392992288,9.050577074505654
23.984079260406766,14.33721392992288,10.408528189484453
18.569858560085645,21.190635431893977,9.33884414329719
23.984079260406766,14.33721392992288,8.749560382248784
34.508944464732025,19.572111548374544,7.599452961345519
26.823527088170994,27.741148242464,7.850812249362463
23.984079260406766,13.294113679744205,8.501200855537434
23.984079260406766,14.33721392992288,10.531140831181176
23.984079260406766,14.33721392992288,10.722122448147358
17.844146671145513,14.33721392992288,9.661633932062875
23.984079260406766,14.33721392992288,8.985563038721237
23.984079260406766,1.6098835288789903,9.250718169763859
23.984079260406766,14.283458582422714,10.78392643255274
28.04086276225359,17.03692400242288,8.458823561225833
29.743132758957,14.33721392992288,7.297637789205764
23.984079260406766,14.33721392992288,9.420621444975573
23.984079260406766,14.33721392992288,8.749560382248784
23.984079260406766,0.4796808603235725,0.09811383636982447
42.10784319521946,11.456298192886747,0.10749945775176467
39.78426331315643,22.135457765549067,9.750510075590011
23.984079260406766,19.618918674708237,9.050577074505654
23.984079260406766,16.147698174630932,9.370785113342402
1.317684936927968,24.823904171636315,9.919295971271724
16.888076015208423,2.573426798163087,9.268008877930772
10.52327791036366,14.33721392992288,7.593834856613528
23.984079260406766,7.875330272600198,1.7193506995741759
34.508944464732025,22.31600892355817,9.937564819533364
29.23520538942882,14.33721392992288,7.616821856470105
31.756593760227364,14.33721392992288,6.162246299651627
23.984079260406766,0.872348683873394,0.10591705088753794
23.984079260406766,14.33721392992288,9.161790813514767
49.4172323624147,14.33721392992288,9.02655223532235
23.984079260406766,14.33721392992288,9.783638714200455
23.99620149705476,13.94311474391872,9.82511492098193
23.984079260406766,14.33721392992288,9.628149452628985
23.984079260406766,14.33721392992288,8.57603531129585
23.984079260406766,14.33721392992288,8.749560382248784
23.984079260406766,14.33721392992288,9.849112499642912
23.984079260406766,14.283458582422714,10.401703649016605
23.984079260406766,14.33721392992288,8.388926281721186
34.508944464732025,19.572111548374544,9.978731542230724
23.99620149705476,14.33721392992288,10.577043620989159
23.984079260406766,0.4796808603235725,5.075199486948433
23.984079260406766,31.802943775025515,4.4834082740637715
23.984079260406766,18.84606947536912,9.050577074505654
23.984079260406766,13.294113679744205,8.352046634115945
25.996494584354426,14.33721392992288,9.109381423494598
23.984079260406766,18.1317210775803,9.058489654508163
17.234616847276595,14.33721392992288,9.6038832159503
64.73245006869004,22.913168668338034,8.771920520101455
23.984079260406766,13.698465430871774,9.173711445255831
1.3234793246691936,11.795402406343765,8.830113329104549
35.395706942160636,23.171146997425637,9.030388919639037
23.984079260406766,18.1317210775803,9.058489654508163
29.634753576884926,15.961560422629436,9.602550298419615
23.984079260406766,14.33721392992288,9.545749576363121
4.1184079968697205,2.6380117320901633,10.130283083604695
26.95236335004652,14.33721392992288,9.208499302682444
23.984079260406766,14.33721392992288,10.561437872081099
23.984079260406766,14.33721392992288,9.978398924398409
23.984079260406766,13.294113679744205,8.501200855537434
23.984079260406766,14.283458582422714,8.73750064602693
16.574379790432854,2.6380117320901633,0.10954275007552128
23.984079260406766,14.33721392992288,8.986215695962871
23.984079260406766,14.33721392992288,8.749560382248784
24.13494433083774,10.309528057919724,6.366786395205254
43.8138978270222,14.33721392992288,6.721570503897459
23.984079260406766,14.33721392992288,8.749560382248784
23.99620149705476,23.4333503496487,9.23478459080479
23.984079260406766,14.33721392992288,8.749560382248784
23.984079260406766,0.34096751246157275,5.061616258881807
23.984079260406766,14.33721392992288,8.749560382248784
23.99620149705476,14.33721392992288,10.188498517477742
23.984079260406766,14.283458582422714,8.73750064602693
23.99620149705476,14.33721392992288,9.381544401124025
23.984079260406766,0.4796808603235725,5.075199486948433
5.547678279422421,14.283458582422714,8.060900849711974
