53.97326871784849,7.832103687753973,8.274714575092295
53.97326871784849,7.832103687753973,8.274714575092295
23.984079260406766,12.878228959726702,9.056469568389591
53.97326871784849,7.832103687753973,8.274714575092295
23.984079260406766,12.878228959726702,9.056469568389591
53.97326871784849,7.832103687753973,8.274714575092295
39.78426331315643,3.412969320727459,8.76035778649305
23.984079260406766,12.878228959726702,9.056469568389591
53.97326871784849,7.832103687753973,8.274714575092295
35.395706942160636,23.171146997425637,9.376250331765283
53.97326871784849,7.832103687753973,8.274714575092295
53.97326871784849,7.832103687753973,8.274714575092295
39.78426331315643,3.412969320727459,8.76035778649305
35.395706942160636,23.171146997425637,9.376250331765283
14.801174678255565,14.33721392992288,9.55992374505243
53.97326871784849,7.832103687753973,8.274714575092295
4.1184079968697205,2.6380117320901633,9.486808837879495
11.037255451113605,15.859793288422782,8.242968660424308
14.801174678255565,14.33721392992288,9.55992374505243
39.78426331315643,3.412969320727459,8.76035778649305
4.1184079968697205,2.6380117320901633,9.486808837879495
23.984079260406766,12.151507871764956,7.82212622602882
23.984079260406766,12.878228959726702,9.056469568389591
23.984079260406766,14.33721392992288,9.602885055156708
23.99620149705476,7.562657939076031,0.8965370084132397
11.037255451113605,15.859793288422782,8.242968660424308
14.801174678255565,14.33721392992288,9.55992374505243
53.97326871784849,7.832103687753973,8.274714575092295
28.715911668129404,14.33721392992288,10.70465708288496
39.78426331315643,3.412969320727459,8.76035778649305
53.97326871784849,7.832103687753973,8.274714575092295
23.984079260406766,14.33721392992288,9.602885055156708
28.715911668129404,14.33721392992288,10.70465708288496
23.984079260406766,12.151507871764956,7.82212622602882
23.99620149705476,17.061791460374177,7.627836503576644
14.801174678255565,14.33721392992288,9.55992374505243
23.984079260406766,13.294113679744205,8.895212863856568
23.984079260406766,17.264614919875367,8.6307400221132
14.801174678255565,14.33721392992288,9.55992374505243
39.78426331315643,3.412969320727459,8.76035778649305
23.99620149705476,17.061791460374177,7.627836503576644
11.037255451113605,15.859793288422782,8.242968660424308
23.984079260406766,27.063028690331002,7.456984043772047
23.984079260406766,12.878228959726702,9.056469568389591
11.037255451113605,15.859793288422782,8.242968660424308
23.984079260406766,17.264614919875367,8.6307400221132
23.984079260406766,5.596966250103671,9.871450954330095
28.715911668129404,14.33721392992288,10.70465708288496
23.984079260406766,12.151507871764956,7.82212622602882
23.99620149705476,17.061791460374177,7.627836503576644
23.984079260406766,13.294113679744205,8.895212863856568
23.984079260406766,12.878228959726702,9.056469568389591
23.99620149705476,7.562657939076031,0.8965370084132397
23.984079260406766,14.33721392992288,9.1843721700446
37.90680029062066,33.22778040722649,8.179466786048994
23.984079260406766,27.063028690331002,7.456984043772047
23.99620149705476,7.562657939076031,0.8965370084132397
23.99620149705476,17.061791460374177,7.627836503576644
53.97326871784849,7.832103687753973,8.274714575092295
23.984079260406766,14.33721392992288,9.602885055156708
23.984079260406766,27.063028690331002,7.456984043772047
23.984079260406766,12.878228959726702,9.056469568389591
23.984079260406766,12.151507871764956,7.82212622602882
35.395706942160636,23.171146997425637,9.376250331765283
23.984079260406766,13.294113679744205,8.895212863856568
23.984079260406766,1.0776792529247263,10.51170736169228
23.984079260406766,17.264614919875367,8.6307400221132
23.984079260406766,14.33721392992288,9.884049518179355
23.99620149705476,17.061791460374177,7.627836503576644
23.984079260406766,27.063028690331002,7.456984043772047
4.1184079968697205,2.6380117320901633,9.486808837879495
23.984079260406766,12.151507871764956,7.82212622602882
23.984079260406766,5.596966250103671,9.871450954330095
23.99620149705476,14.33721392992288,9.855596818440784
23.984079260406766,14.33721392992288,9.1843721700446
23.984079260406766,1.0776792529247263,10.51170736169228
23.984079260406766,17.264614919875367,8.6307400221132
37.90680029062066,33.22778040722649,8.179466786048994
23.984079260406766,14.33721392992288,9.798349918562398
34.508944464732025,0.4695599651806148,8.517942532820628
23.984079260406766,14.33721392992288,9.884049518179355
35.395706942160636,23.171146997425637,9.376250331765283
23.99620149705476,14.33721392992288,9.855596818440784
23.984079260406766,12.878228959726702,9.056469568389591
23.99620149705476,7.562657939076031,0.8965370084132397
39.78426331315643,3.412969320727459,8.76035778649305
42.99832106753081,17.434613725529825,9.478004762062843
9.661061983750542,14.33721392992288,4.095364881626822
4.1184079968697205,2.6380117320901633,9.486808837879495
14.801174678255565,14.33721392992288,9.55992374505243
23.984079260406766,14.33721392992288,10.769335575168606
23.984079260406766,27.063028690331002,7.456984043772047
23.99620149705476,7.562657939076031,0.8965370084132397
23.99620149705476,17.061791460374177,7.627836503576644
39.78426331315643,3.412969320727459,8.76035778649305
4.1184079968697205,2.6380117320901633,9.486808837879495
46.989623343828654,14.33721392992288,9.374392474658528
37.90680029062066,33.22778040722649,8.179466786048994
23.99620149705476,14.33721392992288,9.52645869321289
9.661061983750542,14.33721392992288,4.095364881626822
23.984079260406766,14.33721392992288,9.884049518179355
23.99620149705476,14.33721392992288,9.855596818440784
42.73103254577518,12.742470804758046,10.745915389757192
28.715911668129404,14.33721392992288,10.70465708288496
23.984079260406766,12.151507871764956,7.82212622602882
23.984079260406766,5.596966250103671,9.871450954330095
11.037255451113605,15.859793288422782,8.242968660424308
39.78426331315643,3.412969320727459,8.76035778649305
9.661061983750542,14.33721392992288,4.095364881626822
23.99620149705476,13.782157760166355,8.862295130639541
23.984079260406766,14.33721392992288,9.1843721700446
46.989623343828654,14.33721392992288,9.374392474658528
28.715911668129404,14.33721392992288,10.70465708288496
42.99832106753081,17.434613725529825,9.478004762062843
23.984079260406766,12.151507871764956,7.82212622602882
29.696235141295748,16.66453044325531,9.789663654796053
42.73103254577518,12.742470804758046,10.745915389757192
23.984079260406766,5.596966250103671,9.871450954330095
23.99620149705476,14.33721392992288,9.52645869321289
23.984079260406766,14.33721392992288,9.798349918562398
23.984079260406766,13.294113679744205,8.895212863856568
23.984079260406766,27.063028690331002,7.456984043772047
28.715911668129404,14.33721392992288,10.70465708288496
42.99832106753081,17.434613725529825,9.478004762062843
23.984079260406766,12.878228959726702,9.056469568389591
20.05087522120082,14.33721392992288,8.88759262376865
23.984079260406766,14.33721392992288,9.602885055156708
23.984079260406766,14.33721392992288,10.769335575168606
23.984079260406766,17.264614919875367,8.6307400221132
35.395706942160636,23.171146997425637,9.376250331765283
23.984079260406766,5.596966250103671,9.871450954330095
47.03413952620518,14.33721392992288,0.3315678810133267
28.715911668129404,14.33721392992288,10.70465708288496
23.984079260406766,14.33721392992288,10.198280065084553
29.696235141295748,16.66453044325531,9.789663654796053
35.395706942160636,23.171146997425637,9.376250331765283
23.984079260406766,14.33721392992288,9.602885055156708
23.984079260406766,14.33721392992288,9.884049518179355
23.99620149705476,14.33721392992288,9.52645869321289
20.05087522120082,14.33721392992288,7.655265512055066
23.99620149705476,17.061791460374177,7.627836503576644
23.984079260406766,14.33721392992288,9.357041951349208
23.984079260406766,5.596966250103671,9.871450954330095
23.99620149705476,14.33721392992288,9.875004072331906
23.984079260406766,15.858616027382368,10.185394660404803
23.984079260406766,5.062784550101959,0.0924665156404522
23.984079260406766,5.062784550101959,0.0924665156404522
23.984079260406766,14.33721392992288,10.061276671125265
23.984079260406766,14.33721392992288,9.1843721700446
23.99620149705476,14.33721392992288,10.330743086284523
23.984079260406766,12.151507871764956,7.82212622602882
23.984079260406766,14.33721392992288,10.769335575168606
23.984079260406766,21.1318552408149,6.538096746467597
23.984079260406766,13.967310084453999,8.91500663739212
23.984079260406766,14.33721392992288,9.357041951349208
23.99620149705476,14.33721392992288,10.767238751042697
23.99620149705476,14.33721392992288,9.52645869321289
20.05087522120082,14.33721392992288,8.88759262376865
23.99620149705476,7.562657939076031,0.8965370084132397
23.99620149705476,14.33721392992288,10.897266604702844
23.99620149705476,13.782157760166355,8.862295130639541
14.275391520336033,7.2671619248651105,7.5241229120445965
23.99620149705476,2.608565765970969,0.10014707129165358
45.85940991191667,31.751299896333077,9.07490736645671
23.984079260406766,14.33721392992288,9.602885055156708
23.984079260406766,14.33721392992288,9.798349918562398
23.99620149705476,14.33721392992288,10.93799319423945
47.03413952620518,14.33721392992288,0.3315678810133267
9.661061983750542,14.33721392992288,4.095364881626822
23.99620149705476,17.061791460374177,7.627836503576644
