37.67385049425749,15.236815511470473,5.223326861137513
44.831086742260005,8.009527571089567,0.0982202329396924
17.92853558606742,17.28480880236479,6.440984474763219
22.516315819117224,15.236815511470473,9.674970520062008
42.59173429360959,7.697689947069534,0.09774569004036102
40.96957327258903,1.7549656647924223,0.0997964189757219
22.516315819117224,15.236815511470473,8.856649748071924
22.516315819117224,15.236815511470473,8.454795584084886
2.4028736938736728,26.32201153628893,8.633852183214712
30.679851680203377,14.115413946464251,6.3753094411276
17.080231905673493,12.662010696460147,8.81720021423388
42.657581410532075,14.115413946464251,2.015429573122347
22.516315819117224,17.946721724229448,6.923349038124096
22.516315819117224,15.236815511470473,8.586786593678458
22.516315819117224,15.236815511470473,8.454795584084886
22.516315819117224,15.35120103242783,8.7327873497321
19.787661508233516,13.276793089840925,8.813775294842928
20.279295021191643,15.236815511470473,7.307976596526458
22.516315819117224,15.236815511470473,9.674970520062008
132.13686437854545,6.835677564810184,0.10787832320116628
47.23728716174603,15.467665885462434,1.7945913035592826
37.67385049425749,15.236815511470473,5.223326861137513
22.516315819117224,15.236815511470473,8.437893826749185
22.516315819117224,15.236815511470473,8.856649748071924
15.347963703799985,13.19565310337676,6.9046498699711485
26.008058538751513,13.803156117748134,8.687569438987175
7.743005632853421,15.236815511470473,3.3508944873123205
41.54803191714213,6.448802648894257,0.10075865876069076
22.516315819117224,15.236815511470473,8.586786593678458
36.90388142227786,6.273199022704842,0.10642092093548755
30.679851680203377,14.115413946464251,6.3753094411276
37.59568125232745,17.946721724229448,7.717412107274092
37.67385049425749,15.236815511470473,5.223326861137513
15.760763378738735,17.946721724229448,5.707299840804969
20.279295021191643,7.205111453878233,3.1969091093637005
22.516315819117224,15.236815511470473,8.437893826749185
17.227362590611964,9.56261822884588,8.285001981979473
28.64936909007009,15.236815511470473,8.453371861602712
42.59173429360959,7.697689947069534,0.09774569004036102
22.516315819117224,15.236815511470473,8.454795584084886
28.64936909007009,17.946721724229448,9.762161114021456
23.78946910980106,8.343753612587857,2.8821588338012054
28.64936909007009,15.236815511470473,8.446098470450552
22.516315819117224,15.35120103242783,9.536181366223671
22.516315819117224,17.946721724229448,6.923349038124096
35.10060494632444,16.64793814189991,6.664950408472816
22.516315819117224,15.236815511470473,9.619051374962869
25.823069322684912,23.742572320943644,6.532021751858233
22.516315819117224,15.910659852507303,8.279334344278425
20.279295021191643,15.236815511470473,7.307976596526458
