22.516315819117224,14.036741415151862,9.07384898885112
22.516315819117224,14.036741415151862,9.07384898885112
22.516315819117224,14.036741415151862,9.07384898885112
22.516315819117224,14.036741415151862,9.615438921256624
22.516315819117224,14.036741415151862,9.07384898885112
22.516315819117224,0.8252905200493643,5.7333351815036115
22.516315819117224,14.036741415151862,9.498232976777023
22.516315819117224,14.036741415151862,9.498232976777023
22.516315819117224,14.036741415151862,8.827620362450046
22.516315819117224,0.8252905200493643,5.7333351815036115
22.516315819117224,0.8252905200493643,5.7333351815036115
22.516315819117224,14.036741415151862,8.827620362450046
22.516315819117224,22.74146537630572,5.49791951348909
22.516315819117224,14.036741415151862,10.27257225645083
22.516315819117224,14.036741415151862,9.498232976777023
22.516315819117224,14.036741415151862,9.139046671189153
22.516315819117224,14.036741415151862,9.615438921256624
22.516315819117224,14.036741415151862,9.146764153063218
22.516315819117224,14.036741415151862,9.498232976777023
22.516315819117224,14.036741415151862,9.139046671189153
22.516315819117224,14.036741415151862,8.885437692020858
22.516315819117224,14.036741415151862,9.146764153063218
22.516315819117224,22.74146537630572,5.49791951348909
22.516315819117224,14.036741415151862,8.885437692020858
15.524189754194234,2.112894060100002,7.602209497613214
22.516315819117224,14.036741415151862,9.139046671189153
22.516315819117224,14.036741415151862,9.615438921256624
22.516315819117224,14.036741415151862,9.227047613252186
22.516315819117224,14.036741415151862,9.07384898885112
22.516315819117224,14.036741415151862,10.27257225645083
2.62509925584204,14.036741415151862,0.7789411822817706
22.516315819117224,14.036741415151862,10.27257225645083
22.684125602325036,14.036741415151862,9.986842809922706
22.516315819117224,0.8252905200493643,5.7333351815036115
22.516315819117224,14.036741415151862,10.573144926022907
22.516315819117224,14.036741415151862,9.615438921256624
5.408624308081624,14.036741415151862,2.1692877927228555
22.516315819117224,14.036741415151862,9.227047613252186
22.516315819117224,14.036741415151862,10.16396288383117
22.516315819117224,14.036741415151862,8.816203619955406
33.655362429146756,22.198236456222745,9.519388938080132
22.516315819117224,14.036741415151862,10.043189484208279
22.516315819117224,22.74146537630572,5.49791951348909
5.408624308081624,14.036741415151862,2.1692877927228555
22.516315819117224,14.036741415151862,9.626723638240836
22.516315819117224,14.036741415151862,9.729679094169722
33.655362429146756,14.036741415151862,5.926200813984333
40.38190514986164,11.421079763077284,0.10961546332350694
22.516315819117224,14.036741415151862,10.043189484208279
22.516315819117224,14.036741415151862,10.573144926022907
22.516315819117224,14.036741415151862,9.422758424129446
22.516315819117224,14.036741415151862,8.972440190356117
22.516315819117224,14.036741415151862,9.437354553034666
22.516315819117224,14.036741415151862,8.885437692020858
22.516315819117224,14.036741415151862,8.827620362450046
22.516315819117224,14.036741415151862,9.241423108776672
22.516315819117224,14.036741415151862,10.25880771006394
22.516315819117224,14.036741415151862,10.381739616650933
22.516315819117224,14.036741415151862,9.615438921256624
22.516315819117224,14.036741415151862,9.146764153063218
41.997646258914926,14.036741415151862,1.9649462046579085
22.516315819117224,14.036741415151862,10.245316055985604
22.516315819117224,22.74146537630572,5.49791951348909
22.516315819117224,14.036741415151862,10.27257225645083
22.516315819117224,14.036741415151862,8.816203619955406
29.187721384958877,14.036741415151862,7.737126910442843
22.516315819117224,14.036741415151862,10.209566720566388
