26.133482874775666,15.713137545035668,8.722195416820227
20.439120604169716,11.096658824043457,7.9210404607240505
12.603206645770605,17.608900621805127,4.2121979323090075
26.133482874775666,31.904639072049314,8.945347737662201
21.040948208976896,12.118602575306896,8.852404449481387
26.133482874775666,15.713137545035668,8.915460059382024
22.361525898764146,15.048891080251215,8.170285715211264
26.133482874775666,15.713137545035668,8.722195416820227
19.77450303218967,12.36891167820672,9.746194610434715
26.977648819899457,14.724054928945932,8.427602796347262
23.470252385786747,15.713137545035668,9.265206300963312
20.0274777867499,21.607002607287278,5.927068663167644
32.603652826444346,15.10766765817727,6.464124332281558
26.783741457621648,17.62580981205133,8.256131820380785
42.48594468452622,15.335307140220486,9.385412451609566
30.186618683081388,11.967789557612159,9.427662416793368
22.969712597283205,12.118602575306896,8.220870557194203
26.133482874775666,16.97283204770786,8.33534960209371
26.133482874775666,25.35661916584148,6.886019294940645
31.44665376050733,17.62580981205133,8.476176953760328
26.133482874775666,15.713137545035668,10.606560524996691
22.039933742466594,11.169367530774535,8.53485652441108
26.133482874775666,15.713137545035668,8.735474389671488
26.133482874775666,15.713137545035668,8.722195416820227
19.6843641756343,12.163183404871702,8.20164117484178
21.033070956061742,15.042308046743042,7.90872400574652
26.5441321673425,15.713137545035668,8.874890597215408
19.788371486665056,15.713137545035668,8.249779646970826
35.541988750498206,19.390729875744253,9.862699785170872
26.133482874775666,15.713137545035668,8.722195416820227
26.133482874775666,15.713137545035668,8.722195416820227
60.201416682410866,24.140020676669728,9.698027116492767
13.902858154101793,11.096658824043457,6.76930566465675
26.133482874775666,15.713137545035668,9.2154136197186
26.133482874775666,15.713137545035668,9.296014672354444
32.14566413309739,15.713137545035668,8.43393629911192
26.133482874775666,15.713137545035668,10.28102689391462
26.133482874775666,15.713137545035668,10.90437966321636
26.133482874775666,29.10359672521993,6.992303739896897
21.040948208976896,15.713137545035668,7.686609970345658
26.133482874775666,15.713137545035668,8.722195416820227
8.521678617894505,15.713137545035668,3.6856433459596882
4.466384789289577,15.713137545035668,0.1
16.027108575570878,47.809630551207576,10.0
35.541988750498206,10.791918952030564,0.25553677305014544
26.133482874775666,15.713137545035668,8.722195416820227
26.133482874775666,15.713137545035668,8.722195416820227
21.040948208976896,15.713137545035668,8.754536692625575
26.133482874775666,12.118602575306896,8.128839595722116
26.133482874775666,15.713137545035668,8.722195416820227
26.133482874775666,18.55628509590739,8.525076727592854
26.133482874775666,15.713137545035668,8.722195416820227
26.133482874775666,10.983661549154437,7.75191443994361
26.133482874775666,15.10766765817727,8.690020824254255
26.133482874775666,18.384948501832874,8.551748393106589
26.133482874775666,15.713137545035668,8.722195416820227
34.82276638340544,15.713137545035668,8.37473909274637
26.133482874775666,15.713137545035668,8.722195416820227
26.133482874775666,15.713137545035668,9.277047111479733
26.133482874775666,15.713137545035668,8.722195416820227
26.133482874775666,15.713137545035668,8.722195416820227
26.133482874775666,15.713137545035668,8.722195416820227
26.133482874775666,15.713137545035668,9.408973201268573
27.134339935377618,1.6383235876629616,0.09025314333398714
26.133482874775666,16.97283204770786,9.757021055312267
26.133482874775666,15.713137545035668,9.485096884578597
25.421453804696988,5.835663928303397,5.413158882206405
42.9880170628623,22.825809586980057,7.527995403027404
26.133482874775666,15.713137545035668,8.722195416820227
26.133482874775666,15.713137545035668,9.568782540195196
22.039933742466594,24.140020676669728,4.932739378240936
26.133482874775666,15.713137545035668,8.722195416820227
26.133482874775666,12.118602575306896,7.34513816267514
26.133482874775666,15.713137545035668,8.722195416820227
26.133482874775666,15.713137545035668,8.722195416820227
26.133482874775666,5.282515588192803,0.10532774123102659
26.133482874775666,15.713137545035668,9.698826820991586
21.040948208976896,15.713137545035668,8.754536692625575
26.133482874775666,15.713137545035668,9.390168141697403
26.133482874775666,15.713137545035668,8.722195416820227
