34.865437739751904,8.438773265291873,0.09309836920816995
20.439120604169716,11.096658824043457,7.9210404607240505
26.133482874775666,15.713137545035668,8.61376648285501
26.133482874775666,15.713137545035668,8.456081698884065
0.8105288704305913,12.118602575306896,8.852404449481387
4.0233535256736275,15.713137545035668,1.473124620380184
26.133482874775666,15.713137545035668,9.289259044893633
26.133482874775666,15.713137545035668,9.990523802175561
19.77450303218967,12.36891167820672,9.705893075271472
26.977648819899457,14.724054928945932,8.427602796347262
23.470252385786747,15.713137545035668,9.265206300963312
26.133482874775666,15.713137545035668,8.61376648285501
26.133482874775666,15.713137545035668,8.61376648285501
26.783741457621648,17.62580981205133,8.256131820380785
42.48594468452622,15.335307140220486,9.385412451609566
48.356208514870076,9.790166380532163,9.427662416793368
22.969712597283205,12.118602575306896,8.220870557194203
26.133482874775666,16.97283204770786,8.41507826254009
26.133482874775666,15.713137545035668,8.456081698884065
31.44665376050733,17.62580981205133,9.193524755591667
26.133482874775666,15.713137545035668,9.029156766563496
22.039933742466594,19.24923384437006,8.53485652441108
26.133482874775666,15.713137545035668,8.735474389671488
26.133482874775666,9.276633043923397,3.3551434793268
26.133482874775666,15.713137545035668,8.456081698884065
26.133482874775666,15.713137545035668,9.69540556562057
26.5441321673425,15.713137545035668,9.534776374294859
45.33409683740743,15.713137545035668,7.775701365659235
35.541988750498206,19.390729875744253,9.862699785170872
26.133482874775666,15.713137545035668,8.722195416820227
26.133482874775666,15.713137545035668,10.571239726149246
60.201416682410866,24.140020676669728,9.698027116492767
60.201416682410866,15.713137545035668,0.10647980823033193
26.133482874775666,15.713137545035668,8.456081698884065
26.133482874775666,15.713137545035668,10.443726200098656
26.133482874775666,15.713137545035668,8.456081698884065
5.494030585218287,15.713137545035668,1.9852925764453155
26.133482874775666,15.713137545035668,10.449501822984907
13.29644426477581,15.713137545035668,6.397398090068313
26.133482874775666,15.713137545035668,8.456081698884065
26.133482874775666,15.713137545035668,8.456081698884065
26.133482874775666,15.713137545035668,8.456081698884065
2.6930064857406784,15.713137545035668,6.54163974677048
26.133482874775666,15.713137545035668,8.456081698884065
26.133482874775666,15.713137545035668,8.456081698884065
34.82276638340544,15.713137545035668,8.91838812050202
3.494573913807095,15.713137545035668,6.367428904828123
26.133482874775666,15.713137545035668,8.990650070260516
26.133482874775666,15.713137545035668,8.456081698884065
26.133482874775666,16.527174559586292,9.35047691958955
26.133482874775666,15.713137545035668,8.456081698884065
32.76581752645253,2.623265167682346,0.1
3.485757565010694,15.713137545035668,6.369149154779154
26.133482874775666,15.713137545035668,8.456081698884065
26.133482874775666,15.713137545035668,8.456081698884065
26.133482874775666,13.705949475050332,8.481955277438674
26.133482874775666,15.713137545035668,8.456081698884065
26.133482874775666,15.713137545035668,10.32092490077899
45.04252358679972,15.713137545035668,7.826934655554667
4.76340378766,18.14099395514534,6.075548062563297
26.133482874775666,15.713137545035668,8.456081698884065
26.133482874775666,15.713137545035668,8.996944869824068
26.133482874775666,15.713137545035668,8.456081698884065
26.133482874775666,15.713137545035668,8.456081698884065
29.265980415771747,15.713137545035668,8.927093234413862
49.5765855085005,15.713137545035668,6.975684421943744
26.133482874775666,15.713137545035668,8.456081698884065
26.133482874775666,15.713137545035668,10.93472860031562
26.133482874775666,15.713137545035668,10.623402785370063
26.133482874775666,15.713137545035668,8.456081698884065
26.133482874775666,15.713137545035668,8.456081698884065
26.133482874775666,31.904639072049314,4.900233320154119
26.133482874775666,7.913277545666245,0.1872755593445476
48.38849496326387,15.713137545035668,7.205881860555988
26.133482874775666,15.713137545035668,8.456081698884065
26.133482874775666,15.713137545035668,8.456081698884065
25.857629574147108,15.713137545035668,8.421797570064003
21.040948208976896,30.633311484203155,4.202682249759637
26.133482874775666,15.713137545035668,8.456081698884065
26.133482874775666,15.713137545035668,8.456081698884065
