9.6526629750965,9.261630690723695,8.604468985858407
15.624938124716115,0.322392335324162,None
17.46369371825717,10.166613642557047,7.151105308675291
15.624938124716115,9.330611099175508,9.954475481239939
30.162100347959075,0.28266338697231397,None
29.774274472321995,17.80836976182828,9.970450566912234
15.624938124716115,7.683590016965898,None
15.624938124716115,5.80782959941832,None
15.624938124716115,9.261630690723695,9.879656649917846
15.646191826647787,9.245064136463153,9.847730864965428
15.624938124716115,9.261630690723695,8.834573051263064
15.624938124716115,0.322392335324162,None
22.3617438084043,14.29682659353203,8.138919168659811
15.624938124716115,9.261630690723695,None
15.624938124716115,9.261630690723695,8.448473992828827
15.624938124716115,9.261630690723695,9.879656649917846
15.624938124716115,7.683590016965898,None
15.624938124716115,9.261630690723695,8.834573051263064
15.624938124716115,0.5623800024779623,None
9.6526629750965,9.261630690723695,None
30.162100347959075,0.28266338697231397,None
26.550542815424215,8.16243693527715,7.429448732912478
15.624938124716115,0.322392335324162,None
15.624938124716115,5.80782959941832,None
15.624938124716115,9.261630690723695,None
15.624938124716115,9.261630690723695,9.879656649917846
15.624938124716115,9.261630690723695,8.553665411472563
6.8251347035527825,3.4134916958811408,8.648708173601708
15.624938124716115,9.261630690723695,None
15.624938124716115,0.322392335324162,None
14.174299027838131,7.423450988648851,9.879656649917846
9.6526629750965,9.261630690723695,8.948733671479003
15.624938124716115,0.322392335324162,None
11.48569847324964,9.261630690723695,8.5987816593438
15.412804528752858,10.418365441077325,8.874552925631997
15.624938124716115,9.330611099175508,9.954475481239939
15.624938124716115,13.898354642534965,8.279779733934587
15.624938124716115,9.261630690723695,7.893805153752743
15.624938124716115,17.42618338085763,8.747433074336378
15.624938124716115,9.261630690723695,9.879656649917846
15.624938124716115,16.31223736675541,8.747433074336378
30.162100347959075,0.28266338697231397,None
15.624938124716115,5.80782959941832,None
9.6526629750965,9.261630690723695,8.604468985858407
15.624938124716115,1.9673845850526641,9.879656649917846
5.971770837878944,10.592298693821238,8.848965203979565
15.624938124716115,9.261630690723695,9.879656649917846
15.624938124716115,9.261630690723695,None
10.616654274294898,9.917616220192702,7.76650945258261
26.550542815424215,8.16243693527715,7.429448732912478
30.162100347959075,0.28266338697231397,None
22.3617438084043,14.29682659353203,8.138919168659811
15.624938124716115,5.80782959941832,None
15.624938124716115,9.261630690723695,None
15.624938124716115,9.261630690723695,None
15.624938124716115,7.683590016965898,None
15.624938124716115,9.261630690723695,8.722112944859827
15.624938124716115,0.322392335324162,None
15.624938124716115,9.261630690723695,8.448473992828827
15.452205574906964,14.828324926131263,8.745136062326585
17.979503822262316,5.80782959941832,7.827880100052434
9.6526629750965,9.261630690723695,8.351696831521686
15.624938124716115,0.5623800024779623,None
15.624938124716115,16.31223736675541,8.747433074336378
15.624938124716115,9.261630690723695,9.879656649917846
30.162100347959075,0.28266338697231397,None
15.624938124716115,5.80782959941832,None
18.640116651770178,14.954272164352139,9.941528413821592
15.624938124716115,0.5623800024779623,None
15.624938124716115,9.261630690723695,7.893805153752743
15.624938124716115,9.261630690723695,None
15.624938124716115,7.968661409488405,7.993239339235332
15.624938124716115,9.261630690723695,None
5.1362138356177915,0.003604107586029078,9.060121750930415
15.624938124716115,16.31223736675541,8.747433074336378
15.624938124716115,4.779044937568004,8.848965203979565
15.624938124716115,7.683590016965898,None
15.624938124716115,7.668127090185939,8.722112944859827
18.80341889351399,17.71710494953161,7.117702742960451
15.624938124716115,0.322392335324162,None
20.23287709545385,9.261630690723695,9.879656649917846
15.624938124716115,9.261630690723695,9.879656649917846
15.624938124716115,9.261630690723695,8.722112944859827
15.624938124716115,11.204369469615388,9.879656649917846
15.624938124716115,16.26698618166561,8.623125491761783
30.162100347959075,0.28266338697231397,None
0.9996910069429397,0.5816854987229814,9.690396845902592
15.624938124716115,0.5623800024779623,None
15.624938124716115,9.261630690723695,8.448473992828827
17.46369371825717,10.166613642557047,7.151105308675291
15.624938124716115,5.80782959941832,None
7.34458931160264,5.80782959941832,8.582092668717383
15.624938124716115,9.261630690723695,None
15.624938124716115,9.261630690723695,None
15.624938124716115,0.322392335324162,None
17.979503822262316,5.80782959941832,7.827880100052434
30.162100347959075,0.28266338697231397,None
9.6526629750965,0.322392335324162,None
9.6526629750965,0.3509711205899492,7.30565590977635
15.624938124716115,9.261630690723695,8.722112944859827
15.624938124716115,9.261630690723695,8.553665411472563
18.721878513348653,13.968051273951815,8.040406432904943
23.001139185633388,17.71710494953161,7.787911154728184
15.624938124716115,5.80782959941832,None
0.9996910069429397,0.5816854987229814,9.690396845902592
15.624938124716115,9.261630690723695,None
15.624938124716115,0.322392335324162,None
15.624938124716115,16.26698618166561,8.623125491761783
15.624938124716115,16.31223736675541,8.747433074336378
15.624938124716115,9.261630690723695,None
17.979503822262316,5.80782959941832,7.827880100052434
9.6526629750965,9.261630690723695,8.604468985858407
15.624938124716115,7.683590016965898,None
31.541517580399443,9.243242602073547,7.894841667389031
9.6526629750965,7.307179107183222,8.387314910416361
30.162100347959075,0.28266338697231397,None
15.624938124716115,9.261630690723695,9.879656649917846
15.624938124716115,5.80782959941832,None
15.624938124716115,9.261630690723695,None
15.624938124716115,0.5623800024779623,None
18.80341889351399,17.71710494953161,7.117702742960451
15.624938124716115,9.261630690723695,None
15.624938124716115,0.322392335324162,None
9.6526629750965,0.322392335324162,None
9.6526629750965,9.261630690723695,8.948733671479003
15.624938124716115,9.261630690723695,8.448473992828827
15.624938124716115,16.31223736675541,8.747433074336378
9.6526629750965,0.3509711205899492,7.30565590977635
9.6526629750965,9.261630690723695,8.351696831521686
15.624938124716115,11.204369469615388,9.879656649917846
20.452884337912863,0.7566810437041299,8.021743004737775
30.162100347959075,0.28266338697231397,None
15.624938124716115,9.261630690723695,9.879656649917846
15.624938124716115,9.261630690723695,9.879656649917846
15.624938124716115,5.80782959941832,None
9.6526629750965,9.261630690723695,None
15.624938124716115,0.322392335324162,None
15.624938124716115,9.261630690723695,None
15.624938124716115,9.261630690723695,None
15.624938124716115,1.9673845850526641,9.879656649917846
15.624938124716115,7.683590016965898,None
15.624938124716115,9.261630690723695,7.893805153752743
15.646191826647787,9.245064136463153,9.847730864965428
15.624938124716115,5.80782959941832,None
26.550542815424215,8.16243693527715,7.429448732912478
17.46369371825717,10.166613642557047,7.151105308675291
15.624938124716115,9.261630690723695,7.893805153752743
30.162100347959075,0.28266338697231397,None
5.971770837878944,10.592298693821238,8.848965203979565
15.624938124716115,5.80782959941832,None
15.624938124716115,9.261630690723695,None
15.624938124716115,9.261630690723695,None
7.34458931160264,5.80782959941832,8.582092668717383
15.624938124716115,7.683590016965898,None
15.624938124716115,0.322392335324162,None
15.624938124716115,0.5623800024779623,None
9.6526629750965,0.322392335324162,None
15.624938124716115,9.261630690723695,8.448473992828827
15.624938124716115,16.31223736675541,8.747433074336378
9.6526629750965,9.261630690723695,8.948733671479003
15.624938124716115,9.261630690723695,None
15.624938124716115,9.261630690723695,9.879656649917846
15.624938124716115,9.261630690723695,9.879656649917846
30.162100347959075,0.28266338697231397,None
28.80274061118247,16.560142419647995,7.095155862315753
15.624938124716115,5.80782959941832,None
18.640116651770178,14.954272164352139,9.941528413821592
15.624938124716115,9.261630690723695,None
8.76426267547185,9.261630690723695,8.599427326494217
23.001139185633388,17.71710494953161,7.787911154728184
15.624938124716115,7.683590016965898,None
15.624938124716115,0.322392335324162,None
9.6526629750965,9.261630690723695,8.948733671479003
15.624938124716115,0.5623800024779623,None
15.624938124716115,9.261630690723695,8.448473992828827
9.6526629750965,0.322392335324162,None
9.6526629750965,0.322392335324162,None
15.624938124716115,9.261630690723695,7.893805153752743
30.162100347959075,0.28266338697231397,None
15.624938124716115,9.261630690723695,None
22.3617438084043,14.29682659353203,8.138919168659811
15.624938124716115,5.80782959941832,None
17.979503822262316,5.80782959941832,7.827880100052434
15.624938124716115,9.261630690723695,None
15.8994906174953,6.185513203169035,7.551118965621555
15.624938124716115,9.261630690723695,None
15.624938124716115,7.683590016965898,None
15.624938124716115,0.322392335324162,None
15.624938124716115,0.5623800024779623,None
15.624938124716115,9.261630690723695,8.448473992828827
29.774274472321995,17.80836976182828,9.970450566912234
15.624938124716115,16.31223736675541,8.747433074336378
15.624938124716115,9.261630690723695,9.879656649917846
9.6526629750965,9.261630690723695,8.351696831521686
5.1362138356177915,0.003604107586029078,9.060121750930415
15.624938124716115,0.39576046982717017,9.879656649917846
26.550542815424215,8.16243693527715,7.429448732912478
30.162100347959075,0.28266338697231397,None
15.624938124716115,5.80782959941832,None
15.624938124716115,9.261630690723695,None
15.624938124716115,9.261630690723695,None
15.624938124716115,7.683590016965898,None
15.624938124716115,0.322392335324162,None
15.624938124716115,9.261630690723695,9.879656649917846
9.6526629750965,0.322392335324162,None
15.624938124716115,0.5623800024779623,None
15.624938124716115,9.261630690723695,8.448473992828827
15.624938124716115,1.1502391428843677,8.475935042970876
15.624938124716115,9.261630690723695,None
9.253673672952461,5.80782959941832,9.970057829689795
15.624938124716115,9.261630690723695,None
15.624938124716115,0.322392335324162,None
28.80274061118247,16.560142419647995,7.095155862315753
15.624938124716115,16.31223736675541,8.747433074336378
15.624938124716115,1.9673845850526641,9.879656649917846
30.162100347959075,0.28266338697231397,None
15.624938124716115,5.80782959941832,None
15.624938124716115,9.261630690723695,None
15.624938124716115,7.683590016965898,None
15.624938124716115,10.592298693821238,8.848965203979565
15.624938124716115,0.322392335324162,None
29.35696607831241,5.894264899616579,7.993239339235332
15.624938124716115,0.5623800024779623,None
9.6526629750965,0.322392335324162,None
29.35696607831241,5.894264899616579,7.993239339235332
15.624938124716115,7.683590016965898,None
15.624938124716115,9.261630690723695,9.879656649917846
30.162100347959075,0.28266338697231397,None
15.624938124716115,16.26698618166561,8.623125491761783
15.624938124716115,5.80782959941832,None
15.624938124716115,9.261630690723695,8.553665411472563
15.624938124716115,9.261630690723695,None
8.76426267547185,9.261630690723695,8.599427326494217
8.6944851902893,3.5791649433073056,9.701827754061224
15.624938124716115,9.261630690723695,None
15.624938124716115,0.39576046982717017,9.879656649917846
15.412804528752858,10.418365441077325,8.874552925631997
15.624938124716115,0.322392335324162,None
15.624938124716115,0.5623800024779623,None
9.6526629750965,0.322392335324162,None
9.6526629750965,9.261630690723695,8.604468985858407
15.624938124716115,17.42618338085763,8.747433074336378
15.624938124716115,7.668127090185939,8.722112944859827
9.6526629750965,9.261630690723695,None
30.162100347959075,0.28266338697231397,None
14.174299027838131,7.423450988648851,9.879656649917846
15.624938124716115,5.80782959941832,None
18.200050437888393,7.561179009556891,8.96446632106405
15.624938124716115,9.261630690723695,None
15.624938124716115,9.261630690723695,None
15.624938124716115,7.683590016965898,None
29.35696607831241,5.894264899616579,7.993239339235332
15.624938124716115,0.322392335324162,None
15.624938124716115,9.261630690723695,8.722112944859827
15.624938124716115,0.5623800024779623,None
9.6526629750965,0.322392335324162,None
15.624938124716115,9.261630690723695,9.879656649917846
15.624938124716115,9.261630690723695,9.879656649917846
15.624938124716115,9.261630690723695,None
30.162100347959075,0.28266338697231397,None
15.624938124716115,9.261630690723695,None
15.624938124716115,5.80782959941832,None
9.6526629750965,7.307179107183222,8.387314910416361
15.624938124716115,7.683590016965898,None
15.624938124716115,0.322392335324162,None
15.624938124716115,0.5623800024779623,None
9.6526629750965,0.322392335324162,None
15.624938124716115,9.261630690723695,8.448473992828827
9.6526629750965,0.3509711205899492,7.30565590977635
15.624938124716115,16.31223736675541,8.747433074336378
9.6526629750965,9.261630690723695,8.948733671479003
9.6526629750965,9.261630690723695,8.604468985858407
9.6526629750965,7.307179107183222,8.387314910416361
15.8994906174953,6.185513203169035,7.551118965621555
30.162100347959075,0.28266338697231397,None
15.624938124716115,7.683590016965898,None
15.624938124716115,1.9673845850526641,9.879656649917846
0.9996910069429397,0.5816854987229814,9.690396845902592
15.646191826647787,9.245064136463153,9.847730864965428
15.624938124716115,7.968661409488405,7.993239339235332
8.6944851902893,3.5791649433073056,9.701827754061224
15.624938124716115,9.261630690723695,8.553665411472563
15.624938124716115,1.1502391428843677,8.475935042970876
15.624938124716115,5.80782959941832,None
15.624938124716115,9.261630690723695,None
9.6526629750965,0.322392335324162,None
15.624938124716115,9.261630690723695,None
15.624938124716115,0.322392335324162,None
15.624938124716115,4.779044937568004,8.848965203979565
9.6526629750965,7.307179107183222,8.387314910416361
30.162100347959075,0.28266338697231397,None
15.624938124716115,5.80782959941832,None
8.76426267547185,9.261630690723695,8.599427326494217
15.624938124716115,9.261630690723695,7.893805153752743
15.624938124716115,9.261630690723695,None
15.624938124716115,0.322392335324162,None
15.624938124716115,9.261630690723695,None
15.624938124716115,7.683590016965898,None
15.624938124716115,0.5623800024779623,None
9.6526629750965,0.322392335324162,None
15.624938124716115,9.261630690723695,8.448473992828827
5.1362138356177915,0.003604107586029078,9.060121750930415
11.48569847324964,9.261630690723695,8.5987816593438
15.624938124716115,16.31223736675541,8.747433074336378
8.76426267547185,9.261630690723695,8.599427326494217
26.550542815424215,8.16243693527715,7.429448732912478
30.162100347959075,0.28266338697231397,None
15.624938124716115,5.80782959941832,None
15.624938124716115,9.261630690723695,7.893805153752743
15.624938124716115,9.261630690723695,None
15.624938124716115,9.261630690723695,None
15.624938124716115,7.683590016965898,None
15.624938124716115,0.322392335324162,None
15.624938124716115,0.5623800024779623,None
9.6526629750965,0.322392335324162,None
15.624938124716115,9.261630690723695,8.448473992828827
15.624938124716115,16.31223736675541,8.747433074336378
9.6526629750965,9.261630690723695,8.948733671479003
9.6526629750965,0.3509711205899492,7.30565590977635
9.6526629750965,9.261630690723695,8.604468985858407
15.412804528752858,10.418365441077325,8.874552925631997
15.624938124716115,9.261630690723695,8.448473992828827
9.6526629750965,0.322392335324162,None
15.624938124716115,0.5623800024779623,None
23.001139185633388,17.71710494953161,7.787911154728184
15.624938124716115,11.204369469615388,9.879656649917846
9.6526629750965,9.261630690723695,None
30.162100347959075,0.28266338697231397,None
15.624938124716115,5.80782959941832,None
15.624938124716115,9.261630690723695,None
9.6526629750965,9.261630690723695,8.351696831521686
8.76426267547185,9.261630690723695,8.599427326494217
15.624938124716115,9.261630690723695,None
15.624938124716115,7.683590016965898,None
15.624938124716115,0.322392335324162,None
15.624938124716115,9.261630690723695,8.448473992828827
20.23287709545385,9.261630690723695,9.879656649917846
10.616654274294898,9.917616220192702,7.76650945258261
15.624938124716115,13.898354642534965,8.279779733934587
15.8994906174953,6.185513203169035,7.551118965621555
8.6944851902893,3.5791649433073056,9.701827754061224
30.162100347959075,0.28266338697231397,None
15.624938124716115,11.204369469615388,9.879656649917846
15.624938124716115,5.80782959941832,None
15.624938124716115,9.261630690723695,None
15.624938124716115,9.261630690723695,None
15.624938124716115,7.683590016965898,None
15.624938124716115,0.322392335324162,None
15.624938124716115,16.31223736675541,8.747433074336378
9.6526629750965,0.322392335324162,None
15.624938124716115,0.5623800024779623,None
15.624938124716115,9.261630690723695,8.448473992828827
9.253673672952461,5.80782959941832,9.970057829689795
9.6526629750965,0.322392335324162,None
9.6526629750965,9.261630690723695,8.604468985858407
15.624938124716115,9.261630690723695,9.879656649917846
15.624938124716115,5.80782959941832,None
30.162100347959075,0.28266338697231397,None
5.971770837878944,10.592298693821238,8.848965203979565
15.624938124716115,9.261630690723695,None
15.624938124716115,9.261630690723695,9.879656649917846
15.624938124716115,9.261630690723695,None
15.624938124716115,16.26698618166561,8.623125491761783
15.624938124716115,7.683590016965898,None
15.624938124716115,0.322392335324162,None
15.624938124716115,0.5623800024779623,None
9.6526629750965,0.322392335324162,None
15.624938124716115,9.261630690723695,8.448473992828827
9.6526629750965,9.261630690723695,None
9.6526629750965,7.307179107183222,8.387314910416361
30.162100347959075,0.28266338697231397,None
15.624938124716115,5.80782959941832,None
18.80341889351399,17.71710494953161,7.117702742960451
15.624938124716115,9.261630690723695,None
15.624938124716115,9.261630690723695,None
15.624938124716115,16.31223736675541,8.747433074336378
15.624938124716115,1.9673845850526641,9.879656649917846
15.624938124716115,7.683590016965898,None
15.624938124716115,0.322392335324162,None
15.624938124716115,0.5623800024779623,None
9.6526629750965,0.322392335324162,None
15.624938124716115,9.261630690723695,8.448473992828827
9.6526629750965,9.261630690723695,8.948733671479003
9.6526629750965,0.3509711205899492,7.30565590977635
15.624938124716115,9.261630690723695,7.893805153752743
15.624938124716115,9.261630690723695,9.879656649917846
18.640116651770178,14.954272164352139,9.941528413821592
9.6526629750965,9.261630690723695,None
15.624938124716115,7.668127090185939,8.722112944859827
30.162100347959075,0.28266338697231397,None
15.624938124716115,5.80782959941832,None
15.624938124716115,9.261630690723695,None
15.624938124716115,9.261630690723695,None
15.624938124716115,7.683590016965898,None
15.624938124716115,0.322392335324162,None
15.624938124716115,0.5623800024779623,None
9.6526629750965,0.322392335324162,None
15.624938124716115,9.261630690723695,8.448473992828827
9.6526629750965,9.261630690723695,8.948733671479003
15.624938124716115,16.31223736675541,8.747433074336378
30.162100347959075,0.28266338697231397,None
10.616654274294898,9.917616220192702,7.76650945258261
15.624938124716115,9.261630690723695,8.448473992828827
15.624938124716115,9.261630690723695,9.879656649917846
15.624938124716115,5.80782959941832,None
15.624938124716115,9.261630690723695,None
15.624938124716115,9.261630690723695,None
15.624938124716115,16.31223736675541,8.747433074336378
31.541517580399443,9.243242602073547,7.894841667389031
17.46369371825717,10.166613642557047,7.151105308675291
29.774274472321995,17.80836976182828,9.970450566912234
15.624938124716115,7.683590016965898,None
15.624938124716115,0.322392335324162,None
15.624938124716115,0.5623800024779623,None
9.6526629750965,0.322392335324162,None
18.721878513348653,13.968051273951815,8.040406432904943
9.6526629750965,9.261630690723695,None
9.6526629750965,9.261630690723695,8.351696831521686
15.624938124716115,9.261630690723695,7.893805153752743
15.624938124716115,13.898354642534965,8.279779733934587
9.6526629750965,9.261630690723695,None
15.412804528752858,10.418365441077325,8.874552925631997
30.162100347959075,0.28266338697231397,None
15.624938124716115,5.80782959941832,None
15.624938124716115,9.261630690723695,None
15.624938124716115,9.261630690723695,None
15.624938124716115,7.683590016965898,None
15.624938124716115,0.322392335324162,None
26.550542815424215,8.16243693527715,7.429448732912478
15.624938124716115,0.5623800024779623,None
9.6526629750965,0.322392335324162,None
15.624938124716115,16.31223736675541,8.747433074336378
15.624938124716115,16.26698618166561,8.623125491761783
15.624938124716115,7.668127090185939,8.722112944859827
28.80274061118247,16.560142419647995,7.095155862315753
18.200050437888393,7.561179009556891,8.96446632106405
15.624938124716115,9.261630690723695,None
30.162100347959075,0.28266338697231397,None
15.624938124716115,5.80782959941832,None
15.624938124716115,9.261630690723695,None
15.624938124716115,9.261630690723695,None
15.624938124716115,7.683590016965898,None
9.6526629750965,9.261630690723695,8.604468985858407
9.6526629750965,0.3509711205899492,7.30565590977635
15.624938124716115,1.9673845850526641,9.879656649917846
15.624938124716115,0.322392335324162,None
15.624938124716115,0.5623800024779623,None
9.6526629750965,0.322392335324162,None
15.624938124716115,16.31223736675541,8.747433074336378
15.646191826647787,9.245064136463153,9.847730864965428
15.624938124716115,1.9673845850526641,9.879656649917846
30.162100347959075,0.28266338697231397,None
15.624938124716115,5.80782959941832,None
15.624938124716115,9.261630690723695,None
18.80341889351399,17.71710494953161,7.117702742960451
15.624938124716115,9.261630690723695,None
15.624938124716115,7.683590016965898,None
15.624938124716115,0.322392335324162,None
15.624938124716115,0.5623800024779623,None
9.6526629750965,0.322392335324162,None
9.6526629750965,0.3509711205899492,7.30565590977635
7.34458931160264,5.80782959941832,8.582092668717383
15.624938124716115,9.261630690723695,8.448473992828827
9.6526629750965,9.261630690723695,8.948733671479003
23.001139185633388,17.71710494953161,7.787911154728184
22.3617438084043,14.29682659353203,8.138919168659811
5.971770837878944,10.592298693821238,8.848965203979565
30.162100347959075,0.28266338697231397,None
15.624938124716115,5.80782959941832,None
15.624938124716115,9.261630690723695,None
15.624938124716115,9.261630690723695,None
15.624938124716115,9.261630690723695,8.448473992828827
15.624938124716115,7.683590016965898,None
15.624938124716115,0.322392335324162,None
15.624938124716115,0.5623800024779623,None
9.6526629750965,9.261630690723695,8.604468985858407
29.35696607831241,5.894264899616579,7.993239339235332
15.624938124716115,1.1502391428843677,8.475935042970876
15.624938124716115,9.261630690723695,9.879656649917846
9.6526629750965,0.3509711205899492,7.30565590977635
8.76426267547185,9.261630690723695,8.599427326494217
9.6526629750965,7.307179107183222,8.387314910416361
30.162100347959075,0.28266338697231397,None
15.624938124716115,0.322392335324162,None
15.624938124716115,5.80782959941832,None
5.971770837878944,10.592298693821238,8.848965203979565
15.624938124716115,9.261630690723695,None
15.624938124716115,9.261630690723695,None
15.624938124716115,7.683590016965898,None
15.624938124716115,0.322392335324162,None
15.624938124716115,9.330611099175508,9.954475481239939
15.624938124716115,0.5623800024779623,None
15.624938124716115,9.261630690723695,9.879656649917846
9.6526629750965,9.261630690723695,8.948733671479003
9.6526629750965,0.322392335324162,None
15.624938124716115,9.261630690723695,8.448473992828827
5.971770837878944,10.592298693821238,8.848965203979565
15.624938124716115,5.80782959941832,None
22.3617438084043,14.29682659353203,8.138919168659811
30.162100347959075,0.28266338697231397,None
15.624938124716115,9.261630690723695,None
15.624938124716115,9.261630690723695,9.879656649917846
15.624938124716115,9.261630690723695,None
15.624938124716115,7.683590016965898,None
15.624938124716115,0.322392335324162,None
15.624938124716115,0.5623800024779623,None
5.240443694977813,0.059533692529072174,8.524443382400541
9.6526629750965,0.322392335324162,None
15.624938124716115,9.261630690723695,8.448473992828827
15.624938124716115,16.31223736675541,8.747433074336378
9.6526629750965,9.261630690723695,8.948733671479003
9.6526629750965,0.3509711205899492,7.30565590977635
0.9996910069429397,0.5816854987229814,9.690396845902592
29.774274472321995,17.80836976182828,9.970450566912234
15.624938124716115,9.261630690723695,9.879656649917846
30.162100347959075,0.28266338697231397,None
15.624938124716115,5.80782959941832,None
9.6526629750965,9.261630690723695,8.948733671479003
15.624938124716115,9.261630690723695,None
15.8994906174953,6.185513203169035,7.551118965621555
15.624938124716115,10.592298693821238,8.848965203979565
15.624938124716115,9.261630690723695,None
15.624938124716115,7.683590016965898,None
15.624938124716115,0.322392335324162,None
15.624938124716115,0.5623800024779623,None
9.6526629750965,0.322392335324162,None
15.624938124716115,9.261630690723695,8.448473992828827
15.624938124716115,16.31223736675541,8.747433074336378
15.624938124716115,5.80782959941832,None
30.162100347959075,0.28266338697231397,None
15.624938124716115,9.261630690723695,9.879656649917846
15.624938124716115,9.261630690723695,None
15.624938124716115,9.261630690723695,None
15.624938124716115,7.683590016965898,None
15.624938124716115,0.322392335324162,None
15.624938124716115,9.261630690723695,8.448473992828827
15.624938124716115,9.261630690723695,9.879656649917846
9.6526629750965,9.261630690723695,None
15.624938124716115,0.5623800024779623,None
9.6526629750965,0.322392335324162,None
15.624938124716115,5.80782959941832,None
15.624938124716115,9.261630690723695,None
18.200050437888393,7.561179009556891,8.96446632106405
15.624938124716115,16.31223736675541,8.747433074336378
15.624938124716115,1.9673845850526641,9.879656649917846
17.979503822262316,5.80782959941832,7.827880100052434
15.624938124716115,9.261630690723695,None
15.624938124716115,0.5623800024779623,None
30.162100347959075,0.28266338697231397,None
6.8251347035527825,3.4134916958811408,8.648708173601708
9.6526629750965,9.261630690723695,8.948733671479003
15.624938124716115,9.261630690723695,8.448473992828827
15.624938124716115,5.80782959941832,None
15.624938124716115,9.261630690723695,9.879656649917846
15.624938124716115,0.322392335324162,None
15.624938124716115,9.261630690723695,9.879656649917846
15.624938124716115,9.261630690723695,None
15.624938124716115,9.261630690723695,9.879656649917846
5.240443694977813,0.059533692529072174,8.524443382400541
15.624938124716115,7.683590016965898,None
9.6526629750965,9.261630690723695,8.948733671479003
9.253673672952461,5.80782959941832,9.970057829689795
15.624938124716115,13.898354642534965,8.279779733934587
10.616654274294898,9.917616220192702,7.76650945258261
15.624938124716115,9.261630690723695,8.722112944859827
29.35696607831241,5.894264899616579,7.993239339235332
7.34458931160264,5.80782959941832,8.582092668717383
31.541517580399443,9.243242602073547,7.894841667389031
30.162100347959075,0.28266338697231397,None
15.624938124716115,5.80782959941832,None
15.624938124716115,9.261630690723695,None
15.624938124716115,7.683590016965898,None
15.624938124716115,9.261630690723695,None
15.624938124716115,0.322392335324162,None
15.624938124716115,0.39576046982717017,9.879656649917846
15.624938124716115,0.5623800024779623,None
15.624938124716115,5.80782959941832,None
15.624938124716115,1.9673845850526641,9.879656649917846
15.624938124716115,7.968661409488405,7.993239339235332
31.541517580399443,9.243242602073547,7.894841667389031
15.624938124716115,0.5623800024779623,None
18.80341889351399,17.71710494953161,7.117702742960451
15.624938124716115,9.330611099175508,9.954475481239939
15.624938124716115,7.683590016965898,None
15.624938124716115,0.322392335324162,None
30.162100347959075,0.28266338697231397,None
15.624938124716115,9.261630690723695,9.879656649917846
15.624938124716115,9.261630690723695,None
15.624938124716115,9.261630690723695,None
9.6526629750965,0.322392335324162,None
15.624938124716115,9.261630690723695,8.448473992828827
15.624938124716115,16.31223736675541,8.747433074336378
15.624938124716115,9.261630690723695,9.879656649917846
15.624938124716115,0.322392335324162,None
26.550542815424215,8.16243693527715,7.429448732912478
30.162100347959075,0.28266338697231397,None
15.624938124716115,5.80782959941832,None
23.001139185633388,17.71710494953161,7.787911154728184
15.624938124716115,9.261630690723695,None
9.6526629750965,9.261630690723695,None
15.624938124716115,9.261630690723695,None
15.624938124716115,7.683590016965898,None
15.624938124716115,0.322392335324162,None
15.624938124716115,9.261630690723695,9.879656649917846
15.624938124716115,0.5623800024779623,None
9.6526629750965,0.322392335324162,None
15.624938124716115,9.261630690723695,8.448473992828827
15.624938124716115,16.31223736675541,8.747433074336378
15.624938124716115,9.261630690723695,9.879656649917846
15.624938124716115,13.898354642534965,8.279779733934587
30.162100347959075,0.28266338697231397,None
7.34458931160264,5.80782959941832,8.582092668717383
15.624938124716115,1.1502391428843677,8.475935042970876
15.624938124716115,5.80782959941832,None
15.624938124716115,9.261630690723695,None
15.646191826647787,9.245064136463153,9.847730864965428
15.624938124716115,9.261630690723695,None
14.174299027838131,7.423450988648851,9.879656649917846
15.624938124716115,7.683590016965898,None
15.624938124716115,0.322392335324162,None
15.624938124716115,0.5623800024779623,None
9.6526629750965,0.322392335324162,None
15.624938124716115,9.261630690723695,8.448473992828827
15.624938124716115,16.31223736675541,8.747433074336378
15.624938124716115,9.261630690723695,8.722112944859827
15.624938124716115,9.261630690723695,9.879656649917846
15.624938124716115,9.261630690723695,8.553665411472563
15.624938124716115,9.261630690723695,9.879656649917846
30.162100347959075,0.28266338697231397,None
15.624938124716115,0.322392335324162,None
15.624938124716115,5.80782959941832,None
9.6526629750965,7.307179107183222,8.387314910416361
15.624938124716115,9.261630690723695,None
15.624938124716115,9.261630690723695,None
15.624938124716115,7.683590016965898,None
15.624938124716115,0.322392335324162,None
15.624938124716115,0.5623800024779623,None
9.6526629750965,0.322392335324162,None
15.624938124716115,9.261630690723695,8.448473992828827
15.624938124716115,1.9673845850526641,9.879656649917846
9.6526629750965,9.261630690723695,8.948733671479003
15.624938124716115,16.26698618166561,8.623125491761783
17.46369371825717,10.166613642557047,7.151105308675291
15.624938124716115,0.5623800024779623,None
30.162100347959075,0.28266338697231397,None
15.624938124716115,5.80782959941832,None
15.624938124716115,7.683590016965898,None
9.6526629750965,0.322392335324162,None
9.6526629750965,0.3509711205899492,7.30565590977635
15.624938124716115,9.261630690723695,None
15.624938124716115,7.968661409488405,7.993239339235332
7.34458931160264,5.80782959941832,8.582092668717383
15.624938124716115,9.261630690723695,None
15.624938124716115,9.330611099175508,9.954475481239939
15.624938124716115,0.322392335324162,None
15.624938124716115,9.261630690723695,8.448473992828827
15.624938124716115,16.26698618166561,8.623125491761783
15.624938124716115,9.261630690723695,7.893805153752743
15.624938124716115,9.261630690723695,9.879656649917846
15.624938124716115,9.261630690723695,8.834573051263064
15.624938124716115,9.261630690723695,9.879656649917846
8.76426267547185,9.261630690723695,8.599427326494217
30.162100347959075,0.28266338697231397,None
15.624938124716115,9.261630690723695,9.879656649917846
15.624938124716115,5.80782959941832,None
7.34458931160264,5.80782959941832,8.582092668717383
15.624938124716115,9.261630690723695,None
15.624938124716115,9.261630690723695,7.893805153752743
15.624938124716115,9.261630690723695,None
15.624938124716115,7.683590016965898,None
15.624938124716115,0.322392335324162,None
15.624938124716115,11.204369469615388,9.879656649917846
9.6526629750965,0.322392335324162,None
15.624938124716115,9.261630690723695,9.879656649917846
15.624938124716115,5.80782959941832,None
15.624938124716115,9.261630690723695,None
30.162100347959075,0.28266338697231397,None
15.624938124716115,1.9673845850526641,9.879656649917846
15.624938124716115,5.80782959941832,None
15.624938124716115,0.322392335324162,None
15.624938124716115,0.322392335324162,None
15.624938124716115,9.261630690723695,None
15.624938124716115,9.261630690723695,None
15.624938124716115,7.683590016965898,None
15.624938124716115,9.261630690723695,8.448473992828827
15.624938124716115,0.322392335324162,None
15.624938124716115,0.5623800024779623,None
15.624938124716115,9.261630690723695,8.448473992828827
15.624938124716115,9.261630690723695,9.879656649917846
15.624938124716115,9.261630690723695,8.553665411472563
20.452884337912863,0.7566810437041299,8.021743004737775
17.46369371825717,10.166613642557047,7.151105308675291
26.550542815424215,8.16243693527715,7.429448732912478
15.624938124716115,17.42618338085763,8.747433074336378
30.162100347959075,0.28266338697231397,None
6.8251347035527825,3.4134916958811408,8.648708173601708
11.48569847324964,9.261630690723695,8.5987816593438
15.624938124716115,5.80782959941832,None
15.624938124716115,0.5623800024779623,None
15.624938124716115,9.261630690723695,None
15.624938124716115,9.261630690723695,None
15.624938124716115,7.683590016965898,None
15.624938124716115,0.322392335324162,None
7.34458931160264,5.80782959941832,8.582092668717383
9.6526629750965,7.307179107183222,8.387314910416361
15.624938124716115,9.261630690723695,9.879656649917846
15.624938124716115,10.592298693821238,8.848965203979565
15.624938124716115,4.779044937568004,8.848965203979565
30.162100347959075,0.28266338697231397,None
9.6526629750965,9.261630690723695,8.948733671479003
15.624938124716115,5.80782959941832,None
15.624938124716115,9.261630690723695,None
9.6526629750965,0.322392335324162,None
15.624938124716115,9.261630690723695,None
15.624938124716115,7.968661409488405,7.993239339235332
29.35696607831241,5.894264899616579,7.993239339235332
15.624938124716115,7.683590016965898,None
15.624938124716115,0.322392335324162,None
15.624938124716115,0.5623800024779623,None
15.624938124716115,9.261630690723695,8.448473992828827
20.23287709545385,9.261630690723695,9.879656649917846
30.162100347959075,0.28266338697231397,None
15.624938124716115,5.80782959941832,None
15.624938124716115,9.261630690723695,None
15.624938124716115,16.31223736675541,8.747433074336378
15.624938124716115,9.261630690723695,8.722112944859827
15.624938124716115,0.322392335324162,None
15.624938124716115,9.261630690723695,None
9.6526629750965,0.322392335324162,None
15.624938124716115,7.683590016965898,None
15.624938124716115,9.330611099175508,9.954475481239939
15.624938124716115,0.5623800024779623,None
15.624938124716115,17.42618338085763,8.747433074336378
15.624938124716115,9.261630690723695,8.448473992828827
15.624938124716115,9.261630690723695,9.879656649917846
9.6526629750965,9.261630690723695,8.948733671479003
9.6526629750965,9.261630690723695,8.351696831521686
15.624938124716115,13.898354642534965,8.279779733934587
9.6526629750965,9.261630690723695,8.948733671479003
9.6526629750965,0.3509711205899492,7.30565590977635
30.162100347959075,0.28266338697231397,None
15.624938124716115,5.80782959941832,None
15.624938124716115,9.261630690723695,None
15.624938124716115,16.26698618166561,8.623125491761783
15.624938124716115,7.683590016965898,None
15.624938124716115,9.261630690723695,None
15.624938124716115,0.5623800024779623,None
15.624938124716115,0.322392335324162,None
15.624938124716115,7.668127090185939,8.722112944859827
9.6526629750965,0.322392335324162,None
15.624938124716115,9.261630690723695,8.448473992828827
15.624938124716115,9.261630690723695,8.722112944859827
15.624938124716115,0.5623800024779623,None
9.6526629750965,9.261630690723695,None
15.624938124716115,9.261630690723695,9.879656649917846
9.6526629750965,0.322392335324162,None
15.624938124716115,9.261630690723695,8.834573051263064
30.162100347959075,0.28266338697231397,None
15.624938124716115,5.80782959941832,None
15.624938124716115,9.261630690723695,9.879656649917846
9.6526629750965,9.261630690723695,8.948733671479003
15.624938124716115,9.261630690723695,None
15.624938124716115,9.261630690723695,None
15.624938124716115,7.683590016965898,None
17.979503822262316,5.80782959941832,7.827880100052434
15.624938124716115,0.322392335324162,None
15.624938124716115,9.261630690723695,9.879656649917846
15.624938124716115,9.261630690723695,8.448473992828827
15.452205574906964,14.828324926131263,8.745136062326585
9.6526629750965,9.261630690723695,8.604468985858407
9.6526629750965,7.307179107183222,8.387314910416361
8.76426267547185,9.261630690723695,8.599427326494217
11.48569847324964,9.261630690723695,8.5987816593438
15.624938124716115,0.322392335324162,None
9.6526629750965,9.261630690723695,None
30.162100347959075,0.28266338697231397,None
15.624938124716115,5.80782959941832,None
15.624938124716115,9.261630690723695,None
15.624938124716115,16.26698618166561,8.623125491761783
15.624938124716115,9.261630690723695,None
15.624938124716115,9.261630690723695,8.448473992828827
15.624938124716115,7.683590016965898,None
15.624938124716115,9.261630690723695,8.448473992828827
15.624938124716115,0.5623800024779623,None
9.6526629750965,9.261630690723695,None
15.624938124716115,0.322392335324162,None
9.6526629750965,9.261630690723695,None
30.162100347959075,0.28266338697231397,None
15.624938124716115,5.80782959941832,None
15.624938124716115,5.80782959941832,None
15.624938124716115,9.261630690723695,None
15.624938124716115,9.261630690723695,None
15.624938124716115,9.261630690723695,None
15.624938124716115,0.322392335324162,None
15.624938124716115,0.322392335324162,None
15.624938124716115,7.683590016965898,None
15.624938124716115,0.322392335324162,None
15.624938124716115,0.5623800024779623,None
9.6526629750965,0.322392335324162,None
9.6526629750965,0.322392335324162,None
27.549319432779004,16.854777722197028,8.044579157695864
27.549319432779004,16.854777722197028,9.97927442925812
31.449249290586774,24.03875059869447,8.649983178713626
27.549319432779004,16.854777722197028,8.044579157695864
5.9208082414239875,16.854777722197028,5.972076838848356
31.690067944084955,16.854777722197028,8.98363975052333
39.684080467481024,25.663879547805205,8.80342697609892
27.549319432779004,22.374584911438888,8.718603773662018
21.8104564183944,16.412237339916366,8.604144118196706
28.254810392560127,13.678060718933352,7.775481196655821
27.549319432779004,1.1655248383067676,7.032041210927941
23.66930437747427,5.628011756677599,9.731860175803055
15.517083532899623,8.57357173324776,8.256828233824608
5.9208082414239875,20.629996828629487,1.7753493966362217
27.549319432779004,22.374584911438888,8.365371200281597
27.549319432779004,16.854777722197028,10.435894312419963
27.549319432779004,9.837035125124697,8.298288259939525
5.9208082414239875,16.854777722197028,2.014806305402696
27.549319432779004,17.67957666181806,8.39736606417151
5.9208082414239875,16.854777722197028,5.972076838848356
27.549319432779004,1.1655248383067676,7.032041210927941
27.549319432779004,16.854777722197028,10.435894312419963
27.549319432779004,16.854777722197028,10.35358759976056
27.549319432779004,16.854777722197028,8.044579157695864
27.549319432779004,16.854777722197028,10.181193675031485
5.9208082414239875,20.629996828629487,1.7753493966362217
27.549319432779004,22.374584911438888,8.365371200281597
27.549319432779004,16.854777722197028,8.044579157695864
27.549319432779004,28.718092365843816,5.626340796751695
28.131990786977987,16.854777722197028,9.628239954160764
27.549319432779004,16.854777722197028,8.044579157695864
27.549319432779004,21.166345234457783,7.295961231034899
5.9208082414239875,16.854777722197028,5.972076838848356
5.9208082414239875,16.854777722197028,2.014806305402696
28.880806806148655,16.854777722197028,8.646411059070303
27.549319432779004,1.1655248383067676,7.032041210927941
27.549319432779004,16.854777722197028,9.878826673829755
27.549319432779004,16.854777722197028,8.044579157695864
27.549319432779004,16.412237339916366,9.297302160870995
5.9208082414239875,16.854777722197028,1.9462055191061745
31.446005257221284,21.420847703990074,9.560304139866318
5.9208082414239875,20.629996828629487,1.7753493966362217
27.549319432779004,16.854777722197028,10.435894312419963
27.549319432779004,22.374584911438888,8.365371200281597
27.549319432779004,16.854777722197028,8.044579157695864
16.45146632067754,4.316395086418575,8.868361714714098
27.549319432779004,16.854777722197028,9.243784534095791
27.549319432779004,16.854777722197028,8.044579157695864
27.549319432779004,22.374584911438888,8.365371200281597
27.20180475185443,28.2897995320986,8.549083082476447
27.549319432779004,17.51393526624454,7.428190695823132
5.9208082414239875,16.854777722197028,5.972076838848356
5.9208082414239875,20.629996828629487,1.7753493966362217
27.891936230817038,5.125113117097463,0.09586676844242045
27.549319432779004,16.854777722197028,8.74401639318106
58.41674034885907,1.323046885775451,10.106833683372912
27.549319432779004,16.854777722197028,10.435894312419963
27.549319432779004,1.1655248383067676,7.032041210927941
27.549319432779004,16.854777722197028,8.044579157695864
27.549319432779004,18.005334421560427,9.784796976292093
27.549319432779004,16.854777722197028,10.583745097869548
27.549319432779004,16.854777722197028,10.561049503690967
27.549319432779004,16.854777722197028,8.044579157695864
27.549319432779004,8.57357173324776,7.56838772585772
4.9083337117853,18.29444188300911,8.628199494919784
16.45146632067754,4.316395086418575,8.868361714714098
5.9208082414239875,16.854777722197028,5.972076838848356
27.549319432779004,16.854777722197028,9.97927442925812
27.549319432779004,21.166345234457783,7.295961231034899
27.549319432779004,1.1655248383067676,7.032041210927941
27.549319432779004,16.854777722197028,8.044579157695864
31.449249290586774,24.03875059869447,8.649983178713626
5.9208082414239875,20.629996828629487,1.7753493966362217
31.690067944084955,16.854777722197028,8.98363975052333
27.549319432779004,22.374584911438888,8.365371200281597
27.549319432779004,16.854777722197028,10.435894312419963
27.249328790906066,16.412237339916366,9.281675794607764
25.550446360979215,31.117718547497738,8.882553320497829
27.549319432779004,16.854777722197028,8.044579157695864
27.549319432779004,16.854777722197028,10.208942648213942
5.9208082414239875,2.6741441670825044,6.418469801134917
4.9083337117853,18.29444188300911,8.628199494919784
27.549319432779004,12.97562916192942,7.151671420051059
27.549319432779004,9.837035125124697,8.298288259939525
5.9208082414239875,16.854777722197028,5.972076838848356
27.549319432779004,1.1655248383067676,7.032041210927941
27.549319432779004,16.854777722197028,8.044579157695864
5.9208082414239875,20.629996828629487,1.7753493966362217
27.549319432779004,22.374584911438888,8.365371200281597
27.549319432779004,16.854777722197028,10.435894312419963
27.549319432779004,1.1655248383067676,0.10718042095956394
27.549319432779004,16.854777722197028,8.044579157695864
27.549319432779004,15.414996044466783,8.678137655251192
27.549319432779004,18.005334421560427,9.784796976292093
5.9208082414239875,16.854777722197028,2.014806305402696
27.549319432779004,16.854777722197028,8.044579157695864
14.56764998894157,16.854777722197028,8.247878776261114
28.254810392560127,13.678060718933352,7.775481196655821
27.549319432779004,8.57357173324776,8.190193575296705
5.9208082414239875,12.56917563092994,8.494393214123576
27.549319432779004,27.30629583581829,8.211640763154367
5.9208082414239875,16.854777722197028,5.972076838848356
39.684080467481024,25.663879547805205,8.80342697609892
27.549319432779004,1.1655248383067676,7.032041210927941
27.549319432779004,16.854777722197028,8.044579157695864
5.9208082414239875,20.629996828629487,1.7753493966362217
27.549319432779004,22.374584911438888,8.365371200281597
23.135674846256048,16.88656009980202,8.655599792831126
21.8104564183944,16.412237339916366,8.604144118196706
27.549319432779004,16.854777722197028,10.435894312419963
27.549319432779004,16.854777722197028,8.044579157695864
27.549319432779004,16.854777722197028,10.35358759976056
32.2773151438394,23.10833380794899,8.890185804860137
27.549319432779004,19.84706720037616,10.162817404761237
27.549319432779004,16.412237339916366,9.297302160870995
5.9208082414239875,16.854777722197028,5.972076838848356
27.549319432779004,1.1655248383067676,7.032041210927941
27.20180475185443,28.2897995320986,8.549083082476447
27.549319432779004,16.854777722197028,8.044579157695864
27.549319432779004,16.854777722197028,8.044579157695864
27.549319432779004,16.854777722197028,10.435894312419963
27.549319432779004,16.854777722197028,8.74401639318106
14.56764998894157,16.854777722197028,8.247878776261114
33.987596761870904,29.133931033568544,7.332889216788191
23.66930437747427,5.628011756677599,9.731860175803055
76.95393006838452,16.854777722197028,8.251375259317198
27.549319432779004,16.854777722197028,9.97927442925812
27.549319432779004,22.374584911438888,8.365371200281597
27.549319432779004,16.854777722197028,8.044579157695864
27.549319432779004,28.718092365843816,5.626340796751695
27.549319432779004,22.374584911438888,8.718603773662018
5.9208082414239875,16.854777722197028,5.972076838848356
27.549319432779004,31.66851676159243,8.792174169165813
27.549319432779004,17.51393526624454,7.428190695823132
31.446005257221284,21.420847703990074,9.560304139866318
27.549319432779004,1.1655248383067676,7.032041210927941
23.135674846256048,16.88656009980202,8.655599792831126
27.549319432779004,16.854777722197028,8.044579157695864
5.9208082414239875,20.629996828629487,1.7753493966362217
27.549319432779004,22.374584911438888,8.365371200281597
27.549319432779004,16.854777722197028,10.435894312419963
27.549319432779004,16.854777722197028,8.044579157695864
27.549319432779004,16.854777722197028,8.044579157695864
27.549319432779004,8.57357173324776,7.56838772585772
50.704561150277044,22.690021912179407,7.026291608322392
27.549319432779004,1.1655248383067676,7.032041210927941
5.9208082414239875,16.854777722197028,5.972076838848356
27.549319432779004,22.374584911438888,8.365371200281597
28.131990786977987,16.854777722197028,9.628239954160764
27.549319432779004,16.854777722197028,8.044579157695864
5.9208082414239875,20.629996828629487,1.7753493966362217
5.9208082414239875,2.6741441670825044,6.418469801134917
27.549319432779004,8.57357173324776,8.190193575296705
27.549319432779004,16.854777722197028,8.044579157695864
27.549319432779004,31.66851676159243,8.792174169165813
33.987596761870904,29.133931033568544,7.332889216788191
27.549319432779004,8.57357173324776,7.56838772585772
27.549319432779004,16.854777722197028,10.35358759976056
27.549319432779004,16.854777722197028,10.435894312419963
27.549319432779004,16.854777722197028,8.044579157695864
27.549319432779004,22.374584911438888,8.365371200281597
28.131990786977987,16.854777722197028,9.628239954160764
23.66930437747427,5.628011756677599,9.731860175803055
5.9208082414239875,16.854777722197028,5.972076838848356
27.549319432779004,16.854777722197028,9.541970810377139
33.987596761870904,29.133931033568544,7.332889216788191
27.549319432779004,1.1655248383067676,7.032041210927941
27.549319432779004,16.854777722197028,8.044579157695864
5.9208082414239875,20.629996828629487,1.7753493966362217
27.549319432779004,16.854777722197028,10.435894312419963
27.549319432779004,16.854777722197028,8.044579157695864
27.549319432779004,16.854777722197028,8.044579157695864
27.549319432779004,8.57357173324776,7.56838772585772
27.549319432779004,16.854777722197028,10.35358759976056
27.549319432779004,16.854777722197028,9.878826673829755
27.549319432779004,16.854777722197028,10.583745097869548
27.549319432779004,8.57357173324776,7.56838772585772
5.9208082414239875,16.854777722197028,2.014806305402696
27.549319432779004,16.854777722197028,10.518060985893344
5.9208082414239875,2.6741441670825044,6.418469801134917
27.249328790906066,16.412237339916366,9.281675794607764
27.549319432779004,28.718092365843816,5.626340796751695
27.549319432779004,18.005334421560427,9.784796976292093
27.549319432779004,16.854777722197028,10.181193675031485
76.95393006838452,16.854777722197028,8.251375259317198
5.9208082414239875,16.854777722197028,5.972076838848356
27.549319432779004,25.772401292064202,8.837995902583954
4.9083337117853,18.29444188300911,8.628199494919784
27.549319432779004,1.1655248383067676,7.032041210927941
27.549319432779004,16.854777722197028,8.044579157695864
5.9208082414239875,20.629996828629487,1.7753493966362217
27.549319432779004,22.374584911438888,8.365371200281597
27.549319432779004,22.374584911438888,8.365371200281597
27.549319432779004,17.67957666181806,8.39736606417151
3.938296947036818,16.854777722197028,9.321348899868607
5.9208082414239875,16.854777722197028,5.972076838848356
27.549319432779004,8.57357173324776,7.56838772585772
31.690067944084955,16.854777722197028,8.98363975052333
27.549319432779004,1.1655248383067676,7.032041210927941
27.549319432779004,16.854777722197028,8.044579157695864
5.9208082414239875,20.629996828629487,1.7753493966362217
5.9208082414239875,2.6741441670825044,6.418469801134917
27.549319432779004,16.854777722197028,10.435894312419963
27.549319432779004,16.854777722197028,8.044579157695864
27.549319432779004,16.854777722197028,8.044579157695864
27.549319432779004,16.854777722197028,10.35358759976056
27.549319432779004,16.854777722197028,9.878826673829755
76.95393006838452,16.854777722197028,8.251375259317198
31.449249290586774,24.03875059869447,8.649983178713626
27.549319432779004,8.57357173324776,9.636769074398181
32.2773151438394,23.10833380794899,8.890185804860137
27.549319432779004,22.374584911438888,8.365371200281597
5.9208082414239875,16.854777722197028,5.972076838848356
27.549319432779004,1.1655248383067676,7.032041210927941
27.549319432779004,16.854777722197028,8.044579157695864
27.549319432779004,27.30629583581829,8.211640763154367
5.9208082414239875,20.629996828629487,1.7753493966362217
27.549319432779004,16.854777722197028,9.878826673829755
27.549319432779004,16.854777722197028,10.435894312419963
27.549319432779004,16.854777722197028,8.044579157695864
27.549319432779004,16.854777722197028,8.044579157695864
27.549319432779004,1.1655248383067676,0.10718042095956394
27.549319432779004,8.57357173324776,7.56838772585772
25.798757774121313,16.854777722197028,8.33251600370036
27.549319432779004,16.854777722197028,9.97927442925812
3.5151438716936845,20.8568064461506,9.68689453273734
5.9208082414239875,16.854777722197028,5.972076838848356
27.549319432779004,16.854777722197028,10.35358759976056
27.549319432779004,1.1655248383067676,7.032041210927941
27.549319432779004,16.854777722197028,8.044579157695864
27.549319432779004,16.854777722197028,8.74401639318106
5.9208082414239875,20.629996828629487,1.7753493966362217
27.549319432779004,22.374584911438888,8.365371200281597
27.549319432779004,16.854777722197028,10.435894312419963
27.549319432779004,16.854777722197028,8.044579157695864
27.549319432779004,16.854777722197028,8.044579157695864
27.549319432779004,8.57357173324776,7.56838772585772
27.549319432779004,16.854777722197028,9.878826673829755
27.549319432779004,16.854777722197028,10.583745097869548
23.66930437747427,5.628011756677599,9.731860175803055
31.449249290586774,24.03875059869447,8.649983178713626
27.549319432779004,17.67957666181806,8.39736606417151
23.135674846256048,16.88656009980202,8.655599792831126
28.880806806148655,16.854777722197028,8.646411059070303
5.9208082414239875,16.854777722197028,5.972076838848356
2.4110505833626963,16.854777722197028,8.525080162900931
27.549319432779004,1.1655248383067676,7.032041210927941
27.549319432779004,16.854777722197028,8.044579157695864
15.517083532899623,8.57357173324776,8.256828233824608
27.549319432779004,16.854777722197028,8.044579157695864
23.66930437747427,5.628011756677599,9.731860175803055
5.9208082414239875,20.629996828629487,1.7753493966362217
27.549319432779004,22.374584911438888,8.365371200281597
27.549319432779004,16.854777722197028,10.435894312419963
27.549319432779004,16.854777722197028,8.044579157695864
27.549319432779004,17.51393526624454,7.428190695823132
27.249328790906066,16.412237339916366,9.281675794607764
27.549319432779004,16.854777722197028,8.044579157695864
5.9208082414239875,16.854777722197028,5.972076838848356
27.549319432779004,1.1655248383067676,7.032041210927941
27.549319432779004,16.854777722197028,8.044579157695864
23.66930437747427,5.628011756677599,9.731860175803055
5.9208082414239875,20.629996828629487,1.7753493966362217
27.549319432779004,16.854777722197028,8.044579157695864
27.549319432779004,2.1590695623580682,8.646411059070303
27.549319432779004,22.374584911438888,8.365371200281597
27.549319432779004,15.414996044466783,8.678137655251192
27.549319432779004,16.854777722197028,10.435894312419963
27.549319432779004,16.854777722197028,8.044579157695864
27.549319432779004,16.854777722197028,8.044579157695864
27.549319432779004,16.854777722197028,10.561049503690967
27.549319432779004,25.772401292064202,8.837995902583954
27.549319432779004,16.854777722197028,9.243784534095791
5.9208082414239875,16.854777722197028,8.747603495848193
27.549319432779004,19.84706720037616,10.162817404761237
5.9208082414239875,16.854777722197028,5.972076838848356
27.549319432779004,1.1655248383067676,7.032041210927941
27.549319432779004,16.854777722197028,8.044579157695864
5.9208082414239875,20.629996828629487,1.7753493966362217
27.549319432779004,22.374584911438888,8.365371200281597
27.549319432779004,1.1655248383067676,0.10718042095956394
27.549319432779004,16.854777722197028,10.435894312419963
27.549319432779004,16.854777722197028,8.044579157695864
27.549319432779004,16.854777722197028,9.541970810377139
27.549319432779004,16.854777722197028,8.044579157695864
27.549319432779004,8.57357173324776,7.56838772585772
27.549319432779004,16.854777722197028,10.35358759976056
27.549319432779004,16.854777722197028,9.878826673829755
27.549319432779004,16.854777722197028,8.044579157695864
27.549319432779004,9.837035125124697,8.298288259939525
27.549319432779004,16.854777722197028,10.208942648213942
5.9208082414239875,16.854777722197028,5.972076838848356
5.9208082414239875,12.56917563092994,8.494393214123576
27.549319432779004,1.1655248383067676,7.032041210927941
3.938296947036818,16.854777722197028,9.321348899868607
27.549319432779004,16.854777722197028,10.583745097869548
27.549319432779004,16.854777722197028,8.044579157695864
27.549319432779004,16.854777722197028,9.595444485657351
23.66930437747427,5.628011756677599,9.731860175803055
5.9208082414239875,20.629996828629487,1.7753493966362217
27.549319432779004,22.374584911438888,8.365371200281597
27.549319432779004,16.854777722197028,10.435894312419963
27.549319432779004,16.854777722197028,8.044579157695864
27.549319432779004,8.57357173324776,7.56838772585772
27.549319432779004,22.374584911438888,8.718603773662018
27.549319432779004,16.854777722197028,10.583745097869548
5.9208082414239875,16.854777722197028,5.972076838848356
31.690067944084955,16.854777722197028,8.98363975052333
27.549319432779004,1.1655248383067676,7.032041210927941
7.031738481173861,31.823994493129085,9.243784534095791
14.56764998894157,16.854777722197028,8.247878776261114
27.549319432779004,8.57357173324776,0.7003091703635385
76.95393006838452,16.854777722197028,8.251375259317198
34.23412711314522,16.854777722197028,7.536282530138357
27.549319432779004,16.854777722197028,8.044579157695864
27.549319432779004,16.854777722197028,9.595444485657351
27.549319432779004,31.66851676159243,8.792174169165813
5.9208082414239875,20.629996828629487,1.7753493966362217
27.549319432779004,22.374584911438888,8.365371200281597
27.549319432779004,16.854777722197028,8.044579157695864
27.549319432779004,16.854777722197028,9.541970810377139
27.549319432779004,16.412237339916366,9.297302160870995
27.549319432779004,8.57357173324776,8.190193575296705
27.549319432779004,18.005334421560427,9.784796976292093
28.880806806148655,16.854777722197028,8.646411059070303
27.549319432779004,22.374584911438888,8.365371200281597
5.9208082414239875,16.854777722197028,5.972076838848356
27.549319432779004,16.854777722197028,9.595444485657351
27.549319432779004,1.1655248383067676,7.032041210927941
27.549319432779004,16.854777722197028,8.044579157695864
5.9208082414239875,20.629996828629487,1.7753493966362217
27.549319432779004,16.854777722197028,10.35358759976056
27.549319432779004,16.854777722197028,10.435894312419963
27.549319432779004,16.854777722197028,8.044579157695864
27.549319432779004,16.854777722197028,8.044579157695864
31.690067944084955,16.854777722197028,8.98363975052333
27.549319432779004,8.57357173324776,9.636769074398181
33.987596761870904,29.133931033568544,7.332889216788191
3.5151438716936845,20.8568064461506,9.68689453273734
5.9208082414239875,16.854777722197028,5.972076838848356
27.549319432779004,1.1655248383067676,7.032041210927941
27.549319432779004,22.374584911438888,8.365371200281597
27.549319432779004,16.854777722197028,8.044579157695864
5.9208082414239875,20.629996828629487,1.7753493966362217
27.549319432779004,16.854777722197028,10.435894312419963
27.549319432779004,16.854777722197028,10.35358759976056
27.549319432779004,16.854777722197028,8.044579157695864
27.549319432779004,16.854777722197028,9.541970810377139
27.549319432779004,16.854777722197028,9.97927442925812
27.549319432779004,16.854777722197028,8.044579157695864
27.549319432779004,8.57357173324776,7.56838772585772
28.880806806148655,16.854777722197028,8.646411059070303
7.031738481173861,31.823994493129085,9.243784534095791
27.549319432779004,28.718092365843816,5.626340796751695
5.9208082414239875,16.854777722197028,5.972076838848356
27.549319432779004,1.1655248383067676,7.032041210927941
27.549319432779004,25.772401292064202,8.837995902583954
27.549319432779004,16.854777722197028,8.044579157695864
27.549319432779004,16.854777722197028,8.044579157695864
31.690067944084955,16.854777722197028,8.98363975052333
5.9208082414239875,20.629996828629487,1.7753493966362217
27.549319432779004,22.374584911438888,8.365371200281597
28.131990786977987,16.854777722197028,9.628239954160764
27.549319432779004,1.1655248383067676,0.10718042095956394
4.9083337117853,18.29444188300911,8.628199494919784
27.549319432779004,16.854777722197028,10.435894312419963
27.549319432779004,16.854777722197028,8.044579157695864
27.549319432779004,16.854777722197028,8.044579157695864
27.549319432779004,16.854777722197028,8.044579157695864
27.549319432779004,16.854777722197028,8.044579157695864
27.549319432779004,31.66851676159243,8.792174169165813
5.9208082414239875,16.854777722197028,5.972076838848356
27.549319432779004,1.1655248383067676,7.032041210927941
27.549319432779004,16.854777722197028,9.595444485657351
5.9208082414239875,20.629996828629487,1.7753493966362217
27.549319432779004,22.374584911438888,8.365371200281597
27.549319432779004,18.005334421560427,9.784796976292093
3.5151438716936845,20.8568064461506,9.68689453273734
27.549319432779004,16.854777722197028,10.435894312419963
27.549319432779004,16.854777722197028,8.044579157695864
27.549319432779004,16.854777722197028,8.044579157695864
27.549319432779004,8.57357173324776,7.56838772585772
27.549319432779004,16.854777722197028,10.35358759976056
27.549319432779004,16.854777722197028,9.878826673829755
5.9208082414239875,16.854777722197028,1.9462055191061745
27.549319432779004,16.854777722197028,10.208942648213942
27.549319432779004,16.854777722197028,8.044579157695864
5.9208082414239875,20.629996828629487,1.7753493966362217
5.9208082414239875,16.854777722197028,5.972076838848356
76.95393006838452,16.854777722197028,8.251375259317198
27.549319432779004,1.1655248383067676,7.032041210927941
27.549319432779004,16.854777722197028,8.044579157695864
27.549319432779004,16.854777722197028,8.044579157695864
27.249328790906066,16.412237339916366,9.281675794607764
27.549319432779004,16.854777722197028,10.518060985893344
27.549319432779004,16.412237339916366,9.297302160870995
27.549319432779004,22.374584911438888,8.365371200281597
27.549319432779004,16.854777722197028,10.435894312419963
4.9083337117853,18.29444188300911,8.628199494919784
27.549319432779004,16.854777722197028,8.044579157695864
27.549319432779004,16.854777722197028,9.595444485657351
2.4110505833626963,16.854777722197028,8.525080162900931
25.798757774121313,16.854777722197028,8.33251600370036
27.549319432779004,16.854777722197028,10.561049503690967
15.517083532899623,8.57357173324776,8.256828233824608
14.56764998894157,16.854777722197028,8.247878776261114
5.9208082414239875,16.854777722197028,5.972076838848356
27.549319432779004,1.1655248383067676,7.032041210927941
27.549319432779004,16.854777722197028,8.044579157695864
5.9208082414239875,20.629996828629487,1.7753493966362217
76.95393006838452,16.854777722197028,8.251375259317198
27.549319432779004,22.374584911438888,8.365371200281597
31.449249290586774,24.03875059869447,8.649983178713626
27.549319432779004,16.854777722197028,10.435894312419963
27.549319432779004,16.854777722197028,8.044579157695864
27.549319432779004,16.854777722197028,8.044579157695864
27.549319432779004,21.166345234457783,7.295961231034899
27.549319432779004,16.854777722197028,9.243784534095791
31.446005257221284,21.420847703990074,9.560304139866318
27.549319432779004,16.854777722197028,10.583745097869548
5.9208082414239875,16.854777722197028,5.972076838848356
27.549319432779004,1.1655248383067676,7.032041210927941
7.031738481173861,31.823994493129085,9.243784534095791
27.549319432779004,8.57357173324776,9.636769074398181
27.549319432779004,25.772401292064202,8.837995902583954
27.549319432779004,8.57357173324776,0.7003091703635385
27.549319432779004,16.854777722197028,8.044579157695864
50.704561150277044,22.690021912179407,7.026291608322392
34.23412711314522,16.854777722197028,7.536282530138357
5.9208082414239875,20.629996828629487,1.7753493966362217
27.549319432779004,22.374584911438888,8.365371200281597
27.549319432779004,16.854777722197028,8.74401639318106
31.449249290586774,24.03875059869447,8.649983178713626
21.8104564183944,16.412237339916366,8.604144118196706
5.9208082414239875,16.854777722197028,5.972076838848356
27.549319432779004,16.854777722197028,8.74401639318106
27.549319432779004,2.1590695623580682,8.646411059070303
27.549319432779004,1.1655248383067676,7.032041210927941
27.549319432779004,16.854777722197028,8.044579157695864
27.549319432779004,15.414996044466783,8.678137655251192
27.549319432779004,8.57357173324776,8.190193575296705
5.9208082414239875,20.629996828629487,1.7753493966362217
28.880806806148655,16.854777722197028,8.646411059070303
27.549319432779004,16.854777722197028,10.561049503690967
27.549319432779004,22.374584911438888,8.365371200281597
27.549319432779004,16.854777722197028,10.435894312419963
27.549319432779004,16.854777722197028,8.044579157695864
27.549319432779004,12.97562916192942,7.151671420051059
27.549319432779004,27.30629583581829,8.211640763154367
27.549319432779004,16.854777722197028,8.044579157695864
27.549319432779004,16.854777722197028,8.74401639318106
27.549319432779004,8.57357173324776,8.190193575296705
15.517083532899623,8.57357173324776,8.256828233824608
27.549319432779004,1.1655248383067676,0.10718042095956394
27.549319432779004,16.854777722197028,8.74401639318106
4.9083337117853,18.29444188300911,8.628199494919784
5.9208082414239875,16.854777722197028,5.972076838848356
27.549319432779004,1.1655248383067676,7.032041210927941
27.549319432779004,16.854777722197028,8.044579157695864
5.9208082414239875,20.629996828629487,1.7753493966362217
27.549319432779004,22.374584911438888,8.365371200281597
27.549319432779004,15.414996044466783,8.678137655251192
27.549319432779004,22.374584911438888,8.718603773662018
27.549319432779004,16.854777722197028,10.435894312419963
5.9208082414239875,16.854777722197028,8.747603495848193
34.23412711314522,16.854777722197028,7.536282530138357
27.549319432779004,16.854777722197028,10.435894312419963
76.95393006838452,16.854777722197028,8.251375259317198
27.549319432779004,16.854777722197028,8.044579157695864
5.9208082414239875,16.854777722197028,5.972076838848356
27.549319432779004,1.1655248383067676,7.032041210927941
5.9208082414239875,2.6741441670825044,6.418469801134917
27.549319432779004,17.67957666181806,8.39736606417151
27.549319432779004,16.854777722197028,8.044579157695864
5.9208082414239875,12.56917563092994,8.494393214123576
27.549319432779004,16.854777722197028,8.044579157695864
27.549319432779004,9.837035125124697,8.298288259939525
5.9208082414239875,20.629996828629487,1.7753493966362217
27.549319432779004,22.374584911438888,8.365371200281597
27.549319432779004,8.57357173324776,7.56838772585772
5.9208082414239875,16.854777722197028,1.9462055191061745
27.549319432779004,16.854777722197028,10.181193675031485
5.9208082414239875,16.854777722197028,5.972076838848356
27.549319432779004,27.30629583581829,8.211640763154367
27.549319432779004,16.854777722197028,8.044579157695864
27.549319432779004,1.1655248383067676,0.10718042095956394
27.549319432779004,16.854777722197028,8.044579157695864
27.549319432779004,1.1655248383067676,7.032041210927941
27.549319432779004,16.854777722197028,8.044579157695864
5.9208082414239875,16.854777722197028,2.014806305402696
5.9208082414239875,20.629996828629487,1.7753493966362217
27.549319432779004,16.854777722197028,8.044579157695864
27.549319432779004,22.374584911438888,8.365371200281597
27.549319432779004,16.854777722197028,10.435894312419963
27.549319432779004,16.854777722197028,8.044579157695864
27.549319432779004,16.854777722197028,8.044579157695864
