2.6082880559695596,55.01932426469247,9.063302354152922
2.6082880559695596,55.01932426469247,9.063302354152922
2.6082880559695596,55.01932426469247,9.063302354152922
25.550446360979215,31.117718547497738,8.882553320497829
2.6082880559695596,55.01932426469247,9.063302354152922
4.9545487245764885,6.775903037423599,6.359886234594088
25.550446360979215,31.117718547497738,8.882553320497829
17.6017350541171,0.7836157976612608,0.10385342263175866
25.550446360979215,31.117718547497738,8.882553320497829
2.6082880559695596,55.01932426469247,9.063302354152922
13.458501384719424,16.854777722197028,4.850297848964931
17.6017350541171,0.7836157976612608,0.10385342263175866
13.458501384719424,16.854777722197028,4.850297848964931
2.6082880559695596,55.01932426469247,9.063302354152922
5.348007047174882,17.51393526624454,10.245293358859872
23.135674846256048,18.98314292992363,7.013751192670437
6.236290015399016,5.628011756677599,6.145215260629857
50.40795988305685,17.763138354999302,8.053381677001168
23.135674846256048,18.98314292992363,7.013751192670437
13.433929960507584,2.0651326225772793,8.306373029090917
13.433929960507584,2.0651326225772793,8.306373029090917
13.458501384719424,16.854777722197028,4.850297848964931
17.6017350541171,0.7836157976612608,0.10385342263175866
2.6082880559695596,55.01932426469247,9.063302354152922
33.987596761870904,56.7357131005456,3.7093975803793744
5.348007047174882,17.51393526624454,10.245293358859872
17.6017350541171,0.7836157976612608,0.10385342263175866
4.9545487245764885,6.775903037423599,6.359886234594088
13.433929960507584,2.0651326225772793,8.306373029090917
17.6017350541171,0.7836157976612608,0.10385342263175866
4.9545487245764885,6.775903037423599,6.359886234594088
5.348007047174882,17.51393526624454,10.245293358859872
27.549319432779004,18.755435338825567,9.297302160870995
27.549319432779004,16.24518002840587,9.690999438120125
13.433929960507584,2.0651326225772793,8.306373029090917
27.549319432779004,18.755435338825567,9.297302160870995
27.02723825816323,16.854777722197028,9.163854720120478
33.987596761870904,56.7357131005456,3.7093975803793744
27.549319432779004,18.755435338825567,9.297302160870995
17.6017350541171,0.7836157976612608,0.10385342263175866
20.604554512657618,16.854777722197028,6.649988324334717
58.59267899004552,27.284638833605865,7.377975459763371
20.604554512657618,16.854777722197028,6.649988324334717
13.458501384719424,16.854777722197028,4.850297848964931
27.549319432779004,12.97562916192942,7.562106168218572
27.02723825816323,16.854777722197028,9.163854720120478
10.11211873781217,16.412237339916366,3.8563796315579975
13.458501384719424,16.854777722197028,4.850297848964931
21.146985792306985,12.7853408617921,9.079188543941202
20.604554512657618,16.854777722197028,6.649988324334717
13.458501384719424,16.854777722197028,4.850297848964931
23.135674846256048,18.98314292992363,7.013751192670437
5.348007047174882,17.51393526624454,10.245293358859872
28.880806806148655,11.804922061580747,5.46288414157786
27.549319432779004,16.854777722197028,9.503938978079212
27.549319432779004,12.97562916192942,7.562106168218572
17.6017350541171,0.7836157976612608,0.10385342263175866
10.11211873781217,16.412237339916366,3.8563796315579975
27.549319432779004,16.854777722197028,9.503938978079212
20.604554512657618,16.854777722197028,6.649988324334717
33.987596761870904,56.7357131005456,3.7093975803793744
46.150000762406336,26.59269037352454,10.195567464668008
46.150000762406336,26.59269037352454,10.195567464668008
13.433929960507584,2.0651326225772793,8.306373029090917
27.549319432779004,16.854777722197028,9.503938978079212
27.549319432779004,31.662732468509688,5.5158019443371895
17.6017350541171,0.7836157976612608,0.10385342263175866
33.987596761870904,56.7357131005456,3.7093975803793744
49.296294559195886,15.414996044466783,10.09752263783089
20.604554512657618,16.854777722197028,6.649988324334717
33.987596761870904,56.7357131005456,3.7093975803793744
27.549319432779004,16.854777722197028,9.02395147265834
17.6017350541171,0.7836157976612608,0.10385342263175866
27.549319432779004,17.203114049441506,9.783247180009186
20.604554512657618,16.854777722197028,6.649988324334717
10.11211873781217,16.412237339916366,3.8563796315579975
46.150000762406336,26.59269037352454,10.195567464668008
25.798757774121313,16.854777722197028,9.919947249678334
13.458501384719424,16.854777722197028,4.850297848964931
27.549319432779004,33.23733219732704,5.3780282015213885
23.135674846256048,18.98314292992363,7.013751192670437
20.604554512657618,16.854777722197028,6.649988324334717
27.549319432779004,16.854777722197028,9.02395147265834
27.549319432779004,17.203114049441506,9.783247180009186
37.327777095618075,25.772401292064202,9.321850349543121
27.549319432779004,33.23733219732704,5.3780282015213885
27.549319432779004,16.854777722197028,9.17955481297162
20.604554512657618,16.854777722197028,6.649988324334717
12.18909449880271,2.3745209456834373,0.10988849071087427
27.549319432779004,17.203114049441506,9.783247180009186
25.798757774121313,16.854777722197028,9.919947249678334
12.18909449880271,2.3745209456834373,0.10988849071087427
4.9545487245764885,6.775903037423599,6.359886234594088
6.236290015399016,5.628011756677599,6.145215260629857
21.146985792306985,12.7853408617921,9.079188543941202
27.549319432779004,18.07055941270805,9.405718449216137
50.40795988305685,17.763138354999302,8.053381677001168
9.978981101107586,19.70250878955565,5.168150614389885
27.549319432779004,22.54526204876109,7.6107509202386145
9.978981101107586,19.70250878955565,5.168150614389885
28.131990786977987,32.9723046386117,4.88405532995985
50.40795988305685,17.763138354999302,8.053381677001168
58.59267899004552,27.284638833605865,7.377975459763371
21.146985792306985,12.7853408617921,9.079188543941202
20.604554512657618,16.854777722197028,6.649988324334717
28.131990786977987,32.9723046386117,5.612580336897261
46.150000762406336,26.59269037352454,10.195567464668008
27.549319432779004,33.23733219732704,5.3780282015213885
28.131990786977987,32.9723046386117,5.612580336897261
28.131990786977987,32.9723046386117,4.88405532995985
27.549319432779004,14.984764793166299,8.520640317467965
27.02723825816323,16.854777722197028,9.163854720120478
13.458501384719424,16.854777722197028,4.850297848964931
27.549319432779004,9.295308343573673,2.050195513664761
27.549319432779004,20.25029009518296,8.15127156294079
27.549319432779004,16.24518002840587,9.690999438120125
27.549319432779004,18.07055941270805,9.405718449216137
37.327777095618075,25.772401292064202,9.321850349543121
12.18909449880271,2.3745209456834373,0.10988849071087427
17.407524397061906,20.351228242384373,5.403417458324871
27.549319432779004,9.295308343573673,2.050195513664761
53.50282026713161,30.444756243178656,9.760260514935588
27.549319432779004,22.54526204876109,7.6107509202386145
27.549319432779004,31.662732468509688,5.5158019443371895
28.131990786977987,32.9723046386117,5.612580336897261
27.02723825816323,16.854777722197028,9.163854720120478
33.987596761870904,56.7357131005456,3.7093975803793744
23.135674846256048,18.98314292992363,7.013751192670437
12.18909449880271,2.3745209456834373,0.10988849071087427
14.552102520557927,32.9723046386117,2.7165809585141387
27.549319432779004,16.24518002840587,9.690999438120125
10.11211873781217,16.412237339916366,3.8563796315579975
13.458501384719424,16.854777722197028,4.850297848964931
27.549319432779004,13.309907297870499,8.03103373215171
17.6017350541171,0.7836157976612608,0.10385342263175866
7.489822715859637,32.9723046386117,1.459802107128574
27.549319432779004,9.295308343573673,2.050195513664761
21.146985792306985,12.7853408617921,9.079188543941202
28.880806806148655,11.804922061580747,5.46288414157786
28.131990786977987,32.9723046386117,5.612580336897261
27.549319432779004,33.23733219732704,5.3780282015213885
