21.8104564183944,16.412237339916366,8.56121534100196
5.348007047174882,17.51393526624454,10.245293358859872
27.549319432779004,20.25029009518296,8.480346837334663
23.135674846256048,16.88656009980202,7.970073962812385
27.549319432779004,16.854777722197028,9.17955481297162
2.6082880559695596,44.488903048989926,9.063302354152922
3.748281407024495,12.56917563092994,1.790323921491135
27.549319432779004,7.1134137337082795,9.522747765702816
58.41674034885907,0.47188701480268036,0.10956738637345743
27.549319432779004,32.4948648125028,5.276220460766882
53.50282026713161,16.854777722197028,10.518060985893344
7.81895764642519,20.808722446415576,9.390756481544214
31.446005257221284,27.284638833605865,9.560304139866318
27.549319432779004,17.203114049441506,9.783247180009186
27.549319432779004,8.57357173324776,8.190193575296705
31.054318559928067,47.68325801755864,8.211640763154367
27.549319432779004,33.04581005145384,4.685244236245303
27.549319432779004,19.84706720037616,10.162817404761237
27.549319432779004,16.854777722197028,9.394713307044055
9.978981101107586,8.211352403589828,9.198523035026495
83.34668738756557,13.484088056412533,0.09327905939085868
9.978981101107586,11.071454410593539,9.643965747607723
27.549319432779004,16.854777722197028,9.25572516461444
33.987596761870904,57.410111555221626,7.667621827153827
27.549319432779004,11.167024817479255,5.507852232922382
27.549319432779004,12.97562916192942,7.562106168218572
25.550446360979215,31.117718547497738,8.882553320497829
32.2773151438394,4.032229150700115,8.306373029090917
16.879731882967217,16.854777722197028,8.981155946501124
28.880806806148655,16.854777722197028,9.122520054161008
27.549319432779004,16.854777722197028,9.02395147265834
21.73593487470009,16.854777722197028,7.496823921039911
23.99971600886745,16.854777722197028,8.564244736420218
27.549319432779004,8.57357173324776,9.636769074398181
27.549319432779004,16.854777722197028,8.685020000043579
27.549319432779004,14.800333355691171,9.557236832711771
7.81895764642519,12.7853408617921,8.725855154394143
44.89022858905757,16.854777722197028,10.126505353849142
27.549319432779004,16.24518002840587,9.784796976292093
20.604554512657618,16.854777722197028,7.361265922978734
27.549319432779004,16.854777722197028,8.685020000043579
11.440831526363166,3.8571868679828256,2.2872456590213206
27.549319432779004,16.412237339916366,9.297302160870995
27.549319432779004,5.628011756677599,8.730449741338372
25.798757774121313,16.854777722197028,9.919947249678334
27.549319432779004,33.1556322627894,9.881731608947307
27.549319432779004,38.84689510994343,9.181813661217001
27.549319432779004,16.854777722197028,9.503938978079212
4.9545487245764885,4.316395086418575,8.868361714714098
0.38355218895259924,16.854777722197028,9.74588974955744
27.549319432779004,15.414996044466783,10.09752263783089
4.487957349027809,0.13297124567154195,8.813140606511379
27.549319432779004,3.3205432558164887,8.74401639318106
27.549319432779004,16.854777722197028,10.297493581165162
5.9208082414239875,16.854777722197028,1.9316782738566645
5.959227793009514,16.854777722197028,8.564244736420218
27.549319432779004,9.19653313049659,9.071631836905233
16.78360308353841,24.03875059869447,8.37113520429153
27.549319432779004,16.854777722197028,9.841016023524805
5.9208082414239875,16.854777722197028,8.717378575872935
7.489822715859637,16.854777722197028,10.453833582039783
28.131990786977987,32.9723046386117,9.628239954160764
7.81895764642519,12.7853408617921,8.725855154394143
37.327777095618075,25.772401292064202,8.475379961606869
27.549319432779004,23.590115019525896,6.593105982254954
27.549319432779004,18.551615808161042,9.25572516461444
27.549319432779004,10.569365986808481,3.9695340596675583
16.879731882967217,5.628011756677599,9.731860175803055
27.549319432779004,2.6660382937328517,6.511578921144227
27.549319432779004,12.7853408617921,8.774885133406988
27.549319432779004,12.7853408617921,8.774885133406988
11.125368984904227,10.34059333910719,8.507819507870034
22.167139611847873,0.48541668378849323,4.983855742972374
27.549319432779004,24.250193080039836,7.829566278523336
27.549319432779004,16.854777722197028,8.559221706100608
30.351689283104417,16.854777722197028,8.56559326916766
27.549319432779004,16.854777722197028,8.559221706100608
7.81895764642519,12.7853408617921,8.725855154394143
7.81895764642519,12.7853408617921,8.725855154394143
27.549319432779004,9.668966587364633,2.856865181901048
