9.6526629750965,9.261630690723695,8.604468985858407
15.624938124716115,0.322392335324162,None
17.46369371825717,10.166613642557047,7.151105308675291
15.624938124716115,9.330611099175508,9.954475481239939
30.162100347959075,0.28266338697231397,None
29.774274472321995,17.80836976182828,9.970450566912234
15.624938124716115,7.683590016965898,None
15.624938124716115,5.80782959941832,None
15.624938124716115,9.261630690723695,9.879656649917846
15.646191826647787,9.245064136463153,9.847730864965428
15.624938124716115,9.261630690723695,8.834573051263064
15.624938124716115,0.322392335324162,None
22.3617438084043,14.29682659353203,8.138919168659811
15.624938124716115,9.261630690723695,None
15.624938124716115,9.261630690723695,8.448473992828827
15.624938124716115,9.261630690723695,9.879656649917846
15.624938124716115,7.683590016965898,None
15.624938124716115,9.261630690723695,8.834573051263064
15.624938124716115,0.5623800024779623,None
9.6526629750965,9.261630690723695,None
30.162100347959075,0.28266338697231397,None
26.550542815424215,8.16243693527715,7.429448732912478
15.624938124716115,0.322392335324162,None
15.624938124716115,5.80782959941832,None
15.624938124716115,9.261630690723695,None
15.624938124716115,9.261630690723695,9.879656649917846
15.624938124716115,9.261630690723695,8.553665411472563
6.8251347035527825,3.4134916958811408,8.648708173601708
15.624938124716115,9.261630690723695,None
15.624938124716115,0.322392335324162,None
14.174299027838131,7.423450988648851,9.879656649917846
9.6526629750965,9.261630690723695,8.948733671479003
15.624938124716115,0.322392335324162,None
11.48569847324964,9.261630690723695,8.5987816593438
15.412804528752858,10.418365441077325,8.874552925631997
15.624938124716115,9.330611099175508,9.954475481239939
15.624938124716115,13.898354642534965,8.279779733934587
15.624938124716115,9.261630690723695,7.893805153752743
15.624938124716115,17.42618338085763,8.747433074336378
15.624938124716115,9.261630690723695,9.879656649917846
15.624938124716115,16.31223736675541,8.747433074336378
30.162100347959075,0.28266338697231397,None
15.624938124716115,5.80782959941832,None
9.6526629750965,9.261630690723695,8.604468985858407
15.624938124716115,1.9673845850526641,9.879656649917846
5.971770837878944,10.592298693821238,8.848965203979565
15.624938124716115,9.261630690723695,9.879656649917846
15.624938124716115,9.261630690723695,None
10.616654274294898,9.917616220192702,7.76650945258261
26.550542815424215,8.16243693527715,7.429448732912478
30.162100347959075,0.28266338697231397,None
22.3617438084043,14.29682659353203,8.138919168659811
15.624938124716115,5.80782959941832,None
15.624938124716115,9.261630690723695,None
15.624938124716115,9.261630690723695,None
15.624938124716115,7.683590016965898,None
15.624938124716115,9.261630690723695,8.722112944859827
15.624938124716115,0.322392335324162,None
15.624938124716115,9.261630690723695,8.448473992828827
15.452205574906964,14.828324926131263,8.745136062326585
17.979503822262316,5.80782959941832,7.827880100052434
9.6526629750965,9.261630690723695,8.351696831521686
15.624938124716115,0.5623800024779623,None
15.624938124716115,16.31223736675541,8.747433074336378
15.624938124716115,9.261630690723695,9.879656649917846
30.162100347959075,0.28266338697231397,None
15.624938124716115,5.80782959941832,None
18.640116651770178,14.954272164352139,9.941528413821592
15.624938124716115,0.5623800024779623,None
15.624938124716115,9.261630690723695,7.893805153752743
15.624938124716115,9.261630690723695,None
15.624938124716115,7.968661409488405,7.993239339235332
15.624938124716115,9.261630690723695,None
5.1362138356177915,0.003604107586029078,9.060121750930415
15.624938124716115,16.31223736675541,8.747433074336378
15.624938124716115,4.779044937568004,8.848965203979565
15.624938124716115,7.683590016965898,None
15.624938124716115,7.668127090185939,8.722112944859827
18.80341889351399,17.71710494953161,7.117702742960451
15.624938124716115,0.322392335324162,None
20.23287709545385,9.261630690723695,9.879656649917846
15.624938124716115,9.261630690723695,9.879656649917846
15.624938124716115,9.261630690723695,8.722112944859827
15.624938124716115,11.204369469615388,9.879656649917846
15.624938124716115,16.26698618166561,8.623125491761783
30.162100347959075,0.28266338697231397,None
0.9996910069429397,0.5816854987229814,9.690396845902592
15.624938124716115,0.5623800024779623,None
15.624938124716115,9.261630690723695,8.448473992828827
17.46369371825717,10.166613642557047,7.151105308675291
15.624938124716115,5.80782959941832,None
7.34458931160264,5.80782959941832,8.582092668717383
15.624938124716115,9.261630690723695,None
15.624938124716115,9.261630690723695,None
15.624938124716115,0.322392335324162,None
17.979503822262316,5.80782959941832,7.827880100052434
30.162100347959075,0.28266338697231397,None
9.6526629750965,0.322392335324162,None
9.6526629750965,0.3509711205899492,7.30565590977635
15.624938124716115,9.261630690723695,8.722112944859827
15.624938124716115,9.261630690723695,8.553665411472563
18.721878513348653,13.968051273951815,8.040406432904943
23.001139185633388,17.71710494953161,7.787911154728184
15.624938124716115,5.80782959941832,None
0.9996910069429397,0.5816854987229814,9.690396845902592
15.624938124716115,9.261630690723695,None
15.624938124716115,0.322392335324162,None
15.624938124716115,16.26698618166561,8.623125491761783
15.624938124716115,16.31223736675541,8.747433074336378
15.624938124716115,9.261630690723695,None
17.979503822262316,5.80782959941832,7.827880100052434
9.6526629750965,9.261630690723695,8.604468985858407
15.624938124716115,7.683590016965898,None
31.541517580399443,9.243242602073547,7.894841667389031
9.6526629750965,7.307179107183222,8.387314910416361
30.162100347959075,0.28266338697231397,None
15.624938124716115,9.261630690723695,9.879656649917846
15.624938124716115,5.80782959941832,None
15.624938124716115,9.261630690723695,None
15.624938124716115,0.5623800024779623,None
18.80341889351399,17.71710494953161,7.117702742960451
15.624938124716115,9.261630690723695,None
15.624938124716115,0.322392335324162,None
9.6526629750965,0.322392335324162,None
9.6526629750965,9.261630690723695,8.948733671479003
15.624938124716115,9.261630690723695,8.448473992828827
15.624938124716115,16.31223736675541,8.747433074336378
9.6526629750965,0.3509711205899492,7.30565590977635
9.6526629750965,9.261630690723695,8.351696831521686
15.624938124716115,11.204369469615388,9.879656649917846
20.452884337912863,0.7566810437041299,8.021743004737775
30.162100347959075,0.28266338697231397,None
15.624938124716115,9.261630690723695,9.879656649917846
15.624938124716115,9.261630690723695,9.879656649917846
15.624938124716115,5.80782959941832,None
9.6526629750965,9.261630690723695,None
15.624938124716115,0.322392335324162,None
15.624938124716115,9.261630690723695,None
15.624938124716115,9.261630690723695,None
15.624938124716115,1.9673845850526641,9.879656649917846
15.624938124716115,7.683590016965898,None
15.624938124716115,9.261630690723695,7.893805153752743
15.646191826647787,9.245064136463153,9.847730864965428
15.624938124716115,5.80782959941832,None
26.550542815424215,8.16243693527715,7.429448732912478
17.46369371825717,10.166613642557047,7.151105308675291
15.624938124716115,9.261630690723695,7.893805153752743
30.162100347959075,0.28266338697231397,None
5.971770837878944,10.592298693821238,8.848965203979565
15.624938124716115,5.80782959941832,None
15.624938124716115,9.261630690723695,None
15.624938124716115,9.261630690723695,None
7.34458931160264,5.80782959941832,8.582092668717383
15.624938124716115,7.683590016965898,None
15.624938124716115,0.322392335324162,None
15.624938124716115,0.5623800024779623,None
9.6526629750965,0.322392335324162,None
15.624938124716115,9.261630690723695,8.448473992828827
15.624938124716115,16.31223736675541,8.747433074336378
9.6526629750965,9.261630690723695,8.948733671479003
15.624938124716115,9.261630690723695,None
15.624938124716115,9.261630690723695,9.879656649917846
15.624938124716115,9.261630690723695,9.879656649917846
30.162100347959075,0.28266338697231397,None
28.80274061118247,16.560142419647995,7.095155862315753
15.624938124716115,5.80782959941832,None
18.640116651770178,14.954272164352139,9.941528413821592
15.624938124716115,9.261630690723695,None
8.76426267547185,9.261630690723695,8.599427326494217
23.001139185633388,17.71710494953161,7.787911154728184
15.624938124716115,7.683590016965898,None
15.624938124716115,0.322392335324162,None
9.6526629750965,9.261630690723695,8.948733671479003
15.624938124716115,0.5623800024779623,None
15.624938124716115,9.261630690723695,8.448473992828827
9.6526629750965,0.322392335324162,None
9.6526629750965,0.322392335324162,None
15.624938124716115,9.261630690723695,7.893805153752743
30.162100347959075,0.28266338697231397,None
15.624938124716115,9.261630690723695,None
22.3617438084043,14.29682659353203,8.138919168659811
15.624938124716115,5.80782959941832,None
17.979503822262316,5.80782959941832,7.827880100052434
15.624938124716115,9.261630690723695,None
15.8994906174953,6.185513203169035,7.551118965621555
15.624938124716115,9.261630690723695,None
15.624938124716115,7.683590016965898,None
15.624938124716115,0.322392335324162,None
15.624938124716115,0.5623800024779623,None
15.624938124716115,9.261630690723695,8.448473992828827
29.774274472321995,17.80836976182828,9.970450566912234
15.624938124716115,16.31223736675541,8.747433074336378
15.624938124716115,9.261630690723695,9.879656649917846
9.6526629750965,9.261630690723695,8.351696831521686
5.1362138356177915,0.003604107586029078,9.060121750930415
15.624938124716115,0.39576046982717017,9.879656649917846
26.550542815424215,8.16243693527715,7.429448732912478
30.162100347959075,0.28266338697231397,None
15.624938124716115,5.80782959941832,None
15.624938124716115,9.261630690723695,None
15.624938124716115,9.261630690723695,None
15.624938124716115,7.683590016965898,None
15.624938124716115,0.322392335324162,None
15.624938124716115,9.261630690723695,9.879656649917846
9.6526629750965,0.322392335324162,None
15.624938124716115,0.5623800024779623,None
15.624938124716115,9.261630690723695,8.448473992828827
15.624938124716115,1.1502391428843677,8.475935042970876
15.624938124716115,9.261630690723695,None
9.253673672952461,5.80782959941832,9.970057829689795
15.624938124716115,9.261630690723695,None
15.624938124716115,0.322392335324162,None
28.80274061118247,16.560142419647995,7.095155862315753
15.624938124716115,16.31223736675541,8.747433074336378
15.624938124716115,1.9673845850526641,9.879656649917846
30.162100347959075,0.28266338697231397,None
15.624938124716115,5.80782959941832,None
15.624938124716115,9.261630690723695,None
15.624938124716115,7.683590016965898,None
15.624938124716115,10.592298693821238,8.848965203979565
15.624938124716115,0.322392335324162,None
29.35696607831241,5.894264899616579,7.993239339235332
15.624938124716115,0.5623800024779623,None
9.6526629750965,0.322392335324162,None
29.35696607831241,5.894264899616579,7.993239339235332
15.624938124716115,7.683590016965898,None
15.624938124716115,9.261630690723695,9.879656649917846
30.162100347959075,0.28266338697231397,None
15.624938124716115,16.26698618166561,8.623125491761783
15.624938124716115,5.80782959941832,None
15.624938124716115,9.261630690723695,8.553665411472563
15.624938124716115,9.261630690723695,None
8.76426267547185,9.261630690723695,8.599427326494217
8.6944851902893,3.5791649433073056,9.701827754061224
15.624938124716115,9.261630690723695,None
15.624938124716115,0.39576046982717017,9.879656649917846
15.412804528752858,10.418365441077325,8.874552925631997
15.624938124716115,0.322392335324162,None
15.624938124716115,0.5623800024779623,None
9.6526629750965,0.322392335324162,None
9.6526629750965,9.261630690723695,8.604468985858407
15.624938124716115,17.42618338085763,8.747433074336378
15.624938124716115,7.668127090185939,8.722112944859827
9.6526629750965,9.261630690723695,None
30.162100347959075,0.28266338697231397,None
14.174299027838131,7.423450988648851,9.879656649917846
15.624938124716115,5.80782959941832,None
18.200050437888393,7.561179009556891,8.96446632106405
15.624938124716115,9.261630690723695,None
15.624938124716115,9.261630690723695,None
15.624938124716115,7.683590016965898,None
29.35696607831241,5.894264899616579,7.993239339235332
15.624938124716115,0.322392335324162,None
15.624938124716115,9.261630690723695,8.722112944859827
15.624938124716115,0.5623800024779623,None
9.6526629750965,0.322392335324162,None
15.624938124716115,9.261630690723695,9.879656649917846
15.624938124716115,9.261630690723695,9.879656649917846
15.624938124716115,9.261630690723695,None
30.162100347959075,0.28266338697231397,None
15.624938124716115,9.261630690723695,None
15.624938124716115,5.80782959941832,None
9.6526629750965,7.307179107183222,8.387314910416361
15.624938124716115,7.683590016965898,None
15.624938124716115,0.322392335324162,None
15.624938124716115,0.5623800024779623,None
9.6526629750965,0.322392335324162,None
15.624938124716115,9.261630690723695,8.448473992828827
9.6526629750965,0.3509711205899492,7.30565590977635
15.624938124716115,16.31223736675541,8.747433074336378
9.6526629750965,9.261630690723695,8.948733671479003
9.6526629750965,9.261630690723695,8.604468985858407
9.6526629750965,7.307179107183222,8.387314910416361
15.8994906174953,6.185513203169035,7.551118965621555
30.162100347959075,0.28266338697231397,None
15.624938124716115,7.683590016965898,None
15.624938124716115,1.9673845850526641,9.879656649917846
0.9996910069429397,0.5816854987229814,9.690396845902592
15.646191826647787,9.245064136463153,9.847730864965428
15.624938124716115,7.968661409488405,7.993239339235332
8.6944851902893,3.5791649433073056,9.701827754061224
15.624938124716115,9.261630690723695,8.553665411472563
15.624938124716115,1.1502391428843677,8.475935042970876
15.624938124716115,5.80782959941832,None
15.624938124716115,9.261630690723695,None
9.6526629750965,0.322392335324162,None
15.624938124716115,9.261630690723695,None
15.624938124716115,0.322392335324162,None
15.624938124716115,4.779044937568004,8.848965203979565
9.6526629750965,7.307179107183222,8.387314910416361
30.162100347959075,0.28266338697231397,None
15.624938124716115,5.80782959941832,None
8.76426267547185,9.261630690723695,8.599427326494217
15.624938124716115,9.261630690723695,7.893805153752743
15.624938124716115,9.261630690723695,None
15.624938124716115,0.322392335324162,None
15.624938124716115,9.261630690723695,None
15.624938124716115,7.683590016965898,None
15.624938124716115,0.5623800024779623,None
9.6526629750965,0.322392335324162,None
15.624938124716115,9.261630690723695,8.448473992828827
5.1362138356177915,0.003604107586029078,9.060121750930415
11.48569847324964,9.261630690723695,8.5987816593438
15.624938124716115,16.31223736675541,8.747433074336378
8.76426267547185,9.261630690723695,8.599427326494217
26.550542815424215,8.16243693527715,7.429448732912478
30.162100347959075,0.28266338697231397,None
15.624938124716115,5.80782959941832,None
15.624938124716115,9.261630690723695,7.893805153752743
15.624938124716115,9.261630690723695,None
15.624938124716115,9.261630690723695,None
15.624938124716115,7.683590016965898,None
15.624938124716115,0.322392335324162,None
15.624938124716115,0.5623800024779623,None
9.6526629750965,0.322392335324162,None
15.624938124716115,9.261630690723695,8.448473992828827
15.624938124716115,16.31223736675541,8.747433074336378
9.6526629750965,9.261630690723695,8.948733671479003
9.6526629750965,0.3509711205899492,7.30565590977635
9.6526629750965,9.261630690723695,8.604468985858407
15.412804528752858,10.418365441077325,8.874552925631997
15.624938124716115,9.261630690723695,8.448473992828827
9.6526629750965,0.322392335324162,None
15.624938124716115,0.5623800024779623,None
23.001139185633388,17.71710494953161,7.787911154728184
15.624938124716115,11.204369469615388,9.879656649917846
9.6526629750965,9.261630690723695,None
30.162100347959075,0.28266338697231397,None
15.624938124716115,5.80782959941832,None
15.624938124716115,9.261630690723695,None
9.6526629750965,9.261630690723695,8.351696831521686
8.76426267547185,9.261630690723695,8.599427326494217
15.624938124716115,9.261630690723695,None
15.624938124716115,7.683590016965898,None
15.624938124716115,0.322392335324162,None
15.624938124716115,9.261630690723695,8.448473992828827
20.23287709545385,9.261630690723695,9.879656649917846
10.616654274294898,9.917616220192702,7.76650945258261
15.624938124716115,13.898354642534965,8.279779733934587
15.8994906174953,6.185513203169035,7.551118965621555
8.6944851902893,3.5791649433073056,9.701827754061224
30.162100347959075,0.28266338697231397,None
15.624938124716115,11.204369469615388,9.879656649917846
15.624938124716115,5.80782959941832,None
15.624938124716115,9.261630690723695,None
15.624938124716115,9.261630690723695,None
15.624938124716115,7.683590016965898,None
15.624938124716115,0.322392335324162,None
15.624938124716115,16.31223736675541,8.747433074336378
9.6526629750965,0.322392335324162,None
15.624938124716115,0.5623800024779623,None
15.624938124716115,9.261630690723695,8.448473992828827
9.253673672952461,5.80782959941832,9.970057829689795
9.6526629750965,0.322392335324162,None
9.6526629750965,9.261630690723695,8.604468985858407
15.624938124716115,9.261630690723695,9.879656649917846
15.624938124716115,5.80782959941832,None
30.162100347959075,0.28266338697231397,None
5.971770837878944,10.592298693821238,8.848965203979565
15.624938124716115,9.261630690723695,None
15.624938124716115,9.261630690723695,9.879656649917846
15.624938124716115,9.261630690723695,None
15.624938124716115,16.26698618166561,8.623125491761783
15.624938124716115,7.683590016965898,None
15.624938124716115,0.322392335324162,None
15.624938124716115,0.5623800024779623,None
9.6526629750965,0.322392335324162,None
15.624938124716115,9.261630690723695,8.448473992828827
9.6526629750965,9.261630690723695,None
9.6526629750965,7.307179107183222,8.387314910416361
30.162100347959075,0.28266338697231397,None
15.624938124716115,5.80782959941832,None
18.80341889351399,17.71710494953161,7.117702742960451
15.624938124716115,9.261630690723695,None
15.624938124716115,9.261630690723695,None
15.624938124716115,16.31223736675541,8.747433074336378
15.624938124716115,1.9673845850526641,9.879656649917846
15.624938124716115,7.683590016965898,None
15.624938124716115,0.322392335324162,None
15.624938124716115,0.5623800024779623,None
9.6526629750965,0.322392335324162,None
15.624938124716115,9.261630690723695,8.448473992828827
9.6526629750965,9.261630690723695,8.948733671479003
9.6526629750965,0.3509711205899492,7.30565590977635
15.624938124716115,9.261630690723695,7.893805153752743
15.624938124716115,9.261630690723695,9.879656649917846
18.640116651770178,14.954272164352139,9.941528413821592
9.6526629750965,9.261630690723695,None
15.624938124716115,7.668127090185939,8.722112944859827
30.162100347959075,0.28266338697231397,None
15.624938124716115,5.80782959941832,None
15.624938124716115,9.261630690723695,None
15.624938124716115,9.261630690723695,None
15.624938124716115,7.683590016965898,None
15.624938124716115,0.322392335324162,None
15.624938124716115,0.5623800024779623,None
9.6526629750965,0.322392335324162,None
15.624938124716115,9.261630690723695,8.448473992828827
9.6526629750965,9.261630690723695,8.948733671479003
15.624938124716115,16.31223736675541,8.747433074336378
30.162100347959075,0.28266338697231397,None
10.616654274294898,9.917616220192702,7.76650945258261
15.624938124716115,9.261630690723695,8.448473992828827
15.624938124716115,9.261630690723695,9.879656649917846
15.624938124716115,5.80782959941832,None
15.624938124716115,9.261630690723695,None
15.624938124716115,9.261630690723695,None
15.624938124716115,16.31223736675541,8.747433074336378
31.541517580399443,9.243242602073547,7.894841667389031
17.46369371825717,10.166613642557047,7.151105308675291
29.774274472321995,17.80836976182828,9.970450566912234
15.624938124716115,7.683590016965898,None
15.624938124716115,0.322392335324162,None
15.624938124716115,0.5623800024779623,None
9.6526629750965,0.322392335324162,None
18.721878513348653,13.968051273951815,8.040406432904943
9.6526629750965,9.261630690723695,None
9.6526629750965,9.261630690723695,8.351696831521686
15.624938124716115,9.261630690723695,7.893805153752743
15.624938124716115,13.898354642534965,8.279779733934587
9.6526629750965,9.261630690723695,None
15.412804528752858,10.418365441077325,8.874552925631997
30.162100347959075,0.28266338697231397,None
15.624938124716115,5.80782959941832,None
15.624938124716115,9.261630690723695,None
15.624938124716115,9.261630690723695,None
15.624938124716115,7.683590016965898,None
15.624938124716115,0.322392335324162,None
26.550542815424215,8.16243693527715,7.429448732912478
15.624938124716115,0.5623800024779623,None
9.6526629750965,0.322392335324162,None
15.624938124716115,16.31223736675541,8.747433074336378
15.624938124716115,16.26698618166561,8.623125491761783
15.624938124716115,7.668127090185939,8.722112944859827
28.80274061118247,16.560142419647995,7.095155862315753
18.200050437888393,7.561179009556891,8.96446632106405
15.624938124716115,9.261630690723695,None
30.162100347959075,0.28266338697231397,None
15.624938124716115,5.80782959941832,None
15.624938124716115,9.261630690723695,None
15.624938124716115,9.261630690723695,None
15.624938124716115,7.683590016965898,None
9.6526629750965,9.261630690723695,8.604468985858407
9.6526629750965,0.3509711205899492,7.30565590977635
15.624938124716115,1.9673845850526641,9.879656649917846
15.624938124716115,0.322392335324162,None
15.624938124716115,0.5623800024779623,None
9.6526629750965,0.322392335324162,None
15.624938124716115,16.31223736675541,8.747433074336378
15.646191826647787,9.245064136463153,9.847730864965428
15.624938124716115,1.9673845850526641,9.879656649917846
30.162100347959075,0.28266338697231397,None
15.624938124716115,5.80782959941832,None
15.624938124716115,9.261630690723695,None
18.80341889351399,17.71710494953161,7.117702742960451
15.624938124716115,9.261630690723695,None
15.624938124716115,7.683590016965898,None
15.624938124716115,0.322392335324162,None
15.624938124716115,0.5623800024779623,None
9.6526629750965,0.322392335324162,None
9.6526629750965,0.3509711205899492,7.30565590977635
7.34458931160264,5.80782959941832,8.582092668717383
15.624938124716115,9.261630690723695,8.448473992828827
9.6526629750965,9.261630690723695,8.948733671479003
23.001139185633388,17.71710494953161,7.787911154728184
22.3617438084043,14.29682659353203,8.138919168659811
5.971770837878944,10.592298693821238,8.848965203979565
30.162100347959075,0.28266338697231397,None
15.624938124716115,5.80782959941832,None
15.624938124716115,9.261630690723695,None
15.624938124716115,9.261630690723695,None
15.624938124716115,9.261630690723695,8.448473992828827
15.624938124716115,7.683590016965898,None
15.624938124716115,0.322392335324162,None
15.624938124716115,0.5623800024779623,None
9.6526629750965,9.261630690723695,8.604468985858407
29.35696607831241,5.894264899616579,7.993239339235332
15.624938124716115,1.1502391428843677,8.475935042970876
15.624938124716115,9.261630690723695,9.879656649917846
9.6526629750965,0.3509711205899492,7.30565590977635
8.76426267547185,9.261630690723695,8.599427326494217
9.6526629750965,7.307179107183222,8.387314910416361
30.162100347959075,0.28266338697231397,None
15.624938124716115,0.322392335324162,None
15.624938124716115,5.80782959941832,None
5.971770837878944,10.592298693821238,8.848965203979565
15.624938124716115,9.261630690723695,None
15.624938124716115,9.261630690723695,None
15.624938124716115,7.683590016965898,None
15.624938124716115,0.322392335324162,None
15.624938124716115,9.330611099175508,9.954475481239939
15.624938124716115,0.5623800024779623,None
15.624938124716115,9.261630690723695,9.879656649917846
9.6526629750965,9.261630690723695,8.948733671479003
9.6526629750965,0.322392335324162,None
15.624938124716115,9.261630690723695,8.448473992828827
5.971770837878944,10.592298693821238,8.848965203979565
15.624938124716115,5.80782959941832,None
22.3617438084043,14.29682659353203,8.138919168659811
30.162100347959075,0.28266338697231397,None
15.624938124716115,9.261630690723695,None
15.624938124716115,9.261630690723695,9.879656649917846
15.624938124716115,9.261630690723695,None
15.624938124716115,7.683590016965898,None
15.624938124716115,0.322392335324162,None
15.624938124716115,0.5623800024779623,None
5.240443694977813,0.059533692529072174,8.524443382400541
9.6526629750965,0.322392335324162,None
15.624938124716115,9.261630690723695,8.448473992828827
15.624938124716115,16.31223736675541,8.747433074336378
9.6526629750965,9.261630690723695,8.948733671479003
9.6526629750965,0.3509711205899492,7.30565590977635
0.9996910069429397,0.5816854987229814,9.690396845902592
29.774274472321995,17.80836976182828,9.970450566912234
15.624938124716115,9.261630690723695,9.879656649917846
30.162100347959075,0.28266338697231397,None
15.624938124716115,5.80782959941832,None
9.6526629750965,9.261630690723695,8.948733671479003
15.624938124716115,9.261630690723695,None
15.8994906174953,6.185513203169035,7.551118965621555
15.624938124716115,10.592298693821238,8.848965203979565
15.624938124716115,9.261630690723695,None
15.624938124716115,7.683590016965898,None
15.624938124716115,0.322392335324162,None
15.624938124716115,0.5623800024779623,None
9.6526629750965,0.322392335324162,None
15.624938124716115,9.261630690723695,8.448473992828827
15.624938124716115,16.31223736675541,8.747433074336378
15.624938124716115,5.80782959941832,None
30.162100347959075,0.28266338697231397,None
15.624938124716115,9.261630690723695,9.879656649917846
15.624938124716115,9.261630690723695,None
15.624938124716115,9.261630690723695,None
15.624938124716115,7.683590016965898,None
15.624938124716115,0.322392335324162,None
15.624938124716115,9.261630690723695,8.448473992828827
15.624938124716115,9.261630690723695,9.879656649917846
9.6526629750965,9.261630690723695,None
15.624938124716115,0.5623800024779623,None
9.6526629750965,0.322392335324162,None
15.624938124716115,5.80782959941832,None
15.624938124716115,9.261630690723695,None
18.200050437888393,7.561179009556891,8.96446632106405
15.624938124716115,16.31223736675541,8.747433074336378
15.624938124716115,1.9673845850526641,9.879656649917846
17.979503822262316,5.80782959941832,7.827880100052434
15.624938124716115,9.261630690723695,None
15.624938124716115,0.5623800024779623,None
30.162100347959075,0.28266338697231397,None
6.8251347035527825,3.4134916958811408,8.648708173601708
9.6526629750965,9.261630690723695,8.948733671479003
15.624938124716115,9.261630690723695,8.448473992828827
15.624938124716115,5.80782959941832,None
15.624938124716115,9.261630690723695,9.879656649917846
15.624938124716115,0.322392335324162,None
15.624938124716115,9.261630690723695,9.879656649917846
15.624938124716115,9.261630690723695,None
15.624938124716115,9.261630690723695,9.879656649917846
5.240443694977813,0.059533692529072174,8.524443382400541
15.624938124716115,7.683590016965898,None
9.6526629750965,9.261630690723695,8.948733671479003
9.253673672952461,5.80782959941832,9.970057829689795
15.624938124716115,13.898354642534965,8.279779733934587
10.616654274294898,9.917616220192702,7.76650945258261
15.624938124716115,9.261630690723695,8.722112944859827
29.35696607831241,5.894264899616579,7.993239339235332
7.34458931160264,5.80782959941832,8.582092668717383
31.541517580399443,9.243242602073547,7.894841667389031
30.162100347959075,0.28266338697231397,None
15.624938124716115,5.80782959941832,None
15.624938124716115,9.261630690723695,None
15.624938124716115,7.683590016965898,None
15.624938124716115,9.261630690723695,None
15.624938124716115,0.322392335324162,None
15.624938124716115,0.39576046982717017,9.879656649917846
15.624938124716115,0.5623800024779623,None
15.624938124716115,5.80782959941832,None
15.624938124716115,1.9673845850526641,9.879656649917846
15.624938124716115,7.968661409488405,7.993239339235332
31.541517580399443,9.243242602073547,7.894841667389031
15.624938124716115,0.5623800024779623,None
18.80341889351399,17.71710494953161,7.117702742960451
15.624938124716115,9.330611099175508,9.954475481239939
15.624938124716115,7.683590016965898,None
15.624938124716115,0.322392335324162,None
30.162100347959075,0.28266338697231397,None
15.624938124716115,9.261630690723695,9.879656649917846
15.624938124716115,9.261630690723695,None
15.624938124716115,9.261630690723695,None
9.6526629750965,0.322392335324162,None
15.624938124716115,9.261630690723695,8.448473992828827
15.624938124716115,16.31223736675541,8.747433074336378
15.624938124716115,9.261630690723695,9.879656649917846
15.624938124716115,0.322392335324162,None
26.550542815424215,8.16243693527715,7.429448732912478
30.162100347959075,0.28266338697231397,None
15.624938124716115,5.80782959941832,None
23.001139185633388,17.71710494953161,7.787911154728184
15.624938124716115,9.261630690723695,None
9.6526629750965,9.261630690723695,None
15.624938124716115,9.261630690723695,None
15.624938124716115,7.683590016965898,None
15.624938124716115,0.322392335324162,None
15.624938124716115,9.261630690723695,9.879656649917846
15.624938124716115,0.5623800024779623,None
9.6526629750965,0.322392335324162,None
15.624938124716115,9.261630690723695,8.448473992828827
15.624938124716115,16.31223736675541,8.747433074336378
15.624938124716115,9.261630690723695,9.879656649917846
15.624938124716115,13.898354642534965,8.279779733934587
30.162100347959075,0.28266338697231397,None
7.34458931160264,5.80782959941832,8.582092668717383
15.624938124716115,1.1502391428843677,8.475935042970876
15.624938124716115,5.80782959941832,None
15.624938124716115,9.261630690723695,None
15.646191826647787,9.245064136463153,9.847730864965428
15.624938124716115,9.261630690723695,None
14.174299027838131,7.423450988648851,9.879656649917846
15.624938124716115,7.683590016965898,None
15.624938124716115,0.322392335324162,None
15.624938124716115,0.5623800024779623,None
9.6526629750965,0.322392335324162,None
15.624938124716115,9.261630690723695,8.448473992828827
15.624938124716115,16.31223736675541,8.747433074336378
15.624938124716115,9.261630690723695,8.722112944859827
15.624938124716115,9.261630690723695,9.879656649917846
15.624938124716115,9.261630690723695,8.553665411472563
15.624938124716115,9.261630690723695,9.879656649917846
30.162100347959075,0.28266338697231397,None
15.624938124716115,0.322392335324162,None
15.624938124716115,5.80782959941832,None
9.6526629750965,7.307179107183222,8.387314910416361
15.624938124716115,9.261630690723695,None
15.624938124716115,9.261630690723695,None
15.624938124716115,7.683590016965898,None
15.624938124716115,0.322392335324162,None
15.624938124716115,0.5623800024779623,None
9.6526629750965,0.322392335324162,None
15.624938124716115,9.261630690723695,8.448473992828827
15.624938124716115,1.9673845850526641,9.879656649917846
9.6526629750965,9.261630690723695,8.948733671479003
15.624938124716115,16.26698618166561,8.623125491761783
17.46369371825717,10.166613642557047,7.151105308675291
15.624938124716115,0.5623800024779623,None
30.162100347959075,0.28266338697231397,None
15.624938124716115,5.80782959941832,None
15.624938124716115,7.683590016965898,None
9.6526629750965,0.322392335324162,None
9.6526629750965,0.3509711205899492,7.30565590977635
15.624938124716115,9.261630690723695,None
15.624938124716115,7.968661409488405,7.993239339235332
7.34458931160264,5.80782959941832,8.582092668717383
15.624938124716115,9.261630690723695,None
15.624938124716115,9.330611099175508,9.954475481239939
15.624938124716115,0.322392335324162,None
15.624938124716115,9.261630690723695,8.448473992828827
15.624938124716115,16.26698618166561,8.623125491761783
15.624938124716115,9.261630690723695,7.893805153752743
15.624938124716115,9.261630690723695,9.879656649917846
15.624938124716115,9.261630690723695,8.834573051263064
15.624938124716115,9.261630690723695,9.879656649917846
8.76426267547185,9.261630690723695,8.599427326494217
30.162100347959075,0.28266338697231397,None
15.624938124716115,9.261630690723695,9.879656649917846
15.624938124716115,5.80782959941832,None
7.34458931160264,5.80782959941832,8.582092668717383
15.624938124716115,9.261630690723695,None
15.624938124716115,9.261630690723695,7.893805153752743
15.624938124716115,9.261630690723695,None
15.624938124716115,7.683590016965898,None
15.624938124716115,0.322392335324162,None
15.624938124716115,11.204369469615388,9.879656649917846
9.6526629750965,0.322392335324162,None
15.624938124716115,9.261630690723695,9.879656649917846
15.624938124716115,5.80782959941832,None
15.624938124716115,9.261630690723695,None
30.162100347959075,0.28266338697231397,None
15.624938124716115,1.9673845850526641,9.879656649917846
15.624938124716115,5.80782959941832,None
15.624938124716115,0.322392335324162,None
15.624938124716115,0.322392335324162,None
15.624938124716115,9.261630690723695,None
15.624938124716115,9.261630690723695,None
15.624938124716115,7.683590016965898,None
15.624938124716115,9.261630690723695,8.448473992828827
15.624938124716115,0.322392335324162,None
15.624938124716115,0.5623800024779623,None
15.624938124716115,9.261630690723695,8.448473992828827
15.624938124716115,9.261630690723695,9.879656649917846
15.624938124716115,9.261630690723695,8.553665411472563
20.452884337912863,0.7566810437041299,8.021743004737775
17.46369371825717,10.166613642557047,7.151105308675291
26.550542815424215,8.16243693527715,7.429448732912478
15.624938124716115,17.42618338085763,8.747433074336378
30.162100347959075,0.28266338697231397,None
6.8251347035527825,3.4134916958811408,8.648708173601708
11.48569847324964,9.261630690723695,8.5987816593438
15.624938124716115,5.80782959941832,None
15.624938124716115,0.5623800024779623,None
15.624938124716115,9.261630690723695,None
15.624938124716115,9.261630690723695,None
15.624938124716115,7.683590016965898,None
15.624938124716115,0.322392335324162,None
7.34458931160264,5.80782959941832,8.582092668717383
9.6526629750965,7.307179107183222,8.387314910416361
15.624938124716115,9.261630690723695,9.879656649917846
15.624938124716115,10.592298693821238,8.848965203979565
15.624938124716115,4.779044937568004,8.848965203979565
30.162100347959075,0.28266338697231397,None
9.6526629750965,9.261630690723695,8.948733671479003
15.624938124716115,5.80782959941832,None
15.624938124716115,9.261630690723695,None
9.6526629750965,0.322392335324162,None
15.624938124716115,9.261630690723695,None
15.624938124716115,7.968661409488405,7.993239339235332
29.35696607831241,5.894264899616579,7.993239339235332
15.624938124716115,7.683590016965898,None
15.624938124716115,0.322392335324162,None
15.624938124716115,0.5623800024779623,None
15.624938124716115,9.261630690723695,8.448473992828827
20.23287709545385,9.261630690723695,9.879656649917846
30.162100347959075,0.28266338697231397,None
15.624938124716115,5.80782959941832,None
15.624938124716115,9.261630690723695,None
15.624938124716115,16.31223736675541,8.747433074336378
15.624938124716115,9.261630690723695,8.722112944859827
15.624938124716115,0.322392335324162,None
15.624938124716115,9.261630690723695,None
9.6526629750965,0.322392335324162,None
15.624938124716115,7.683590016965898,None
15.624938124716115,9.330611099175508,9.954475481239939
15.624938124716115,0.5623800024779623,None
15.624938124716115,17.42618338085763,8.747433074336378
15.624938124716115,9.261630690723695,8.448473992828827
15.624938124716115,9.261630690723695,9.879656649917846
9.6526629750965,9.261630690723695,8.948733671479003
9.6526629750965,9.261630690723695,8.351696831521686
15.624938124716115,13.898354642534965,8.279779733934587
9.6526629750965,9.261630690723695,8.948733671479003
9.6526629750965,0.3509711205899492,7.30565590977635
30.162100347959075,0.28266338697231397,None
15.624938124716115,5.80782959941832,None
15.624938124716115,9.261630690723695,None
15.624938124716115,16.26698618166561,8.623125491761783
15.624938124716115,7.683590016965898,None
15.624938124716115,9.261630690723695,None
15.624938124716115,0.5623800024779623,None
15.624938124716115,0.322392335324162,None
15.624938124716115,7.668127090185939,8.722112944859827
9.6526629750965,0.322392335324162,None
15.624938124716115,9.261630690723695,8.448473992828827
15.624938124716115,9.261630690723695,8.722112944859827
15.624938124716115,0.5623800024779623,None
9.6526629750965,9.261630690723695,None
15.624938124716115,9.261630690723695,9.879656649917846
9.6526629750965,0.322392335324162,None
15.624938124716115,9.261630690723695,8.834573051263064
30.162100347959075,0.28266338697231397,None
15.624938124716115,5.80782959941832,None
15.624938124716115,9.261630690723695,9.879656649917846
9.6526629750965,9.261630690723695,8.948733671479003
15.624938124716115,9.261630690723695,None
15.624938124716115,9.261630690723695,None
15.624938124716115,7.683590016965898,None
17.979503822262316,5.80782959941832,7.827880100052434
15.624938124716115,0.322392335324162,None
15.624938124716115,9.261630690723695,9.879656649917846
15.624938124716115,9.261630690723695,8.448473992828827
15.452205574906964,14.828324926131263,8.745136062326585
9.6526629750965,9.261630690723695,8.604468985858407
9.6526629750965,7.307179107183222,8.387314910416361
8.76426267547185,9.261630690723695,8.599427326494217
11.48569847324964,9.261630690723695,8.5987816593438
15.624938124716115,0.322392335324162,None
9.6526629750965,9.261630690723695,None
30.162100347959075,0.28266338697231397,None
15.624938124716115,5.80782959941832,None
15.624938124716115,9.261630690723695,None
15.624938124716115,16.26698618166561,8.623125491761783
15.624938124716115,9.261630690723695,None
15.624938124716115,9.261630690723695,8.448473992828827
15.624938124716115,7.683590016965898,None
15.624938124716115,9.261630690723695,8.448473992828827
15.624938124716115,0.5623800024779623,None
9.6526629750965,9.261630690723695,None
15.624938124716115,0.322392335324162,None
9.6526629750965,9.261630690723695,None
30.162100347959075,0.28266338697231397,None
15.624938124716115,5.80782959941832,None
15.624938124716115,5.80782959941832,None
15.624938124716115,9.261630690723695,None
15.624938124716115,9.261630690723695,None
15.624938124716115,9.261630690723695,None
15.624938124716115,0.322392335324162,None
15.624938124716115,0.322392335324162,None
15.624938124716115,7.683590016965898,None
15.624938124716115,0.322392335324162,None
15.624938124716115,0.5623800024779623,None
9.6526629750965,0.322392335324162,None
9.6526629750965,0.322392335324162,None
14.552102520557927,32.9723046386117,8.891926899147492
28.049345320238256,39.56523041059626,4.28993183113619
14.552102520557927,12.7853408617921,6.796951977106136
7.81895764642519,20.808722446415576,9.390756481544214
59.844399593097144,12.7853408617921,0.1
53.50282026713161,24.44344904964973,4.3503407987273155
27.549319432779004,7.1134137337082795,9.522747765702816
27.549319432779004,20.25029009518296,8.480346837334663
10.11211873781217,16.412237339916366,8.56121534100196
27.549319432779004,16.854777722197028,9.394713307044055
59.907310152734816,29.33737698228708,0.1
6.236290015399016,5.628011756677599,6.145215260629857
27.549319432779004,32.4948648125028,4.886282767667766
28.131990786977987,16.854777722197028,7.314512417571034
30.351689283104417,12.7853408617921,8.2952870297261
53.50282026713161,12.7853408617921,0.09944876231926877
27.549319432779004,12.7853408617921,8.239001388389612
27.549319432779004,6.778361893568686,9.25572516461444
53.50282026713161,18.551615808161042,3.902645781610015
59.844399593097144,12.7853408617921,0.1
59.907310152734816,29.33737698228708,0.1
53.50282026713161,12.7853408617921,0.09944876231926877
27.549319432779004,12.7853408617921,8.774885133406988
14.552102520557927,32.9723046386117,8.891926899147492
21.73593487470009,16.854777722197028,7.496823921039911
28.131990786977987,16.854777722197028,7.314512417571034
30.351689283104417,12.7853408617921,8.2952870297261
7.489822715859637,7.870401606109851,7.910943800626065
27.549319432779004,18.07055941270805,9.092110514646022
28.131990786977987,32.9723046386117,9.628239954160764
27.549319432779004,22.54526204876109,6.786990768886866
7.489822715859637,29.33737698228708,10.453833582039783
59.844399593097144,12.7853408617921,0.1
27.549319432779004,6.778361893568686,9.25572516461444
28.880806806148655,16.854777722197028,9.122520054161008
59.907310152734816,29.33737698228708,0.1
30.039018692803474,12.7853408617921,8.774885133406988
14.552102520557927,32.9723046386117,8.891926899147492
27.549319432779004,16.412237339916366,9.297302160870995
20.12818445265695,16.854777722197028,9.841016023524805
31.446005257221284,27.284638833605865,7.377975459763371
28.131990786977987,16.854777722197028,7.314512417571034
53.50282026713161,12.7853408617921,0.09944876231926877
30.351689283104417,12.7853408617921,8.2952870297261
7.489822715859637,7.870401606109851,7.910943800626065
4.9545487245764885,4.316395086418575,6.359886234594088
27.549319432779004,16.854777722197028,9.503938978079212
27.549319432779004,22.54526204876109,6.786990768886866
30.351689283104417,12.7853408617921,8.2952870297261
7.81895764642519,12.7853408617921,8.725855154394143
5.348007047174882,17.51393526624454,10.245293358859872
59.844399593097144,12.7853408617921,0.1
28.131990786977987,16.854777722197028,7.314512417571034
5.9208082414239875,16.854777722197028,2.15914653698399
53.50282026713161,16.854777722197028,0.9361625335442493
16.879731882967217,20.351228242384373,7.797872655795539
53.50282026713161,12.7853408617921,0.09944876231926877
59.907310152734816,29.33737698228708,0.1
14.552102520557927,32.9723046386117,8.891926899147492
27.549319432779004,16.24518002840587,9.784796976292093
27.549319432779004,16.854777722197028,8.292324835963472
27.549319432779004,3.672859845206167,8.685020000043579
7.489822715859637,7.870401606109851,7.910943800626065
7.489822715859637,29.33737698228708,8.547881977403813
27.549319432779004,16.854777722197028,8.685020000043579
4.9545487245764885,4.316395086418575,6.359886234594088
59.844399593097144,12.7853408617921,0.1
28.049345320238256,39.56523041059626,4.28993183113619
7.489822715859637,29.33737698228708,10.453833582039783
59.907310152734816,29.33737698228708,0.1
14.552102520557927,32.9723046386117,8.891926899147492
14.552102520557927,12.7853408617921,6.796951977106136
28.131990786977987,16.854777722197028,7.314512417571034
53.50282026713161,24.44344904964973,4.3503407987273155
30.351689283104417,12.7853408617921,8.2952870297261
53.50282026713161,12.7853408617921,0.09944876231926877
16.879731882967217,16.854777722197028,8.981155946501124
25.550446360979215,31.117718547497738,8.882553320497829
7.489822715859637,7.870401606109851,7.910943800626065
7.489822715859637,12.7853408617921,7.521035368595445
27.549319432779004,14.984764793166299,9.181813661217001
27.549319432779004,16.854777722197028,8.685020000043579
27.549319432779004,12.97562916192942,7.562106168218572
27.549319432779004,12.7853408617921,8.239001388389612
59.844399593097144,12.7853408617921,0.1
59.907310152734816,29.33737698228708,0.1
14.552102520557927,32.9723046386117,8.891926899147492
28.131990786977987,16.854777722197028,7.314512417571034
30.351689283104417,12.7853408617921,8.2952870297261
53.50282026713161,12.7853408617921,0.09944876231926877
27.549319432779004,16.854777722197028,10.195567464668008
7.489822715859637,7.870401606109851,7.910943800626065
32.01614306108681,15.414996044466783,10.09752263783089
27.549319432779004,16.24518002840587,9.784796976292093
27.549319432779004,6.778361893568686,9.25572516461444
27.549319432779004,22.54526204876109,6.786990768886866
22.928972525118244,5.628011756677599,8.730449741338372
27.549319432779004,16.854777722197028,9.394713307044055
104.38834626502734,12.7853408617921,0.1
7.489822715859637,16.854777722197028,2.457136380729315
31.054318559928067,47.68325801755864,8.211640763154367
59.844399593097144,12.7853408617921,0.1
27.549319432779004,7.1134137337082795,9.522747765702816
59.907310152734816,29.33737698228708,0.1
14.552102520557927,32.9723046386117,8.891926899147492
28.131990786977987,16.854777722197028,7.314512417571034
30.351689283104417,12.7853408617921,8.2952870297261
23.135674846256048,16.88656009980202,7.970073962812385
10.11211873781217,16.412237339916366,8.56121534100196
53.50282026713161,12.7853408617921,0.09944876231926877
7.489822715859637,7.870401606109851,7.910943800626065
27.549319432779004,12.7853408617921,8.774885133406988
32.2773151438394,2.0651326225772793,8.306373029090917
27.549319432779004,19.84706720037616,8.053381677001168
27.549319432779004,16.412237339916366,9.297302160870995
59.844399593097144,12.7853408617921,0.1
59.907310152734816,29.33737698228708,0.1
7.81895764642519,12.7853408617921,8.725855154394143
14.552102520557927,32.9723046386117,8.891926899147492
7.489822715859637,7.870401606109851,7.910943800626065
53.50282026713161,12.7853408617921,0.09944876231926877
53.50282026713161,30.444756243178656,4.483383373425531
22.928972525118244,5.628011756677599,8.730449741338372
33.987596761870904,56.7357131005456,7.667621827153827
6.236290015399016,5.628011756677599,6.145215260629857
7.81895764642519,5.628011756677599,8.302278474029135
28.049345320238256,39.56523041059626,4.28993183113619
30.351689283104417,12.7853408617921,8.2952870297261
27.549319432779004,16.854777722197028,9.02395147265834
27.549319432779004,18.07055941270805,9.092110514646022
27.549319432779004,20.25029009518296,8.480346837334663
59.844399593097144,12.7853408617921,0.1
27.549319432779004,17.203114049441506,9.783247180009186
5.348007047174882,17.51393526624454,10.245293358859872
31.446005257221284,27.284638833605865,7.377975459763371
59.907310152734816,29.33737698228708,0.1
23.135674846256048,16.88656009980202,7.970073962812385
14.552102520557927,32.9723046386117,8.891926899147492
28.131990786977987,16.854777722197028,7.314512417571034
30.351689283104417,12.7853408617921,8.2952870297261
53.50282026713161,12.7853408617921,0.09944876231926877
7.489822715859637,7.870401606109851,7.910943800626065
27.549319432779004,22.54526204876109,6.786990768886866
7.489822715859637,29.33737698228708,8.547881977403813
27.549319432779004,16.854777722197028,9.17955481297162
59.907310152734816,29.33737698228708,0.1
59.844399593097144,12.7853408617921,0.1
30.351689283104417,12.7853408617921,8.2952870297261
28.131990786977987,32.9723046386117,9.628239954160764
14.552102520557927,32.9723046386117,8.891926899147492
28.131990786977987,16.854777722197028,7.314512417571034
27.549319432779004,14.984764793166299,9.181813661217001
104.38834626502734,12.7853408617921,0.1
7.489822715859637,7.870401606109851,7.910943800626065
27.549319432779004,17.203114049441506,9.783247180009186
33.987596761870904,56.7357131005456,7.667621827153827
7.489822715859637,29.33737698228708,8.547881977403813
27.549319432779004,12.7853408617921,8.774885133406988
53.50282026713161,12.7853408617921,0.09944876231926877
27.549319432779004,22.54526204876109,6.786990768886866
30.351689283104417,12.7853408617921,8.2952870297261
28.131990786977987,32.9723046386117,9.628239954160764
6.236290015399016,5.628011756677599,6.145215260629857
59.844399593097144,12.7853408617921,0.1
0.29847211825249736,16.854777722197028,0.11681151756140075
33.987596761870904,56.7357131005456,7.667621827153827
59.907310152734816,29.33737698228708,0.1
14.552102520557927,32.9723046386117,8.891926899147492
28.131990786977987,16.854777722197028,7.314512417571034
53.50282026713161,12.7853408617921,0.09944876231926877
7.489822715859637,7.870401606109851,7.910943800626065
27.549319432779004,22.54526204876109,6.786990768886866
7.489822715859637,29.33737698228708,8.547881977403813
27.549319432779004,12.7853408617921,8.774885133406988
30.039018692803474,12.7853408617921,8.774885133406988
27.549319432779004,16.854777722197028,8.292324835963472
7.489822715859637,29.33737698228708,8.547881977403813
27.549319432779004,6.778361893568686,9.25572516461444
27.02723825816323,16.854777722197028,10.518060985893344
27.549319432779004,14.984764793166299,9.181813661217001
16.879731882967217,16.854777722197028,8.981155946501124
27.549319432779004,18.07055941270805,9.092110514646022
27.549319432779004,16.24518002840587,9.784796976292093
21.73593487470009,16.854777722197028,7.496823921039911
7.81895764642519,5.628011756677599,8.302278474029135
59.844399593097144,12.7853408617921,0.1
37.327777095618075,25.772401292064202,8.475379961606869
27.549319432779004,16.854777722197028,8.685020000043579
59.907310152734816,29.33737698228708,0.1
14.552102520557927,32.9723046386117,8.891926899147492
28.131990786977987,16.854777722197028,7.314512417571034
30.351689283104417,12.7853408617921,8.2952870297261
30.351689283104417,12.7853408617921,8.2952870297261
53.50282026713161,18.551615808161042,3.902645781610015
11.966744402689805,16.854777722197028,8.564244736420218
59.844399593097144,12.7853408617921,0.1
7.489822715859637,29.33737698228708,8.547881977403813
53.50282026713161,24.44344904964973,4.3503407987273155
59.907310152734816,29.33737698228708,0.1
14.552102520557927,32.9723046386117,8.891926899147492
28.131990786977987,16.854777722197028,7.314512417571034
27.549319432779004,14.984764793166299,9.181813661217001
53.50282026713161,12.7853408617921,0.09944876231926877
7.489822715859637,7.870401606109851,7.910943800626065
27.549319432779004,22.54526204876109,6.786990768886866
27.549319432779004,12.7853408617921,8.774885133406988
30.039018692803474,12.7853408617921,8.774885133406988
7.81895764642519,5.628011756677599,8.302278474029135
14.552102520557927,12.7853408617921,6.796951977106136
53.50282026713161,16.854777722197028,3.754533032094196
32.2773151438394,2.0651326225772793,8.306373029090917
30.351689283104417,12.7853408617921,8.2952870297261
59.844399593097144,12.7853408617921,0.1
59.907310152734816,29.33737698228708,0.1
14.552102520557927,32.9723046386117,8.891926899147492
31.054318559928067,47.68325801755864,8.211640763154367
28.131990786977987,16.854777722197028,7.314512417571034
30.039018692803474,12.7853408617921,8.774885133406988
53.50282026713161,12.7853408617921,0.09944876231926877
7.489822715859637,7.870401606109851,7.910943800626065
27.549319432779004,22.54526204876109,6.786990768886866
27.549319432779004,16.854777722197028,10.195567464668008
7.489822715859637,29.33737698228708,8.547881977403813
25.798757774121313,16.854777722197028,9.919947249678334
28.049345320238256,39.56523041059626,4.28993183113619
9.978981101107586,2.314331349018235,9.198523035026495
59.844399593097144,12.7853408617921,0.1
27.549319432779004,12.7853408617921,8.774885133406988
59.907310152734816,29.33737698228708,0.1
14.552102520557927,32.9723046386117,8.891926899147492
53.50282026713161,30.444756243178656,4.483383373425531
28.131990786977987,16.854777722197028,7.314512417571034
30.351689283104417,12.7853408617921,8.2952870297261
53.50282026713161,12.7853408617921,0.09944876231926877
7.489822715859637,7.870401606109851,7.910943800626065
27.549319432779004,22.54526204876109,6.786990768886866
7.489822715859637,29.33737698228708,8.547881977403813
30.039018692803474,12.7853408617921,8.774885133406988
27.549319432779004,16.854777722197028,8.292324835963472
6.236290015399016,5.628011756677599,6.145215260629857
14.552102520557927,12.7853408617921,6.796951977106136
53.50282026713161,18.551615808161042,3.902645781610015
23.135674846256048,16.88656009980202,7.970073962812385
28.880806806148655,16.854777722197028,9.122520054161008
59.844399593097144,12.7853408617921,0.1
9.978981101107586,11.071454410593539,5.168150614389885
59.907310152734816,29.33737698228708,0.1
14.552102520557927,32.9723046386117,8.891926899147492
27.549319432779004,32.4948648125028,4.886282767667766
7.81895764642519,20.808722446415576,9.390756481544214
6.236290015399016,5.628011756677599,6.145215260629857
28.131990786977987,16.854777722197028,7.314512417571034
30.351689283104417,12.7853408617921,8.2952870297261
53.50282026713161,12.7853408617921,0.09944876231926877
7.489822715859637,7.870401606109851,7.910943800626065
5.348007047174882,17.51393526624454,10.245293358859872
16.879731882967217,16.854777722197028,8.981155946501124
7.81895764642519,20.808722446415576,9.390756481544214
59.844399593097144,12.7853408617921,0.1
59.907310152734816,29.33737698228708,0.1
14.552102520557927,32.9723046386117,8.891926899147492
6.236290015399016,5.628011756677599,6.145215260629857
28.131990786977987,16.854777722197028,7.314512417571034
27.549319432779004,1.5562865164313893,9.071631836905233
27.549319432779004,31.662732468509688,9.881731608947307
30.351689283104417,12.7853408617921,8.2952870297261
32.01614306108681,15.414996044466783,10.09752263783089
53.50282026713161,12.7853408617921,0.09944876231926877
7.489822715859637,7.870401606109851,7.910943800626065
27.549319432779004,22.54526204876109,6.786990768886866
27.549319432779004,3.672859845206167,8.685020000043579
37.327777095618075,25.772401292064202,8.475379961606869
27.549319432779004,16.854777722197028,9.503938978079212
27.549319432779004,5.628011756677599,0.10402460284460323
27.549319432779004,19.84706720037616,8.053381677001168
59.844399593097144,12.7853408617921,0.1
59.907310152734816,29.33737698228708,0.1
14.552102520557927,32.9723046386117,8.891926899147492
28.131990786977987,16.854777722197028,7.314512417571034
30.351689283104417,12.7853408617921,8.2952870297261
27.549319432779004,16.854777722197028,10.195567464668008
53.50282026713161,12.7853408617921,0.09944876231926877
7.489822715859637,7.870401606109851,7.910943800626065
0.29847211825249736,16.854777722197028,0.11681151756140075
27.549319432779004,22.54526204876109,6.786990768886866
7.489822715859637,29.33737698228708,8.547881977403813
27.549319432779004,12.7853408617921,8.774885133406988
30.039018692803474,12.7853408617921,8.774885133406988
7.489822715859637,7.870401606109851,7.910943800626065
27.549319432779004,12.7853408617921,8.239001388389612
7.489822715859637,12.7853408617921,7.521035368595445
59.844399593097144,12.7853408617921,0.1
7.489822715859637,16.854777722197028,2.457136380729315
59.907310152734816,29.33737698228708,0.1
11.966744402689805,16.854777722197028,8.564244736420218
27.549319432779004,16.854777722197028,8.292324835963472
14.552102520557927,32.9723046386117,8.891926899147492
38.55188288950427,12.7853408617921,1.749740715065455
6.236290015399016,5.628011756677599,6.145215260629857
28.131990786977987,16.854777722197028,7.314512417571034
30.351689283104417,12.7853408617921,8.2952870297261
53.50282026713161,12.7853408617921,0.09944876231926877
27.549319432779004,22.54526204876109,6.786990768886866
7.489822715859637,29.33737698228708,8.547881977403813
27.549319432779004,20.25029009518296,8.480346837334663
27.549319432779004,16.854777722197028,8.292324835963472
59.844399593097144,12.7853408617921,0.1
53.50282026713161,24.44344904964973,4.3503407987273155
59.907310152734816,29.33737698228708,0.1
30.351689283104417,12.7853408617921,6.961886910314291
22.928972525118244,5.628011756677599,8.730449741338372
44.89022858905757,16.854777722197028,10.126505353849142
7.81895764642519,5.628011756677599,8.302278474029135
20.604554512657618,16.854777722197028,6.649988324334717
14.552102520557927,32.9723046386117,8.891926899147492
38.55188288950427,12.7853408617921,1.749740715065455
27.549319432779004,17.203114049441506,9.783247180009186
28.131990786977987,16.854777722197028,7.314512417571034
30.351689283104417,12.7853408617921,8.2952870297261
7.489822715859637,7.870401606109851,7.910943800626065
0.29847211825249736,16.854777722197028,0.11681151756140075
27.549319432779004,16.412237339916366,9.297302160870995
104.38834626502734,12.7853408617921,0.1
27.549319432779004,16.24518002840587,9.784796976292093
28.880806806148655,16.854777722197028,9.122520054161008
30.351689283104417,12.7853408617921,8.2952870297261
59.844399593097144,12.7853408617921,0.1
38.55188288950427,12.7853408617921,1.749740715065455
59.907310152734816,29.33737698228708,0.1
14.552102520557927,32.9723046386117,8.891926899147492
28.131990786977987,16.854777722197028,7.314512417571034
27.549319432779004,12.7853408617921,8.774885133406988
53.50282026713161,12.7853408617921,0.09944876231926877
7.489822715859637,7.870401606109851,7.910943800626065
27.549319432779004,22.54526204876109,6.786990768886866
53.50282026713161,24.44344904964973,4.3503407987273155
53.50282026713161,16.854777722197028,3.754533032094196
33.987596761870904,56.7357131005456,7.667621827153827
9.978981101107586,2.314331349018235,9.198523035026495
59.844399593097144,12.7853408617921,0.1
59.907310152734816,29.33737698228708,0.1
30.351689283104417,12.7853408617921,8.2952870297261
14.552102520557927,32.9723046386117,8.891926899147492
28.131990786977987,16.854777722197028,7.314512417571034
53.50282026713161,12.7853408617921,0.09944876231926877
27.549319432779004,12.7853408617921,8.774885133406988
7.489822715859637,7.870401606109851,7.910943800626065
0.29847211825249736,16.854777722197028,0.11681151756140075
28.049345320238256,39.56523041059626,4.28993183113619
27.549319432779004,22.54526204876109,6.786990768886866
7.489822715859637,29.33737698228708,8.547881977403813
28.880806806148655,16.854777722197028,9.122520054161008
30.351689283104417,12.7853408617921,6.961886910314291
27.549319432779004,18.07055941270805,9.092110514646022
59.844399593097144,12.7853408617921,0.1
59.907310152734816,29.33737698228708,0.1
37.327777095618075,25.772401292064202,8.475379961606869
27.549319432779004,1.5562865164313893,9.071631836905233
14.552102520557927,32.9723046386117,8.891926899147492
53.50282026713161,24.44344904964973,4.3503407987273155
28.131990786977987,16.854777722197028,7.314512417571034
30.351689283104417,12.7853408617921,8.2952870297261
28.131990786977987,32.9723046386117,9.628239954160764
27.549319432779004,16.854777722197028,10.195567464668008
27.549319432779004,16.854777722197028,8.685020000043579
53.50282026713161,12.7853408617921,0.09944876231926877
7.489822715859637,7.870401606109851,7.910943800626065
27.549319432779004,22.54526204876109,6.786990768886866
27.549319432779004,1.5562865164313893,9.071631836905233
14.552102520557927,32.9723046386117,8.891926899147492
27.549319432779004,17.203114049441506,9.783247180009186
59.844399593097144,12.7853408617921,0.1
59.907310152734816,29.33737698228708,0.1
38.55188288950427,12.7853408617921,1.749740715065455
28.131990786977987,16.854777722197028,7.314512417571034
30.351689283104417,12.7853408617921,8.2952870297261
27.549319432779004,16.24518002840587,9.784796976292093
9.978981101107586,2.314331349018235,9.198523035026495
53.50282026713161,12.7853408617921,0.09944876231926877
7.489822715859637,7.870401606109851,7.910943800626065
27.549319432779004,22.54526204876109,6.786990768886866
7.489822715859637,29.33737698228708,8.547881977403813
27.549319432779004,12.7853408617921,8.774885133406988
30.039018692803474,12.7853408617921,8.774885133406988
20.12818445265695,16.854777722197028,9.841016023524805
7.489822715859637,12.7853408617921,7.521035368595445
27.549319432779004,16.854777722197028,9.02395147265834
28.131990786977987,16.854777722197028,7.314512417571034
59.844399593097144,12.7853408617921,0.1
7.81895764642519,5.628011756677599,8.302278474029135
59.907310152734816,29.33737698228708,0.1
7.489822715859637,7.870401606109851,7.910943800626065
14.552102520557927,32.9723046386117,8.891926899147492
16.879731882967217,16.854777722197028,8.981155946501124
27.02723825816323,16.854777722197028,10.518060985893344
27.549319432779004,16.412237339916366,9.297302160870995
30.351689283104417,12.7853408617921,8.2952870297261
53.50282026713161,12.7853408617921,0.09944876231926877
27.549319432779004,16.854777722197028,8.685020000043579
27.549319432779004,22.54526204876109,6.786990768886866
38.55188288950427,12.7853408617921,1.749740715065455
9.978981101107586,11.071454410593539,5.168150614389885
25.798757774121313,16.854777722197028,9.919947249678334
27.549319432779004,3.672859845206167,8.685020000043579
27.549319432779004,32.4948648125028,4.886282767667766
22.928972525118244,5.628011756677599,8.730449741338372
59.844399593097144,12.7853408617921,0.1
59.907310152734816,29.33737698228708,0.1
14.552102520557927,32.9723046386117,8.891926899147492
28.131990786977987,16.854777722197028,7.314512417571034
7.81895764642519,5.628011756677599,8.302278474029135
30.351689283104417,12.7853408617921,8.2952870297261
14.552102520557927,12.7853408617921,6.796951977106136
53.50282026713161,12.7853408617921,0.09944876231926877
7.489822715859637,7.870401606109851,7.910943800626065
27.549319432779004,22.54526204876109,6.786990768886866
7.489822715859637,29.33737698228708,10.453833582039783
27.549319432779004,16.854777722197028,9.503938978079212
31.446005257221284,27.284638833605865,7.377975459763371
27.549319432779004,16.854777722197028,8.292324835963472
59.844399593097144,12.7853408617921,0.1
59.907310152734816,29.33737698228708,0.1
30.351689283104417,12.7853408617921,6.961886910314291
53.50282026713161,16.854777722197028,3.754533032094196
37.327777095618075,25.772401292064202,8.475379961606869
44.89022858905757,16.854777722197028,10.126505353849142
14.552102520557927,32.9723046386117,8.891926899147492
27.549319432779004,16.854777722197028,9.17955481297162
20.604554512657618,16.854777722197028,6.649988324334717
28.131990786977987,16.854777722197028,7.314512417571034
30.351689283104417,12.7853408617921,8.2952870297261
53.50282026713161,30.444756243178656,4.483383373425531
14.552102520557927,12.7853408617921,6.796951977106136
10.11211873781217,16.412237339916366,8.56121534100196
59.844399593097144,12.7853408617921,0.1
53.50282026713161,16.854777722197028,0.9361625335442493
27.549319432779004,31.662732468509688,9.881731608947307
59.907310152734816,29.33737698228708,0.1
14.552102520557927,32.9723046386117,8.891926899147492
32.01614306108681,15.414996044466783,10.09752263783089
104.38834626502734,12.7853408617921,0.1
28.131990786977987,16.854777722197028,7.314512417571034
28.880806806148655,16.854777722197028,9.122520054161008
27.549319432779004,3.672859845206167,8.685020000043579
30.351689283104417,12.7853408617921,8.2952870297261
53.50282026713161,12.7853408617921,0.09944876231926877
7.489822715859637,7.870401606109851,7.910943800626065
27.549319432779004,12.97562916192942,7.562106168218572
31.054318559928067,47.68325801755864,8.211640763154367
27.549319432779004,1.5562865164313893,9.071631836905233
53.50282026713161,16.854777722197028,0.9361625335442493
104.38834626502734,12.7853408617921,0.1
27.549319432779004,32.4948648125028,4.886282767667766
27.549319432779004,16.854777722197028,10.195567464668008
53.50282026713161,30.444756243178656,4.483383373425531
27.549319432779004,16.854777722197028,8.685020000043579
59.844399593097144,12.7853408617921,0.1
59.907310152734816,29.33737698228708,0.1
14.552102520557927,32.9723046386117,8.891926899147492
28.131990786977987,16.854777722197028,7.314512417571034
30.351689283104417,12.7853408617921,8.2952870297261
32.01614306108681,15.414996044466783,10.09752263783089
27.549319432779004,20.25029009518296,8.480346837334663
53.50282026713161,12.7853408617921,0.09944876231926877
27.549319432779004,5.628011756677599,0.10402460284460323
20.604554512657618,16.854777722197028,6.649988324334717
53.50282026713161,12.7853408617921,0.09944876231926877
7.81895764642519,5.628011756677599,8.302278474029135
27.549319432779004,22.54526204876109,6.786990768886866
59.844399593097144,12.7853408617921,0.1
59.907310152734816,29.33737698228708,0.1
27.549319432779004,14.984764793166299,9.181813661217001
53.50282026713161,18.551615808161042,3.902645781610015
7.489822715859637,7.870401606109851,7.910943800626065
7.489822715859637,16.854777722197028,2.457136380729315
14.552102520557927,32.9723046386117,8.891926899147492
27.549319432779004,12.7853408617921,8.239001388389612
28.131990786977987,16.854777722197028,7.314512417571034
30.351689283104417,12.7853408617921,8.2952870297261
7.489822715859637,29.33737698228708,8.547881977403813
20.12818445265695,16.854777722197028,9.841016023524805
21.73593487470009,16.854777722197028,7.496823921039911
59.844399593097144,12.7853408617921,0.1
31.054318559928067,47.68325801755864,8.211640763154367
27.549319432779004,1.5562865164313893,9.071631836905233
27.549319432779004,16.854777722197028,10.195567464668008
27.549319432779004,16.854777722197028,9.02395147265834
59.907310152734816,29.33737698228708,0.1
14.552102520557927,32.9723046386117,8.891926899147492
27.549319432779004,6.778361893568686,9.25572516461444
28.131990786977987,16.854777722197028,7.314512417571034
7.81895764642519,20.808722446415576,9.390756481544214
30.351689283104417,12.7853408617921,8.2952870297261
53.50282026713161,12.7853408617921,0.09944876231926877
7.489822715859637,7.870401606109851,7.910943800626065
27.549319432779004,22.54526204876109,6.786990768886866
5.9208082414239875,16.854777722197028,2.15914653698399
27.549319432779004,16.854777722197028,10.195567464668008
28.131990786977987,16.854777722197028,7.314512417571034
44.89022858905757,16.854777722197028,10.126505353849142
59.844399593097144,12.7853408617921,0.1
59.907310152734816,29.33737698228708,0.1
7.489822715859637,29.33737698228708,8.547881977403813
20.12818445265695,16.854777722197028,9.841016023524805
27.549319432779004,6.778361893568686,9.25572516461444
14.552102520557927,32.9723046386117,8.891926899147492
30.351689283104417,12.7853408617921,8.2952870297261
53.50282026713161,12.7853408617921,0.09944876231926877
7.489822715859637,7.870401606109851,7.910943800626065
27.549319432779004,22.54526204876109,6.786990768886866
27.549319432779004,18.07055941270805,9.092110514646022
7.489822715859637,29.33737698228708,10.453833582039783
8.063753921090164,0.13297124567154195,8.813140606511379
27.549319432779004,31.662732468509688,9.881731608947307
59.844399593097144,12.7853408617921,0.1
59.907310152734816,29.33737698228708,0.1
27.549319432779004,14.984764793166299,9.181813661217001
27.549319432779004,32.4948648125028,4.886282767667766
14.552102520557927,32.9723046386117,8.891926899147492
27.549319432779004,22.54526204876109,6.786990768886866
28.131990786977987,16.854777722197028,7.314512417571034
30.351689283104417,12.7853408617921,8.2952870297261
7.81895764642519,5.628011756677599,8.302278474029135
53.50282026713161,12.7853408617921,0.09944876231926877
7.489822715859637,7.870401606109851,7.910943800626065
7.489822715859637,29.33737698228708,8.547881977403813
27.549319432779004,12.7853408617921,8.774885133406988
27.549319432779004,1.5562865164313893,9.071631836905233
59.907310152734816,29.33737698228708,0.1
9.978981101107586,2.314331349018235,9.198523035026495
27.549319432779004,16.854777722197028,10.195567464668008
59.844399593097144,12.7853408617921,0.1
14.552102520557927,32.9723046386117,8.891926899147492
28.131990786977987,16.854777722197028,7.314512417571034
27.549319432779004,20.25029009518296,8.480346837334663
16.879731882967217,16.854777722197028,8.981155946501124
30.351689283104417,12.7853408617921,8.2952870297261
53.50282026713161,12.7853408617921,0.09944876231926877
7.489822715859637,7.870401606109851,7.910943800626065
27.549319432779004,22.54526204876109,6.786990768886866
7.489822715859637,29.33737698228708,8.547881977403813
27.549319432779004,12.7853408617921,8.774885133406988
30.039018692803474,12.7853408617921,8.774885133406988
27.549319432779004,16.854777722197028,8.292324835963472
9.978981101107586,11.071454410593539,5.168150614389885
11.966744402689805,16.854777722197028,8.564244736420218
27.549319432779004,20.25029009518296,8.480346837334663
59.844399593097144,12.7853408617921,0.1
59.907310152734816,29.33737698228708,0.1
27.549319432779004,7.1134137337082795,9.522747765702816
14.552102520557927,32.9723046386117,8.891926899147492
28.131990786977987,16.854777722197028,7.314512417571034
27.549319432779004,16.854777722197028,9.394713307044055
30.351689283104417,12.7853408617921,8.2952870297261
7.489822715859637,29.33737698228708,8.547881977403813
53.50282026713161,24.44344904964973,4.3503407987273155
27.549319432779004,16.854777722197028,8.292324835963472
53.50282026713161,12.7853408617921,0.09944876231926877
7.489822715859637,7.870401606109851,7.910943800626065
27.549319432779004,22.54526204876109,6.786990768886866
27.549319432779004,22.54526204876109,6.786990768886866
7.81895764642519,20.808722446415576,9.390756481544214
27.549319432779004,16.854777722197028,8.685020000043579
27.549319432779004,3.672859845206167,8.685020000043579
16.879731882967217,16.854777722197028,8.981155946501124
27.549319432779004,16.854777722197028,9.17955481297162
53.50282026713161,12.7853408617921,0.09944876231926877
22.928972525118244,5.628011756677599,8.730449741338372
28.131990786977987,16.854777722197028,7.314512417571034
59.844399593097144,12.7853408617921,0.1
59.907310152734816,29.33737698228708,0.1
14.552102520557927,32.9723046386117,8.891926899147492
30.351689283104417,12.7853408617921,8.2952870297261
7.489822715859637,7.870401606109851,7.910943800626065
27.549319432779004,17.203114049441506,9.783247180009186
7.489822715859637,29.33737698228708,8.547881977403813
53.50282026713161,18.551615808161042,3.902645781610015
27.549319432779004,32.4948648125028,4.886282767667766
59.844399593097144,12.7853408617921,0.1
7.81895764642519,12.7853408617921,8.725855154394143
59.907310152734816,29.33737698228708,0.1
14.552102520557927,32.9723046386117,8.891926899147492
28.131990786977987,16.854777722197028,7.314512417571034
7.489822715859637,12.7853408617921,7.521035368595445
30.351689283104417,12.7853408617921,8.2952870297261
53.50282026713161,12.7853408617921,0.09944876231926877
7.489822715859637,7.870401606109851,7.910943800626065
27.549319432779004,22.54526204876109,6.786990768886866
7.489822715859637,29.33737698228708,8.547881977403813
27.549319432779004,12.7853408617921,8.774885133406988
30.039018692803474,12.7853408617921,8.774885133406988
27.549319432779004,16.854777722197028,8.292324835963472
27.549319432779004,12.7853408617921,8.239001388389612
16.879731882967217,20.351228242384373,7.797872655795539
59.844399593097144,12.7853408617921,0.1
7.81895764642519,5.628011756677599,8.302278474029135
59.907310152734816,29.33737698228708,0.1
14.552102520557927,32.9723046386117,8.891926899147492
27.549319432779004,5.628011756677599,0.10402460284460323
27.549319432779004,22.54526204876109,6.786990768886866
27.549319432779004,16.854777722197028,8.292324835963472
7.489822715859637,16.854777722197028,2.457136380729315
30.351689283104417,12.7853408617921,6.961886910314291
28.131990786977987,16.854777722197028,7.314512417571034
30.351689283104417,12.7853408617921,8.2952870297261
53.50282026713161,12.7853408617921,0.09944876231926877
7.489822715859637,7.870401606109851,7.910943800626065
7.489822715859637,29.33737698228708,8.547881977403813
53.50282026713161,12.7853408617921,0.09944876231926877
53.50282026713161,16.854777722197028,0.9361625335442493
53.50282026713161,30.444756243178656,4.483383373425531
53.50282026713161,16.854777722197028,3.754533032094196
104.38834626502734,12.7853408617921,0.1
59.844399593097144,12.7853408617921,0.1
7.489822715859637,29.33737698228708,8.547881977403813
53.50282026713161,24.44344904964973,4.3503407987273155
53.50282026713161,18.551615808161042,3.902645781610015
59.907310152734816,29.33737698228708,0.1
14.552102520557927,12.7853408617921,6.796951977106136
14.552102520557927,32.9723046386117,8.891926899147492
28.131990786977987,16.854777722197028,7.314512417571034
7.489822715859637,12.7853408617921,7.521035368595445
30.351689283104417,12.7853408617921,6.961886910314291
38.55188288950427,12.7853408617921,1.749740715065455
