32.09770644480878,17.081617141125626,8.979542651927101
25.365504633386983,22.094017718568782,9.93720345720247
31.23558133003513,17.28461130010003,8.598373928542813
36.09299016355354,17.299211274104465,8.13828661628189
41.35866086956945,16.88656009980202,4.589957478319654
37.55108803954931,19.614735846461222,8.153366701085792
0.7949887147476709,15.72910895271416,9.576807007644236
35.00062801549568,14.205771963372259,5.122300607877337
26.488804826200166,11.81273297708562,6.202327484171868
41.35866086956945,16.88656009980202,4.589957478319654
17.410555888845693,17.65783021251032,8.559944290702434
32.09770644480878,17.081617141125626,8.979542651927101
24.193669933975315,13.23200029700173,8.402595032699557
31.955410408492277,20.04577457192449,8.337414019752384
26.525328414837883,16.16666050569483,10.648622148222906
31.38947000857547,25.662552288817643,7.887300028138591
18.72323789679163,16.88656009980202,7.183660910483944
27.549319432779004,16.854777722197028,9.445389225187443
44.48584279254672,17.346780929486176,4.32856193136286
35.00062801549568,14.205771963372259,5.122300607877337
31.955410408492277,20.04577457192449,8.337414019752384
27.891936230817038,0.889494465195442,10.7083904356302
37.55108803954931,19.614735846461222,8.153366701085792
49.22536509571651,24.20423095171643,7.854717238700823
44.08011460861289,16.854777722197028,9.296898000426916
36.09299016355354,17.299211274104465,8.13828661628189
31.38947000857547,25.662552288817643,7.887300028138591
27.891936230817038,16.88656009980202,9.813310627082863
27.549319432779004,23.17886691707701,7.345300824664387
25.365504633386983,22.094017718568782,9.93720345720247
15.027897473153423,21.82604274178378,3.9623919764508684
27.549319432779004,16.854777722197028,10.387106667909602
32.813958775274706,9.663292045022079,0.09303641891019868
35.42301995357803,13.65621516297669,4.614989320491006
35.00062801549568,14.205771963372259,5.122300607877337
27.549319432779004,16.854777722197028,9.445389225187443
27.549319432779004,29.18945081222946,5.514619921571909
31.38947000857547,25.662552288817643,7.887300028138591
25.365504633386983,16.854777722197028,8.131600019572138
31.38947000857547,25.662552288817643,7.887300028138591
25.692453152697134,26.560279897916306,5.926049411473621
26.525328414837883,1.2821039044914606,0.10261984608879579
27.891936230817038,16.88656009980202,9.813310627082863
27.549319432779004,16.854777722197028,10.387106667909602
25.365504633386983,16.854777722197028,8.131600019572138
27.561895124921698,8.387284382678205,5.675252830317257
18.72323789679163,16.88656009980202,7.183660910483944
11.824080843935887,16.854777722197028,4.573960173053772
18.741455929136617,7.054011220022251,4.324497904913917
18.816983015085498,8.00747975936084,5.540861944138364
39.67847299411126,14.484939970611192,3.691076505243634
27.549319432779004,29.18945081222946,5.514619921571909
32.813958775274706,9.663292045022079,0.09303641891019868
25.365504633386983,16.854777722197028,8.131600019572138
40.02151917282772,16.854777722197028,5.260698715652783
19.227953527874373,16.16666050569483,7.433386479307377
36.09299016355354,17.299211274104465,8.13828661628189
36.843571155285034,16.854777722197028,7.021196119718543
24.365599187094034,7.2817439733408476,0.0915354417713489
18.72323789679163,16.88656009980202,7.183660910483944
49.22536509571651,24.20423095171643,7.854717238700823
26.525328414837883,4.411634468513009,0.09133396475313134
27.549319432779004,25.125598362209672,6.232465854917449
44.48584279254672,17.346780929486176,4.32856193136286
26.81821382701165,13.91633095423672,7.657563769876675
27.891936230817038,16.88656009980202,9.813310627082863
26.525328414837883,1.2821039044914606,0.10261984608879579
11.824080843935887,16.854777722197028,4.573960173053772
