62.030853714781145,35.599412562279554,9.942955880885258
27.549319432779004,24.261079000713718,8.24446288405996
27.549319432779004,32.783062704438784,8.95606691783665
23.135674846256048,16.88656009980202,8.655599792831126
9.06365775520175,16.854777722197028,7.55770757539217
42.151536938279946,26.85786069249944,8.875905597010703
27.549319432779004,16.854777722197028,9.321348899868607
27.549319432779004,13.925052888079335,7.339047114614974
27.549319432779004,16.88656009980202,10.106833683372912
3.4239700195833116,16.88656009980202,9.096600694651592
23.41592237988115,4.546610617171945,7.7345076825529855
27.549319432779004,16.854777722197028,10.0694414511522
48.05102290914361,2.5476292905703852,9.435186139541042
27.549319432779004,16.854777722197028,8.86200174899598
27.549319432779004,16.854777722197028,9.020434383012379
27.549319432779004,16.854777722197028,9.01072551789099
27.549319432779004,7.606455498077363,9.470023925922373
27.549319432779004,16.88656009980202,10.162817404761237
25.365504633386983,13.678060718933352,8.232278180723979
51.5657847161762,5.394895051886902,0.09971495304823656
27.549319432779004,16.854777722197028,9.321348899868607
45.2216186487021,16.854777722197028,7.871222027848398
27.549319432779004,10.608880334680421,9.568605972447084
56.90469338560587,8.64433226380184,0.09573385933510517
44.291336224527235,16.854777722197028,7.814771005697946
26.525328414837883,14.975010251898155,8.76831123145959
19.930521010364682,31.117718547497738,8.882553320497829
27.549319432779004,23.10833380794899,7.418733556391077
27.549319432779004,18.045963529191507,9.1305175142079
27.549319432779004,32.783062704438784,5.402890713450344
14.011890514567561,25.401647843601577,8.084327946378568
27.549319432779004,19.374958582904,8.834528750533087
38.83307432619323,16.854777722197028,9.321348899868607
0.4813002186734696,19.077855597783042,0.16513967738844587
9.93773609145828,16.854777722197028,8.934092808422344
22.630555527907834,16.854777722197028,9.65951277393213
52.11651517672553,28.2897995320986,8.871617780416182
27.549319432779004,16.854777722197028,8.86200174899598
27.549319432779004,32.783062704438784,7.8230792431113665
27.549319432779004,16.854777722197028,10.583976593736175
25.365504633386983,16.854777722197028,8.38384297874998
6.401469190202757,16.854777722197028,8.573107624990957
27.549319432779004,16.854777722197028,9.020434383012379
27.549319432779004,16.854777722197028,8.86200174899598
27.549319432779004,16.854777722197028,9.120492253882507
27.549319432779004,16.854777722197028,9.121618304158963
33.53540884573337,16.854777722197028,8.59971976097932
27.549319432779004,16.88656009980202,9.075540232798296
8.496794922665313,4.316395086418575,9.230521408173587
27.549319432779004,32.783062704438784,5.068124093113657
27.549319432779004,16.854777722197028,9.121618304158963
26.525328414837883,18.149244500502935,10.181138711912164
49.75708603515562,2.3449056712692746,10.15775868206413
18.514244312451233,16.854777722197028,8.665200014972552
27.549319432779004,16.854777722197028,9.681098333076982
35.363655594366975,13.469861538794273,7.390654560656699
46.67268486390502,39.5809991579276,7.040131883797825
17.731381431462268,10.328457828969412,9.094133529887333
16.976375917493726,16.854777722197028,10.397066118990795
27.891936230817038,16.88656009980202,9.898429053080154
36.26389587696751,36.259264218089314,8.784395119391194
27.549319432779004,13.59220900409894,7.3443968587684605
27.549319432779004,22.690021912179407,10.555143983545324
27.549319432779004,13.469861538794273,10.469319402033268
18.877297898295105,16.88656009980202,6.409852328382009
27.549319432779004,24.77307923659018,9.472263468368984
27.549319432779004,16.854777722197028,10.522321330251891
27.549319432779004,16.854777722197028,9.731860175803055
27.549319432779004,16.854777722197028,10.6350589327014
24.108144935387593,16.854777722197028,10.007953353555642
27.549319432779004,13.469861538794273,7.851581269335607
27.549319432779004,16.854777722197028,9.321348899868607
27.549319432779004,16.854777722197028,9.020434383012379
27.549319432779004,16.854777722197028,10.105595360089655
40.90446938780643,16.854777722197028,5.826319314460165
27.549319432779004,32.783062704438784,7.8230792431113665
27.549319432779004,16.854777722197028,9.020434383012379
27.549319432779004,16.854777722197028,10.12272181915301
27.549319432779004,16.854777722197028,9.188917822253298
27.549319432779004,32.783062704438784,7.8230792431113665
