9.06365775520175,16.854777722197028,7.55770757539217
42.151536938279946,26.85786069249944,8.875905597010703
51.5657847161762,5.394895051886902,0.09971495304823656
27.549319432779004,16.854777722197028,9.681098333076982
26.525328414837883,18.149244500502935,10.181138711912164
42.151536938279946,26.85786069249944,8.875905597010703
27.549319432779004,16.854777722197028,9.681098333076982
27.891936230817038,16.88656009980202,9.898429053080154
27.549319432779004,16.854777722197028,10.0694414511522
49.75708603515562,2.3449056712692746,10.15775868206413
42.151536938279946,26.85786069249944,8.875905597010703
52.11651517672553,28.2897995320986,8.871617780416182
36.26389587696751,36.259264218089314,8.784395119391194
27.891936230817038,16.88656009980202,9.898429053080154
49.75708603515562,2.3449056712692746,10.15775868206413
36.26389587696751,36.259264218089314,8.784395119391194
52.11651517672553,28.2897995320986,8.871617780416182
36.26389587696751,36.259264218089314,8.784395119391194
26.525328414837883,14.975010251898155,8.76831123145959
27.891936230817038,16.88656009980202,9.898429053080154
27.891936230817038,16.88656009980202,9.898429053080154
27.549319432779004,16.854777722197028,9.681098333076982
27.549319432779004,16.854777722197028,10.0694414511522
49.75708603515562,2.3449056712692746,10.15775868206413
19.930521010364682,31.117718547497738,8.882553320497829
26.525328414837883,14.975010251898155,8.76831123145959
42.151536938279946,26.85786069249944,8.875905597010703
27.549319432779004,16.88656009980202,10.106833683372912
36.26389587696751,36.259264218089314,8.784395119391194
25.365504633386983,13.678060718933352,8.232278180723979
26.525328414837883,18.149244500502935,10.181138711912164
52.11651517672553,28.2897995320986,8.871617780416182
8.496794922665313,4.316395086418575,9.230521408173587
26.525328414837883,18.149244500502935,10.181138711912164
19.930521010364682,31.117718547497738,8.882553320497829
27.549319432779004,16.88656009980202,10.106833683372912
9.06365775520175,16.854777722197028,7.55770757539217
56.90469338560587,8.64433226380184,0.09573385933510517
27.549319432779004,13.925052888079335,7.339047114614974
56.90469338560587,8.64433226380184,0.09573385933510517
36.26389587696751,36.259264218089314,8.784395119391194
9.06365775520175,16.854777722197028,7.55770757539217
19.930521010364682,31.117718547497738,8.882553320497829
27.549319432779004,24.77307923659018,9.472263468368984
42.151536938279946,26.85786069249944,8.875905597010703
56.90469338560587,8.64433226380184,0.09573385933510517
25.365504633386983,13.678060718933352,8.232278180723979
62.030853714781145,35.599412562279554,9.942955880885258
27.549319432779004,24.77307923659018,9.472263468368984
16.976375917493726,16.854777722197028,10.397066118990795
27.549319432779004,13.59220900409894,7.3443968587684605
16.976375917493726,16.854777722197028,10.397066118990795
27.549319432779004,16.88656009980202,10.106833683372912
56.90469338560587,8.64433226380184,0.09573385933510517
27.549319432779004,13.59220900409894,7.3443968587684605
16.976375917493726,16.854777722197028,10.397066118990795
27.549319432779004,19.374958582904,8.834528750533087
51.5657847161762,5.394895051886902,0.09971495304823656
27.549319432779004,13.925052888079335,7.339047114614974
25.365504633386983,16.854777722197028,8.38384297874998
27.549319432779004,16.854777722197028,10.0694414511522
27.549319432779004,10.608880334680421,9.568605972447084
26.525328414837883,14.975010251898155,8.76831123145959
52.11651517672553,28.2897995320986,8.871617780416182
27.549319432779004,19.374958582904,8.834528750533087
27.549319432779004,22.690021912179407,10.555143983545324
51.5657847161762,5.394895051886902,0.09971495304823656
48.05102290914361,2.5476292905703852,9.435186139541042
9.06365775520175,16.854777722197028,7.55770757539217
36.26389587696751,36.259264218089314,8.784395119391194
27.549319432779004,22.690021912179407,10.555143983545324
42.151536938279946,26.85786069249944,8.875905597010703
27.549319432779004,32.783062704438784,5.068124093113657
23.41592237988115,4.546610617171945,7.7345076825529855
22.630555527907834,16.854777722197028,9.65951277393213
27.549319432779004,10.608880334680421,9.568605972447084
27.549319432779004,16.854777722197028,10.0694414511522
27.549319432779004,16.854777722197028,9.681098333076982
27.549319432779004,13.469861538794273,10.469319402033268
52.11651517672553,28.2897995320986,8.871617780416182
25.365504633386983,16.854777722197028,8.38384297874998
51.5657847161762,5.394895051886902,0.09971495304823656
0.4813002186734696,19.077855597783042,0.16513967738844587
27.549319432779004,24.261079000713718,8.24446288405996
27.549319432779004,32.783062704438784,5.068124093113657
27.549319432779004,16.854777722197028,10.0694414511522
23.135674846256048,16.88656009980202,8.655599792831126
27.549319432779004,16.854777722197028,10.0694414511522
27.549319432779004,13.59220900409894,7.3443968587684605
27.549319432779004,16.854777722197028,9.681098333076982
27.549319432779004,32.783062704438784,5.068124093113657
23.41592237988115,4.546610617171945,7.7345076825529855
24.108144935387593,16.854777722197028,10.007953353555642
9.93773609145828,16.854777722197028,8.934092808422344
51.5657847161762,5.394895051886902,0.09971495304823656
9.06365775520175,16.854777722197028,7.55770757539217
40.90446938780643,16.854777722197028,5.826319314460165
27.549319432779004,13.59220900409894,7.3443968587684605
27.549319432779004,16.854777722197028,9.731860175803055
27.549319432779004,10.608880334680421,9.568605972447084
62.030853714781145,35.599412562279554,9.942955880885258
25.365504633386983,16.854777722197028,8.38384297874998
27.549319432779004,16.854777722197028,9.01072551789099
27.549319432779004,16.88656009980202,10.106833683372912
52.11651517672553,28.2897995320986,8.871617780416182
24.108144935387593,16.854777722197028,10.007953353555642
27.549319432779004,16.88656009980202,10.162817404761237
23.135674846256048,16.88656009980202,8.655599792831126
27.549319432779004,16.854777722197028,9.01072551789099
27.891936230817038,16.88656009980202,9.898429053080154
27.549319432779004,32.783062704438784,5.402890713450344
27.549319432779004,16.854777722197028,9.188917822253298
27.549319432779004,32.783062704438784,5.068124093113657
27.549319432779004,23.10833380794899,7.418733556391077
27.549319432779004,16.854777722197028,9.681098333076982
18.877297898295105,16.88656009980202,6.409852328382009
52.11651517672553,28.2897995320986,8.871617780416182
27.549319432779004,32.783062704438784,5.402890713450344
27.549319432779004,16.854777722197028,10.6350589327014
56.90469338560587,8.64433226380184,0.09573385933510517
27.549319432779004,16.854777722197028,10.105595360089655
27.549319432779004,16.854777722197028,10.12272181915301
46.67268486390502,39.5809991579276,7.040131883797825
27.549319432779004,23.10833380794899,7.418733556391077
27.549319432779004,32.783062704438784,5.068124093113657
27.549319432779004,16.854777722197028,9.188917822253298
51.5657847161762,5.394895051886902,0.09971495304823656
27.549319432779004,13.59220900409894,7.3443968587684605
40.90446938780643,16.854777722197028,5.826319314460165
0.4813002186734696,19.077855597783042,0.16513967738844587
27.549319432779004,16.854777722197028,10.522321330251891
27.549319432779004,16.854777722197028,10.583976593736175
