10.11211873781217,16.412237339916366,8.56121534100196
5.348007047174882,17.51393526624454,10.245293358859872
27.549319432779004,20.25029009518296,8.480346837334663
23.135674846256048,16.88656009980202,7.970073962812385
27.549319432779004,16.854777722197028,9.17955481297162
2.6082880559695596,44.488903048989926,9.063302354152922
7.489822715859637,16.854777722197028,2.457136380729315
27.549319432779004,7.1134137337082795,9.522747765702816
16.879731882967217,20.351228242384373,7.797872655795539
27.549319432779004,32.4948648125028,4.886282767667766
27.02723825816323,16.854777722197028,10.518060985893344
7.81895764642519,20.808722446415576,9.390756481544214
31.446005257221284,27.284638833605865,7.377975459763371
27.549319432779004,17.203114049441506,9.783247180009186
104.38834626502734,12.7853408617921,0.1
31.054318559928067,47.68325801755864,8.211640763154367
7.489822715859637,12.7853408617921,7.521035368595445
27.549319432779004,19.84706720037616,8.053381677001168
27.549319432779004,16.854777722197028,9.394713307044055
9.978981101107586,2.314331349018235,9.198523035026495
27.549319432779004,12.7853408617921,8.239001388389612
9.978981101107586,11.071454410593539,5.168150614389885
27.549319432779004,18.07055941270805,9.092110514646022
33.987596761870904,56.7357131005456,7.667621827153827
38.55188288950427,12.7853408617921,1.749740715065455
27.549319432779004,12.97562916192942,7.562106168218572
25.550446360979215,31.117718547497738,8.882553320497829
32.2773151438394,2.0651326225772793,8.306373029090917
16.879731882967217,16.854777722197028,8.981155946501124
28.880806806148655,16.854777722197028,9.122520054161008
27.549319432779004,16.854777722197028,9.02395147265834
21.73593487470009,16.854777722197028,7.496823921039911
11.966744402689805,16.854777722197028,8.564244736420218
53.50282026713161,16.854777722197028,3.754533032094196
27.549319432779004,3.672859845206167,8.685020000043579
53.50282026713161,30.444756243178656,4.483383373425531
7.81895764642519,12.7853408617921,8.725855154394143
44.89022858905757,16.854777722197028,10.126505353849142
27.549319432779004,16.24518002840587,9.784796976292093
20.604554512657618,16.854777722197028,6.649988324334717
27.549319432779004,16.854777722197028,8.685020000043579
30.351689283104417,12.7853408617921,6.961886910314291
27.549319432779004,16.412237339916366,9.297302160870995
22.928972525118244,5.628011756677599,8.730449741338372
25.798757774121313,16.854777722197028,9.919947249678334
27.549319432779004,31.662732468509688,9.881731608947307
27.549319432779004,14.984764793166299,9.181813661217001
27.549319432779004,16.854777722197028,9.503938978079212
4.9545487245764885,4.316395086418575,6.359886234594088
0.29847211825249736,16.854777722197028,0.11681151756140075
32.01614306108681,15.414996044466783,10.09752263783089
8.063753921090164,0.13297124567154195,8.813140606511379
53.50282026713161,16.854777722197028,0.9361625335442493
27.549319432779004,16.854777722197028,10.195567464668008
27.549319432779004,5.628011756677599,0.10402460284460323
53.50282026713161,24.44344904964973,4.3503407987273155
27.549319432779004,1.5562865164313893,9.071631836905233
14.552102520557927,12.7853408617921,6.796951977106136
20.12818445265695,16.854777722197028,9.841016023524805
5.9208082414239875,16.854777722197028,2.15914653698399
7.489822715859637,29.33737698228708,10.453833582039783
28.131990786977987,32.9723046386117,9.628239954160764
53.50282026713161,18.551615808161042,3.902645781610015
37.327777095618075,25.772401292064202,8.475379961606869
28.049345320238256,39.56523041059626,4.28993183113619
27.549319432779004,6.778361893568686,9.25572516461444
7.81895764642519,5.628011756677599,8.302278474029135
6.236290015399016,5.628011756677599,6.145215260629857
27.549319432779004,16.854777722197028,8.292324835963472
30.039018692803474,12.7853408617921,8.774885133406988
27.549319432779004,12.7853408617921,8.774885133406988
7.489822715859637,29.33737698228708,8.547881977403813
27.549319432779004,22.54526204876109,6.786990768886866
7.489822715859637,7.870401606109851,7.910943800626065
53.50282026713161,12.7853408617921,0.09944876231926877
30.351689283104417,12.7853408617921,8.2952870297261
28.131990786977987,16.854777722197028,7.314512417571034
14.552102520557927,32.9723046386117,8.891926899147492
59.907310152734816,29.33737698228708,0.1
59.844399593097144,12.7853408617921,0.1
