31.676108079411385,33.971070819327416,10.0
26.525328414837883,16.16666050569483,8.461957298020184
27.891936230817038,21.28346874739205,8.682071367976867
27.549319432779004,0.2837143849835151,8.193629902044554
0.7949887147476709,15.72910895271416,0.31765016102268645
35.00062801549568,27.17010402467321,7.661494440859729
27.549319432779004,16.854777722197028,9.107876075036138
27.549319432779004,33.636417527527726,8.351923634474497
27.549319432779004,16.88656009980202,10.553558916775541
38.708843857158165,11.175277013927339,9.385176427454006
51.3615551143464,0.889494465195442,10.7083904356302
27.549319432779004,10.172035328102933,7.55021928471563
27.891936230817038,16.88656009980202,8.622935807610286
25.365504633386983,56.32646327920922,2.5473391560011787
4.220857555777613,16.854777722197028,1.6186998751366841
27.549319432779004,16.854777722197028,10.025127602057358
47.38027870253846,16.854777722197028,7.486154042695794
26.525328414837883,15.896414977951643,8.70292923339931
25.365504633386983,16.854777722197028,8.829427252304207
6.618027603428118,17.65783021251032,8.559944290702434
27.549319432779004,23.011868122702857,8.296471537896965
31.23558133003513,17.28461130010003,8.598373928542813
51.3615551143464,16.854777722197028,9.519015452163725
27.549319432779004,56.32646327920922,3.160253296406001
16.042127379941746,13.418182240840832,10.0
26.525328414837883,16.16666050569483,10.511852579592073
27.549319432779004,16.854777722197028,10.75572941327401
27.891936230817038,16.88656009980202,10.395019807268476
33.76284846566068,25.125598362209672,8.820307584336918
40.73746953063474,22.28240333538703,7.457030561907752
26.525328414837883,25.401647843601577,8.084327946378568
44.08011460861289,16.854777722197028,9.296898000426916
32.09770644480878,17.081617141125626,9.348115922048741
26.375894302609964,24.695926155988143,6.483572974614397
37.30945073755026,16.13615755004831,9.111622302700772
27.549319432779004,56.32646327920922,10.0
27.549319432779004,16.854777722197028,10.066439009422956
24.193669933975315,13.23200029700173,9.722887449472722
35.22039005383304,16.854777722197028,8.29160189058353
36.09299016355354,17.299211274104465,8.13828661628189
27.549319432779004,27.123131804875577,7.144285344149514
24.938980066919243,15.945705004076197,6.803764402842674
27.891936230817038,16.88656009980202,8.789484915887424
31.395518387477924,16.36675507892525,8.689711581517134
26.81821382701165,13.91633095423672,8.173952515320854
41.264929922197226,17.827726035920787,7.79219973160491
5.851094204882898,16.854777722197028,2.007636199091004
27.789381845753873,13.604694398941621,7.770029109940384
27.549319432779004,16.854777722197028,9.230521408173587
26.488804826200166,18.36781780323336,7.954466296997933
27.789381845753873,22.094017718568782,6.888510321730235
26.525328414837883,16.16666050569483,10.181138711912164
27.549319432779004,16.854777722197028,10.15775868206413
27.549319432779004,16.854777722197028,8.296471537896965
31.955410408492277,15.064317979040396,9.569249369624325
5.831496877132238,16.854777722197028,7.444823599075432
15.562099979500873,10.94090543783563,8.042607493370127
14.377447012479756,16.88656009980202,7.183660910483944
27.549319432779004,16.854777722197028,7.5158840109343465
27.891936230817038,16.88656009980202,10.331102593138223
36.26389587696751,20.456628877856318,10.14745540870104
9.925741104174115,3.271335509099229,1.7216850365509968
63.609179561511226,16.16666050569483,7.566230211360747
26.789694490314986,19.614735846461222,8.153366701085792
27.549319432779004,16.88656009980202,8.796042922583549
26.525328414837883,0.13714273096610796,8.140506689443974
20.051222466258345,16.854777722197028,6.579100296984343
27.549319432779004,56.32646327920922,10.0
26.525328414837883,16.854777722197028,9.43746060021931
27.549319432779004,16.854777722197028,9.783333281785687
25.365504633386983,22.094017718568782,6.4299958589709645
22.299764862147175,16.16666050569483,8.093166507513338
27.549319432779004,16.854777722197028,8.595175442546342
21.544670597528135,56.32646327920922,4.876514358486935
27.549319432779004,85.17795354044227,10.0
14.735871415502574,56.32646327920922,1.4478044055516688
11.420903118321831,0.889494465195442,6.234245883111504
27.549319432779004,56.32646327920922,5.397815489659168
25.365504633386983,56.32646327920922,2.43500607830639
25.365504633386983,16.854777722197028,8.422278839909753
