10.567400120072687,7.830636174617233,7.749628414707015
5.562547815348439,15.998817116100055,10.245293358859872
14.041573015168353,20.25029009518296,8.15127156294079
23.135674846256048,18.98314292992363,7.799203254582731
27.549319432779004,16.854777722197028,9.17955481297162
1.102814701077463,34.982084911001294,9.063302354152922
13.33028605608663,29.33737698228708,6.401978625969718
0.23551457046779234,32.9723046386117,0.0900799460554879
17.407524397061906,20.351228242384373,5.403417458324871
29.926805848775338,49.271108811713276,8.06737171091844
31.988838291680388,16.854777722197028,9.163854720120478
37.327777095618075,25.772401292064202,7.7345220633234275
58.59267899004552,21.558925144322828,7.377975459763371
45.390194449491545,17.203114049441506,3.9380468206698693
27.549319432779004,11.18745555084477,7.363130181663038
54.15369524712419,25.772401292064202,7.125220451044048
14.067951662703308,32.9723046386117,2.66243268423153
6.060767260151323,25.772401292064202,8.296054030784433
6.236290015399016,6.778361893568686,6.0748506579165324
46.150000762406336,26.59269037352454,7.693429903354613
27.549319432779004,13.805787036722085,7.654495529020156
54.15369524712419,61.69926579630415,7.586895416465325
27.549319432779004,18.07055941270805,9.753174006923663
97.43440094217681,25.772401292064202,7.257279703601334
8.837737242665872,32.9723046386117,1.5541896042279937
40.966586005809035,0.43832858453919066,7.826202055454322
19.464292301467193,25.772401292064202,4.341799876669648
8.73765300128606,2.0651326225772793,8.306373029090917
21.65208775244071,25.535088228196223,4.910456954759851
65.220455349416,26.59269037352454,7.693429903354613
22.684939967253975,16.854777722197028,9.02395147265834
52.72239633058567,13.353020343510202,7.457505858234823
11.966744402689805,16.415744087010456,4.3483429337308745
27.549319432779004,13.309907297870499,8.03103373215171
54.10137821538982,26.59269037352454,7.376665497374576
54.15369524712419,25.772401292064202,7.125220451044048
39.811524050831345,32.9723046386117,7.141083364009691
73.43302518666665,25.772401292064202,3.1847487825246685
27.549319432779004,4.835852706135876,0.09258345784950778
39.4994860532388,16.854777722197028,6.649988324334717
27.549319432779004,19.84895205683983,8.685020000043579
37.327777095618075,25.772401292064202,9.378016698383966
45.19581006511207,23.07778073674415,8.598160238744804
22.928972525118244,5.628011756677599,8.730449741338372
20.462000230580582,16.854777722197028,8.726232881946386
27.549319432779004,16.719184704934083,7.892691374224539
27.549319432779004,26.326322084273944,8.520640317467965
27.549319432779004,16.854777722197028,9.25871672099629
13.33028605608663,29.33737698228708,7.662455609096595
46.150000762406336,32.9723046386117,8.586565365492103
49.296294559195886,15.414996044466783,10.09752263783089
27.926608089578885,26.59269037352454,6.092071977408135
21.334796241252256,7.020052224035548,1.6176030898200062
27.926608089578885,26.59269037352454,10.26587726725489
15.92230678291692,32.9723046386117,6.176571711451938
39.811524050831345,18.32431182184294,7.414668216219348
42.07094236913215,33.23733219732704,7.254699085266608
21.146985792306985,12.7853408617921,9.945737023547126
93.13074971459454,32.9723046386117,9.366993582083683
54.15369524712419,32.9723046386117,10.816389128435944
89.3739931667404,0.3724711770737592,8.564718217625325
29.926805848775338,29.33737698228708,8.06737171091844
28.131990786977987,32.9723046386117,5.611282387599476
19.464292301467193,25.772401292064202,9.321850349543121
13.33028605608663,32.9723046386117,7.930674456564979
13.904696627664492,9.45490983723585,8.105986220897046
73.43302518666665,48.60606774808366,8.716099956758182
32.156006938612165,25.772401292064202,7.645083850163889
27.549319432779004,26.59269037352454,7.670303161936818
73.43302518666665,26.59269037352454,7.046648372382672
54.15369524712419,32.9723046386117,5.79668419887799
13.33028605608663,3.6054149909601207,0.09634750636818204
19.464292301467193,48.60606774808366,8.577957720044807
22.50365726147171,48.60606774808366,8.638047335023517
73.43302518666665,29.33737698228708,5.042699686279407
29.926805848775338,25.772401292064202,7.6835992970480635
19.464292301467193,14.499464060671304,7.554981790325925
29.926805848775338,25.772401292064202,7.6835992970480635
15.92230678291692,26.59269037352454,7.3913948988178735
54.15369524712419,32.9723046386117,5.79668419887799
