22.663716463749104,13.197765266910956,9.55654413940097
22.663716463749104,12.868248606738288,8.9378680473916
22.068810992412544,21.453291152891786,8.812230761768065
23.079664204041293,13.51559987433638,9.156585087343707
22.663716463749104,13.197765266910956,9.873036852450067
32.91035074326437,15.236553239928151,7.207821181056343
22.663716463749104,13.9852975955728,9.111628329162
22.068810992412544,13.197765266910956,10.924184528188357
22.663716463749104,13.197765266910956,9.187988872689553
22.663716463749104,24.02914394246766,5.3976327556084005
22.663716463749104,12.868248606738288,9.438627296421394
31.22393090077125,53.72858558324096,8.791738472535553
22.663716463749104,13.197765266910956,9.102984706947035
22.663716463749104,13.197765266910956,8.898588727075703
22.663716463749104,12.868248606738288,9.279445865471734
19.59373939061038,11.39678219912262,10.36403379400046
43.63753165317974,13.197765266910956,9.087494606391012
22.663716463749104,13.9852975955728,10.206310941552458
22.663716463749104,16.144052276668596,8.031323946179292
22.663716463749104,12.868248606738288,8.682044884393743
22.663716463749104,13.9852975955728,9.622300032993394
22.663716463749104,13.197765266910956,9.994714505833363
22.663716463749104,12.868248606738288,10.294968943565797
22.068810992412544,13.197765266910956,10.591453996863361
14.992442628869075,24.563925981855867,8.71447307416058
39.21819286265518,13.197765266910956,2.2174205148276327
22.663716463749104,4.150472397011892,9.89368350126403
7.748816318322341,6.959238739259971,6.2531210107391155
22.663716463749104,16.639474092134616,7.463050841652272
11.696857804889559,16.179063224043517,9.194614802943143
22.663716463749104,13.197765266910956,10.613891726502356
22.663716463749104,13.197765266910956,10.181938633111647
28.77365535421029,13.197765266910956,7.410360012132377
28.385325738019347,16.097694543338076,9.403349535228083
22.663716463749104,12.868248606738288,10.269414450334349
22.663716463749104,13.9852975955728,8.943283603099117
13.53927214725813,13.197765266910956,6.166260853543505
5.368028170931979,19.437796070245774,1.801866672445266
22.663716463749104,9.131563595593802,4.898388935823539
28.18542504420406,16.144052276668596,9.02424687940961
22.663716463749104,13.197765266910956,9.054938523780883
25.519523380277167,31.84583677370079,9.15782581218493
22.663716463749104,13.197765266910956,8.781792762227312
22.663716463749104,13.197765266910956,9.05879404975104
22.663716463749104,8.443307720332122,3.5153862679400087
22.663716463749104,13.9852975955728,9.858206108349698
22.663716463749104,13.197765266910956,8.821290587994504
22.068810992412544,4.916805964869299,10.39274586452888
22.663716463749104,12.868248606738288,10.033122963135336
22.663716463749104,13.9852975955728,10.164028663687725
46.843092318206786,33.03422398980323,8.182541078998169
22.068810992412544,12.868248606738288,9.086179666464794
22.663716463749104,13.9852975955728,9.073371781154997
22.068810992412544,13.9852975955728,9.11887920001909
22.068810992412544,16.386784552163633,9.00410267120774
22.663716463749104,12.868248606738288,9.040672247600698
22.068810992412544,13.9852975955728,9.11887920001909
22.663716463749104,12.868248606738288,10.293785585238066
22.068810992412544,12.868248606738288,9.086179666464794
22.068810992412544,13.9852975955728,9.11887920001909
42.141236262094296,13.197765266910956,0.7984579513693071
22.663716463749104,13.197765266910956,9.279666736462671
22.068810992412544,12.868248606738288,9.086179666464794
22.663716463749104,13.9852975955728,9.073371781154997
22.068810992412544,13.197765266910956,9.100445942644978
22.068810992412544,4.817872397514627,9.261419146209981
22.663716463749104,13.197765266910956,8.9700157031566
22.068810992412544,12.875978531918479,8.942107871021975
22.663716463749104,13.9852975955728,10.486260934649186
22.068810992412544,12.875978531918479,9.086553810371232
22.663716463749104,12.875978531918479,9.041046391507138
22.663716463749104,13.197765266910956,9.054938523780883
23.830699612104116,12.868248606738288,8.924029244604274
17.10626004646817,13.197765266910956,9.063572432858042
22.068810992412544,13.197765266910956,9.100445942644978
22.663716463749104,13.9852975955728,9.632821975060127
28.77365535421029,13.197765266910956,8.130632493831133
22.663716463749104,16.53693174499606,9.03152498037094
42.171040665673374,22.060629546929203,5.470962132603491
22.663716463749104,13.197765266910956,9.054938523780883
