22.663716463749104,13.197765266910956,9.679049875238553
22.663716463749104,7.384971774439376,8.9378680473916
22.068810992412544,21.453291152891786,8.812230761768065
23.079664204041293,9.146187987086325,4.937288293146787
22.663716463749104,13.197765266910956,9.150863812529352
22.068810992412544,13.197765266910956,9.455662745341224
22.663716463749104,13.9852975955728,9.111628329162
22.068810992412544,13.197765266910956,10.924184528188357
22.663716463749104,22.931798906262923,9.187988872689553
22.663716463749104,8.285039149251324,9.621082904152278
22.663716463749104,12.868248606738288,9.273236148393805
22.663716463749104,13.197765266910956,8.864946488725973
22.663716463749104,13.197765266910956,9.102984706947035
22.663716463749104,14.547668120556052,9.942804494889483
22.663716463749104,12.868248606738288,9.23444780637967
19.59373939061038,11.39678219912262,10.36403379400046
43.63753165317974,13.197765266910956,9.087494606391012
22.663716463749104,13.9852975955728,10.206310941552458
22.068810992412544,13.197765266910956,9.157137497938136
30.264534976649706,12.868248606738288,5.766288933183514
22.663716463749104,13.9852975955728,9.764854437905049
22.663716463749104,13.197765266910956,9.68465196783753
22.663716463749104,12.868248606738288,10.294968943565797
22.068810992412544,13.197765266910956,10.846330024949028
22.625572638470175,24.563925981855867,8.71447307416058
22.663716463749104,12.868248606738288,9.619516536441415
22.663716463749104,4.150472397011892,9.89368350126403
22.663716463749104,2.086011176311546,9.465159631269579
18.6954041627423,13.197765266910956,9.437269565878939
22.663716463749104,13.9852975955728,9.237434314237982
22.663716463749104,13.197765266910956,10.613891726502356
22.663716463749104,13.197765266910956,9.077313502869288
22.068810992412544,12.875978531918479,9.051883493405134
28.385325738019347,16.097694543338076,9.336400542121313
22.663716463749104,0.844375733410164,10.269414450334349
22.663716463749104,13.9852975955728,9.33350392741004
33.22758124917814,13.9852975955728,9.39809158153043
22.663716463749104,14.83128976827577,9.355082090529283
22.663716463749104,10.825623723835758,7.7023292525516265
45.040527901511844,16.144052276668596,3.473275678820477
22.068810992412544,13.197765266910956,8.948776357518472
44.932021829575845,31.84583677370079,8.741036813424094
22.663716463749104,5.53508006099364,8.781792762227312
22.663716463749104,13.197765266910956,9.324500792807424
22.663716463749104,16.53693174499606,8.347538301056222
4.368132322958797,3.1043369232474696,8.812083285717097
44.45826122075355,16.838971345380095,8.821290587994504
16.114781163742098,4.916805964869299,0.34654747026099025
22.663716463749104,12.868248606738288,9.617930447708817
22.663716463749104,13.9852975955728,9.954507165442859
32.97446232670284,13.197765266910956,10.322232820258913
22.068810992412544,12.868248606738288,8.992163394819379
22.663716463749104,13.9852975955728,9.048382649681246
22.068810992412544,13.9852975955728,9.801225235254119
22.663716463749104,13.197765266910956,9.134778693286453
22.663716463749104,20.476331497443887,7.594278628300741
22.663716463749104,0.9560139856185295,0.10986760079760614
22.663716463749104,12.868248606738288,9.111503511417304
22.663716463749104,13.197765266910956,9.134778693286453
22.663716463749104,13.9852975955728,9.61596042442186
22.663716463749104,12.868248606738288,9.111503511417304
22.663716463749104,13.197765266910956,9.134778693286453
22.663716463749104,12.868248606738288,9.111503511417304
22.068810992412544,13.197765266910956,10.545870059341787
44.762546565511414,13.197765266910956,0.09663024781346916
39.18757670763471,12.868248606738288,1.6435162669099839
22.663716463749104,5.483696338879809,7.590022809096164
22.663716463749104,13.197765266910956,9.134778693286453
22.663716463749104,13.197765266910956,9.073164789041268
22.663716463749104,13.9852975955728,9.157433560518015
22.663716463749104,12.868248606738288,9.74572322183791
22.663716463749104,13.9852975955728,8.939042279684283
23.830699612104116,12.868248606738288,9.41255322472189
22.068810992412544,13.197765266910956,8.948776357518472
22.663716463749104,12.868248606738288,9.111503511417304
22.663716463749104,13.9852975955728,9.157433560518015
28.77365535421029,13.9852975955728,8.342307102928878
22.663716463749104,5.483696338879809,0.10945853108849904
22.068810992412544,13.197765266910956,8.979033543260858
22.068810992412544,13.197765266910956,9.778338098275523
