22.55452722160601,11.725141553088568,8.079209273269814
22.068810992412544,11.293735251070467,7.641427296557279
21.42645722488939,9.84432067640927,7.3485464859930705
31.773332088300883,14.87189416017166,7.2978712960158525
56.411448341459135,15.716801170913955,8.435102509055438
26.598565364345582,13.565067359388223,7.4850754781355135
15.166197890494363,8.336121433319574,8.478084884816683
22.663716463749104,15.81454562220135,8.418453516174147
21.697472494490754,15.271976839633757,7.521418512099336
15.166197890494363,8.336121433319574,8.478084884816683
33.40295539791821,13.9852975955728,5.4280928946298435
22.663716463749104,13.881974045068297,9.710988307555477
26.664679431816158,13.9852975955728,8.693822827038996
22.663716463749104,13.197765266910956,9.61726213555336
22.55452722160601,11.725141553088568,8.079209273269814
56.411448341459135,15.716801170913955,8.435102509055438
30.01412815627383,15.829214558073993,9.234473004267791
26.598565364345582,13.565067359388223,7.4850754781355135
20.161371127566248,26.39832217085032,4.283483166596732
34.69724350819777,14.598089371888362,5.573157598296972
26.664679431816158,13.197765266910956,7.2632090204594695
30.895979870613335,15.406551530235017,7.22339889350087
22.068810992412544,11.293735251070467,7.641427296557279
34.69724350819777,14.598089371888362,5.573157598296972
13.796359381440833,13.012096022201934,6.258566074510465
22.663716463749104,13.881974045068297,9.710988307555477
30.01412815627383,15.829214558073993,9.234473004267791
26.598565364345582,13.565067359388223,7.4850754781355135
26.664679431816158,13.9852975955728,8.693822827038996
21.42645722488939,9.84432067640927,7.3485464859930705
22.663716463749104,13.197765266910956,10.436567999829856
26.664679431816158,13.197765266910956,7.2632090204594695
28.385325738019347,19.15862218577894,8.602822274722058
22.663716463749104,13.197765266910956,9.61726213555336
31.335905196946765,15.406551530235017,8.026572459579322
26.904707616353505,15.276499141583585,10.180802889565188
30.895979870613335,15.406551530235017,7.22339889350087
28.262787309677737,11.682143011795546,5.892469830958896
28.385325738019347,19.15862218577894,8.602822274722058
26.664679431816158,13.197765266910956,7.582798660610392
22.663716463749104,13.9852975955728,9.967441166878746
34.69724350819777,14.598089371888362,5.573157598296972
37.39931918624701,16.041851490190563,7.518334019699181
13.796359381440833,13.012096022201934,6.258566074510465
22.663716463749104,13.197765266910956,9.61726213555336
22.663716463749104,13.9852975955728,9.310216088566143
15.166197890494363,8.336121433319574,8.478084884816683
22.068810992412544,13.197765266910956,9.549831178714088
30.01412815627383,15.829214558073993,9.234473004267791
25.519523380277167,16.144052276668596,10.29679023554501
5.865360415107915,4.853971311013895,7.714143162494796
23.61489202116789,17.758797374861658,7.360909549811926
21.42645722488939,9.84432067640927,7.3485464859930705
9.639407809984984,11.293735251070467,7.699702575195188
22.663716463749104,13.197765266910956,9.804767014530306
22.663716463749104,13.197765266910956,9.350587021150888
23.61489202116789,17.758797374861658,7.360909549811926
22.663716463749104,13.9852975955728,9.310216088566143
30.895979870613335,15.406551530235017,7.22339889350087
22.663716463749104,12.868248606738288,10.29465921859134
37.39931918624701,16.041851490190563,7.518334019699181
31.335905196946765,15.406551530235017,8.026572459579322
26.904707616353505,15.276499141583585,10.180802889565188
22.663716463749104,12.868248606738288,9.308576724608596
34.69724350819777,14.598089371888362,5.573157598296972
22.663716463749104,12.868248606738288,10.333070550302109
22.663716463749104,15.81454562220135,8.418453516174147
22.663716463749104,15.868545565299913,7.861040796561937
22.663716463749104,12.868248606738288,9.587583314082135
22.663716463749104,13.9852975955728,9.967441166878746
15.166197890494363,8.336121433319574,8.478084884816683
22.663716463749104,13.9852975955728,10.402839319758279
9.639407809984984,11.293735251070467,7.699702575195188
22.068810992412544,13.197765266910956,9.549831178714088
22.663716463749104,13.881974045068297,9.710988307555477
22.663716463749104,13.197765266910956,10.436567999829856
16.503328560220346,13.197765266910956,7.535494883814847
5.865360415107915,4.853971311013895,7.714143162494796
22.663716463749104,12.868248606738288,10.173605542757468
22.663716463749104,13.9852975955728,9.310216088566143
20.161371127566248,26.39832217085032,4.283483166596732
22.663716463749104,23.821382152576035,5.875585499092908
22.663716463749104,12.868248606738288,9.587583314082135
30.01412815627383,15.829214558073993,9.234473004267791
22.663716463749104,13.9852975955728,9.967441166878746
33.40295539791821,13.9852975955728,5.4280928946298435
22.068810992412544,13.197765266910956,9.549831178714088
16.948404945039094,12.868248606738288,8.086880503037236
6.4761490310388865,8.534759059899258,4.970960965223593
22.663716463749104,13.197765266910956,8.970162516399107
26.664679431816158,13.197765266910956,7.2632090204594695
12.295848483036695,13.197765266910956,5.658684156499139
19.964138121130368,9.41382813981164,7.134688226242763
22.663716463749104,13.197765266910956,9.966815803628046
22.663716463749104,12.868248606738288,9.570580908377808
22.663716463749104,16.144052276668596,8.707945342535831
28.385325738019347,19.15862218577894,8.602822274722058
22.068810992412544,11.293735251070467,7.641427296557279
22.663716463749104,13.197765266910956,10.436567999829856
31.773332088300883,14.87189416017166,7.2978712960158525
25.519523380277167,16.144052276668596,10.29679023554501
22.663716463749104,15.81454562220135,8.418453516174147
34.69724350819777,14.598089371888362,5.573157598296972
22.663716463749104,15.81454562220135,8.745103485005302
22.663716463749104,13.197765266910956,9.804767014530306
26.598565364345582,13.565067359388223,7.4850754781355135
22.663716463749104,13.197765266910956,9.350587021150888
22.55452722160601,11.725141553088568,8.079209273269814
22.663716463749104,12.852902771858481,10.253957292568177
