22.663716463749104,5.53508006099364,8.781792762227312
22.663716463749104,16.53693174499606,7.440002556645576
19.59373939061038,11.39678219912262,10.36403379400046
43.63753165317974,13.197765266910956,9.087494606391012
22.663716463749104,13.197765266910956,9.150863812529352
22.663716463749104,5.53508006099364,8.781792762227312
43.63753165317974,13.197765266910956,9.087494606391012
22.663716463749104,16.53693174499606,7.440002556645576
19.59373939061038,11.39678219912262,10.36403379400046
22.663716463749104,13.197765266910956,9.150863812529352
22.663716463749104,7.384971774439376,8.9378680473916
22.663716463749104,13.9852975955728,10.206310941552458
22.663716463749104,13.197765266910956,9.150863812529352
22.068810992412544,12.875978531918479,9.777981764145057
22.068810992412544,4.916805964869299,10.39274586452888
22.068810992412544,13.197765266910956,10.924184528188357
19.59373939061038,11.39678219912262,10.36403379400046
22.663716463749104,13.197765266910956,9.679049875238553
22.068810992412544,13.197765266910956,10.924184528188357
22.068810992412544,12.875978531918479,9.777981764145057
22.663716463749104,13.9852975955728,10.206310941552458
22.663716463749104,7.384971774439376,8.9378680473916
22.663716463749104,13.9852975955728,9.954507165442859
22.068810992412544,4.916805964869299,10.39274586452888
22.663716463749104,0.844375733410164,10.269414450334349
22.068810992412544,12.875978531918479,9.777981764145057
22.068810992412544,4.916805964869299,10.39274586452888
22.663716463749104,13.197765266910956,10.181938633111647
28.18542504420406,16.144052276668596,9.280942591908934
22.663716463749104,16.53693174499606,7.440002556645576
22.663716463749104,13.197765266910956,9.679049875238553
22.663716463749104,5.53508006099364,8.781792762227312
22.663716463749104,13.9852975955728,9.764854437905049
22.663716463749104,13.197765266910956,9.102984706947035
44.932021829575845,31.84583677370079,8.741036813424094
28.18542504420406,16.144052276668596,9.280942591908934
22.663716463749104,13.9852975955728,9.954507165442859
22.663716463749104,0.844375733410164,10.269414450334349
22.068810992412544,4.916805964869299,10.39274586452888
22.663716463749104,5.53508006099364,8.781792762227312
22.663716463749104,16.53693174499606,7.440002556645576
22.068810992412544,13.197765266910956,10.924184528188357
28.18542504420406,16.144052276668596,9.280942591908934
22.663716463749104,16.53693174499606,7.440002556645576
22.663716463749104,13.197765266910956,9.102984706947035
22.663716463749104,13.9852975955728,10.206310941552458
22.663716463749104,13.197765266910956,9.150863812529352
22.663716463749104,5.53508006099364,8.781792762227312
43.63753165317974,13.197765266910956,9.087494606391012
22.663716463749104,13.197765266910956,9.679049875238553
19.59373939061038,11.39678219912262,10.36403379400046
22.068810992412544,12.875978531918479,9.777981764145057
22.663716463749104,13.9852975955728,10.206310941552458
22.663716463749104,13.197765266910956,9.05879404975104
22.663716463749104,5.53508006099364,8.781792762227312
22.663716463749104,13.197765266910956,9.679049875238553
22.663716463749104,13.197765266910956,9.102984706947035
22.663716463749104,13.9852975955728,9.954507165442859
28.18542504420406,16.144052276668596,9.280942591908934
22.663716463749104,13.197765266910956,9.150863812529352
28.385325738019347,16.097694543338076,8.647443053990816
43.63753165317974,13.197765266910956,9.087494606391012
22.068810992412544,4.916805964869299,10.39274586452888
22.663716463749104,13.197765266910956,9.150863812529352
22.663716463749104,13.197765266910956,9.05879404975104
22.663716463749104,4.150472397011892,9.89368350126403
22.663716463749104,13.9852975955728,9.764854437905049
28.385325738019347,16.097694543338076,8.647443053990816
22.663716463749104,7.384971774439376,8.9378680473916
22.663716463749104,13.197765266910956,10.322232820258913
22.663716463749104,0.844375733410164,10.269414450334349
44.932021829575845,31.84583677370079,8.741036813424094
22.663716463749104,13.9852975955728,10.206310941552458
22.663716463749104,13.197765266910956,10.181938633111647
22.068810992412544,13.197765266910956,10.924184528188357
22.663716463749104,13.9852975955728,9.764854437905049
22.663716463749104,13.197765266910956,10.322232820258913
22.663716463749104,13.197765266910956,9.150863812529352
22.663716463749104,5.53508006099364,8.781792762227312
19.59373939061038,11.39678219912262,10.36403379400046
22.663716463749104,7.384971774439376,8.9378680473916
22.663716463749104,16.53693174499606,8.572641962666612
22.663716463749104,13.197765266910956,9.05879404975104
28.385325738019347,16.097694543338076,8.647443053990816
22.663716463749104,16.53693174499606,8.572641962666612
43.63753165317974,13.197765266910956,9.087494606391012
22.068810992412544,4.916805964869299,10.39274586452888
22.663716463749104,5.53508006099364,8.781792762227312
22.663716463749104,13.197765266910956,9.679049875238553
22.663716463749104,12.868248606738288,10.294968943565797
22.663716463749104,13.9852975955728,9.111628329162
22.663716463749104,13.197765266910956,10.181938633111647
22.663716463749104,13.9852975955728,9.954507165442859
22.663716463749104,7.384971774439376,8.9378680473916
22.663716463749104,13.197765266910956,9.68465196783753
22.663716463749104,13.197765266910956,9.102984706947035
23.079664204041293,13.51559987433638,10.597550986981732
22.068810992412544,4.916805964869299,10.39274586452888
22.068810992412544,13.197765266910956,10.924184528188357
22.068810992412544,21.453291152891786,8.812230761768065
22.663716463749104,13.197765266910956,9.679049875238553
22.663716463749104,13.197765266910956,10.181938633111647
22.663716463749104,5.53508006099364,8.781792762227312
28.18542504420406,16.144052276668596,9.280942591908934
22.663716463749104,12.868248606738288,10.294968943565797
22.663716463749104,4.150472397011892,9.89368350126403
22.663716463749104,16.53693174499606,7.440002556645576
28.18542504420406,16.144052276668596,9.280942591908934
22.663716463749104,13.197765266910956,9.68465196783753
22.663716463749104,13.197765266910956,9.102984706947035
22.663716463749104,13.197765266910956,9.05879404975104
44.45826122075355,16.838971345380095,8.821290587994504
22.663716463749104,13.197765266910956,10.181938633111647
11.696857804889559,16.179063224043517,4.033344870387204
22.663716463749104,16.53693174499606,7.440002556645576
22.068810992412544,12.875978531918479,9.777981764145057
22.068810992412544,21.453291152891786,8.812230761768065
22.663716463749104,7.384971774439376,8.9378680473916
22.663716463749104,13.9852975955728,10.206310941552458
23.079664204041293,13.51559987433638,10.597550986981732
22.663716463749104,12.868248606738288,9.617930447708817
22.663716463749104,13.197765266910956,10.322232820258913
22.663716463749104,16.53693174499606,7.440002556645576
23.079664204041293,13.51559987433638,10.597550986981732
28.18542504420406,16.144052276668596,9.280942591908934
22.663716463749104,13.197765266910956,9.05879404975104
22.068810992412544,21.453291152891786,8.812230761768065
22.663716463749104,13.197765266910956,10.181938633111647
22.663716463749104,13.9852975955728,10.206310941552458
19.59373939061038,11.39678219912262,10.36403379400046
22.663716463749104,12.868248606738288,8.667011615720575
22.663716463749104,0.844375733410164,10.269414450334349
22.068810992412544,12.875978531918479,9.777981764145057
28.385325738019347,16.097694543338076,8.647443053990816
22.663716463749104,12.868248606738288,10.294968943565797
22.068810992412544,13.197765266910956,10.924184528188357
22.663716463749104,12.868248606738288,9.273236148393805
22.663716463749104,13.197765266910956,9.68465196783753
22.663716463749104,13.197765266910956,10.613891726502356
22.663716463749104,12.868248606738288,9.273236148393805
22.663716463749104,13.9852975955728,10.206310941552458
22.068810992412544,13.197765266910956,10.846330024949028
22.663716463749104,0.844375733410164,10.269414450334349
22.663716463749104,13.197765266910956,10.181938633111647
22.663716463749104,13.197765266910956,9.150863812529352
22.663716463749104,13.197765266910956,8.831242150058719
22.663716463749104,13.9852975955728,9.764854437905049
22.663716463749104,16.53693174499606,7.440002556645576
22.663716463749104,12.868248606738288,8.667011615720575
22.663716463749104,13.197765266910956,9.579908364068213
22.068810992412544,13.197765266910956,10.924184528188357
34.705846808429854,12.875978531918479,3.6510091647884737
22.663716463749104,12.868248606738288,10.293785585238066
22.068810992412544,12.875978531918479,9.777981764145057
22.663716463749104,16.53693174499606,8.572641962666612
19.59373939061038,11.39678219912262,10.36403379400046
22.663716463749104,13.9852975955728,8.943283603099117
22.663716463749104,12.868248606738288,9.617930447708817
22.663716463749104,3.1043369232474696,9.858206108349698
34.705846808429854,12.875978531918479,3.6510091647884737
22.663716463749104,13.197765266910956,9.68465196783753
36.886769453717086,12.868248606738288,2.788974769744039
22.663716463749104,12.868248606738288,9.617930447708817
22.663716463749104,16.53693174499606,8.572641962666612
22.663716463749104,12.868248606738288,9.755689723924748
22.663716463749104,13.197765266910956,9.464446637489765
31.22393090077125,53.72858558324096,3.534461287509425
22.663716463749104,12.868248606738288,9.972858547296086
23.079664204041293,13.51559987433638,10.597550986981732
11.696857804889559,16.179063224043517,4.033344870387204
28.385325738019347,16.097694543338076,8.647443053990816
28.18542504420406,16.144052276668596,9.280942591908934
22.663716463749104,13.197765266910956,10.322232820258913
22.663716463749104,13.9852975955728,9.160965284102856
22.663716463749104,12.868248606738288,9.273236148393805
28.77365535421029,13.9852975955728,7.281199233029365
22.663716463749104,4.130811197750964,0.09286281534368823
22.663716463749104,13.197765266910956,9.679049875238553
22.663716463749104,16.53693174499606,7.440002556645576
22.068810992412544,13.197765266910956,10.846330024949028
22.068810992412544,12.875978531918479,9.777981764145057
22.663716463749104,13.197765266910956,9.150863812529352
22.663716463749104,13.9852975955728,9.954507165442859
22.663716463749104,13.197765266910956,8.831242150058719
44.932021829575845,31.84583677370079,8.741036813424094
22.663716463749104,13.197765266910956,9.579908364068213
22.663716463749104,12.868248606738288,8.667011615720575
22.068810992412544,16.386784552163633,8.427749607961493
22.663716463749104,13.9852975955728,9.764854437905049
22.068810992412544,12.868248606738288,8.992163394819379
22.663716463749104,12.868248606738288,9.825379950669346
