39.681332306962595,11.097243040395753,4.00715784075172
26.904707616353505,15.276499141583585,6.6630352343509
33.9432061550966,6.908993183743929,2.7246674927376375
44.77007878647912,16.504883918892705,2.8259546184755493
31.14735910592471,11.428808376246298,5.54095146012525
17.14620223271436,17.828608925992064,6.1240261994290215
34.69724350819777,15.262920792714207,6.107207549481338
23.61489202116789,17.758797374861658,5.601638288820759
40.66453977625737,15.299515160550122,4.317941764374398
28.262787309677737,15.3928291585382,6.670602554833199
15.166197890494363,8.336121433319574,9.722680704887198
19.209360942795435,17.255369052896388,6.31627112738522
33.05747065033259,17.174992198504437,7.926515130269958
38.19327944879828,9.519186532464953,4.65954191144521
27.571136155126666,6.9660071007369,0.10960648441808356
21.42645722488939,9.84432067640927,7.530765481756926
30.99572269109217,15.716801170913955,8.730411849241356
21.382128091612277,16.041851490190563,6.980001525806298
26.598565364345582,13.287064996305366,7.798829078114051
41.45100794765757,11.680059971206022,3.2999797581680532
41.83688725269689,10.484130793462715,3.3139863448702584
42.77440229818236,9.45893801615609,0.09539543010741522
32.41429313349293,13.486868379890353,5.653238451775458
36.47399854461177,12.488993979696613,2.5025380731012796
38.55945882216693,14.914809494985882,4.814056362440336
31.252151587155424,12.704081847525563,4.811290754102167
37.80688908628434,15.139624746999766,5.423811819811348
40.841521915766904,6.1775376711146714,0.1
26.75510332499343,13.012096022201934,5.797751238793218
43.222022966575594,17.029335913195002,3.318491189032457
41.386989712195756,10.84312788825186,3.432701205589428
35.48371282587629,8.487527089873124,4.97248829555285
37.21957984043135,6.675701456657812,0.10494700561232051
16.214801048276374,17.043404752642996,5.477780141569797
40.18505440930579,14.801772933694409,4.570546975687968
18.221877516382083,9.381921824506158,6.460686963586632
40.32250668596228,11.773410033172912,3.718140632094755
35.71832960154293,13.73265437725163,4.710522934030995
40.62068358850375,12.30320972309168,3.617866422865607
23.93242094583023,13.136153514437172,5.882331415282174
35.15004210086951,16.458517804036504,6.83315589547525
28.19688254208846,7.59868944056303,4.645891343997384
18.86685255222313,11.725141553088568,9.326809023228819
36.667238578175585,6.300793544342569,0.1734709020952181
34.9844134989835,8.735168085196676,5.19283377815831
24.98946740652479,7.257696706128595,4.0586762978959
23.032186400048737,15.648325385492496,6.849887558462115
26.048128962848807,10.279153757912717,5.89978754838716
30.01412815627383,15.829214558073993,6.703736937366841
41.83657400563855,13.674354665556757,3.465857065402986
41.27985135229063,14.469301759193074,2.9079079275290067
40.193083402103085,16.39804936721191,4.8691057538288085
38.821880682092115,12.546532306615271,4.2356825420846
24.025429931095825,9.089293767229577,5.958461625678016
16.503328560220346,9.777228420755602,10.331996560148289
41.10417503052541,11.300700067478505,0.09393093554311033
30.974277545613038,16.144052276668596,6.664086811109563
41.8174824057059,15.119754557455718,4.078211344027395
43.50662830380649,7.639547773449991,0.10357376946959578
28.081566907958777,13.881974045068297,7.678368666703175
22.663716463749104,13.9852975955728,10.680096751887522
17.22509261491711,16.525737827163805,5.753478420159163
20.219192346749743,11.689969345574578,5.937917661242583
31.747311848264733,11.550791707953083,5.483902463638927
32.538777912289675,15.271976839633757,7.461263468815444
25.118578004857312,8.465241250687598,5.671500537922004
44.10853890044082,15.533962899530707,3.157969086479085
33.21288585059333,13.931581863783297,5.7507003288499625
19.258525099488743,17.742328936410367,5.931086215379551
15.019839337207065,9.670423223627308,7.233635782198991
20.161371127566248,13.605839806757775,6.241013008361161
30.895979870613335,15.406551530235017,8.554787152830619
32.59624710688084,16.437446323438117,6.488315568563213
42.84291588388227,11.035132539534166,2.7824210697018756
25.003817301976383,7.399703803648381,0.10355373694403473
39.89239392485253,10.77124603148059,3.9911938546578867
20.912520262982934,12.868248606738288,5.960815770712845
31.335905196946765,12.38352361232588,4.4104702712670365
43.02092051748565,12.303023608250319,0.09596737857654426
26.664679431816158,13.197765266910956,8.268726147743193
