22.068810992412544,13.118412359806502,9.757070046412801
22.068810992412544,12.968873021900778,10.754334117110258
22.068810992412544,0.7377231910601729,6.73900570362223
22.068810992412544,24.8419837616147,8.187048446132271
22.068810992412544,13.197765266910956,9.76564408322396
22.068810992412544,10.64403732201539,7.62915506579974
22.068810992412544,13.118412359806502,9.885453855543412
20.12538519873031,23.774610480345608,8.716511562490291
22.068810992412544,11.935000086556162,9.196099735885305
22.068810992412544,12.724745322843017,10.058041697274135
22.068810992412544,13.231352421407193,9.728828351124749
25.670553947541787,13.197765266910956,9.114931188647926
22.068810992412544,13.197765266910956,10.453080037106508
22.068810992412544,13.197765266910956,10.050763831134764
22.068810992412544,10.901978983488236,8.21470301347572
22.068810992412544,13.118412359806502,9.816739394446333
22.068810992412544,13.197765266910956,9.29381468471817
22.068810992412544,13.118412359806502,10.063711763422516
22.068810992412544,13.753675581475472,9.520292989107215
22.068810992412544,6.985912544620691,10.109515556538089
22.068810992412544,24.8419837616147,5.210822170504789
23.03676879040552,13.753675581475472,10.278440900728771
22.068810992412544,13.197765266910956,9.553752394802277
25.12660519011992,28.028168818770308,8.98655322124237
22.068810992412544,12.778932096377126,9.399245943023288
22.34499249886846,13.197765266910956,9.39543221381777
22.068810992412544,13.908666148050798,8.854838502393806
22.068810992412544,19.55946673139358,6.456723717966253
22.068810992412544,13.197765266910956,9.553752394802277
22.068810992412544,13.197765266910956,10.377634497932277
13.076451919049774,9.30570672960781,9.149663738543783
49.82395415644946,13.118412359806502,0.10351902259322152
22.068810992412544,13.356703310010033,9.445970547636895
16.340362975626377,9.331255134213444,8.61736791975873
22.068810992412544,12.758592288591203,8.723663979199825
24.777201810870594,0.7989442793375332,8.951293702374668
22.068810992412544,13.02971342810412,10.666258087807488
16.72824657678297,13.197765266910956,9.540159807336531
22.068810992412544,13.197765266910956,10.442017452232434
22.068810992412544,13.197765266910956,9.37915486521107
10.018343181828241,19.233456873742206,8.771531375102402
22.068810992412544,12.758592288591203,9.893087053937743
22.068810992412544,11.953356462366873,9.781298104985984
22.068810992412544,13.02971342810412,8.947483746373393
22.068810992412544,24.8419837616147,5.850734723795698
18.341956831454397,13.197765266910956,10.215738730257653
18.421139180952014,23.841282883589024,9.222144138254967
22.068810992412544,13.197765266910956,9.320043561256146
22.068810992412544,6.39021852064051,0.09811450487820941
22.068810992412544,13.118412359806502,9.677382127967343
32.70160319698225,11.173051554330353,8.444725907530334
22.068810992412544,13.02971342810412,10.219051875212463
27.610334751457835,13.02971342810412,9.067081513850091
22.068810992412544,12.052460398775976,8.969030926990078
22.068810992412544,13.02971342810412,10.706638596884263
19.524284149138513,13.02971342810412,9.567207845788264
22.34499249886846,13.02971342810412,10.30033920852263
10.030815640964194,13.197765266910956,4.7401191786988095
5.236539265855875,17.815807428380268,3.7043448920851922
22.068810992412544,13.197765266910956,9.415891342715742
22.068810992412544,13.02971342810412,9.400972755763346
22.068810992412544,13.02971342810412,10.359397660604301
22.068810992412544,13.118412359806502,9.409036383600027
22.068810992412544,13.02971342810412,9.400972755763346
22.068810992412544,13.02971342810412,9.400972755763346
17.27139096489502,13.02971342810412,7.352087050028587
17.45154287096677,13.197765266910956,7.577911477363268
22.3580887715063,13.02971342810412,9.379541141132448
22.068810992412544,13.118412359806502,9.409036383600027
22.068810992412544,4.956644842351242,7.875680084794842
29.180615116707322,24.8419837616147,7.81823754989416
22.068810992412544,13.02971342810412,9.400972755763346
22.068810992412544,13.02971342810412,10.29054671945132
22.068810992412544,13.02971342810412,9.400972755763346
22.068810992412544,13.02971342810412,9.527699613447767
18.341956831454397,13.197765266910956,8.552556164238956
22.068810992412544,12.968873021900778,10.288591049142017
22.068810992412544,13.02971342810412,10.074114854564154
22.34499249886846,13.02971342810412,9.380513626865374
7.061243359704465,24.8419837616147,4.674087702055978
