39.681332306962595,11.097243040395753,0.10356039733035924
26.904707616353505,15.276499141583585,6.6630352343509
31.335905196946765,12.38352361232588,4.489996760819393
30.895979870613335,16.437446323438117,6.751286200524241
25.074818831601398,11.428808376246298,6.81167457366721
17.14620223271436,17.828608925992064,6.1240261994290215
34.69724350819777,14.598089371888362,5.179005640193693
23.61489202116789,17.758797374861658,5.601638288820759
40.66453977625737,15.299515160550122,3.6701146368893136
28.262787309677737,11.682143011795546,6.670602554833199
15.166197890494363,8.336121433319574,8.699602215112506
19.209360942795435,17.255369052896388,6.31627112738522
33.05747065033259,17.174992198504437,7.926515130269958
38.19327944879828,9.519186532464953,0.10755254964011014
26.664679431816158,13.197765266910956,7.413732318533629
21.42645722488939,9.84432067640927,7.530765481756926
30.99572269109217,15.716801170913955,8.435102509055438
21.382128091612277,16.041851490190563,6.980001525806298
26.598565364345582,13.287064996305366,7.565012517316856
41.45100794765757,11.680059971206022,0.1027438911658906
41.83688725269689,10.484130793462715,3.3139863448702584
22.663716463749104,13.9852975955728,7.90078229991177
32.41429313349293,4.205890157680409,5.653238451775458
31.335905196946765,12.868248606738288,6.398932873440522
38.55945882216693,6.820400291812668,4.814056362440336
31.252151587155424,12.704081847525563,4.811290754102167
37.80688908628434,15.139624746999766,5.423811819811348
30.895979870613335,15.406551530235017,7.0130618099525535
26.75510332499343,13.012096022201934,5.797751238793218
43.222022966575594,17.029335913195002,5.204895215846737
32.538777912289675,15.271976839633757,7.521418512099336
35.48371282587629,8.487527089873124,4.97248829555285
26.664679431816158,13.197765266910956,7.413732318533629
16.214801048276374,17.043404752642996,5.477780141569797
40.18505440930579,14.801772933694409,4.570546975687968
18.221877516382083,9.381921824506158,8.41380680086886
40.32250668596228,11.773410033172912,0.09194090132804221
27.84331517493288,13.73265437725163,4.710522934030995
33.21288585059333,13.9852975955728,6.211492906509761
23.93242094583023,13.136153514437172,5.882331415282174
35.15004210086951,16.458517804036504,6.83315589547525
28.19688254208846,7.59868944056303,4.645891343997384
18.86685255222313,11.725141553088568,9.419126568195196
22.663716463749104,13.9852975955728,10.410173956340737
34.9844134989835,8.735168085196676,5.19283377815831
33.21288585059333,13.9852975955728,6.211492906509761
23.032186400048737,15.648325385492496,9.198659485514222
26.048128962848807,10.279153757912717,5.274730399393234
30.01412815627383,15.829214558073993,8.113865727206703
30.895979870613335,2.7244255794896333,0.10235594092943594
31.335905196946765,15.406551530235017,6.903677846677304
15.019839337207065,13.9852975955728,7.603365740070247
20.161371127566248,13.9852975955728,8.617385830198513
24.025429931095825,9.089293767229577,5.958461625678016
16.503328560220346,9.777228420755602,10.331996560148289
26.664679431816158,13.9852975955728,7.630245347459347
30.974277545613038,16.144052276668596,6.664086811109563
15.019839337207065,16.097694543338076,7.6802526018463215
22.663716463749104,13.197765266910956,9.852541145435254
28.081566907958777,13.881974045068297,7.678368666703175
32.943754561272314,13.9852975955728,5.763233269578916
17.22509261491711,16.525737827163805,5.753478420159163
20.219192346749743,11.689969345574578,5.937917661242583
22.663716463749104,12.868248606738288,10.212115866435017
32.538777912289675,15.271976839633757,7.461263468815444
25.118578004857312,5.12647308179416,5.671500537922004
31.335905196946765,12.38352361232588,4.459436382579821
33.21288585059333,13.931581863783297,5.7507003288499625
15.019839337207065,9.670423223627308,7.018413262268014
22.663716463749104,13.9852975955728,10.2846434621078
20.161371127566248,13.9852975955728,7.848732280422562
30.895979870613335,15.406551530235017,7.904086782203154
5.865360415107915,15.406551530235017,10.0
30.895979870613335,15.406551530235017,7.258420670365107
30.895979870613335,13.197765266910956,6.286469829625088
22.663716463749104,15.406551530235017,8.09781199560709
22.663716463749104,12.868248606738288,9.363403109127981
31.335905196946765,12.38352361232588,6.275481915283514
30.895979870613335,13.197765266910956,5.782602116779188
26.664679431816158,13.197765266910956,8.250954910889593
