22.663716463749104,13.197765266910956,9.350587021150888
26.904707616353505,23.708631176361546,10.180802889565188
1.900015140516011,13.881974045068297,9.710988307555477
53.96241993854848,16.437446323438117,6.751286200524241
22.663716463749104,13.197765266910956,9.61726213555336
22.663716463749104,25.272237058065045,5.164745145078917
22.663716463749104,21.49894507972933,7.315180451143952
23.61489202116789,17.758797374861658,7.360909549811926
19.964138121130368,9.41382813981164,7.134688226242763
28.262787309677737,11.682143011795546,5.723816744705957
15.166197890494363,8.336121433319574,8.478084884816683
31.773332088300883,14.87189416017166,7.2978712960158525
25.519523380277167,13.9852975955728,8.724516311276103
26.664679431816158,13.9852975955728,8.693822827038996
1.43126701218738,13.197765266910956,7.582798660610392
14.355870722440953,9.84432067640927,7.3485464859930705
56.411448341459135,15.716801170913955,8.435102509055438
37.39931918624701,16.041851490190563,7.518334019699181
26.598565364345582,13.565067359388223,7.4850754781355135
5.865360415107915,4.853971311013895,7.714143162494796
22.663716463749104,12.852902771858481,10.28976473744086
22.663716463749104,15.868545565299913,7.861040796561937
22.663716463749104,12.868248606738288,10.29465921859134
16.503328560220346,13.197765266910956,7.535494883814847
37.70701723938484,13.197765266910956,8.450817618631055
22.068810992412544,11.293735251070467,8.428161905748137
22.663716463749104,8.615749776339271,8.970162516399107
30.895979870613335,15.406551530235017,8.133194889912028
22.663716463749104,12.852902771858481,10.204366742004716
22.663716463749104,12.852902771858481,8.32504873339085
21.697472494490754,15.271976839633757,9.210705147421756
16.948404945039094,12.868248606738288,8.086880503037236
22.663716463749104,13.9852975955728,9.310216088566143
28.385325738019347,16.097694543338076,8.427407853476893
22.663716463749104,12.868248606738288,9.250549508822715
25.519523380277167,12.852902771858481,8.263732452205593
26.664679431816158,8.515121602948547,7.2632090204594695
12.396256442588284,12.868248606738288,6.2956467992582095
22.663716463749104,15.81454562220135,8.637273780048215
28.18542504420406,16.144052276668596,9.794931795951193
22.663716463749104,15.81454562220135,7.844969626371448
25.519523380277167,16.144052276668596,8.734178135092955
22.55452722160601,1.8627732425815111,0.09492318407514225
22.663716463749104,13.197765266910956,8.336991255337708
15.915992397531337,12.38352361232588,7.7175524452609325
22.663716463749104,13.197765266910956,10.436567999829856
22.663716463749104,5.8439478374161755,0.10867162807617707
22.068810992412544,13.197765266910956,10.280270939556402
7.93250214439016,15.829214558073993,3.0310124694631586
22.663716463749104,13.9852975955728,9.976330616144963
31.335905196946765,15.406551530235017,8.026572459579322
28.385325738019347,19.15862218577894,8.602822274722058
22.663716463749104,13.197765266910956,8.336991255337708
22.663716463749104,12.868248606738288,10.333070550302109
22.663716463749104,13.197765266910956,9.496437104615584
22.663716463749104,13.9852975955728,8.33815021182232
25.519523380277167,12.868248606738288,8.58191419380167
25.519523380277167,16.144052276668596,10.105764400499007
25.519523380277167,16.144052276668596,8.83103738837935
22.663716463749104,12.852902771858481,8.623509683227441
25.519523380277167,16.144052276668596,9.341088497261467
22.663716463749104,15.81454562220135,7.9882702450428
25.519523380277167,13.881974045068297,8.467322577081891
22.663716463749104,14.26144304814002,9.247923570272722
25.519523380277167,5.599299019514843,0.10623371002823231
22.663716463749104,13.197765266910956,8.336991255337708
33.40295539791821,13.197765266910956,8.08745686173129
31.88696111002475,13.197765266910956,8.24103572085684
22.663716463749104,13.197765266910956,8.336991255337708
22.663716463749104,13.197765266910956,9.465740877258625
22.663716463749104,12.852902771858481,8.32504873339085
22.663716463749104,13.9852975955728,8.33815021182232
22.663716463749104,16.144052276668596,8.22342228875764
28.18542504420406,22.92791043158525,7.289179631339915
22.663716463749104,12.852902771858481,10.172762598154074
22.663716463749104,12.852902771858481,8.32504873339085
22.663716463749104,12.852902771858481,8.32504873339085
38.661091813261955,12.868248606738288,7.346011302053161
22.663716463749104,13.9852975955728,9.153051126230084
22.663716463749104,13.197765266910956,8.336991255337708
