25.24529646013145,13.197765266910956,9.679049875238553
22.068810992412544,13.197765266910956,8.98954540828146
22.068810992412544,13.197765266910956,9.24784673496215
32.40245425329144,21.998638733131585,9.776067325803295
22.068810992412544,13.197765266910956,9.24784673496215
22.068810992412544,13.197765266910956,9.24784673496215
22.663716463749104,13.118412359806502,8.906381763090442
22.068810992412544,13.197765266910956,10.123802782344221
22.068810992412544,13.197765266910956,8.722041609038573
22.068810992412544,13.197765266910956,9.566894214762447
22.663716463749104,12.868248606738288,9.525104837549696
22.663716463749104,14.022250668889201,9.373259732415939
22.068810992412544,11.610962819441118,9.163092365028017
22.663716463749104,14.547668120556052,9.760051690616926
22.068810992412544,11.610962819441118,8.754887788454756
22.068810992412544,13.197765266910956,9.24784673496215
22.068810992412544,12.440036281186714,8.972849042857574
22.068810992412544,13.197765266910956,10.484681032599443
22.068810992412544,11.610962819441118,8.947584960427445
32.23180662749227,1.939365094493171,8.797147075370994
22.663716463749104,24.85321051600431,5.301881312862717
22.663716463749104,17.42424657487105,10.315839293277381
22.663716463749104,12.868248606738288,9.866001434716052
10.150455053758217,12.868248606738288,4.347291597219464
22.068810992412544,13.197765266910956,10.084081130952198
22.663716463749104,12.868248606738288,10.17105633017584
22.068810992412544,13.197765266910956,10.469407724944274
22.068810992412544,12.868248606738288,9.194504091732206
22.068810992412544,13.118412359806502,10.443643675310476
35.57912561009283,13.9852975955728,9.799056186676319
22.663716463749104,13.197765266910956,10.236757969401715
22.068810992412544,12.868248606738288,9.945311379621412
22.068810992412544,12.875978531918479,9.282067854558694
22.068810992412544,3.2636774292271173,8.797904003199056
22.068810992412544,6.69913108601315,6.888392253655592
41.84064820623198,13.9852975955728,2.230550603194521
22.663716463749104,16.790096908434386,9.220738585331745
22.663716463749104,14.306444547153594,9.1059077944889
13.699296326528017,12.868248606738288,9.999033981196929
17.191496886851347,13.197765266910956,8.419345566363159
22.068810992412544,12.868248606738288,9.194504091732206
22.068810992412544,13.197765266910956,9.410851616243255
22.068810992412544,13.197765266910956,9.271704936407167
22.068810992412544,13.197765266910956,10.962155469507538
4.028746605053186,12.868248606738288,8.797147075370994
4.368132322958797,4.893717874622796,8.784804231878233
22.068810992412544,13.197765266910956,10.713618397335548
22.068810992412544,11.610962819441118,8.754887788454756
22.663716463749104,2.797353201500224,9.886873663137843
22.068810992412544,13.118412359806502,9.447702128323591
8.778300767369693,10.636864278179056,4.705879159661153
22.068810992412544,13.118412359806502,9.125480561386986
35.7445020957268,13.9852975955728,4.668439039006714
22.068810992412544,13.9852975955728,9.256424154332276
22.068810992412544,11.610962819441118,7.7385277093642655
8.182705735923234,12.868248606738288,3.97103395733609
22.663716463749104,12.868248606738288,8.801681341718531
22.068810992412544,13.197765266910956,9.135403771714046
22.068810992412544,13.197765266910956,9.572355094576526
22.068810992412544,12.868248606738288,9.134025019998493
22.068810992412544,22.60522690202783,7.924887603001293
12.908923765385728,12.868248606738288,5.483333997608711
22.068810992412544,12.868248606738288,9.134025019998493
22.068810992412544,13.197765266910956,9.312814854754032
22.068810992412544,12.868248606738288,9.136008359067985
22.068810992412544,12.868248606738288,9.134025019998493
22.068810992412544,13.197765266910956,9.36822394210381
22.068810992412544,4.56022145549621,0.10530327673493844
22.068810992412544,12.868248606738288,9.134025019998493
22.068810992412544,13.197765266910956,9.385264600834162
22.068810992412544,13.197765266910956,9.08344012000468
22.068810992412544,13.197765266910956,10.579395865369666
22.068810992412544,13.197765266910956,9.24784673496215
22.068810992412544,13.197765266910956,9.24784673496215
15.908267137922845,13.753675581475472,8.207500706591604
22.068810992412544,12.868248606738288,9.134025019998493
22.068810992412544,12.868248606738288,9.134025019998493
22.068810992412544,13.197765266910956,10.57261167035378
22.068810992412544,13.197765266910956,10.133238986242759
22.068810992412544,13.197765266910956,10.654740190423027
