27.88822443287222,16.808868793913014,9.247852975548918
27.88822443287222,16.739802248524338,10.45984226857428
27.88822443287222,16.739802248524338,10.365744709869983
27.88822443287222,16.808868793913014,10.448807170141441
27.88822443287222,16.739802248524338,10.45984226857428
27.88822443287222,16.739802248524338,10.365744709869983
27.88822443287222,16.808868793913014,10.448807170141441
27.88822443287222,16.739802248524338,10.365744709869983
27.88822443287222,16.808868793913014,10.448807170141441
27.88822443287222,16.808868793913014,9.08926763364516
27.88822443287222,16.808868793913014,9.247852975548918
27.88822443287222,16.739802248524338,10.45984226857428
27.88822443287222,16.808868793913014,9.08926763364516
27.88822443287222,16.739802248524338,10.45984226857428
27.88822443287222,16.808868793913014,10.448807170141441
27.88822443287222,16.808868793913014,9.247852975548918
27.88822443287222,16.739802248524338,10.45984226857428
27.88822443287222,16.739802248524338,10.365744709869983
27.88822443287222,16.808868793913014,9.08926763364516
27.88822443287222,16.808868793913014,10.448807170141441
27.88822443287222,16.739802248524338,10.45984226857428
27.88822443287222,16.739802248524338,10.365744709869983
27.88822443287222,16.808868793913014,9.08926763364516
27.88822443287222,16.739802248524338,10.45984226857428
27.88822443287222,16.808868793913014,9.247852975548918
27.88822443287222,16.808868793913014,9.08926763364516
27.88822443287222,16.808868793913014,10.448807170141441
27.88822443287222,16.739802248524338,9.134479996408105
27.88822443287222,16.739802248524338,10.365744709869983
27.88822443287222,16.808868793913014,10.448807170141441
27.88822443287222,16.739802248524338,10.45984226857428
27.88822443287222,16.808868793913014,9.08926763364516
27.88822443287222,16.739802248524338,10.365744709869983
27.88822443287222,16.739802248524338,9.134479996408105
27.88822443287222,16.808868793913014,10.448807170141441
27.88822443287222,16.808868793913014,9.08926763364516
27.88822443287222,16.739802248524338,10.365744709869983
27.88822443287222,16.739802248524338,9.134479996408105
27.88822443287222,16.739802248524338,10.45984226857428
27.88822443287222,16.808868793913014,9.247852975548918
27.88822443287222,16.808868793913014,9.247852975548918
27.88822443287222,16.808868793913014,10.448807170141441
27.88822443287222,16.739802248524338,9.134479996408105
27.88822443287222,16.739802248524338,10.365744709869983
27.88822443287222,16.808868793913014,9.08926763364516
27.88822443287222,16.739802248524338,9.134479996408105
27.88822443287222,16.739802248524338,10.45984226857428
27.88822443287222,16.808868793913014,9.08926763364516
27.88822443287222,16.808868793913014,9.247852975548918
27.88822443287222,16.739802248524338,10.365744709869983
27.88822443287222,16.808868793913014,10.448807170141441
27.88822443287222,16.808868793913014,10.448807170141441
27.88822443287222,16.739802248524338,10.365744709869983
27.88822443287222,16.739802248524338,10.45984226857428
27.88822443287222,16.739802248524338,9.134479996408105
27.88822443287222,16.808868793913014,9.247852975548918
27.88822443287222,16.808868793913014,9.08926763364516
27.88822443287222,16.808868793913014,9.08926763364516
27.88822443287222,16.808868793913014,10.448807170141441
27.88822443287222,16.808868793913014,9.247852975548918
27.88822443287222,16.739802248524338,10.365744709869983
27.88822443287222,16.739802248524338,10.45984226857428
27.88822443287222,16.808868793913014,9.08926763364516
27.88822443287222,16.739802248524338,9.134479996408105
27.88822443287222,16.739802248524338,10.365744709869983
27.88822443287222,16.808868793913014,9.247852975548918
27.88822443287222,16.808868793913014,10.448807170141441
27.88822443287222,16.739802248524338,10.45984226857428
27.88822443287222,16.808868793913014,9.247852975548918
27.88822443287222,16.739802248524338,10.45984226857428
27.88822443287222,16.739802248524338,9.134479996408105
27.88822443287222,16.739802248524338,10.365744709869983
27.88822443287222,16.808868793913014,9.247852975548918
27.88822443287222,16.739802248524338,9.134479996408105
27.88822443287222,16.808868793913014,9.08926763364516
27.88822443287222,16.808868793913014,10.448807170141441
27.88822443287222,16.739802248524338,9.70914331888862
27.88822443287222,16.739802248524338,10.365744709869983
27.88822443287222,16.739802248524338,10.45984226857428
27.88822443287222,16.808868793913014,9.247852975548918
27.88822443287222,16.808868793913014,10.448807170141441
27.88822443287222,16.739802248524338,10.365744709869983
27.88822443287222,16.739802248524338,9.70914331888862
27.88822443287222,16.739802248524338,9.134479996408105
27.88822443287222,16.739802248524338,9.70914331888862
27.88822443287222,16.739802248524338,10.365744709869983
27.88822443287222,16.739802248524338,10.036997396010902
27.88822443287222,16.808868793913014,9.08926763364516
27.88822443287222,16.808868793913014,10.448807170141441
27.88822443287222,16.739802248524338,10.45984226857428
27.88822443287222,16.739802248524338,10.365744709869983
27.88822443287222,16.739802248524338,10.036997396010902
27.88822443287222,16.808868793913014,10.448807170141441
27.88822443287222,16.808868793913014,9.247852975548918
27.88822443287222,16.739802248524338,10.45984226857428
27.88822443287222,16.808868793913014,9.085959064918791
27.88822443287222,16.808868793913014,9.08926763364516
27.88822443287222,16.808868793913014,9.201718913462834
27.88822443287222,16.739802248524338,9.70914331888862
27.88822443287222,16.739802248524338,10.365744709869983
27.88822443287222,16.808868793913014,9.085959064918791
27.88822443287222,16.739802248524338,10.45984226857428
27.88822443287222,16.808868793913014,9.247852975548918
27.88822443287222,16.739802248524338,10.036997396010902
27.88822443287222,16.808868793913014,9.08926763364516
27.88822443287222,16.808868793913014,8.987433773553166
27.88822443287222,16.808868793913014,9.201718913462834
27.88822443287222,16.739802248524338,9.70914331888862
27.88822443287222,16.808868793913014,10.448807170141441
27.88822443287222,16.808868793913014,9.201718913462834
27.88822443287222,16.808868793913014,9.247852975548918
27.88822443287222,16.808868793913014,9.08926763364516
27.88822443287222,16.739802248524338,9.70914331888862
27.88822443287222,16.739802248524338,10.45984226857428
27.88822443287222,16.739802248524338,10.137911042923122
27.88822443287222,16.739802248524338,9.134479996408105
27.88822443287222,16.739802248524338,10.365744709869983
27.88822443287222,16.808868793913014,9.085959064918791
27.88822443287222,16.739802248524338,10.036997396010902
27.88822443287222,16.808868793913014,9.085959064918791
27.88822443287222,16.739802248524338,10.137911042923122
27.88822443287222,16.808868793913014,9.08926763364516
27.88822443287222,16.808868793913014,8.987433773553166
27.88822443287222,16.739802248524338,10.45984226857428
27.88822443287222,16.739802248524338,9.70914331888862
27.88822443287222,16.808868793913014,9.201718913462834
27.88822443287222,16.739802248524338,10.036997396010902
27.88822443287222,16.808868793913014,9.247852975548918
27.88822443287222,16.739802248524338,10.137911042923122
27.88822443287222,16.739802248524338,10.036997396010902
27.88822443287222,16.739802248524338,9.134479996408105
27.88822443287222,16.739802248524338,9.70914331888862
27.88822443287222,16.808868793913014,10.448807170141441
27.88822443287222,16.808868793913014,9.751759328054186
27.88822443287222,16.808868793913014,9.707175317835311
27.88822443287222,16.808868793913014,9.201718913462834
27.88822443287222,16.808868793913014,9.08926763364516
27.88822443287222,16.739802248524338,10.365744709869983
27.88822443287222,16.808868793913014,9.085959064918791
27.88822443287222,16.808868793913014,9.08926763364516
27.88822443287222,16.739802248524338,9.70914331888862
27.88822443287222,16.739802248524338,10.365744709869983
27.88822443287222,16.739802248524338,10.45984226857428
27.88822443287222,16.808868793913014,9.751759328054186
27.88822443287222,16.739802248524338,10.137911042923122
27.88822443287222,16.739802248524338,9.134479996408105
27.88822443287222,16.808868793913014,9.085959064918791
27.88822443287222,16.808868793913014,10.448807170141441
27.88822443287222,16.739802248524338,10.036997396010902
27.88822443287222,16.808868793913014,9.707175317835311
27.88822443287222,16.808868793913014,10.420217697744215
27.88822443287222,16.808868793913014,9.201718913462834
27.88822443287222,16.808868793913014,9.085959064918791
27.88822443287222,16.808868793913014,9.751759328054186
27.88822443287222,16.808868793913014,9.707175317835311
27.88822443287222,16.739802248524338,10.365744709869983
27.88822443287222,16.808868793913014,10.475180960566167
27.88822443287222,16.808868793913014,8.987433773553166
27.88822443287222,16.739802248524338,10.036997396010902
27.88822443287222,16.808868793913014,9.08926763364516
27.88822443287222,16.739802248524338,9.134479996408105
27.88822443287222,16.808868793913014,9.247852975548918
27.88822443287222,16.739802248524338,10.45984226857428
27.88822443287222,16.808868793913014,10.420217697744215
27.88822443287222,16.808868793913014,10.448807170141441
27.88822443287222,16.739802248524338,9.70914331888862
27.88822443287222,16.739802248524338,10.137911042923122
27.88822443287222,16.739802248524338,10.45984226857428
49.82290417905605,16.808868793913014,2.084827340656566
27.88822443287222,16.739802248524338,10.137911042923122
27.88822443287222,16.808868793913014,10.448807170141441
27.88822443287222,16.808868793913014,9.247852975548918
27.88822443287222,16.739802248524338,10.365744709869983
27.88822443287222,16.808868793913014,9.08926763364516
27.88822443287222,16.808868793913014,10.475180960566167
27.88822443287222,16.739802248524338,9.134479996408105
27.88822443287222,16.808868793913014,9.751759328054186
27.88822443287222,16.739802248524338,10.036997396010902
27.88822443287222,16.808868793913014,9.697985942027513
27.88822443287222,16.808868793913014,9.085959064918791
27.88822443287222,16.808868793913014,9.201718913462834
27.88822443287222,16.739802248524338,9.70914331888862
27.88822443287222,16.808868793913014,9.201718913462834
27.88822443287222,16.808868793913014,9.085959064918791
27.88822443287222,16.739802248524338,10.137911042923122
27.88822443287222,16.808868793913014,10.448807170141441
27.88822443287222,16.808868793913014,10.420217697744215
27.88822443287222,16.808868793913014,9.697985942027513
1.9264673027800576,16.808868793913014,0.7179625683051799
27.88822443287222,16.808868793913014,9.08926763364516
27.88822443287222,16.808868793913014,9.247852975548918
27.88822443287222,16.739802248524338,10.036997396010902
49.82290417905605,16.808868793913014,2.084827340656566
27.88822443287222,16.808868793913014,10.475180960566167
27.88822443287222,16.739802248524338,9.842563227057187
27.88822443287222,16.808868793913014,10.207025959602271
27.88822443287222,16.739802248524338,10.45984226857428
27.88822443287222,16.739802248524338,10.365744709869983
27.88822443287222,16.808868793913014,9.751759328054186
49.82290417905605,16.808868793913014,2.084827340656566
27.88822443287222,16.808868793913014,10.475180960566167
27.88822443287222,16.739802248524338,10.46507032812564
27.88822443287222,16.739802248524338,10.036997396010902
27.88822443287222,16.808868793913014,10.207025959602271
27.88822443287222,16.808868793913014,10.758728464118926
25.86072493579136,16.808868793913014,8.546221584067467
27.88822443287222,16.739802248524338,10.137911042923122
1.9264673027800576,16.808868793913014,0.7179625683051799
27.88822443287222,16.739802248524338,9.842563227057187
27.88822443287222,16.739802248524338,10.365744709869983
27.88822443287222,16.808868793913014,9.751759328054186
27.88822443287222,16.808868793913014,10.420217697744215
27.88822443287222,16.808868793913014,9.085959064918791
27.88822443287222,16.808868793913014,9.707175317835311
27.88822443287222,16.808868793913014,8.987433773553166
27.88822443287222,16.808868793913014,9.08926763364516
27.88822443287222,16.808868793913014,10.448807170141441
27.88822443287222,16.808868793913014,9.201718913462834
27.88822443287222,16.739802248524338,10.45984226857428
27.88822443287222,16.739802248524338,9.700758376762519
27.88822443287222,16.739802248524338,9.70914331888862
27.88822443287222,16.739802248524338,10.137911042923122
27.88822443287222,16.739802248524338,9.700758376762519
27.88822443287222,16.739802248524338,10.46507032812564
27.88822443287222,16.739802248524338,10.45984226857428
27.88822443287222,16.808868793913014,10.694485486105242
27.88822443287222,16.739802248524338,9.134479996408105
27.88822443287222,16.808868793913014,10.677076501407717
27.88822443287222,16.808868793913014,10.758728464118926
27.88822443287222,16.808868793913014,8.987433773553166
27.88822443287222,16.808868793913014,9.08926763364516
49.82290417905605,16.808868793913014,2.084827340656566
27.88822443287222,16.808868793913014,10.475180960566167
27.88822443287222,16.808868793913014,9.697985942027513
27.88822443287222,16.808868793913014,10.448807170141441
27.88822443287222,16.739802248524338,10.365744709869983
27.88822443287222,16.808868793913014,9.751759328054186
27.88822443287222,16.808868793913014,10.207025959602271
1.9264673027800576,16.808868793913014,0.7179625683051799
27.88822443287222,16.808868793913014,9.085959064918791
27.88822443287222,16.739802248524338,9.842563227057187
27.88822443287222,16.808868793913014,9.707175317835311
27.88822443287222,16.739802248524338,9.70914331888862
27.88822443287222,16.739802248524338,10.036997396010902
27.88822443287222,16.808868793913014,9.201718913462834
27.88822443287222,16.808868793913014,10.694485486105242
27.88822443287222,16.808868793913014,9.751759328054186
27.88822443287222,16.739802248524338,10.137911042923122
27.88822443287222,16.808868793913014,9.08926763364516
49.82290417905605,16.808868793913014,2.084827340656566
27.88822443287222,16.808868793913014,8.990518411224237
27.88822443287222,16.739802248524338,10.036997396010902
27.88822443287222,16.808868793913014,9.707175317835311
27.88822443287222,16.808868793913014,10.758728464118926
27.88822443287222,16.808868793913014,10.343424143726764
27.88822443287222,16.808868793913014,9.247852975548918
27.88822443287222,16.808868793913014,10.64684878633344
27.88822443287222,16.808868793913014,10.448807170141441
27.88822443287222,16.739802248524338,9.842563227057187
27.88822443287222,16.739802248524338,9.134479996408105
27.88822443287222,16.739802248524338,10.46507032812564
25.86072493579136,16.808868793913014,8.546221584067467
27.88822443287222,16.808868793913014,10.475180960566167
27.88822443287222,16.808868793913014,8.987433773553166
1.9264673027800576,16.808868793913014,0.7179625683051799
27.88822443287222,16.808868793913014,9.085959064918791
27.88822443287222,16.739802248524338,9.700758376762519
27.88822443287222,16.808868793913014,9.697985942027513
27.88822443287222,16.808868793913014,9.971853127706408
27.88822443287222,16.739802248524338,9.70914331888862
27.88822443287222,16.739802248524338,10.45984226857428
27.88822443287222,16.739802248524338,10.365744709869983
27.88822443287222,16.808868793913014,10.677076501407717
27.88822443287222,16.808868793913014,10.207025959602271
27.88822443287222,16.808868793913014,10.64684878633344
27.88822443287222,16.739802248524338,10.137911042923122
27.88822443287222,16.808868793913014,10.475180960566167
27.88822443287222,16.808868793913014,10.677076501407717
49.82290417905605,16.808868793913014,2.084827340656566
27.88822443287222,16.808868793913014,10.694485486105242
27.88822443287222,16.808868793913014,10.79197551388861
27.88822443287222,16.808868793913014,9.971853127706408
27.88822443287222,16.808868793913014,8.987433773553166
27.88822443287222,16.808868793913014,9.08926763364516
27.88822443287222,16.808868793913014,9.71140690015807
27.88822443287222,16.808868793913014,9.217839895817233
27.88822443287222,16.808868793913014,10.343424143726764
27.88822443287222,16.739802248524338,9.842563227057187
27.88822443287222,16.808868793913014,9.707175317835311
27.88822443287222,16.808868793913014,9.247852975548918
27.88822443287222,16.739802248524338,9.134479996408105
27.88822443287222,16.739802248524338,10.918315593555551
11.652832376557008,18.380248328438785,3.5740407928810334
27.88822443287222,16.808868793913014,9.201718913462834
27.88822443287222,16.808868793913014,9.06325437347649
27.88822443287222,16.739802248524338,10.526833405300392
27.88822443287222,16.739802248524338,10.46507032812564
27.88822443287222,16.808868793913014,9.085959064918791
27.88822443287222,16.808868793913014,10.207025959602271
25.86072493579136,16.808868793913014,8.546221584067467
27.88822443287222,16.808868793913014,10.420217697744215
27.88822443287222,16.808868793913014,8.990518411224237
27.88822443287222,16.739802248524338,10.365744709869983
27.88822443287222,16.808868793913014,9.697985942027513
27.88822443287222,16.739802248524338,10.036997396010902
27.88822443287222,16.739802248524338,9.700758376762519
27.88822443287222,16.808868793913014,10.448807170141441
27.88822443287222,16.739802248524338,10.45984226857428
27.88822443287222,16.808868793913014,10.758728464118926
1.9264673027800576,16.808868793913014,0.7179625683051799
27.88822443287222,16.808868793913014,9.751759328054186
27.88822443287222,16.808868793913014,9.201718913462834
27.88822443287222,16.808868793913014,9.707175317835311
27.88822443287222,16.808868793913014,8.990518411224237
27.88822443287222,16.808868793913014,9.751759328054186
27.88822443287222,16.808868793913014,9.71140690015807
27.88822443287222,16.808868793913014,10.64684878633344
27.88822443287222,16.808868793913014,10.475180960566167
11.652832376557008,18.380248328438785,3.5740407928810334
1.9264673027800576,16.808868793913014,0.7179625683051799
27.88822443287222,16.739802248524338,10.036997396010902
27.88822443287222,16.808868793913014,10.297842161257226
27.88822443287222,16.739802248524338,10.918315593555551
27.88822443287222,16.808868793913014,10.207025959602271
27.88822443287222,16.739802248524338,10.25597971328144
27.88822443287222,16.739802248524338,9.134479996408105
27.88822443287222,16.808868793913014,9.971853127706408
27.88822443287222,16.808868793913014,10.343424143726764
27.88822443287222,16.808868793913014,9.247852975548918
27.88822443287222,16.808868793913014,10.420217697744215
25.86072493579136,16.808868793913014,8.546221584067467
27.88822443287222,16.808868793913014,10.79197551388861
27.88822443287222,16.739802248524338,10.365744709869983
27.88822443287222,16.808868793913014,10.677076501407717
27.88822443287222,16.739802248524338,10.137911042923122
27.88822443287222,16.739802248524338,10.45984226857428
27.88822443287222,16.808868793913014,9.73532708497342
27.88822443287222,16.808868793913014,9.06325437347649
27.88822443287222,16.808868793913014,9.217839895817233
27.88822443287222,16.739802248524338,10.46507032812564
27.88822443287222,16.808868793913014,10.694485486105242
27.88822443287222,16.739802248524338,10.899418360635293
27.88822443287222,16.808868793913014,9.085959064918791
27.88822443287222,16.739802248524338,9.700758376762519
27.88822443287222,16.739802248524338,9.842563227057187
27.88822443287222,16.808868793913014,8.987433773553166
27.88822443287222,16.739802248524338,10.526833405300392
27.88822443287222,16.808868793913014,9.697985942027513
27.88822443287222,16.808868793913014,10.64684878633344
27.88822443287222,16.808868793913014,9.085959064918791
27.88822443287222,16.808868793913014,9.56249712683016
27.88822443287222,16.808868793913014,10.448807170141441
27.88822443287222,16.808868793913014,10.420217697744215
27.88822443287222,16.808868793913014,9.971853127706408
27.88822443287222,16.808868793913014,9.06325437347649
27.88822443287222,16.739802248524338,10.25597971328144
27.88822443287222,16.808868793913014,10.758728464118926
27.88822443287222,16.739802248524338,9.134479996408105
27.88822443287222,16.808868793913014,10.475180960566167
27.88822443287222,16.808868793913014,9.697985942027513
27.88822443287222,16.808868793913014,9.707175317835311
27.88822443287222,16.808868793913014,8.978746033177934
27.88822443287222,16.739802248524338,10.46507032812564
27.88822443287222,16.808868793913014,9.08926763364516
27.88822443287222,16.808868793913014,9.186728620092449
27.88822443287222,16.808868793913014,10.423779006900618
27.88822443287222,16.739802248524338,10.036997396010902
1.9264673027800576,16.808868793913014,0.7179625683051799
25.86072493579136,16.808868793913014,8.546221584067467
11.652832376557008,18.380248328438785,3.5740407928810334
27.88822443287222,16.808868793913014,10.207025959602271
27.88822443287222,16.808868793913014,10.694485486105242
27.88822443287222,16.739802248524338,10.899418360635293
27.88822443287222,16.739802248524338,10.45984226857428
49.82290417905605,16.808868793913014,2.084827340656566
27.88822443287222,16.808868793913014,9.71140690015807
27.88822443287222,16.808868793913014,9.73532708497342
27.88822443287222,16.808868793913014,9.892829495564975
27.88822443287222,16.808868793913014,10.297842161257226
27.88822443287222,16.808868793913014,9.028033466463373
27.88822443287222,16.808868793913014,10.79197551388861
27.88822443287222,16.808868793913014,9.39078648748579
53.89901380428246,7.775202499002949,0.1006146835996433
27.88822443287222,16.739802248524338,9.700758376762519
27.88822443287222,16.808868793913014,10.343424143726764
27.88822443287222,16.739802248524338,10.137911042923122
27.88822443287222,16.808868793913014,9.217839895817233
27.88822443287222,16.739802248524338,10.365744709869983
27.88822443287222,16.808868793913014,8.987433773553166
27.88822443287222,16.739802248524338,10.526833405300392
27.88822443287222,16.808868793913014,8.990518411224237
27.88822443287222,16.739802248524338,10.918315593555551
27.88822443287222,16.808868793913014,9.751759328054186
27.88822443287222,16.808868793913014,10.677076501407717
27.88822443287222,18.254034535245307,9.270828109525988
27.88822443287222,16.739802248524338,9.842563227057187
27.88822443287222,16.808868793913014,9.201718913462834
27.88822443287222,16.808868793913014,9.247852975548918
27.88822443287222,16.808868793913014,10.077427539138364
27.88822443287222,16.739802248524338,10.25597971328144
53.89901380428246,7.775202499002949,0.1006146835996433
27.88822443287222,16.808868793913014,9.39078648748579
27.88822443287222,16.808868793913014,10.343424143726764
27.88822443287222,16.739802248524338,9.134479996408105
27.88822443287222,16.739802248524338,10.036997396010902
27.88822443287222,16.808868793913014,10.694485486105242
27.88822443287222,16.808868793913014,10.423779006900618
27.88822443287222,16.808868793913014,9.751759328054186
27.88822443287222,16.808868793913014,9.44638674599664
27.88822443287222,16.808868793913014,9.100381937377122
27.88822443287222,16.739802248524338,10.899418360635293
44.64706158633591,16.808868793913014,4.36997173915502
27.88822443287222,16.808868793913014,8.990518411224237
25.86072493579136,16.808868793913014,8.546221584067467
27.88822443287222,16.808868793913014,9.971853127706408
27.88822443287222,16.739802248524338,10.526833405300392
27.88822443287222,16.808868793913014,10.677076501407717
27.88822443287222,16.739802248524338,10.137911042923122
27.88822443287222,16.808868793913014,9.842903597023716
27.88822443287222,16.739802248524338,9.70914331888862
27.88822443287222,16.808868793913014,10.79197551388861
27.88822443287222,16.808868793913014,10.297842161257226
27.88822443287222,16.808868793913014,8.987433773553166
27.88822443287222,16.808868793913014,9.697985942027513
27.88822443287222,16.808868793913014,9.56249712683016
27.88822443287222,16.739802248524338,10.918315593555551
27.88822443287222,16.739802248524338,9.700758376762519
27.88822443287222,16.808868793913014,9.201718913462834
27.88822443287222,16.808868793913014,9.71140690015807
27.88822443287222,16.808868793913014,10.267534398929843
27.88822443287222,16.808868793913014,8.978746033177934
27.88822443287222,16.808868793913014,9.796271411101197
27.88822443287222,16.739802248524338,9.606550500978653
27.88822443287222,16.808868793913014,10.475180960566167
27.88822443287222,16.739802248524338,10.365744709869983
27.88822443287222,16.739802248524338,9.842563227057187
27.88822443287222,16.808868793913014,9.864151161024338
27.88822443287222,16.808868793913014,9.08926763364516
27.88822443287222,16.808868793913014,9.186728620092449
49.82290417905605,16.808868793913014,2.084827340656566
27.88822443287222,16.808868793913014,10.207025959602271
27.88822443287222,16.808868793913014,10.758728464118926
27.88822443287222,16.739802248524338,10.45984226857428
27.88822443287222,16.808868793913014,9.937205655513315
27.88822443287222,16.808868793913014,9.746872790024662
11.652832376557008,18.380248328438785,3.5740407928810334
27.88822443287222,16.808868793913014,10.448807170141441
27.88822443287222,12.512216603084543,6.459031357441159
27.88822443287222,16.808868793913014,9.217839895817233
27.88822443287222,17.3502976608358,9.979189232336573
27.88822443287222,16.808868793913014,10.077427539138364
27.88822443287222,16.808868793913014,10.420217697744215
27.88822443287222,16.808868793913014,9.085959064918791
27.88822443287222,16.808868793913014,10.64684878633344
1.9264673027800576,16.808868793913014,0.7179625683051799
27.88822443287222,16.739802248524338,9.801587996977823
27.88822443287222,16.808868793913014,9.73532708497342
27.88822443287222,16.808868793913014,9.892829495564975
27.88822443287222,16.808868793913014,9.028033466463373
27.88822443287222,16.808868793913014,9.247852975548918
27.88822443287222,16.808868793913014,9.06325437347649
27.88822443287222,16.739802248524338,10.396066642122523
27.88822443287222,16.808868793913014,9.60006570190469
