27.88822443287222,17.218220904636084,9.131439985545615
27.88822443287222,16.808868793913014,9.030910034634111
26.18887249873738,16.808868793913014,9.619851559882083
27.88822443287222,27.708379689536972,6.46176455756885
27.88822443287222,16.808868793913014,10.597860188517556
27.88822443287222,16.97748788773137,9.446822149636949
27.88822443287222,16.808868793913014,10.663069829740179
27.88822443287222,16.808868793913014,10.895380380482768
27.88822443287222,16.539610200712406,10.020311393113223
27.88822443287222,16.539610200712406,10.212523897009463
27.88822443287222,16.808868793913014,9.926813302896834
27.88822443287222,16.808868793913014,10.445162080704911
27.88822443287222,16.539610200712406,9.694566200407841
27.88822443287222,16.539610200712406,10.471988862548933
29.09789771536933,16.808868793913014,9.09872453250172
27.88822443287222,16.808868793913014,10.810321373326255
27.88822443287222,16.808868793913014,10.706042663197602
27.88822443287222,16.808868793913014,10.68784687446516
27.88822443287222,16.808868793913014,10.8081227657593
27.88822443287222,16.808868793913014,9.020756851206626
27.88822443287222,16.808868793913014,10.0234673034749
27.88822443287222,16.808868793913014,9.258953746230983
15.987979788737048,16.808868793913014,5.786303822266887
27.88822443287222,16.808868793913014,10.395650054270654
27.88822443287222,29.98079122849974,7.305627187181496
38.64798726980612,16.808868793913014,6.125619760794872
27.88822443287222,16.539610200712406,10.872351339664672
27.88822443287222,16.808868793913014,10.219432778401057
27.88822443287222,16.808868793913014,9.480415353222796
27.88822443287222,16.808868793913014,10.686179417868162
27.88822443287222,16.808868793913014,9.33461375769279
27.88822443287222,16.808868793913014,10.669896497870536
27.88822443287222,16.808868793913014,9.64952368568844
27.88822443287222,16.539610200712406,9.565099840723315
27.88822443287222,16.808868793913014,8.986743903554558
27.88822443287222,16.808868793913014,9.779371528384178
27.88822443287222,26.515365292874623,8.174519826342316
27.88822443287222,16.808868793913014,10.322447017876193
27.88822443287222,16.808868793913014,10.226126747158384
27.88822443287222,16.808868793913014,10.78116352723639
48.944537562563355,16.539610200712406,2.0841602564576345
27.88822443287222,16.808868793913014,9.210981342143477
27.88822443287222,16.808868793913014,9.779371528384178
27.88822443287222,16.739802248524338,10.901753977936458
27.88822443287222,16.808868793913014,10.264224131607701
27.88822443287222,16.808868793913014,9.779371528384178
27.88822443287222,10.855029520342294,4.685374313170885
27.88822443287222,16.539610200712406,10.174910909900342
27.88822443287222,16.539610200712406,10.627672315481295
27.88822443287222,16.808868793913014,9.280486696433117
27.88822443287222,16.808868793913014,10.083139601774574
27.88822443287222,16.808868793913014,9.015077071743939
27.88822443287222,16.808868793913014,10.301108028504686
27.88822443287222,32.27173201796634,5.204626617950942
27.88822443287222,16.808868793913014,10.087751347734502
27.88822443287222,16.808868793913014,9.742781764366594
27.88822443287222,16.539610200712406,10.24046245356467
27.88822443287222,16.808868793913014,10.025949336602643
27.88822443287222,16.539610200712406,10.169468484879092
27.88822443287222,16.808868793913014,9.779371528384178
27.88822443287222,12.798204285784148,7.065316413193207
27.88822443287222,16.808868793913014,10.217806805363066
27.88822443287222,16.808868793913014,9.779371528384178
27.88822443287222,16.539610200712406,9.238465713715758
27.88822443287222,16.808868793913014,9.779371528384178
27.88822443287222,16.539610200712406,10.18164201227425
27.88822443287222,16.808868793913014,10.794335214918851
27.88822443287222,16.808868793913014,9.779371528384178
27.88822443287222,16.808868793913014,9.734827006010072
27.88822443287222,0.8270545827942399,0.09473949746884588
27.88822443287222,16.808868793913014,9.779371528384178
27.88822443287222,16.539610200712406,10.461067575952505
27.88822443287222,16.808868793913014,10.247543426946647
27.88822443287222,21.053693271427704,7.752669992452037
27.88822443287222,16.808868793913014,9.646054596646719
27.88822443287222,16.808868793913014,9.48511406527148
27.88822443287222,16.539610200712406,9.177335021739752
27.88822443287222,16.808868793913014,9.779371528384178
27.88822443287222,16.808868793913014,9.808169182637908
27.88822443287222,16.808868793913014,9.779371528384178
