27.88822443287222,16.808868793913014,10.349687387915083
27.88822443287222,31.25157759035733,5.563051349153748
27.88822443287222,1.391248910546608,0.10148237838855628
27.88822443287222,31.25157759035733,5.563051349153748
27.88822443287222,1.391248910546608,0.10148237838855628
27.88822443287222,31.25157759035733,5.563051349153748
27.88822443287222,1.391248910546608,0.10148237838855628
27.88822443287222,16.739802248524338,10.282291961395646
27.88822443287222,16.808868793913014,10.349687387915083
27.88822443287222,16.739802248524338,10.282291961395646
27.88822443287222,1.391248910546608,0.10148237838855628
27.88822443287222,16.808868793913014,10.349687387915083
27.88822443287222,31.25157759035733,5.563051349153748
27.88822443287222,16.739802248524338,10.282291961395646
27.88822443287222,1.391248910546608,0.10148237838855628
27.88822443287222,31.25157759035733,5.563051349153748
27.88822443287222,16.739802248524338,10.282291961395646
27.88822443287222,16.808868793913014,10.349687387915083
27.88822443287222,16.739802248524338,10.282291961395646
27.88822443287222,1.391248910546608,0.10148237838855628
27.88822443287222,16.739802248524338,9.563324823700476
27.88822443287222,31.25157759035733,5.563051349153748
27.88822443287222,1.391248910546608,0.10148237838855628
27.88822443287222,16.739802248524338,10.282291961395646
27.88822443287222,31.25157759035733,5.563051349153748
27.88822443287222,16.739802248524338,9.563324823700476
27.88822443287222,1.391248910546608,0.10148237838855628
27.88822443287222,16.739802248524338,10.282291961395646
27.88822443287222,31.25157759035733,5.563051349153748
27.88822443287222,16.739802248524338,9.563324823700476
27.88822443287222,16.808868793913014,10.349687387915083
27.88822443287222,16.808868793913014,10.349687387915083
27.88822443287222,1.391248910546608,0.10148237838855628
27.88822443287222,16.739802248524338,9.563324823700476
27.88822443287222,31.25157759035733,5.563051349153748
27.88822443287222,16.739802248524338,10.282291961395646
27.88822443287222,16.739802248524338,9.563324823700476
27.88822443287222,16.739802248524338,10.282291961395646
27.88822443287222,16.808868793913014,10.349687387915083
27.88822443287222,31.25157759035733,5.563051349153748
27.88822443287222,1.391248910546608,0.10148237838855628
27.88822443287222,1.391248910546608,0.10148237838855628
27.88822443287222,31.25157759035733,5.563051349153748
27.88822443287222,16.739802248524338,9.563324823700476
27.88822443287222,16.808868793913014,10.349687387915083
27.88822443287222,16.739802248524338,10.282291961395646
27.88822443287222,16.739802248524338,10.282291961395646
27.88822443287222,1.391248910546608,0.10148237838855628
27.88822443287222,16.808868793913014,10.349687387915083
27.88822443287222,31.25157759035733,5.563051349153748
27.88822443287222,16.739802248524338,10.282291961395646
27.88822443287222,16.739802248524338,9.563324823700476
27.88822443287222,31.25157759035733,5.563051349153748
27.88822443287222,16.808868793913014,10.349687387915083
27.88822443287222,1.391248910546608,0.10148237838855628
27.88822443287222,16.808868793913014,10.349687387915083
27.88822443287222,16.739802248524338,9.563324823700476
27.88822443287222,31.25157759035733,5.563051349153748
27.88822443287222,16.808868793913014,10.349687387915083
27.88822443287222,16.739802248524338,9.563324823700476
27.88822443287222,16.739802248524338,10.282291961395646
27.88822443287222,1.391248910546608,0.10148237838855628
27.88822443287222,31.25157759035733,5.563051349153748
27.88822443287222,16.808868793913014,10.349687387915083
27.88822443287222,1.391248910546608,0.10148237838855628
27.88822443287222,31.25157759035733,5.563051349153748
27.88822443287222,16.739802248524338,9.563324823700476
27.88822443287222,31.25157759035733,5.563051349153748
27.88822443287222,16.739802248524338,10.282291961395646
27.88822443287222,1.391248910546608,0.10148237838855628
27.88822443287222,31.25157759035733,5.563051349153748
27.88822443287222,1.391248910546608,0.10148237838855628
27.88822443287222,16.808868793913014,10.349687387915083
27.88822443287222,16.739802248524338,10.282291961395646
27.88822443287222,16.739802248524338,9.468708995090546
27.88822443287222,31.25157759035733,5.563051349153748
27.88822443287222,16.808868793913014,10.349687387915083
27.88822443287222,16.739802248524338,10.282291961395646
27.88822443287222,16.808868793913014,8.967556182548753
27.88822443287222,16.739802248524338,9.468708995090546
27.88822443287222,1.391248910546608,0.10148237838855628
27.88822443287222,16.739802248524338,9.468708995090546
27.88822443287222,16.808868793913014,10.349687387915083
27.88822443287222,16.739802248524338,10.282291961395646
27.88822443287222,16.739802248524338,10.562016007601127
27.88822443287222,16.739802248524338,9.563324823700476
27.88822443287222,31.25157759035733,5.563051349153748
27.88822443287222,16.739802248524338,10.562016007601127
27.88822443287222,16.739802248524338,10.282291961395646
27.88822443287222,16.808868793913014,8.967556182548753
27.88822443287222,16.739802248524338,9.468708995090546
27.88822443287222,16.808868793913014,10.349687387915083
27.88822443287222,16.739802248524338,10.562016007601127
27.88822443287222,16.739802248524338,9.563324823700476
27.88822443287222,1.391248910546608,0.10148237838855628
27.88822443287222,16.739802248524338,10.262840569374756
27.88822443287222,16.739802248524338,9.468708995090546
27.88822443287222,16.739802248524338,10.282291961395646
27.88822443287222,31.25157759035733,5.563051349153748
27.88822443287222,16.739802248524338,10.282291961395646
27.88822443287222,31.25157759035733,5.563051349153748
27.88822443287222,16.739802248524338,10.562016007601127
27.88822443287222,16.739802248524338,9.563324823700476
27.88822443287222,1.391248910546608,0.10148237838855628
27.88822443287222,16.739802248524338,10.262840569374756
25.453024121902583,16.739802248524338,10.967238621856481
27.88822443287222,16.739802248524338,9.468708995090546
27.88822443287222,16.739802248524338,10.262840569374756
27.88822443287222,31.25157759035733,5.563051349153748
27.88822443287222,16.739802248524338,9.488241626060091
27.88822443287222,16.808868793913014,8.967556182548753
27.88822443287222,16.739802248524338,10.282291961395646
27.88822443287222,16.739802248524338,9.563324823700476
27.88822443287222,16.808868793913014,10.349687387915083
25.453024121902583,16.739802248524338,10.967238621856481
27.88822443287222,1.391248910546608,0.10148237838855628
27.88822443287222,16.739802248524338,10.562016007601127
27.88822443287222,16.739802248524338,10.562016007601127
27.88822443287222,1.391248910546608,0.10148237838855628
27.88822443287222,16.808868793913014,10.349687387915083
27.88822443287222,31.25157759035733,5.563051349153748
27.88822443287222,16.739802248524338,10.282291961395646
27.88822443287222,16.739802248524338,9.488241626060091
27.88822443287222,16.739802248524338,9.563324823700476
27.88822443287222,16.739802248524338,9.468708995090546
27.88822443287222,16.739802248524338,9.468708995090546
27.88822443287222,16.739802248524338,10.562016007601127
27.88822443287222,1.391248910546608,0.10148237838855628
25.453024121902583,16.739802248524338,10.967238621856481
27.88822443287222,16.739802248524338,10.282291961395646
27.88822443287222,16.808868793913014,10.349687387915083
27.88822443287222,16.739802248524338,9.488241626060091
27.88822443287222,10.217796586329857,3.617868469284906
27.88822443287222,31.25157759035733,5.563051349153748
27.88822443287222,16.739802248524338,9.488241626060091
27.88822443287222,16.808868793913014,9.825096667406537
27.88822443287222,16.739802248524338,9.412481830861566
27.88822443287222,16.808868793913014,10.157723484288773
27.88822443287222,16.739802248524338,10.562016007601127
27.88822443287222,10.217796586329857,3.617868469284906
27.88822443287222,31.25157759035733,5.563051349153748
25.453024121902583,16.739802248524338,10.967238621856481
27.88822443287222,16.739802248524338,10.262840569374756
27.88822443287222,16.808868793913014,8.967556182548753
27.88822443287222,16.739802248524338,10.282291961395646
27.88822443287222,1.391248910546608,0.10148237838855628
27.88822443287222,16.739802248524338,9.468708995090546
27.88822443287222,16.739802248524338,10.562016007601127
27.88822443287222,16.808868793913014,9.825096667406537
27.88822443287222,16.739802248524338,9.563324823700476
27.88822443287222,16.739802248524338,9.412481830861566
27.88822443287222,16.808868793913014,8.967556182548753
27.88822443287222,16.739802248524338,10.282291961395646
27.88822443287222,16.739802248524338,9.488241626060091
27.88822443287222,1.391248910546608,0.10148237838855628
27.88822443287222,31.25157759035733,5.563051349153748
27.88822443287222,10.217796586329857,3.617868469284906
27.88822443287222,16.739802248524338,10.262840569374756
27.88822443287222,16.739802248524338,9.468708995090546
27.88822443287222,16.739802248524338,10.562016007601127
27.88822443287222,16.739802248524338,10.282291961395646
27.88822443287222,16.739802248524338,10.262840569374756
27.88822443287222,16.739802248524338,9.412481830861566
27.88822443287222,16.808868793913014,10.349687387915083
27.88822443287222,1.391248910546608,0.10148237838855628
27.88822443287222,10.217796586329857,3.617868469284906
27.88822443287222,16.739802248524338,9.563324823700476
27.88822443287222,16.808868793913014,9.825096667406537
27.88822443287222,16.808868793913014,10.157723484288773
27.88822443287222,16.739802248524338,9.488241626060091
27.88822443287222,16.808868793913014,8.967556182548753
44.44946227204949,13.53214884630578,0.26970420155204594
27.88822443287222,31.25157759035733,5.563051349153748
27.88822443287222,16.739802248524338,10.562016007601127
27.88822443287222,16.739802248524338,9.488241626060091
44.44946227204949,13.53214884630578,0.26970420155204594
27.88822443287222,16.808868793913014,8.967556182548753
27.88822443287222,16.739802248524338,10.282291961395646
27.88822443287222,16.808868793913014,10.806674909234259
27.88822443287222,10.217796586329857,3.617868469284906
27.88822443287222,16.739802248524338,10.262840569374756
27.88822443287222,16.808868793913014,10.349687387915083
27.88822443287222,16.739802248524338,9.563324823700476
27.88822443287222,16.739802248524338,10.00231959185271
27.88822443287222,16.739802248524338,9.468708995090546
27.88822443287222,16.808868793913014,9.825096667406537
27.88822443287222,16.808868793913014,10.157723484288773
25.453024121902583,16.739802248524338,10.967238621856481
27.88822443287222,31.25157759035733,5.563051349153748
27.88822443287222,1.391248910546608,0.10148237838855628
27.88822443287222,16.739802248524338,9.412481830861566
27.88822443287222,16.739802248524338,9.468708995090546
27.88822443287222,16.739802248524338,10.262840569374756
27.88822443287222,16.808868793913014,10.806674909234259
27.88822443287222,16.739802248524338,9.488241626060091
27.88822443287222,16.739802248524338,10.00231959185271
27.88822443287222,16.739802248524338,9.563324823700476
44.44946227204949,13.53214884630578,0.26970420155204594
27.88822443287222,16.808868793913014,10.349687387915083
25.453024121902583,16.739802248524338,10.967238621856481
27.88822443287222,16.808868793913014,10.157723484288773
27.88822443287222,31.25157759035733,5.563051349153748
27.88822443287222,16.739802248524338,10.562016007601127
39.19464755873774,16.739802248524338,6.324676740894778
27.88822443287222,16.808868793913014,9.825096667406537
27.88822443287222,10.217796586329857,3.617868469284906
27.88822443287222,16.808868793913014,8.967556182548753
27.88822443287222,1.391248910546608,0.10148237838855628
25.453024121902583,16.739802248524338,10.967238621856481
44.44946227204949,13.53214884630578,0.26970420155204594
27.88822443287222,16.739802248524338,9.412481830861566
27.88822443287222,16.739802248524338,9.563324823700476
27.88822443287222,16.739802248524338,9.488241626060091
27.88822443287222,16.739802248524338,10.262840569374756
27.88822443287222,16.808868793913014,9.825096667406537
27.88822443287222,16.739802248524338,10.282291961395646
27.88822443287222,16.808868793913014,10.157723484288773
27.88822443287222,16.739802248524338,10.00231959185271
27.88822443287222,16.808868793913014,10.806674909234259
39.19464755873774,16.739802248524338,6.324676740894778
27.88822443287222,16.739802248524338,10.562016007601127
27.88822443287222,31.25157759035733,5.563051349153748
27.88822443287222,16.808868793913014,8.967556182548753
27.88822443287222,16.808868793913014,9.422771820440758
27.88822443287222,10.217796586329857,3.617868469284906
27.88822443287222,16.739802248524338,9.468708995090546
27.88822443287222,16.808868793913014,10.349687387915083
27.88822443287222,16.739802248524338,10.645325350791639
27.88822443287222,16.739802248524338,9.563324823700476
27.88822443287222,16.808868793913014,10.157723484288773
44.44946227204949,13.53214884630578,0.26970420155204594
27.88822443287222,16.739802248524338,10.562016007601127
27.88822443287222,16.808868793913014,8.967556182548753
27.88822443287222,16.739802248524338,9.468708995090546
27.88822443287222,16.808868793913014,10.806674909234259
27.88822443287222,16.739802248524338,9.488241626060091
27.88822443287222,31.25157759035733,5.563051349153748
27.88822443287222,10.217796586329857,3.617868469284906
27.88822443287222,16.739802248524338,10.548120967967497
27.88822443287222,16.739802248524338,10.282291961395646
27.88822443287222,16.739802248524338,9.412481830861566
27.88822443287222,16.739802248524338,10.00231959185271
27.88822443287222,1.391248910546608,0.10148237838855628
27.88822443287222,16.739802248524338,10.645325350791639
25.453024121902583,16.739802248524338,10.967238621856481
39.19464755873774,16.739802248524338,6.324676740894778
27.88822443287222,16.808868793913014,10.349687387915083
27.88822443287222,16.808868793913014,10.556527466221212
25.269856640056677,30.618805856082545,4.95756838013698
27.88822443287222,16.739802248524338,10.961254973917661
27.88822443287222,31.25157759035733,5.563051349153748
27.88822443287222,16.739802248524338,10.262840569374756
27.88822443287222,16.808868793913014,9.33136269437433
27.88822443287222,16.739802248524338,10.00231959185271
27.88822443287222,16.739802248524338,9.468708995090546
27.88822443287222,16.739802248524338,10.548120967967497
27.88822443287222,16.808868793913014,10.556527466221212
27.88822443287222,16.808868793913014,9.825096667406537
27.88822443287222,1.391248910546608,0.10148237838855628
25.269856640056677,30.618805856082545,4.95756838013698
39.19464755873774,16.739802248524338,6.324676740894778
27.88822443287222,16.808868793913014,8.967556182548753
44.44946227204949,13.53214884630578,0.26970420155204594
27.88822443287222,16.739802248524338,10.645325350791639
27.88822443287222,16.739802248524338,9.563324823700476
27.88822443287222,16.739802248524338,9.412481830861566
27.88822443287222,16.808868793913014,10.157723484288773
27.88822443287222,16.808868793913014,9.422771820440758
27.88822443287222,16.739802248524338,10.282291961395646
27.88822443287222,16.808868793913014,10.806674909234259
27.88822443287222,16.739802248524338,9.488241626060091
27.88822443287222,10.217796586329857,3.617868469284906
27.88822443287222,16.808868793913014,10.349687387915083
27.88822443287222,16.739802248524338,10.562016007601127
27.88822443287222,16.808868793913014,9.825096667406537
27.88822443287222,1.391248910546608,0.10148237838855628
27.88822443287222,16.808868793913014,10.806674909234259
27.88822443287222,16.808868793913014,10.157723484288773
39.19464755873774,16.739802248524338,6.324676740894778
27.88822443287222,10.217796586329857,3.617868469284906
27.88822443287222,16.739802248524338,9.051508064423789
27.88822443287222,16.808868793913014,8.967556182548753
27.88822443287222,16.739802248524338,10.645325350791639
27.88822443287222,16.808868793913014,9.33136269437433
27.88822443287222,16.808868793913014,10.349687387915083
27.88822443287222,16.739802248524338,9.023806434578015
25.269856640056677,30.618805856082545,4.95756838013698
27.88822443287222,16.739802248524338,10.599768521687794
27.88822443287222,16.808868793913014,10.556527466221212
27.88822443287222,16.739802248524338,10.00231959185271
52.51267233701295,16.739802248524338,1.0709351852577391
27.88822443287222,16.739802248524338,9.412481830861566
27.88822443287222,16.739802248524338,10.262840569374756
44.44946227204949,13.53214884630578,0.26970420155204594
27.88822443287222,16.739802248524338,10.282291961395646
25.453024121902583,16.739802248524338,10.967238621856481
27.88822443287222,16.739802248524338,10.562016007601127
27.88822443287222,16.739802248524338,9.488241626060091
27.88822443287222,16.739802248524338,10.548120967967497
27.88822443287222,16.808868793913014,9.422771820440758
27.88822443287222,16.739802248524338,9.563324823700476
27.88822443287222,16.739802248524338,10.961254973917661
27.88822443287222,16.739802248524338,9.563324823700476
25.269856640056677,30.618805856082545,4.95756838013698
27.88822443287222,16.808868793913014,10.157723484288773
27.88822443287222,16.739802248524338,10.282291961395646
27.88822443287222,16.739802248524338,9.468708995090546
27.88822443287222,16.808868793913014,9.422771820440758
27.88822443287222,16.739802248524338,9.051508064423789
27.88822443287222,16.739802248524338,10.562016007601127
27.88822443287222,31.25157759035733,5.563051349153748
25.453024121902583,16.739802248524338,10.967238621856481
27.88822443287222,16.739802248524338,9.023806434578015
27.88822443287222,16.739802248524338,10.548120967967497
27.88822443287222,16.808868793913014,10.790257346638434
27.88822443287222,10.217796586329857,3.617868469284906
27.88822443287222,16.739802248524338,10.786985017025637
27.88822443287222,16.573298888723336,9.272228064197137
27.88822443287222,1.391248910546608,0.10148237838855628
27.88822443287222,16.739802248524338,10.645325350791639
27.88822443287222,16.808868793913014,9.33136269437433
27.88822443287222,16.808868793913014,10.806674909234259
27.88822443287222,16.739802248524338,10.599768521687794
52.51267233701295,16.739802248524338,1.0709351852577391
27.88822443287222,16.808868793913014,10.349687387915083
27.88822443287222,16.739802248524338,10.963601099381384
39.19464755873774,16.739802248524338,6.324676740894778
44.44946227204949,13.53214884630578,0.26970420155204594
27.88822443287222,16.739802248524338,10.00231959185271
27.88822443287222,16.739802248524338,10.961254973917661
27.88822443287222,16.739802248524338,9.488241626060091
27.88822443287222,16.808868793913014,10.556527466221212
27.88822443287222,16.739802248524338,9.197019766901349
27.88822443287222,16.739802248524338,9.412481830861566
27.88822443287222,16.808868793913014,9.422771820440758
27.88822443287222,16.808868793913014,10.157723484288773
25.29386274415806,12.524459006140278,7.572676286904168
27.88822443287222,16.739802248524338,10.732424472855687
25.269856640056677,30.618805856082545,4.95756838013698
27.88822443287222,16.739802248524338,10.961254973917661
27.88822443287222,16.573298888723336,9.272228064197137
27.88822443287222,16.739802248524338,10.599768521687794
27.88822443287222,31.25157759035733,5.563051349153748
27.88822443287222,16.739802248524338,10.786985017025637
27.88822443287222,16.739802248524338,9.412481830861566
27.88822443287222,16.808868793913014,10.790257346638434
27.88822443287222,16.808868793913014,9.825096667406537
27.88822443287222,16.739802248524338,9.023806434578015
39.19464755873774,16.739802248524338,6.324676740894778
27.88822443287222,10.217796586329857,3.617868469284906
27.88822443287222,16.739802248524338,10.00231959185271
27.88822443287222,16.739802248524338,10.562016007601127
27.88822443287222,16.739802248524338,9.197019766901349
27.88822443287222,1.391248910546608,0.10148237838855628
27.88822443287222,16.739802248524338,10.262840569374756
44.44946227204949,13.53214884630578,0.26970420155204594
27.88822443287222,16.808868793913014,10.742679560989231
27.88822443287222,16.739802248524338,10.077188488121138
27.88822443287222,16.808868793913014,10.556527466221212
27.88822443287222,16.739802248524338,9.468708995090546
27.88822443287222,16.739802248524338,10.963601099381384
27.88822443287222,16.808868793913014,8.967556182548753
27.88822443287222,16.739802248524338,10.548120967967497
27.88822443287222,16.739802248524338,9.488241626060091
27.88822443287222,16.739802248524338,9.051508064423789
52.51267233701295,16.739802248524338,1.0709351852577391
27.88822443287222,16.808868793913014,9.33136269437433
27.88822443287222,16.808868793913014,10.349687387915083
27.88822443287222,16.808868793913014,9.291720819728786
27.88822443287222,16.808868793913014,10.806674909234259
27.88822443287222,16.739802248524338,9.412481830861566
27.88822443287222,16.739802248524338,9.610772117590706
27.88822443287222,16.739802248524338,10.645325350791639
39.19464755873774,16.739802248524338,6.324676740894778
27.88822443287222,10.217796586329857,3.617868469284906
27.88822443287222,16.808868793913014,8.967556182548753
44.44946227204949,13.53214884630578,0.26970420155204594
27.88822443287222,16.739802248524338,10.077188488121138
27.88822443287222,16.808868793913014,10.157723484288773
27.88822443287222,1.391248910546608,0.10148237838855628
27.88822443287222,16.739802248524338,9.197019766901349
27.88822443287222,16.739802248524338,10.599768521687794
27.88822443287222,16.573298888723336,9.272228064197137
27.88822443287222,16.808868793913014,9.33136269437433
25.453024121902583,16.739802248524338,10.967238621856481
27.88822443287222,16.808868793913014,10.742679560989231
27.88822443287222,16.739802248524338,9.051508064423789
27.88822443287222,16.808868793913014,9.422771820440758
25.29386274415806,12.524459006140278,7.572676286904168
27.88822443287222,16.739802248524338,10.282291961395646
27.88822443287222,16.739802248524338,10.00231959185271
27.88822443287222,25.164805608739506,6.6642396800542905
27.88822443287222,16.739802248524338,10.961254973917661
42.75398983388705,16.739802248524338,4.9779231707151
27.88822443287222,16.808868793913014,10.790257346638434
27.88822443287222,16.808868793913014,9.661330030835524
27.88822443287222,16.739802248524338,9.488241626060091
27.88822443287222,16.739802248524338,10.685360660609714
52.51267233701295,16.739802248524338,1.0709351852577391
27.88822443287222,16.739802248524338,10.548120967967497
27.88822443287222,16.739802248524338,10.562016007601127
27.88822443287222,16.739802248524338,10.786985017025637
27.88822443287222,31.25157759035733,5.563051349153748
27.88822443287222,16.739802248524338,10.278406550042254
27.88822443287222,16.739802248524338,10.963601099381384
27.88822443287222,16.739802248524338,10.732424472855687
27.88822443287222,16.808868793913014,10.556527466221212
27.88822443287222,16.739802248524338,10.262840569374756
27.88822443287222,16.808868793913014,9.825096667406537
25.269856640056677,30.618805856082545,4.95756838013698
27.88822443287222,16.808868793913014,10.50661842211023
27.88822443287222,16.739802248524338,9.023806434578015
27.88822443287222,16.739802248524338,9.468708995090546
27.88822443287222,16.739802248524338,9.937808459826915
27.88822443287222,16.808868793913014,9.291720819728786
27.88822443287222,16.808868793913014,9.291720819728786
27.88822443287222,16.808868793913014,10.349687387915083
27.88822443287222,16.739802248524338,9.051508064423789
27.88822443287222,16.808868793913014,10.790257346638434
27.88822443287222,31.25157759035733,5.563051349153748
32.91018450062379,16.808868793913014,8.343525043926212
52.51267233701295,16.739802248524338,1.0709351852577391
27.88822443287222,16.808868793913014,8.967556182548753
27.88822443287222,16.739802248524338,9.937808459826915
27.88822443287222,16.739802248524338,10.987156101453152
27.88822443287222,25.164805608739506,6.6642396800542905
27.88822443287222,16.739802248524338,10.645325350791639
27.88822443287222,16.739802248524338,9.197019766901349
27.88822443287222,16.739802248524338,10.732424472855687
44.44946227204949,13.53214884630578,0.26970420155204594
27.88822443287222,16.739802248524338,10.741902888257307
27.88822443287222,16.739802248524338,9.58469588565185
27.88822443287222,16.739802248524338,10.599768521687794
27.88822443287222,16.808868793913014,10.556527466221212
27.88822443287222,16.739802248524338,9.468708995090546
27.88822443287222,16.808868793913014,9.825096667406537
27.88822443287222,10.217796586329857,3.617868469284906
25.453024121902583,16.739802248524338,10.967238621856481
25.29386274415806,12.524459006140278,7.572676286904168
27.88822443287222,16.739802248524338,9.488241626060091
27.88822443287222,16.739802248524338,9.412481830861566
27.88822443287222,16.739802248524338,10.262840569374756
27.88822443287222,16.739802248524338,10.961254973917661
27.88822443287222,16.739802248524338,10.282291961395646
27.88822443287222,16.808868793913014,10.157723484288773
27.88822443287222,16.808868793913014,9.422771820440758
27.88822443287222,16.573298888723336,9.272228064197137
39.19464755873774,16.739802248524338,6.324676740894778
42.75398983388705,16.739802248524338,4.9779231707151
27.88822443287222,16.739802248524338,10.685360660609714
25.269856640056677,30.618805856082545,4.95756838013698
27.88822443287222,16.739802248524338,10.278406550042254
27.88822443287222,16.739802248524338,10.786985017025637
27.88822443287222,16.739802248524338,10.00231959185271
27.88822443287222,16.739802248524338,10.191149741139533
27.88822443287222,16.739802248524338,9.023806434578015
27.88822443287222,16.739802248524338,10.548120967967497
27.88822443287222,16.808868793913014,9.661330030835524
27.88822443287222,16.808868793913014,10.806674909234259
27.88822443287222,16.739802248524338,9.610772117590706
27.88822443287222,33.405475481968,4.701469267365722
27.88822443287222,16.739802248524338,10.077188488121138
27.88822443287222,16.739802248524338,9.563324823700476
27.88822443287222,16.739802248524338,10.562016007601127
27.88822443287222,16.808868793913014,10.742679560989231
27.88822443287222,16.739802248524338,10.963601099381384
27.88822443287222,16.808868793913014,10.50661842211023
27.88822443287222,29.01383942813913,6.331493071321916
27.88822443287222,16.808868793913014,9.173828357645672
27.88822443287222,16.808868793913014,10.349687387915083
27.88822443287222,16.808868793913014,9.173828357645672
27.88822443287222,16.739802248524338,9.953254107199252
27.88822443287222,16.739802248524338,10.562016007601127
27.88822443287222,16.739802248524338,9.023806434578015
32.91018450062379,16.808868793913014,8.343525043926212
52.51267233701295,16.739802248524338,1.0709351852577391
27.88822443287222,16.739802248524338,10.191149741139533
27.88822443287222,16.808868793913014,10.556527466221212
27.88822443287222,33.405475481968,4.701469267365722
27.88822443287222,16.739802248524338,10.786985017025637
27.88822443287222,16.739802248524338,9.051508064423789
27.88822443287222,16.808868793913014,10.742679560989231
27.88822443287222,16.573298888723336,9.272228064197137
27.88822443287222,16.739802248524338,9.468708995090546
27.88822443287222,10.217796586329857,3.617868469284906
27.88822443287222,16.808868793913014,9.422771820440758
27.88822443287222,16.739802248524338,10.741902888257307
27.88822443287222,31.25157759035733,5.563051349153748
27.88822443287222,16.808868793913014,9.341605674768129
27.88822443287222,16.739802248524338,10.908729028736312
27.88822443287222,25.164805608739506,6.6642396800542905
39.19464755873774,16.739802248524338,6.324676740894778
44.44946227204949,13.53214884630578,0.26970420155204594
27.88822443287222,16.808868793913014,10.50661842211023
27.88822443287222,16.739802248524338,9.04235149148827
25.269856640056677,30.618805856082545,4.95756838013698
27.88822443287222,30.618805856082545,5.709950953156618
27.88822443287222,16.808868793913014,8.967556182548753
27.88822443287222,16.808868793913014,9.661330030835524
27.88822443287222,16.739802248524338,10.987156101453152
27.88822443287222,16.739802248524338,10.00231959185271
27.88822443287222,16.739802248524338,10.732424472855687
27.88822443287222,12.524459006140278,6.755753669443087
27.88822443287222,16.739802248524338,10.599768521687794
27.88822443287222,16.739802248524338,9.610772117590706
27.88822443287222,16.739802248524338,10.033053739149889
27.88822443287222,16.739802248524338,10.961254973917661
27.88822443287222,16.739802248524338,10.282291961395646
27.88822443287222,1.391248910546608,0.10148237838855628
27.88822443287222,16.739802248524338,10.963601099381384
27.88822443287222,16.739802248524338,9.374959968209453
27.88822443287222,16.808868793913014,10.806674909234259
27.88822443287222,16.808868793913014,10.790257346638434
26.739195732094345,16.739802248524338,9.645611707244447
3.5011680467744206,7.910186179478941,2.8959655018287287
42.75398983388705,16.739802248524338,4.9779231707151
27.88822443287222,16.739802248524338,10.278406550042254
27.88822443287222,16.739802248524338,9.412481830861566
27.88822443287222,16.739802248524338,9.937808459826915
27.88822443287222,16.808868793913014,9.291720819728786
27.88822443287222,16.739802248524338,10.685360660609714
27.88822443287222,16.739802248524338,9.58469588565185
27.88822443287222,29.01383942813913,6.331493071321916
27.88822443287222,16.739802248524338,10.548120967967497
27.88822443287222,16.739802248524338,10.077188488121138
27.88822443287222,16.739802248524338,10.645325350791639
27.88822443287222,16.808868793913014,10.157723484288773
27.88822443287222,16.808868793913014,9.978392833218406
27.88822443287222,16.739802248524338,9.51400369305384
27.88822443287222,16.739802248524338,9.488241626060091
25.29386274415806,12.524459006140278,7.572676286904168
27.88822443287222,16.739802248524338,9.197019766901349
27.88822443287222,16.808868793913014,9.825096667406537
