19.096198991143794,16.808868793913014,7.876612094418988
10.796493596286886,17.218220904636084,3.9883928619002336
27.88822443287222,16.739802248524338,10.785119487604137
27.88822443287222,16.539610200712406,10.643461035177772
27.88822443287222,16.992110146994158,10.124927994746523
27.88822443287222,16.97748788773137,10.63892426687031
27.88822443287222,16.808868793913014,9.587079982349346
27.88822443287222,16.808868793913014,10.391668057922967
27.88822443287222,16.539610200712406,10.729577801592235
27.88822443287222,4.523915140486491,0.0991924464762579
27.88822443287222,16.739802248524338,10.039439859912589
27.88822443287222,16.808868793913014,10.618912017445945
29.901594504167058,16.808868793913014,9.76502347860581
27.714930355978566,28.997930037176562,5.556033074543174
27.88822443287222,16.539610200712406,9.957415195906307
27.50909169172269,19.75021778943404,7.60792738007266
27.88822443287222,16.539610200712406,10.656728926195322
27.88822443287222,16.808868793913014,9.658371566234116
27.88822443287222,16.739802248524338,9.486382223779987
27.88822443287222,16.808868793913014,9.02996060196533
27.88822443287222,16.808868793913014,10.320533004428558
27.88822443287222,16.808868793913014,9.907699594730037
27.88822443287222,16.808868793913014,9.090358874535097
27.88822443287222,16.808868793913014,10.513153070078875
38.28863741083862,16.808868793913014,6.7599478148656615
27.88822443287222,16.808868793913014,10.355578127625208
27.88822443287222,16.808868793913014,9.618199743878662
27.88822443287222,16.739802248524338,10.95300488183386
27.88822443287222,16.808868793913014,10.51581037836555
27.88822443287222,16.739802248524338,9.486382223779987
27.88822443287222,16.808868793913014,10.506662852955413
27.88822443287222,5.125393211259027,0.10412701476614457
27.88822443287222,16.808868793913014,10.052784944370108
27.88822443287222,16.808868793913014,10.809369115626932
27.88822443287222,15.481294822006166,9.5896104705809
27.88822443287222,16.539610200712406,9.478583223803682
27.88822443287222,16.808868793913014,9.596017678123205
27.88822443287222,16.808868793913014,9.396613873472136
27.88822443287222,30.064126342453243,5.9037616649482505
27.88822443287222,16.808868793913014,9.901882618635922
27.88822443287222,16.808868793913014,10.857740997650108
27.88822443287222,16.539610200712406,9.826741641649246
27.88822443287222,16.739802248524338,10.422698716978456
27.88822443287222,16.808868793913014,9.474373982327378
27.88822443287222,16.808868793913014,8.988205219938441
27.88822443287222,16.808868793913014,10.783004489237166
27.88822443287222,16.808868793913014,10.279248532569106
27.88822443287222,16.808868793913014,9.512637693337927
43.52055757502797,16.739802248524338,6.3037710827995035
27.88822443287222,16.808868793913014,9.474373982327378
27.88822443287222,17.218220904636084,9.390214639371155
27.88822443287222,16.808868793913014,9.31335329463314
27.88822443287222,16.808868793913014,9.766439548218203
27.88822443287222,16.808868793913014,9.31035407337266
13.061032461374575,16.808868793913014,4.2479423362955515
27.88822443287222,12.098501530000055,6.4808332852459065
27.88822443287222,16.739802248524338,9.989300835794687
27.88822443287222,16.808868793913014,9.545125624306788
27.88822443287222,16.739802248524338,9.607616992489222
27.88822443287222,16.808868793913014,9.913439305665152
27.88822443287222,16.808868793913014,10.086635308130957
27.88822443287222,16.808868793913014,10.911902890948028
27.88822443287222,16.739802248524338,10.694761499661794
27.88822443287222,16.808868793913014,10.262811487170561
27.88822443287222,16.739802248524338,9.1439054170959
27.88822443287222,16.739802248524338,10.519544787524373
27.88822443287222,16.739802248524338,9.990101168248033
27.88822443287222,16.808868793913014,10.704847117235232
42.97858579722773,16.808868793913014,4.319742205875961
27.88822443287222,16.808868793913014,9.474373982327378
27.88822443287222,16.808868793913014,10.253504816765108
27.88822443287222,16.808868793913014,9.474373982327378
27.88822443287222,16.539610200712406,10.808246796832117
27.88822443287222,16.808868793913014,9.542343902031273
27.88822443287222,16.808868793913014,9.474373982327378
27.88822443287222,13.310130836486472,8.163026511606432
27.88822443287222,16.808868793913014,9.979346517982139
17.462611420758968,16.808868793913014,6.466766884043332
27.88822443287222,16.739802248524338,9.03216744921357
11.408261144894407,16.539610200712406,3.844445275901083
