27.88822443287222,16.808868793913014,10.706290366298434
47.75285603461545,14.711313943875712,0.4914843219486611
27.88822443287222,16.739802248524338,9.17250334288126
27.88822443287222,16.808868793913014,10.258194030571461
47.75285603461545,14.711313943875712,0.4914843219486611
27.88822443287222,16.739802248524338,9.17250334288126
27.88822443287222,16.808868793913014,10.258194030571461
27.88822443287222,16.739802248524338,9.17250334288126
27.88822443287222,16.808868793913014,10.258194030571461
23.928359227778117,16.808868793913014,9.519850957726657
27.88822443287222,16.808868793913014,10.706290366298434
47.75285603461545,14.711313943875712,0.4914843219486611
23.928359227778117,16.808868793913014,9.519850957726657
47.75285603461545,14.711313943875712,0.4914843219486611
27.88822443287222,16.808868793913014,10.258194030571461
27.88822443287222,16.808868793913014,10.706290366298434
47.75285603461545,14.711313943875712,0.4914843219486611
27.88822443287222,16.739802248524338,9.17250334288126
23.928359227778117,16.808868793913014,9.519850957726657
27.88822443287222,16.808868793913014,10.258194030571461
47.75285603461545,14.711313943875712,0.4914843219486611
27.88822443287222,16.739802248524338,9.17250334288126
23.928359227778117,16.808868793913014,9.519850957726657
47.75285603461545,14.711313943875712,0.4914843219486611
27.88822443287222,16.808868793913014,10.706290366298434
23.928359227778117,16.808868793913014,9.519850957726657
27.88822443287222,16.808868793913014,10.258194030571461
21.912811157747957,16.808868793913014,7.199113868582084
27.88822443287222,16.739802248524338,9.17250334288126
27.88822443287222,16.808868793913014,10.258194030571461
47.75285603461545,14.711313943875712,0.4914843219486611
23.928359227778117,16.808868793913014,9.519850957726657
27.88822443287222,16.739802248524338,9.17250334288126
21.912811157747957,16.808868793913014,7.199113868582084
27.88822443287222,16.808868793913014,10.258194030571461
23.928359227778117,16.808868793913014,9.519850957726657
27.88822443287222,16.739802248524338,9.17250334288126
21.912811157747957,16.808868793913014,7.199113868582084
47.75285603461545,14.711313943875712,0.4914843219486611
27.88822443287222,16.808868793913014,10.706290366298434
27.88822443287222,16.808868793913014,10.706290366298434
27.88822443287222,16.808868793913014,10.258194030571461
21.912811157747957,16.808868793913014,7.199113868582084
27.88822443287222,16.739802248524338,9.17250334288126
23.928359227778117,16.808868793913014,9.519850957726657
21.912811157747957,16.808868793913014,7.199113868582084
47.75285603461545,14.711313943875712,0.4914843219486611
23.928359227778117,16.808868793913014,9.519850957726657
27.88822443287222,16.808868793913014,10.706290366298434
27.88822443287222,16.739802248524338,9.17250334288126
27.88822443287222,16.808868793913014,10.258194030571461
27.88822443287222,16.808868793913014,10.258194030571461
27.88822443287222,16.739802248524338,9.17250334288126
47.75285603461545,14.711313943875712,0.4914843219486611
21.912811157747957,16.808868793913014,7.199113868582084
27.88822443287222,16.808868793913014,10.706290366298434
23.928359227778117,16.808868793913014,9.519850957726657
23.928359227778117,16.808868793913014,9.519850957726657
27.88822443287222,16.808868793913014,10.258194030571461
27.88822443287222,16.808868793913014,10.706290366298434
27.88822443287222,16.739802248524338,9.17250334288126
47.75285603461545,14.711313943875712,0.4914843219486611
23.928359227778117,16.808868793913014,9.519850957726657
21.912811157747957,16.808868793913014,7.199113868582084
27.88822443287222,16.739802248524338,9.17250334288126
27.88822443287222,16.808868793913014,10.706290366298434
27.88822443287222,16.808868793913014,10.258194030571461
47.75285603461545,14.711313943875712,0.4914843219486611
27.88822443287222,16.808868793913014,10.706290366298434
47.75285603461545,14.711313943875712,0.4914843219486611
21.912811157747957,16.808868793913014,7.199113868582084
27.88822443287222,16.739802248524338,9.17250334288126
27.88822443287222,16.808868793913014,10.706290366298434
21.912811157747957,16.808868793913014,7.199113868582084
23.928359227778117,16.808868793913014,9.519850957726657
27.88822443287222,16.808868793913014,10.258194030571461
27.88822443287222,16.739802248524338,10.107351711611008
27.88822443287222,16.739802248524338,10.527811543389126
27.88822443287222,16.739802248524338,9.17250334288126
47.75285603461545,14.711313943875712,0.4914843219486611
27.88822443287222,16.808868793913014,10.706290366298434
27.88822443287222,16.808868793913014,10.258194030571461
27.88822443287222,16.739802248524338,9.17250334288126
27.88822443287222,16.739802248524338,10.107351711611008
21.912811157747957,16.808868793913014,7.199113868582084
27.88822443287222,16.739802248524338,10.527811543389126
51.13933701137191,30.77747685296335,10.454187602606815
27.88822443287222,16.739802248524338,10.107351711611008
27.88822443287222,16.739802248524338,10.527811543389126
27.88822443287222,16.739802248524338,9.17250334288126
27.88822443287222,16.808868793913014,9.727963483309237
23.928359227778117,16.808868793913014,9.519850957726657
51.13933701137191,30.77747685296335,10.454187602606815
27.88822443287222,16.808868793913014,10.258194030571461
47.75285603461545,14.711313943875712,0.4914843219486611
27.88822443287222,16.739802248524338,9.17250334288126
27.88822443287222,16.808868793913014,9.727963483309237
27.88822443287222,16.808868793913014,10.258194030571461
27.88822443287222,16.808868793913014,10.706290366298434
27.88822443287222,16.739802248524338,10.527811543389126
51.13933701137191,30.77747685296335,10.454187602606815
47.75285603461545,14.711313943875712,0.4914843219486611
27.88822443287222,16.808868793913014,10.7410223707852
23.928359227778117,16.808868793913014,9.519850957726657
27.88822443287222,16.808868793913014,9.506126551389082
27.88822443287222,16.739802248524338,10.107351711611008
27.88822443287222,16.739802248524338,9.17250334288126
27.88822443287222,16.808868793913014,10.7410223707852
47.75285603461545,14.711313943875712,0.4914843219486611
27.88822443287222,16.808868793913014,10.706290366298434
51.13933701137191,30.77747685296335,10.454187602606815
27.88822443287222,16.808868793913014,9.727963483309237
23.928359227778117,16.808868793913014,9.519850957726657
27.88822443287222,16.808868793913014,10.473061779124142
27.88822443287222,16.808868793913014,9.506126551389082
27.88822443287222,16.739802248524338,10.107351711611008
27.88822443287222,16.808868793913014,10.258194030571461
27.88822443287222,16.739802248524338,10.527811543389126
27.88822443287222,16.808868793913014,9.48163002847094
27.88822443287222,16.739802248524338,10.527811543389126
27.88822443287222,16.808868793913014,9.506126551389082
27.88822443287222,16.808868793913014,10.706290366298434
23.928359227778117,16.808868793913014,9.519850957726657
27.88822443287222,16.739802248524338,10.107351711611008
47.75285603461545,14.711313943875712,0.4914843219486611
27.88822443287222,16.808868793913014,10.25616244285132
21.912811157747957,16.808868793913014,7.199113868582084
27.88822443287222,16.739802248524338,9.17250334288126
51.13933701137191,30.77747685296335,10.454187602606815
27.88822443287222,16.808868793913014,9.48163002847094
27.88822443287222,16.808868793913014,10.7410223707852
27.88822443287222,16.808868793913014,9.727963483309237
27.88822443287222,16.808868793913014,10.7410223707852
27.88822443287222,16.808868793913014,10.25616244285132
27.88822443287222,16.739802248524338,10.527811543389126
23.928359227778117,16.808868793913014,9.519850957726657
27.88822443287222,16.808868793913014,10.473061779124142
47.75285603461545,14.711313943875712,0.4914843219486611
27.88822443287222,16.739802248524338,10.107351711611008
40.133536263230965,16.808868793913014,5.286890799153965
27.88822443287222,16.808868793913014,9.48163002847094
51.13933701137191,30.77747685296335,10.454187602606815
27.88822443287222,16.808868793913014,9.506126551389082
27.88822443287222,16.808868793913014,9.727963483309237
27.88822443287222,16.739802248524338,10.527811543389126
51.13933701137191,30.77747685296335,10.454187602606815
27.88822443287222,16.808868793913014,10.706290366298434
27.88822443287222,16.808868793913014,10.25616244285132
27.88822443287222,16.808868793913014,9.727963483309237
21.912811157747957,16.808868793913014,7.199113868582084
27.88822443287222,16.739802248524338,10.107351711611008
27.88822443287222,16.808868793913014,10.258194030571461
27.88822443287222,16.808868793913014,9.386089827584447
27.88822443287222,16.808868793913014,9.636286926197629
27.88822443287222,16.808868793913014,9.506126551389082
27.88822443287222,16.808868793913014,9.48163002847094
23.928359227778117,16.808868793913014,9.519850957726657
27.88822443287222,16.739802248524338,9.17250334288126
40.133536263230965,16.808868793913014,5.286890799153965
27.88822443287222,16.808868793913014,10.7410223707852
23.928359227778117,16.808868793913014,9.519850957726657
27.88822443287222,16.739802248524338,10.107351711611008
27.88822443287222,16.739802248524338,9.17250334288126
47.75285603461545,14.711313943875712,0.4914843219486611
27.88822443287222,16.808868793913014,9.386089827584447
27.88822443287222,16.808868793913014,10.25616244285132
21.912811157747957,16.808868793913014,7.199113868582084
27.88822443287222,16.808868793913014,10.7410223707852
27.88822443287222,16.739802248524338,10.527811543389126
27.88822443287222,16.808868793913014,9.48163002847094
40.133536263230965,16.808868793913014,5.286890799153965
27.88822443287222,16.808868793913014,10.258194030571461
27.88822443287222,16.808868793913014,9.727963483309237
27.88822443287222,16.808868793913014,9.636286926197629
27.88822443287222,16.808868793913014,10.447387586314822
51.13933701137191,30.77747685296335,10.454187602606815
27.88822443287222,16.808868793913014,9.506126551389082
27.88822443287222,16.808868793913014,10.7410223707852
27.88822443287222,16.739802248524338,10.527811543389126
27.88822443287222,16.808868793913014,9.386089827584447
51.13933701137191,30.77747685296335,10.454187602606815
27.88822443287222,16.808868793913014,9.636286926197629
27.88822443287222,16.739802248524338,9.17250334288126
27.88822443287222,16.739802248524338,9.982221252788863
27.88822443287222,16.808868793913014,10.473061779124142
27.88822443287222,16.808868793913014,9.727963483309237
23.928359227778117,16.808868793913014,9.519850957726657
40.133536263230965,16.808868793913014,5.286890799153965
21.912811157747957,16.808868793913014,7.199113868582084
27.88822443287222,16.808868793913014,10.706290366298434
27.88822443287222,16.808868793913014,9.48163002847094
47.75285603461545,14.711313943875712,0.4914843219486611
27.88822443287222,16.808868793913014,10.447387586314822
27.88822443287222,16.808868793913014,10.064956900601969
27.88822443287222,16.808868793913014,10.258194030571461
27.88822443287222,16.739802248524338,10.107351711611008
27.88822443287222,16.808868793913014,10.25616244285132
47.75285603461545,14.711313943875712,0.4914843219486611
27.88822443287222,16.808868793913014,10.565510059788618
27.88822443287222,16.808868793913014,9.19969691479081
27.88822443287222,16.808868793913014,10.25616244285132
27.88822443287222,16.808868793913014,10.258194030571461
27.88822443287222,16.739802248524338,10.527811543389126
27.88822443287222,16.808868793913014,10.706290366298434
27.88822443287222,16.739802248524338,9.17250334288126
23.928359227778117,16.808868793913014,9.519850957726657
27.88822443287222,16.739802248524338,9.982221252788863
21.912811157747957,16.808868793913014,7.199113868582084
27.88822443287222,16.808868793913014,9.386089827584447
27.88822443287222,16.808868793913014,9.727963483309237
27.88822443287222,16.808868793913014,9.48163002847094
40.133536263230965,16.808868793913014,5.286890799153965
22.80212341962392,12.905036815353158,8.47304791243812
27.88822443287222,16.808868793913014,9.434584690522644
51.13933701137191,30.77747685296335,10.454187602606815
27.88822443287222,16.808868793913014,10.7410223707852
27.88822443287222,16.808868793913014,10.064956900601969
27.88822443287222,16.808868793913014,9.506126551389082
27.88822443287222,16.739802248524338,10.107351711611008
27.88822443287222,16.808868793913014,9.506126551389082
27.88822443287222,16.808868793913014,10.7410223707852
40.133536263230965,16.808868793913014,5.286890799153965
27.88822443287222,16.808868793913014,10.25616244285132
27.88822443287222,16.808868793913014,10.258194030571461
27.88822443287222,16.808868793913014,9.19969691479081
27.88822443287222,16.808868793913014,10.064956900601969
27.88822443287222,16.808868793913014,10.447387586314822
22.80212341962392,12.905036815353158,8.47304791243812
51.13933701137191,30.77747685296335,10.454187602606815
27.88822443287222,16.808868793913014,10.298187890309007
27.88822443287222,16.808868793913014,9.434584690522644
23.928359227778117,16.808868793913014,9.519850957726657
27.88822443287222,16.808868793913014,10.706290366298434
27.88822443287222,16.808868793913014,9.727963483309237
27.88822443287222,16.808868793913014,10.565510059788618
27.88822443287222,16.808868793913014,9.48163002847094
27.88822443287222,16.739802248524338,9.982221252788863
27.88822443287222,16.808868793913014,9.772303918485179
5.055615320686417,16.808868793913014,1.6453396939702238
27.88822443287222,16.808868793913014,9.226653875128475
27.88822443287222,16.739802248524338,10.527811543389126
47.75285603461545,14.711313943875712,0.4914843219486611
27.88822443287222,16.739802248524338,9.17250334288126
27.88822443287222,16.808868793913014,9.386089827584447
27.88822443287222,16.808868793913014,9.434584690522644
40.133536263230965,16.808868793913014,5.286890799153965
27.88822443287222,16.808868793913014,10.565510059788618
27.88822443287222,16.808868793913014,10.394026779976592
27.88822443287222,16.739802248524338,9.982221252788863
27.88822443287222,16.808868793913014,10.064956900601969
27.88822443287222,16.739802248524338,10.291236991839913
27.88822443287222,16.739802248524338,10.527811543389126
27.88822443287222,16.808868793913014,9.727963483309237
27.88822443287222,16.808868793913014,9.226653875128475
27.88822443287222,16.739802248524338,9.595621214661382
27.88822443287222,16.808868793913014,10.364661651609065
27.88822443287222,16.808868793913014,10.25616244285132
27.88822443287222,16.808868793913014,10.298187890309007
27.88822443287222,16.808868793913014,9.772303918485179
27.88822443287222,16.808868793913014,9.48163002847094
27.88822443287222,16.739802248524338,9.17250334288126
51.13933701137191,30.77747685296335,10.454187602606815
27.88822443287222,16.808868793913014,9.386089827584447
27.88822443287222,16.808868793913014,10.447387586314822
27.88822443287222,16.808868793913014,10.7410223707852
27.88822443287222,16.808868793913014,9.636286926197629
27.88822443287222,16.808868793913014,10.473061779124142
23.928359227778117,16.808868793913014,9.519850957726657
5.055615320686417,16.808868793913014,1.6453396939702238
27.88822443287222,16.808868793913014,9.19969691479081
27.88822443287222,16.808868793913014,10.258194030571461
27.88822443287222,16.808868793913014,9.506126551389082
47.75285603461545,14.711313943875712,0.4914843219486611
27.88822443287222,9.77549385065382,2.6663690963717888
27.88822443287222,16.739802248524338,10.107351711611008
27.88822443287222,16.808868793913014,10.25616244285132
27.88822443287222,9.77549385065382,2.6663690963717888
27.88822443287222,16.739802248524338,10.291236991839913
47.75285603461545,14.711313943875712,0.4914843219486611
27.88822443287222,17.293846180821458,9.085905619985255
21.912811157747957,16.808868793913014,7.199113868582084
27.88822443287222,31.632403178034878,5.4508391765556095
27.88822443287222,16.739802248524338,9.595621214661382
27.88822443287222,16.808868793913014,10.473061779124142
23.928359227778117,16.808868793913014,9.519850957726657
27.88822443287222,16.808868793913014,9.434584690522644
27.88822443287222,16.808868793913014,10.565510059788618
40.133536263230965,16.808868793913014,5.286890799153965
27.88822443287222,16.739802248524338,9.982221252788863
22.80212341962392,12.905036815353158,8.47304791243812
27.88822443287222,16.808868793913014,10.258194030571461
5.055615320686417,16.808868793913014,1.6453396939702238
27.88822443287222,16.808868793913014,10.394026779976592
4.3410571679161905,16.808868793913014,1.5196876743153493
27.88822443287222,16.739802248524338,9.17250334288126
27.88822443287222,16.808868793913014,9.290817586874242
27.88822443287222,16.808868793913014,9.386089827584447
27.88822443287222,16.808868793913014,10.064956900601969
51.13933701137191,30.77747685296335,10.454187602606815
27.88822443287222,16.808868793913014,9.226653875128475
27.88822443287222,28.58949521839469,5.774719134718032
27.88822443287222,16.808868793913014,10.298187890309007
27.88822443287222,16.808868793913014,10.7410223707852
27.88822443287222,16.808868793913014,9.48163002847094
27.88822443287222,16.808868793913014,9.772303918485179
27.88822443287222,16.808868793913014,9.19969691479081
27.88822443287222,16.808868793913014,9.636286926197629
27.88822443287222,16.739802248524338,10.107351711611008
27.88822443287222,16.808868793913014,9.727963483309237
27.88822443287222,16.808868793913014,9.506126551389082
27.88822443287222,17.293846180821458,9.085905619985255
27.88822443287222,16.808868793913014,9.303904972692276
27.88822443287222,16.808868793913014,9.386089827584447
27.88822443287222,16.808868793913014,10.25616244285132
23.928359227778117,16.808868793913014,9.519850957726657
40.133536263230965,16.808868793913014,5.286890799153965
27.88822443287222,16.808868793913014,10.565510059788618
27.88822443287222,16.808868793913014,10.278726240732231
27.88822443287222,16.808868793913014,9.146910885223045
27.88822443287222,16.808868793913014,9.727963483309237
27.88822443287222,16.808868793913014,9.636286926197629
27.88822443287222,16.739802248524338,9.595621214661382
27.88822443287222,16.808868793913014,10.064956900601969
22.910407235029318,17.142234542196707,7.385129863310744
27.88822443287222,16.808868793913014,10.706290366298434
27.88822443287222,11.289906910557853,4.664444390073033
5.055615320686417,16.808868793913014,1.6453396939702238
27.88822443287222,16.808868793913014,10.394026779976592
27.88822443287222,16.808868793913014,10.258194030571461
27.88822443287222,16.808868793913014,9.772303918485179
27.88822443287222,16.739802248524338,9.814892042429152
21.912811157747957,16.808868793913014,7.199113868582084
27.88822443287222,16.739802248524338,10.291236991839913
27.88822443287222,16.808868793913014,10.364661651609065
27.88822443287222,16.739802248524338,9.982221252788863
27.88822443287222,16.808868793913014,10.473061779124142
4.3410571679161905,16.808868793913014,1.5196876743153493
27.88822443287222,16.808868793913014,9.19969691479081
27.88822443287222,16.808868793913014,10.298187890309007
27.88822443287222,16.808868793913014,10.7410223707852
27.88822443287222,16.808868793913014,9.48163002847094
27.88822443287222,9.77549385065382,2.6663690963717888
27.88822443287222,16.539610200712406,9.182465412202351
22.80212341962392,12.905036815353158,8.47304791243812
27.88822443287222,16.808868793913014,9.434584690522644
27.88822443287222,16.808868793913014,10.608583193714024
27.88822443287222,16.808868793913014,9.290817586874242
27.88822443287222,16.739802248524338,10.527811543389126
27.88822443287222,16.739802248524338,10.107351711611008
47.75285603461545,14.711313943875712,0.4914843219486611
51.13933701137191,30.77747685296335,10.454187602606815
27.88822443287222,28.58949521839469,5.774719134718032
27.88822443287222,16.739802248524338,9.17250334288126
27.88822443287222,31.632403178034878,5.4508391765556095
27.88822443287222,16.808868793913014,10.166980170927472
27.88822443287222,16.808868793913014,9.226653875128475
27.88822443287222,11.289906910557853,4.664444390073033
27.88822443287222,16.808868793913014,10.25616244285132
27.88822443287222,28.58949521839469,5.774719134718032
27.88822443287222,16.739802248524338,9.982221252788863
27.88822443287222,31.632403178034878,5.4508391765556095
27.88822443287222,16.808868793913014,9.434584690522644
27.88822443287222,16.808868793913014,10.565510059788618
27.88822443287222,16.808868793913014,10.166980170927472
27.88822443287222,17.293846180821458,9.085905619985255
27.88822443287222,16.808868793913014,10.278726240732231
49.853147253142396,16.425648542589123,1.8211221684889298
27.88822443287222,16.808868793913014,10.608583193714024
27.88822443287222,16.808868793913014,10.473061779124142
23.928359227778117,16.808868793913014,9.519850957726657
27.88822443287222,16.808868793913014,10.200799266053757
27.88822443287222,16.808868793913014,10.607778081884081
27.88822443287222,16.808868793913014,9.19969691479081
22.910407235029318,17.142234542196707,7.385129863310744
27.88822443287222,16.808868793913014,9.772303918485179
5.055615320686417,16.808868793913014,1.6453396939702238
27.88822443287222,16.808868793913014,9.636286926197629
27.88822443287222,16.808868793913014,10.706290366298434
27.88822443287222,16.739802248524338,9.814892042429152
27.88822443287222,16.808868793913014,10.394026779976592
21.912811157747957,16.808868793913014,7.199113868582084
27.88822443287222,16.808868793913014,9.48163002847094
27.88822443287222,16.808868793913014,10.498154402147376
27.88822443287222,16.808868793913014,9.403201275888224
27.88822443287222,16.808868793913014,9.506126551389082
27.88822443287222,16.808868793913014,9.166350364909944
27.88822443287222,16.808868793913014,10.002858467577846
4.3410571679161905,16.808868793913014,1.5196876743153493
40.133536263230965,16.808868793913014,5.286890799153965
27.88822443287222,16.739802248524338,10.291236991839913
27.88822443287222,16.808868793913014,10.7410223707852
27.88822443287222,16.808868793913014,10.047714809678737
27.88822443287222,16.739802248524338,10.750887937941354
27.88822443287222,16.808868793913014,9.226653875128475
27.88822443287222,16.808868793913014,10.364661651609065
27.88822443287222,16.539610200712406,9.182465412202351
27.88822443287222,16.808868793913014,10.064956900601969
27.88822443287222,16.808868793913014,10.447387586314822
27.88822443287222,16.808868793913014,9.146910885223045
27.88822443287222,16.739802248524338,9.17250334288126
22.80212341962392,12.905036815353158,8.47304791243812
27.88822443287222,16.808868793913014,9.727963483309237
27.88822443287222,16.739802248524338,9.12105003805068
27.88822443287222,16.808868793913014,9.303904972692276
27.88822443287222,9.77549385065382,2.6663690963717888
27.88822443287222,16.808868793913014,10.258194030571461
47.75285603461545,14.711313943875712,0.4914843219486611
27.88822443287222,16.739802248524338,9.595621214661382
51.13933701137191,30.77747685296335,10.454187602606815
27.88822443287222,16.808868793913014,10.298187890309007
27.88822443287222,16.808868793913014,9.290817586874242
27.88822443287222,16.808868793913014,9.386089827584447
27.88822443287222,16.739802248524338,10.527811543389126
27.88822443287222,16.808868793913014,9.506126551389082
27.88822443287222,16.739802248524338,10.527811543389126
27.88822443287222,16.808868793913014,9.636286926197629
27.88822443287222,16.808868793913014,9.146910885223045
27.88822443287222,16.808868793913014,9.19969691479081
27.88822443287222,16.808868793913014,10.047714809678737
27.88822443287222,16.808868793913014,9.386089827584447
27.88822443287222,16.808868793913014,9.290817586874242
27.88822443287222,16.808868793913014,10.200799266053757
27.88822443287222,16.808868793913014,9.093048413294948
27.88822443287222,11.289906910557853,4.664444390073033
27.88822443287222,16.739802248524338,9.982221252788863
27.88822443287222,16.808868793913014,9.403201275888224
27.88822443287222,16.808868793913014,10.298187890309007
40.133536263230965,16.808868793913014,5.286890799153965
27.88822443287222,16.808868793913014,9.727963483309237
27.88822443287222,16.808868793913014,9.202711474425264
27.88822443287222,16.808868793913014,10.498154402147376
27.88822443287222,16.808868793913014,10.456272295860678
27.88822443287222,16.808868793913014,9.226653875128475
27.88822443287222,16.739802248524338,9.814892042429152
27.88822443287222,16.808868793913014,9.48163002847094
27.88822443287222,16.808868793913014,10.578086437460126
21.912811157747957,16.808868793913014,7.199113868582084
27.88822443287222,16.808868793913014,9.570207115186253
27.88822443287222,16.808868793913014,10.608583193714024
22.910407235029318,17.142234542196707,7.385129863310744
27.88822443287222,16.808868793913014,9.398296934631707
27.88822443287222,16.808868793913014,10.706290366298434
27.88822443287222,16.539610200712406,9.182465412202351
51.13933701137191,30.77747685296335,10.454187602606815
4.3410571679161905,16.808868793913014,1.5196876743153493
27.88822443287222,16.808868793913014,10.278726240732231
27.88822443287222,16.808868793913014,9.434584690522644
27.88822443287222,16.808868793913014,10.447387586314822
27.88822443287222,16.808868793913014,10.345699248376116
27.88822443287222,16.808868793913014,10.888371536643064
27.88822443287222,16.808868793913014,10.364661651609065
27.88822443287222,16.739802248524338,10.750887937941354
27.88822443287222,28.58949521839469,5.774719134718032
27.88822443287222,16.808868793913014,10.064956900601969
5.055615320686417,16.808868793913014,1.6453396939702238
49.853147253142396,16.425648542589123,1.8211221684889298
27.88822443287222,16.739802248524338,9.17250334288126
27.88822443287222,16.808868793913014,10.394026779976592
27.88822443287222,31.632403178034878,5.4508391765556095
27.88822443287222,16.808868793913014,10.25616244285132
27.88822443287222,16.739802248524338,9.12105003805068
47.75285603461545,14.711313943875712,0.4914843219486611
27.88822443287222,16.808868793913014,10.166980170927472
27.88822443287222,16.808868793913014,9.439631293549635
27.88822443287222,16.808868793913014,9.166350364909944
27.88822443287222,16.808868793913014,10.607778081884081
27.88822443287222,16.808868793913014,10.552681502211568
27.88822443287222,16.739802248524338,10.291236991839913
27.88822443287222,17.293846180821458,9.085905619985255
27.88822443287222,16.808868793913014,9.086916654149018
27.88822443287222,16.808868793913014,10.7410223707852
27.88822443287222,9.77549385065382,2.6663690963717888
27.88822443287222,16.808868793913014,9.772303918485179
27.88822443287222,16.808868793913014,9.303904972692276
27.88822443287222,16.808868793913014,10.473061779124142
27.88822443287222,16.808868793913014,10.002858467577846
22.80212341962392,12.905036815353158,8.47304791243812
