27.88822443287222,16.808868793913014,9.236295097621015
27.88822443287222,16.808868793913014,10.765600034220864
27.88822443287222,16.539610200712406,9.178252428771277
34.21257231498439,16.539610200712406,10.643461035177772
48.581130115817004,16.992110146994158,2.615907829592262
27.88822443287222,16.808868793913014,9.212747024194503
27.88822443287222,18.334397802343844,9.46585546311048
27.88822443287222,16.808868793913014,10.391668057922967
27.88822443287222,16.539610200712406,10.285091791143198
27.88822443287222,16.739802248524338,10.190460644772948
0.04736958878929087,16.739802248524338,0.10685250441067148
27.88822443287222,16.808868793913014,10.519594303611841
29.901594504167058,16.808868793913014,9.559548045496289
27.88822443287222,16.808868793913014,9.539783484210735
27.88822443287222,16.539610200712406,9.178252428771277
27.88822443287222,19.395630766823757,8.273830861948213
27.88822443287222,16.539610200712406,10.057689825443319
27.88822443287222,16.739802248524338,9.271980107101525
27.88822443287222,16.739802248524338,10.778734895555818
27.88822443287222,16.808868793913014,9.744691298287005
27.88822443287222,16.808868793913014,10.38307891911811
27.88822443287222,16.808868793913014,9.259280830508605
27.88822443287222,16.808868793913014,9.242305162389751
27.88822443287222,16.808868793913014,10.369069820420611
27.88822443287222,16.739802248524338,9.29008596352598
27.88822443287222,16.808868793913014,9.212747024194503
37.84736575852318,16.808868793913014,6.832985931258286
27.88822443287222,16.739802248524338,9.739245808358191
27.88822443287222,16.739802248524338,9.956381673732349
27.88822443287222,16.739802248524338,9.20440425593377
27.88822443287222,16.808868793913014,9.296319819382873
27.88822443287222,16.739802248524338,10.652720676482245
34.55067644049289,16.808868793913014,6.941852605848835
27.88822443287222,16.739802248524338,9.20440425593377
27.88822443287222,16.539610200712406,10.213590334122122
27.88822443287222,27.103933087589514,6.31031671052444
27.88822443287222,16.808868793913014,10.697813218892302
27.88822443287222,16.739802248524338,9.565321772438562
27.88822443287222,16.739802248524338,10.811832597152526
33.08909177191468,16.808868793913014,8.899641485232511
27.88822443287222,16.808868793913014,9.212747024194503
27.88822443287222,16.808868793913014,9.626249385633496
27.88822443287222,16.808868793913014,9.212747024194503
27.88822443287222,16.739802248524338,10.79638119696283
27.88822443287222,16.739802248524338,9.879034126464164
27.88822443287222,16.739802248524338,10.509304277965894
27.88822443287222,16.808868793913014,9.908355150831417
27.88822443287222,16.739802248524338,9.296748012479757
27.88822443287222,16.739802248524338,9.669653194930847
27.88822443287222,16.808868793913014,10.017091796295444
27.88822443287222,16.808868793913014,9.768951032005313
27.88822443287222,16.739802248524338,10.409732633867844
27.88822443287222,9.634369455875598,2.682482337527148
27.88822443287222,15.14175005447156,8.9150047112479
27.88822443287222,16.808868793913014,9.212747024194503
27.88822443287222,16.739802248524338,10.412075834549182
27.88822443287222,16.739802248524338,9.418520683865863
27.88822443287222,16.808868793913014,9.09469653421198
27.88822443287222,20.143456437399323,9.209224828583375
17.499860802483397,16.808868793913014,6.6675194507653055
27.88822443287222,16.808868793913014,9.547060892749732
27.88822443287222,16.808868793913014,10.073664336194012
27.88822443287222,16.539610200712406,9.178252428771277
27.88822443287222,16.808868793913014,9.687281736060019
27.88822443287222,16.539610200712406,9.353573916705539
27.88822443287222,16.739802248524338,9.29480042377667
27.88822443287222,16.739802248524338,9.615091786637453
27.88822443287222,31.648329785630644,4.905204127558273
27.88822443287222,16.808868793913014,9.212747024194503
27.88822443287222,16.808868793913014,10.444869673355058
27.88822443287222,0.6014709722650586,0.09156246634224383
27.88822443287222,24.751805155568317,7.254706408505202
27.88822443287222,16.808868793913014,9.713687361227954
27.88822443287222,16.808868793913014,10.418210893248188
27.88822443287222,16.808868793913014,10.382832586972192
27.88822443287222,16.808868793913014,10.683165254566608
27.88822443287222,10.737450771118837,4.8112216145385265
27.88822443287222,16.739802248524338,9.235410832813333
27.88822443287222,16.739802248524338,9.763213672105671
27.88822443287222,24.32436724829568,7.264179074520043
