24.19335931712317,14.51753025514258,9.996957273458653
23.0861448490955,13.642787177566085,9.848909210571748
23.0861448490955,13.642787177566085,9.848909210571748
23.0861448490955,28.506293415609633,4.85819637233111
24.19335931712317,14.51753025514258,8.216241699946057
23.0861448490955,14.51753025514258,9.539444301227723
7.869534104942208,13.840368722258836,8.134191180930255
26.436573021568854,14.51753025514258,8.001519394163124
21.121686719888885,14.51753025514258,8.727708992965775
3.7012623470097274,22.023296410952703,8.569447102473134
21.260435106465756,13.208122278014049,9.655960214000016
16.99509668645322,10.464279858593482,9.742685732643091
24.19335931712317,13.642787177566085,9.362061594315987
23.0861448490955,12.46820867888455,8.892616828361371
14.515275306483984,3.2112332835492294,0.1
24.19335931712317,14.51753025514258,8.216241699946057
24.19335931712317,14.6309658723899,9.919449675614421
31.73360680978071,8.279034843164997,0.1
16.811389902007672,8.17246254660692,7.660002208274296
23.0861448490955,14.51753025514258,9.539444301227723
21.121686719888885,11.566449876425784,9.045490991863927
23.0861448490955,14.51753025514258,9.539444301227723
18.24827339699879,16.460312839567386,6.650405001385336
24.19335931712317,10.464279858593482,8.023197034212197
23.0861448490955,10.464279858593482,6.765532541965534
23.0861448490955,13.642787177566085,9.848909210571748
23.0861448490955,10.464279858593482,6.765532541965534
12.394259459931344,9.799192440211911,7.5874299924102475
9.12470576347369,14.51753025514258,6.9305631551448155
23.0861448490955,13.642787177566085,9.848909210571748
26.436573021568854,14.51753025514258,8.001519394163124
23.0861448490955,13.642787177566085,9.848909210571748
20.61177935760664,14.51753025514258,8.517009765655503
21.20767067811383,14.51753025514258,8.345076561857127
14.515275306483984,8.886031702150662,7.037222239496634
23.0861448490955,13.642787177566085,8.194105357464643
24.19335931712317,14.51753025514258,8.216241699946057
20.76205035643721,15.85652304354521,8.73389272541034
13.27892861839464,14.51753025514258,9.539444301227723
23.0861448490955,15.85652304354521,8.73389272541034
26.436573021568854,14.51753025514258,8.001519394163124
9.912802081034911,13.642787177566085,4.358707552082311
23.0861448490955,15.85652304354521,8.2585549655175
20.33181523396117,14.51753025514258,8.208462955631386
20.61177935760664,12.46820867888455,8.131288853639859
23.0861448490955,9.486888289747718,7.966471791933121
23.0861448490955,13.642787177566085,8.194105357464643
24.19335931712317,14.51753025514258,9.996957273458653
8.371750575170976,14.51753025514258,7.492361405848557
26.332317118545593,7.577258510765008,7.775817806669968
24.19335931712317,14.51753025514258,8.216241699946057
24.19335931712317,14.51753025514258,8.462776011138892
24.19335931712317,13.642787177566085,8.185800477905898
23.0861448490955,14.51753025514258,8.224546579504802
24.19335931712317,15.086739103278319,8.232571835883165
20.61177935760664,12.46820867888455,9.91689745822496
23.0861448490955,14.51753025514258,9.539444301227723
24.19335931712317,14.51753025514258,9.996957273458653
21.121686719888885,14.51753025514258,8.727708992965775
21.121686719888885,18.430019517737698,8.274984057189494
24.19335931712317,14.51753025514258,8.462776011138892
13.456116298484513,11.986531983297244,6.7342709127754325
23.0861448490955,14.51753025514258,9.539444301227723
23.0861448490955,13.642787177566085,9.848909210571748
24.19335931712317,23.016633488020396,8.359905306799243
24.19335931712317,4.068800074720777,9.919449675614421
0.18331519201741386,12.311372277223068,8.211620410073476
9.912802081034911,13.642787177566085,4.358707552082311
14.515275306483984,8.886031702150662,7.037222239496634
20.33181523396117,14.51753025514258,8.208462955631386
24.19335931712317,14.51753025514258,9.996957273458653
23.0861448490955,13.642787177566085,8.194105357464643
24.19335931712317,14.51753025514258,8.216241699946057
23.0861448490955,9.486888289747718,7.966471791933121
23.0861448490955,14.51753025514258,9.539444301227723
23.0861448490955,13.642787177566085,9.848909210571748
23.0861448490955,13.642787177566085,9.848909210571748
23.0861448490955,14.51753025514258,9.539444301227723
23.0861448490955,13.642787177566085,9.848909210571748
23.0861448490955,14.51753025514258,8.224546579504802
24.19335931712317,15.086739103278319,8.232571835883165
23.0861448490955,14.51753025514258,9.539444301227723
15.021612341049424,9.19145891960191,9.803846430056847
23.0861448490955,13.642787177566085,9.848909210571748
23.0861448490955,13.642787177566085,8.194105357464643
24.19335931712317,13.642787177566085,9.362061594315987
23.0861448490955,13.642787177566085,9.848909210571748
35.11966240538078,13.642787177566085,4.557712692985289
14.515275306483984,7.8874269135293895,9.799001388936217
23.0861448490955,14.51753025514258,9.539444301227723
24.19335931712317,14.51753025514258,9.996957273458653
26.332317118545593,13.720983113163186,8.48753701200295
23.0861448490955,13.642787177566085,8.194105357464643
24.19335931712317,14.51753025514258,8.216241699946057
20.61177935760664,14.51753025514258,8.517009765655503
23.0861448490955,13.642787177566085,9.848909210571748
24.19335931712317,14.51753025514258,9.996957273458653
26.332317118545593,13.642787177566085,8.421551388782666
32.65994474851846,13.642787177566085,7.899252962329699
8.371750575170976,14.51753025514258,7.492361405848557
35.4580422669565,10.02574299252613,7.678076704360595
23.0861448490955,28.506293415609633,4.85819637233111
28.49894818806451,15.85652304354521,7.490314938689464
23.0861448490955,13.642787177566085,8.194105357464643
23.0861448490955,13.642787177566085,9.848909210571748
21.121686719888885,15.85652304354521,8.252617924026342
23.0861448490955,14.51753025514258,8.224546579504802
23.0861448490955,15.85652304354521,8.73389272541034
26.332317118545593,15.85652304354521,9.961976520037044
23.0861448490955,15.85652304354521,8.2585549655175
26.436573021568854,14.51753025514258,9.076122605005823
26.332317118545593,15.85652304354521,8.212125716616491
26.332317118545593,15.85652304354521,9.961976520037044
23.0861448490955,14.51753025514258,9.539444301227723
23.0861448490955,15.85652304354521,8.2585549655175
16.99509668645322,15.85652304354521,8.14851547922154
24.19335931712317,13.642787177566085,8.185800477905898
23.0861448490955,14.51753025514258,9.539444301227723
24.19335931712317,14.6309658723899,9.919449675614421
16.99509668645322,14.51753025514258,7.022557438417538
9.912802081034911,13.642787177566085,4.358707552082311
31.987347551403804,15.85652304354521,7.8986264744274255
2.0319129998239376,15.986931854100309,0.7624377399081247
26.527316541492098,15.85652304354521,9.964251784746445
23.0861448490955,14.51753025514258,8.224546579504802
20.33181523396117,14.51753025514258,8.208462955631386
24.19335931712317,14.51753025514258,9.996957273458653
24.19335931712317,14.51753025514258,9.996957273458653
23.0861448490955,9.486888289747718,7.966471791933121
23.0861448490955,13.642787177566085,8.194105357464643
24.19335931712317,1.8711780978732957,9.362061594315987
23.0861448490955,13.642787177566085,9.848909210571748
23.0861448490955,13.642787177566085,9.848909210571748
23.0861448490955,14.51753025514258,8.224546579504802
23.0861448490955,12.46820867888455,8.892616828361371
23.0861448490955,13.642787177566085,9.848909210571748
23.0861448490955,15.85652304354521,8.2585549655175
24.19335931712317,15.086739103278319,8.232571835883165
23.0861448490955,13.642787177566085,9.848909210571748
23.0861448490955,13.642787177566085,8.194105357464643
23.0861448490955,13.642787177566085,9.848909210571748
23.0861448490955,14.51753025514258,9.539444301227723
32.63664181949473,12.46820867888455,4.297608435959543
23.0861448490955,13.642787177566085,9.848909210571748
24.19335931712317,14.51753025514258,9.996957273458653
21.121686719888885,13.4569834835968,9.415540973049838
21.121686719888885,11.566449876425784,9.045490991863927
26.332317118545593,13.642787177566085,8.421551388782666
22.34238987285429,10.464279858593482,9.742685732643091
23.0861448490955,13.642787177566085,8.194105357464643
24.19335931712317,14.51753025514258,8.216241699946057
23.0861448490955,28.506293415609633,4.85819637233111
24.19335931712317,14.51753025514258,8.216241699946057
24.19335931712317,13.642787177566085,9.362061594315987
8.371750575170976,14.51753025514258,7.492361405848557
23.0861448490955,14.51753025514258,9.539444301227723
23.0861448490955,13.642787177566085,9.848909210571748
23.0861448490955,15.85652304354521,8.73389272541034
26.332317118545593,15.85652304354521,8.212125716616491
32.65994474851846,13.642787177566085,7.899252962329699
26.332317118545593,15.85652304354521,9.961976520037044
23.0861448490955,13.642787177566085,8.194105357464643
26.332317118545593,13.720983113163186,8.48753701200295
23.0861448490955,15.85652304354521,8.2585549655175
26.332317118545593,27.121847821497187,7.665197428706373
26.436573021568854,14.51753025514258,9.076122605005823
21.121686719888885,15.85652304354521,8.252617924026342
2.9670767252576447,23.139695441973796,6.98370064490255
26.332317118545593,15.85652304354521,9.961976520037044
23.0861448490955,3.3315002927315085,8.296023848908026
16.99509668645322,15.85652304354521,8.14851547922154
24.19335931712317,13.642787177566085,8.185800477905898
41.58265341317955,17.086429226108756,5.400926783949737
23.0861448490955,13.642787177566085,9.848909210571748
21.121686719888885,18.430019517737698,8.274984057189494
26.332317118545593,7.577258510765008,7.775817806669968
20.61177935760664,14.51753025514258,8.517009765655503
20.61177935760664,14.51753025514258,8.517009765655503
26.332317118545593,12.46820867888455,8.09682706445093
26.332317118545593,0.47893978007436466,7.330793515131031
26.332317118545593,27.121847821497187,7.665197428706373
2.0319129998239376,15.986931854100309,0.7624377399081247
18.591726534481566,16.71791476522371,6.671170128715377
21.121686719888885,13.642787177566085,9.287308943132333
21.121686719888885,14.51753025514258,8.727708992965775
23.0861448490955,13.642787177566085,8.194105357464643
36.33640535317723,24.530383241910734,8.88591242142593
42.0928191747234,15.85652304354521,4.075549660404505
23.0861448490955,13.642787177566085,8.194105357464643
9.912802081034911,13.642787177566085,4.358707552082311
20.61177935760664,18.430019517737698,6.708942811332748
23.0861448490955,14.51753025514258,9.539444301227723
20.33181523396117,14.51753025514258,8.208462955631386
24.19335931712317,14.51753025514258,9.996957273458653
2.9670767252576447,23.139695441973796,6.98370064490255
23.0861448490955,9.486888289747718,7.966471791933121
23.0861448490955,13.642787177566085,9.848909210571748
24.19335931712317,14.51753025514258,8.216241699946057
23.0861448490955,14.51753025514258,8.224546579504802
23.0861448490955,13.642787177566085,9.848909210571748
23.0861448490955,13.642787177566085,9.848909210571748
24.19335931712317,15.086739103278319,8.232571835883165
23.0861448490955,13.642787177566085,9.848909210571748
23.0861448490955,13.642787177566085,9.848909210571748
24.19335931712317,14.51753025514258,9.996957273458653
23.0861448490955,13.642787177566085,8.194105357464643
24.19335931712317,14.51753025514258,8.216241699946057
24.19335931712317,14.51753025514258,9.996957273458653
24.19335931712317,13.642787177566085,9.362061594315987
26.332317118545593,13.642787177566085,8.421551388782666
8.371750575170976,14.51753025514258,7.492361405848557
23.0861448490955,13.642787177566085,9.848909210571748
23.0861448490955,14.51753025514258,8.224546579504802
23.0861448490955,15.85652304354521,8.73389272541034
32.65994474851846,13.642787177566085,7.899252962329699
23.0861448490955,28.506293415609633,4.85819637233111
26.332317118545593,15.85652304354521,9.961976520037044
23.0861448490955,13.642787177566085,8.194105357464643
26.332317118545593,13.720983113163186,8.48753701200295
23.0861448490955,15.85652304354521,8.2585549655175
3.7012623470097274,22.023296410952703,8.569447102473134
26.436573021568854,14.51753025514258,9.076122605005823
21.121686719888885,15.85652304354521,8.252617924026342
26.332317118545593,15.85652304354521,8.212125716616491
24.19335931712317,14.51753025514258,8.216241699946057
20.76205035643721,15.85652304354521,8.73389272541034
26.332317118545593,15.85652304354521,9.961976520037044
23.0861448490955,15.85652304354521,8.2585549655175
23.0861448490955,15.85652304354521,8.12913666387605
24.19335931712317,13.642787177566085,9.362061594315987
20.983805661657716,10.464279858593482,7.9707289809450845
16.99509668645322,15.85652304354521,8.14851547922154
24.19335931712317,13.642787177566085,8.185800477905898
21.121686719888885,18.430019517737698,8.274984057189494
26.332317118545593,7.577258510765008,7.775817806669968
23.0861448490955,13.642787177566085,9.848909210571748
23.0861448490955,13.642787177566085,8.194105357464643
26.436573021568854,15.85652304354521,8.209568125201173
23.0861448490955,13.642787177566085,9.848909210571748
31.987347551403804,15.85652304354521,7.8986264744274255
26.332317118545593,12.46820867888455,7.330793515131031
35.82008248964652,14.51753025514258,5.198755183728601
0.23935462949190622,10.712749918892808,9.742685732643091
9.912802081034911,13.642787177566085,4.358707552082311
24.19335931712317,14.6309658723899,9.919449675614421
32.63664181949473,12.46820867888455,4.297608435959543
20.33181523396117,14.51753025514258,8.208462955631386
23.0861448490955,9.486888289747718,7.966471791933121
24.19335931712317,13.642787177566085,9.362061594315987
24.19335931712317,14.51753025514258,9.996957273458653
23.0861448490955,13.642787177566085,9.848909210571748
23.0861448490955,14.51753025514258,8.224546579504802
23.0861448490955,14.51753025514258,9.539444301227723
23.0861448490955,13.642787177566085,9.848909210571748
23.0861448490955,13.642787177566085,9.848909210571748
23.0861448490955,2.593585469552867,0.1
23.0861448490955,13.642787177566085,9.848909210571748
24.19335931712317,15.086739103278319,8.232571835883165
23.0861448490955,13.642787177566085,8.194105357464643
26.332317118545593,13.720983113163186,8.48753701200295
23.0861448490955,14.51753025514258,9.539444301227723
23.0861448490955,28.506293415609633,4.85819637233111
24.19335931712317,14.51753025514258,9.996957273458653
23.0861448490955,13.642787177566085,8.194105357464643
24.19335931712317,20.19534800079974,8.056496752108716
24.19335931712317,14.51753025514258,8.216241699946057
26.332317118545593,13.642787177566085,8.421551388782666
24.19335931712317,14.51753025514258,8.216241699946057
24.19335931712317,14.51753025514258,9.996957273458653
8.371750575170976,14.51753025514258,7.492361405848557
23.0861448490955,13.642787177566085,9.848909210571748
23.0861448490955,14.51753025514258,8.224546579504802
13.27892861839464,14.51753025514258,9.539444301227723
14.515275306483984,3.2112332835492294,0.1
23.0861448490955,15.85652304354521,8.73389272541034
32.65994474851846,13.642787177566085,7.899252962329699
26.436573021568854,14.51753025514258,8.001519394163124
23.0861448490955,15.85652304354521,8.414234638857103
26.332317118545593,15.85652304354521,9.961976520037044
23.0861448490955,13.642787177566085,8.194105357464643
23.0861448490955,15.85652304354521,8.2585549655175
26.332317118545593,15.85652304354521,8.212125716616491
23.0861448490955,3.3315002927315085,8.296023848908026
26.436573021568854,14.51753025514258,9.076122605005823
21.121686719888885,15.85652304354521,8.252617924026342
26.332317118545593,15.85652304354521,9.961976520037044
23.0861448490955,15.85652304354521,8.2585549655175
16.99509668645322,15.85652304354521,8.14851547922154
26.436573021568854,14.51753025514258,9.076122605005823
24.19335931712317,13.642787177566085,8.185800477905898
21.121686719888885,18.430019517737698,8.274984057189494
20.61177935760664,14.51753025514258,8.517009765655503
26.332317118545593,7.577258510765008,7.775817806669968
21.260435106465756,13.208122278014049,9.655960214000016
20.61177935760664,18.430019517737698,6.708942811332748
16.99509668645322,15.85652304354521,8.14851547922154
23.0861448490955,14.51753025514258,9.539444301227723
23.0861448490955,13.642787177566085,9.848909210571748
24.19335931712317,13.642787177566085,8.185800477905898
9.912802081034911,13.642787177566085,4.358707552082311
24.19335931712317,14.6309658723899,9.919449675614421
20.33181523396117,14.51753025514258,8.208462955631386
23.0861448490955,13.642787177566085,8.194105357464643
23.0861448490955,13.642787177566085,8.194105357464643
23.0861448490955,13.642787177566085,9.848909210571748
26.436573021568854,14.51753025514258,9.076122605005823
24.19335931712317,14.51753025514258,9.996957273458653
18.591726534481566,16.71791476522371,6.671170128715377
32.63664181949473,12.46820867888455,4.297608435959543
23.0861448490955,12.46820867888455,8.892616828361371
23.0861448490955,9.486888289747718,7.966471791933121
23.0861448490955,13.642787177566085,9.848909210571748
23.0861448490955,13.642787177566085,8.194105357464643
23.0861448490955,13.642787177566085,9.848909210571748
23.0861448490955,14.51753025514258,8.224546579504802
23.0861448490955,13.642787177566085,9.848909210571748
24.19335931712317,15.086739103278319,8.232571835883165
23.0861448490955,13.642787177566085,9.848909210571748
35.11966240538078,13.642787177566085,4.557712692985289
0.23935462949190622,10.712749918892808,9.742685732643091
23.0861448490955,13.642787177566085,9.848909210571748
23.0861448490955,13.642787177566085,9.848909210571748
22.34238987285429,10.464279858593482,9.742685732643091
23.0861448490955,14.51753025514258,9.539444301227723
24.19335931712317,14.51753025514258,9.996957273458653
24.19335931712317,14.51753025514258,8.216241699946057
24.19335931712317,14.51753025514258,8.216241699946057
24.19335931712317,14.51753025514258,9.996957273458653
24.19335931712317,13.642787177566085,9.362061594315987
21.121686719888885,18.430019517737698,8.274984057189494
26.332317118545593,13.642787177566085,8.421551388782666
23.0861448490955,13.642787177566085,9.848909210571748
8.371750575170976,14.51753025514258,7.492361405848557
21.20767067811383,14.51753025514258,8.345076561857127
23.0861448490955,14.51753025514258,8.224546579504802
23.0861448490955,15.85652304354521,8.73389272541034
32.65994474851846,13.642787177566085,7.899252962329699
23.0861448490955,28.506293415609633,4.85819637233111
26.332317118545593,15.85652304354521,9.961976520037044
21.121686719888885,14.51753025514258,8.727708992965775
23.0861448490955,13.642787177566085,8.194105357464643
26.332317118545593,15.85652304354521,8.212125716616491
26.332317118545593,13.720983113163186,8.48753701200295
23.0861448490955,15.85652304354521,8.2585549655175
21.121686719888885,15.85652304354521,8.252617924026342
26.332317118545593,15.85652304354521,9.961976520037044
23.0861448490955,15.85652304354521,8.2585549655175
26.332317118545593,7.577258510765008,7.775817806669968
24.19335931712317,13.642787177566085,8.185800477905898
20.61177935760664,14.51753025514258,8.517009765655503
26.332317118545593,12.46820867888455,8.09682706445093
23.0861448490955,13.642787177566085,9.848909210571748
23.0861448490955,13.642787177566085,9.848909210571748
20.61177935760664,12.46820867888455,9.91689745822496
7.869534104942208,13.840368722258836,8.134191180930255
9.912802081034911,13.642787177566085,4.358707552082311
14.515275306483984,8.886031702150662,7.037222239496634
21.121686719888885,14.51753025514258,8.727708992965775
35.82008248964652,14.51753025514258,5.198755183728601
8.162122728893465,3.024083694124638,3.8089984481144263
24.19335931712317,15.086739103278319,8.232571835883165
9.12470576347369,14.51753025514258,6.9305631551448155
20.33181523396117,14.51753025514258,8.208462955631386
24.19335931712317,14.51753025514258,9.996957273458653
23.0861448490955,9.486888289747718,7.966471791933121
23.0861448490955,13.642787177566085,8.194105357464643
23.0861448490955,13.642787177566085,8.194105357464643
23.0861448490955,14.51753025514258,9.539444301227723
23.0861448490955,13.642787177566085,9.848909210571748
26.332317118545593,15.85652304354521,8.212125716616491
23.0861448490955,13.642787177566085,9.848909210571748
23.0861448490955,14.51753025514258,8.224546579504802
23.0861448490955,13.642787177566085,9.848909210571748
23.0861448490955,13.642787177566085,9.848909210571748
23.0861448490955,13.642787177566085,8.194105357464643
16.99509668645322,14.6309658723899,6.9681107159913065
23.0861448490955,13.642787177566085,9.848909210571748
23.0861448490955,14.51753025514258,9.539444301227723
24.19335931712317,14.51753025514258,9.996957273458653
23.0861448490955,13.642787177566085,8.194105357464643
24.19335931712317,14.51753025514258,8.216241699946057
24.19335931712317,14.51753025514258,8.216241699946057
24.19335931712317,14.51753025514258,9.996957273458653
24.19335931712317,13.642787177566085,9.362061594315987
26.332317118545593,13.642787177566085,8.421551388782666
8.371750575170976,14.51753025514258,7.492361405848557
23.0861448490955,13.642787177566085,9.848909210571748
35.11966240538078,13.642787177566085,4.557712692985289
23.0861448490955,14.51753025514258,8.224546579504802
23.0861448490955,15.85652304354521,8.2585549655175
23.0861448490955,15.85652304354521,8.73389272541034
24.19335931712317,14.6309658723899,9.919449675614421
32.65994474851846,13.642787177566085,7.899252962329699
23.0861448490955,28.506293415609633,4.85819637233111
26.332317118545593,15.85652304354521,9.961976520037044
26.332317118545593,13.720983113163186,8.48753701200295
26.436573021568854,14.51753025514258,9.076122605005823
26.332317118545593,15.85652304354521,8.212125716616491
21.121686719888885,15.85652304354521,8.252617924026342
16.99509668645322,15.85652304354521,8.14851547922154
26.332317118545593,15.85652304354521,9.961976520037044
16.99509668645322,10.464279858593482,9.742685732643091
24.19335931712317,13.642787177566085,8.185800477905898
23.0861448490955,15.85652304354521,8.2585549655175
14.515275306483984,8.886031702150662,9.799001388936217
21.121686719888885,18.430019517737698,8.274984057189494
26.332317118545593,7.577258510765008,7.775817806669968
20.61177935760664,14.51753025514258,8.517009765655503
23.0861448490955,13.642787177566085,9.848909210571748
23.0861448490955,13.642787177566085,9.848909210571748
2.9670767252576447,23.139695441973796,6.98370064490255
20.61177935760664,12.46820867888455,9.91689745822496
20.61177935760664,18.430019517737698,6.708942811332748
23.0861448490955,14.51753025514258,9.539444301227723
26.436573021568854,14.51753025514258,8.001519394163124
23.0861448490955,17.616889679730345,7.861159022847484
24.19335931712317,14.51753025514258,8.462776011138892
9.12470576347369,14.51753025514258,6.9305631551448155
9.912802081034911,13.642787177566085,4.358707552082311
23.0861448490955,14.51753025514258,9.539444301227723
23.0861448490955,14.51753025514258,9.539444301227723
20.33181523396117,14.51753025514258,8.208462955631386
24.19335931712317,14.51753025514258,9.996957273458653
20.61177935760664,12.46820867888455,8.131288853639859
23.0861448490955,9.486888289747718,7.966471791933121
13.27892861839464,14.51753025514258,9.539444301227723
23.0861448490955,14.51753025514258,9.539444301227723
23.0861448490955,13.642787177566085,8.194105357464643
23.0861448490955,14.51753025514258,9.539444301227723
23.0861448490955,13.642787177566085,9.848909210571748
23.0861448490955,13.642787177566085,9.848909210571748
23.0861448490955,14.51753025514258,8.224546579504802
23.0861448490955,13.642787177566085,9.848909210571748
23.0861448490955,13.642787177566085,8.194105357464643
24.19335931712317,15.086739103278319,8.232571835883165
26.332317118545593,13.642787177566085,8.421551388782666
23.0861448490955,13.642787177566085,9.848909210571748
23.0861448490955,15.85652304354521,8.12913666387605
24.19335931712317,14.51753025514258,8.216241699946057
24.19335931712317,13.642787177566085,9.362061594315987
23.0861448490955,13.642787177566085,8.194105357464643
23.0861448490955,14.51753025514258,8.224546579504802
23.0861448490955,2.593585469552867,0.1
23.0861448490955,14.51753025514258,9.539444301227723
24.19335931712317,14.51753025514258,9.996957273458653
32.65994474851846,13.642787177566085,7.899252962329699
24.19335931712317,14.51753025514258,8.216241699946057
24.19335931712317,14.51753025514258,9.996957273458653
8.371750575170976,14.51753025514258,7.492361405848557
23.0861448490955,15.85652304354521,8.2585549655175
23.0861448490955,13.642787177566085,9.848909210571748
23.0861448490955,15.85652304354521,8.73389272541034
23.0861448490955,28.506293415609633,4.85819637233111
24.19335931712317,14.51753025514258,8.216241699946057
26.332317118545593,15.85652304354521,9.961976520037044
26.332317118545593,15.85652304354521,9.961976520037044
23.0861448490955,13.642787177566085,8.194105357464643
23.0861448490955,13.642787177566085,9.848909210571748
26.332317118545593,13.720983113163186,8.48753701200295
35.11966240538078,13.642787177566085,4.557712692985289
23.0861448490955,15.85652304354521,8.2585549655175
26.436573021568854,14.51753025514258,9.076122605005823
26.332317118545593,15.85652304354521,8.212125716616491
21.121686719888885,15.85652304354521,8.252617924026342
14.515275306483984,8.886031702150662,7.037222239496634
16.99509668645322,15.85652304354521,8.14851547922154
24.19335931712317,13.642787177566085,8.185800477905898
16.99509668645322,10.464279858593482,9.742685732643091
16.99509668645322,10.464279858593482,9.742685732643091
21.121686719888885,18.430019517737698,8.274984057189494
26.332317118545593,7.577258510765008,7.775817806669968
23.0861448490955,10.464279858593482,6.765532541965534
26.332317118545593,15.85652304354521,8.212125716616491
24.19335931712317,14.51753025514258,8.216241699946057
21.121686719888885,14.51753025514258,8.727708992965775
21.121686719888885,14.51753025514258,8.727708992965775
20.61177935760664,18.430019517737698,6.708942811332748
24.19335931712317,14.6309658723899,9.919449675614421
26.436573021568854,14.51753025514258,8.001519394163124
16.99509668645322,14.51753025514258,7.022557438417538
26.436573021568854,14.51753025514258,8.001519394163124
26.436573021568854,14.51753025514258,9.076122605005823
23.0861448490955,13.642787177566085,8.194105357464643
26.436573021568854,14.51753025514258,8.001519394163124
9.912802081034911,13.642787177566085,4.358707552082311
20.33181523396117,14.51753025514258,8.208462955631386
16.99509668645322,10.464279858593482,9.742685732643091
16.99509668645322,10.464279858593482,9.742685732643091
23.0861448490955,10.464279858593482,6.765532541965534
24.19335931712317,14.51753025514258,9.996957273458653
23.0861448490955,9.486888289747718,7.966471791933121
24.19335931712317,13.642787177566085,8.185800477905898
21.121686719888885,3.342270163859258,8.341239747595099
23.0861448490955,13.642787177566085,9.848909210571748
23.0861448490955,14.51753025514258,8.224546579504802
23.0861448490955,14.51753025514258,8.224546579504802
23.0861448490955,13.642787177566085,9.848909210571748
24.19335931712317,15.086739103278319,8.232571835883165
23.0861448490955,13.642787177566085,9.848909210571748
23.0861448490955,13.642787177566085,8.194105357464643
23.0861448490955,13.642787177566085,8.194105357464643
24.19335931712317,10.464279858593482,8.023197034212197
23.0861448490955,13.642787177566085,9.848909210571748
23.0861448490955,14.51753025514258,9.539444301227723
24.19335931712317,14.51753025514258,8.216241699946057
24.19335931712317,14.51753025514258,9.996957273458653
24.19335931712317,14.51753025514258,8.216241699946057
23.0861448490955,13.642787177566085,9.848909210571748
24.19335931712317,14.51753025514258,9.996957273458653
24.19335931712317,13.642787177566085,9.362061594315987
26.332317118545593,13.642787177566085,8.421551388782666
8.371750575170976,14.51753025514258,7.492361405848557
26.332317118545593,7.577258510765008,7.775817806669968
23.0861448490955,15.85652304354521,8.73389272541034
32.65994474851846,13.642787177566085,7.899252962329699
24.19335931712317,8.886031702150662,3.6674980979779797
23.0861448490955,28.506293415609633,4.85819637233111
24.19335931712317,14.51753025514258,8.216241699946057
26.332317118545593,15.85652304354521,9.961976520037044
23.0861448490955,13.642787177566085,8.194105357464643
26.332317118545593,13.720983113163186,8.48753701200295
23.0861448490955,15.85652304354521,8.2585549655175
26.436573021568854,14.51753025514258,9.076122605005823
21.121686719888885,15.85652304354521,8.252617924026342
26.332317118545593,15.85652304354521,9.961976520037044
16.99509668645322,15.85652304354521,8.14851547922154
23.0861448490955,15.85652304354521,8.2585549655175
21.121686719888885,18.430019517737698,8.274984057189494
24.19335931712317,13.642787177566085,8.185800477905898
20.61177935760664,14.51753025514258,8.517009765655503
23.0861448490955,13.642787177566085,9.848909210571748
23.0861448490955,14.51753025514258,9.539444301227723
23.0861448490955,14.51753025514258,9.539444301227723
35.82008248964652,14.51753025514258,5.198755183728601
21.121686719888885,3.342270163859258,8.341239747595099
21.121686719888885,15.85652304354521,8.252617924026342
23.0861448490955,13.642787177566085,9.848909210571748
23.0861448490955,3.3315002927315085,8.296023848908026
21.121686719888885,18.430019517737698,8.274984057189494
23.0861448490955,14.51753025514258,9.539444301227723
21.121686719888885,14.51753025514258,8.727708992965775
26.436573021568854,15.85652304354521,8.209568125201173
20.33181523396117,14.51753025514258,8.208462955631386
21.20767067811383,14.51753025514258,8.345076561857127
21.121686719888885,13.642787177566085,9.287308943132333
23.0861448490955,13.642787177566085,9.848909210571748
9.912802081034911,13.642787177566085,4.358707552082311
23.0861448490955,13.642787177566085,9.848909210571748
24.19335931712317,14.51753025514258,9.996957273458653
23.0861448490955,9.486888289747718,7.966471791933121
16.99509668645322,10.464279858593482,9.742685732643091
23.0861448490955,13.642787177566085,8.194105357464643
23.0861448490955,14.51753025514258,8.224546579504802
23.0861448490955,13.642787177566085,9.848909210571748
24.19335931712317,15.086739103278319,8.232571835883165
23.0861448490955,13.642787177566085,9.848909210571748
23.0861448490955,10.464279858593482,6.765532541965534
23.0861448490955,13.642787177566085,8.194105357464643
23.0861448490955,13.642787177566085,9.848909210571748
24.19335931712317,14.6309658723899,9.919449675614421
23.0861448490955,14.51753025514258,9.539444301227723
24.19335931712317,13.642787177566085,9.362061594315987
8.371750575170976,14.51753025514258,7.492361405848557
23.0861448490955,14.51753025514258,8.224546579504802
24.19335931712317,14.51753025514258,9.996957273458653
23.0861448490955,13.642787177566085,8.194105357464643
24.19335931712317,14.51753025514258,9.996957273458653
24.19335931712317,14.51753025514258,8.216241699946057
24.19335931712317,14.51753025514258,8.216241699946057
23.0861448490955,15.85652304354521,8.73389272541034
23.0861448490955,15.85652304354521,8.2585549655175
26.332317118545593,13.642787177566085,8.421551388782666
23.0861448490955,13.642787177566085,9.848909210571748
32.65994474851846,13.642787177566085,7.899252962329699
26.332317118545593,13.720983113163186,8.48753701200295
23.0861448490955,13.642787177566085,9.848909210571748
23.0861448490955,28.506293415609633,4.85819637233111
23.0861448490955,13.642787177566085,8.194105357464643
23.0861448490955,15.85652304354521,8.414234638857103
26.332317118545593,15.85652304354521,9.961976520037044
23.0861448490955,15.85652304354521,8.2585549655175
26.436573021568854,14.51753025514258,9.076122605005823
26.332317118545593,15.85652304354521,8.212125716616491
26.332317118545593,15.85652304354521,9.961976520037044
16.99509668645322,15.85652304354521,8.14851547922154
24.19335931712317,14.51753025514258,8.462776011138892
26.332317118545593,7.577258510765008,7.775817806669968
24.19335931712317,13.642787177566085,8.185800477905898
20.61177935760664,14.51753025514258,8.517009765655503
23.0861448490955,13.642787177566085,9.848909210571748
24.19335931712317,13.642787177566085,9.362061594315987
23.0861448490955,13.642787177566085,8.194105357464643
23.0861448490955,13.642787177566085,9.848909210571748
9.912802081034911,13.642787177566085,4.358707552082311
24.19335931712317,14.51753025514258,9.996957273458653
23.0861448490955,14.51753025514258,8.224546579504802
20.33181523396117,14.51753025514258,8.208462955631386
23.0861448490955,9.486888289747718,7.966471791933121
23.0861448490955,13.642787177566085,8.194105357464643
24.41926539680149,13.642787177566085,8.183117757969343
24.19335931712317,10.464279858593482,8.023197034212197
23.0861448490955,13.642787177566085,9.848909210571748
23.0861448490955,13.642787177566085,9.848909210571748
23.0861448490955,13.642787177566085,9.848909210571748
24.19335931712317,15.086739103278319,8.232571835883165
23.0861448490955,13.642787177566085,9.848909210571748
23.0861448490955,13.642787177566085,9.848909210571748
23.0861448490955,13.642787177566085,8.194105357464643
23.0861448490955,13.642787177566085,9.848909210571748
23.0861448490955,13.642787177566085,8.194105357464643
23.0861448490955,14.51753025514258,9.539444301227723
24.19335931712317,14.51753025514258,9.996957273458653
23.0861448490955,28.506293415609633,4.85819637233111
24.19335931712317,14.51753025514258,8.216241699946057
23.0861448490955,13.642787177566085,8.194105357464643
24.19335931712317,14.51753025514258,8.216241699946057
24.19335931712317,14.51753025514258,8.216241699946057
24.19335931712317,13.642787177566085,8.185800477905898
24.19335931712317,14.51753025514258,8.216241699946057
24.19335931712317,14.51753025514258,9.996957273458653
24.19335931712317,13.642787177566085,9.362061594315987
26.332317118545593,13.642787177566085,8.421551388782666
26.332317118545593,15.85652304354521,8.212125716616491
8.371750575170976,14.51753025514258,7.492361405848557
23.0861448490955,13.642787177566085,9.848909210571748
23.0861448490955,14.51753025514258,8.224546579504802
23.0861448490955,15.85652304354521,8.73389272541034
32.65994474851846,13.642787177566085,7.899252962329699
26.332317118545593,7.577258510765008,7.775817806669968
26.332317118545593,15.85652304354521,8.212125716616491
26.332317118545593,15.85652304354521,9.961976520037044
26.332317118545593,13.720983113163186,8.48753701200295
26.436573021568854,15.85652304354521,8.209568125201173
23.0861448490955,15.85652304354521,8.2585549655175
26.436573021568854,14.51753025514258,9.076122605005823
21.121686719888885,15.85652304354521,8.252617924026342
26.332317118545593,15.85652304354521,9.961976520037044
23.0861448490955,15.85652304354521,8.2585549655175
16.99509668645322,15.85652304354521,8.14851547922154
24.19335931712317,14.51753025514258,8.216241699946057
21.121686719888885,14.51753025514258,8.727708992965775
24.19335931712317,13.642787177566085,8.185800477905898
21.121686719888885,18.430019517737698,8.274984057189494
20.61177935760664,14.51753025514258,8.517009765655503
20.61177935760664,12.46820867888455,9.91689745822496
20.61177935760664,12.46820867888455,8.131288853639859
20.61177935760664,18.430019517737698,6.708942811332748
23.0861448490955,14.51753025514258,9.539444301227723
26.332317118545593,12.46820867888455,8.09682706445093
