16.97267353155547,13.642787177566085,8.140046800069868
23.0861448490955,10.464279858593482,8.425374815888073
23.0861448490955,13.642787177566085,8.426700033852331
14.515275306483984,13.720983113163186,8.01077754193247
6.377092436539751,14.51753025514258,5.9923105110296895
23.0861448490955,14.51753025514258,8.12928943475523
7.869534104942208,13.840368722258836,8.134191180930255
26.436573021568854,14.51753025514258,8.001519394163124
16.99509668645322,14.51753025514258,7.022557438417538
3.7012623470097274,22.023296410952703,8.569447102473134
21.260435106465756,13.208122278014049,9.655960214000016
16.99509668645322,10.464279858593482,7.1117209216974295
34.27942619110672,7.860993613124945,0.1
23.0861448490955,12.46820867888455,8.892616828361371
14.515275306483984,3.2112332835492294,9.799001388936217
14.515275306483984,8.886031702150662,6.611402611599919
24.19335931712317,14.6309658723899,9.919449675614421
31.73360680978071,8.279034843164997,9.848909210571748
16.811389902007672,8.17246254660692,7.660002208274296
23.0861448490955,14.51753025514258,9.539444301227723
21.121686719888885,11.566449876425784,9.045490991863927
23.0861448490955,14.51753025514258,9.539444301227723
21.438669366509167,16.460312839567386,7.813113650605868
11.996522118944135,15.85652304354521,4.5384943198507
23.0861448490955,10.464279858593482,6.765532541965534
23.0861448490955,14.6309658723899,8.422311679806658
23.0861448490955,10.464279858593482,6.765532541965534
12.394259459931344,9.799192440211911,7.5874299924102475
9.12470576347369,14.51753025514258,6.9305631551448155
24.490903714755156,13.642787177566085,8.476431038861096
26.436573021568854,14.51753025514258,8.001519394163124
23.0861448490955,14.6309658723899,8.422311679806658
26.436573021568854,14.51753025514258,8.527733551024928
21.20767067811383,14.51753025514258,8.345076561857127
14.515275306483984,8.886031702150662,7.037222239496634
24.41926539680149,13.642787177566085,9.262729586322097
23.0861448490955,13.642787177566085,9.848909210571748
20.76205035643721,15.85652304354521,8.73389272541034
23.0861448490955,14.51753025514258,9.539444301227723
23.0861448490955,15.85652304354521,8.414234638857103
26.436573021568854,14.51753025514258,8.001519394163124
9.912802081034911,13.642787177566085,7.799044614534752
26.332317118545593,15.85652304354521,9.961976520037044
23.0861448490955,13.642787177566085,9.848909210571748
23.0861448490955,12.46820867888455,8.05498292110851
23.0861448490955,9.486888289747718,8.419341149920253
23.0861448490955,13.642787177566085,8.426700033852331
24.19335931712317,14.51753025514258,9.996957273458653
23.0861448490955,14.51753025514258,8.422916036482203
26.436573021568854,21.146117598685393,7.499614047126793
35.81653747141871,15.0765262314845,5.748955012653399
24.19335931712317,14.51753025514258,8.462776011138892
23.0861448490955,3.7973609249358358,6.103913128283283
6.377092436539751,10.464279858593482,7.708152577644864
24.19335931712317,13.642787177566085,8.466560008509024
17.284337776277507,12.46820867888455,8.31597323000702
36.32207648857501,14.51753025514258,8.5279475113152
24.19335931712317,14.51753025514258,8.462776011138892
21.121686719888885,14.51753025514258,8.727708992965775
21.121686719888885,13.642787177566085,8.345023744965228
24.19335931712317,14.51753025514258,8.462776011138892
13.456116298484513,11.986531983297244,6.7342709127754325
23.0861448490955,14.51753025514258,9.539444301227723
23.0861448490955,13.642787177566085,9.848909210571748
24.19335931712317,12.46820867888455,8.359905306799243
24.19335931712317,14.6309658723899,9.919449675614421
0.18331519201741386,12.311372277223068,8.211620410073476
9.912802081034911,13.642787177566085,7.799044614534752
14.515275306483984,8.886031702150662,7.037222239496634
23.0861448490955,13.642787177566085,9.848909210571748
16.97267353155547,13.642787177566085,8.140046800069868
23.0861448490955,13.642787177566085,8.426700033852331
24.19335931712317,14.51753025514258,8.462776011138892
23.0861448490955,9.486888289747718,8.419341149920253
23.0861448490955,14.51753025514258,8.12928943475523
23.0861448490955,13.642787177566085,8.426700033852331
16.99509668645322,23.22013450642546,4.390594294468518
23.0861448490955,14.51753025514258,9.539444301227723
23.0861448490955,10.464279858593482,8.425374815888073
6.377092436539751,10.464279858593482,7.708152577644864
24.19335931712317,13.642787177566085,8.466560008509024
23.0861448490955,14.51753025514258,9.539444301227723
15.021612341049424,9.19145891960191,9.803846430056847
23.0861448490955,14.6309658723899,8.422311679806658
24.41926539680149,13.642787177566085,9.262729586322097
24.19335931712317,14.51753025514258,8.462776011138892
23.0861448490955,14.6309658723899,8.422311679806658
23.0861448490955,13.642787177566085,9.848909210571748
14.515275306483984,8.886031702150662,9.799001388936217
36.32207648857501,14.51753025514258,8.5279475113152
24.19335931712317,14.51753025514258,8.462776011138892
23.0861448490955,13.720983113163186,8.426426860199237
16.99509668645322,14.51753025514258,8.137438602103062
23.0861448490955,13.642787177566085,9.848909210571748
26.436573021568854,14.51753025514258,8.527733551024928
14.515275306483984,14.281284195063783,6.097087334877219
24.19335931712317,14.51753025514258,9.996957273458653
23.0861448490955,13.642787177566085,9.848909210571748
23.0861448490955,13.642787177566085,8.426700033852331
23.0861448490955,14.51753025514258,8.422916036482203
35.4580422669565,10.02574299252613,7.678076704360595
14.515275306483984,13.720983113163186,8.01077754193247
28.49894818806451,15.85652304354521,7.490314938689464
23.0861448490955,11.04900215785641,7.465911465874049
24.490903714755156,13.642787177566085,8.476431038861096
21.121686719888885,14.51753025514258,8.341239747595099
23.0861448490955,14.51753025514258,9.539444301227723
23.0861448490955,15.85652304354521,8.414234638857103
26.332317118545593,15.85652304354521,8.51653290551761
26.332317118545593,15.85652304354521,9.961976520037044
26.436573021568854,15.85652304354521,8.51905215339983
26.436573021568854,25.9438450856102,8.370331904536659
26.332317118545593,15.85652304354521,8.51653290551761
23.0861448490955,14.51753025514258,9.539444301227723
23.0861448490955,7.571136223711368,8.39816155777654
24.19335931712317,15.85652304354521,9.152771340743763
24.19335931712317,14.51753025514258,9.996957273458653
23.0861448490955,14.51753025514258,9.539444301227723
24.19335931712317,14.6309658723899,9.919449675614421
16.99509668645322,14.51753025514258,7.022557438417538
9.912802081034911,13.642787177566085,7.799044614534752
31.987347551403804,15.85652304354521,7.8986264744274255
2.0319129998239376,15.986931854100309,9.078110234114783
26.527316541492098,15.85652304354521,9.964251784746445
23.0861448490955,14.51753025514258,9.539444301227723
23.0861448490955,13.642787177566085,9.848909210571748
24.19335931712317,14.51753025514258,9.996957273458653
16.97267353155547,13.642787177566085,8.140046800069868
23.0861448490955,9.486888289747718,8.419341149920253
23.0861448490955,13.642787177566085,8.426700033852331
24.19335931712317,1.8711780978732957,9.362061594315987
23.0861448490955,13.642787177566085,9.848909210571748
23.0861448490955,10.464279858593482,8.425374815888073
6.377092436539751,10.464279858593482,7.708152577644864
23.0861448490955,12.46820867888455,8.892616828361371
23.0861448490955,13.642787177566085,8.426700033852331
23.0861448490955,7.571136223711368,8.39816155777654
24.19335931712317,13.642787177566085,8.466560008509024
23.0861448490955,14.6309658723899,8.422311679806658
24.41926539680149,13.642787177566085,9.262729586322097
23.0861448490955,14.6309658723899,8.422311679806658
36.32207648857501,14.51753025514258,8.5279475113152
32.63664181949473,12.46820867888455,8.892616828361371
23.0861448490955,13.642787177566085,9.848909210571748
24.19335931712317,14.51753025514258,8.462776011138892
21.121686719888885,13.4569834835968,9.415540973049838
21.121686719888885,11.566449876425784,9.045490991863927
23.0861448490955,13.642787177566085,9.848909210571748
16.99509668645322,10.464279858593482,9.742685732643091
16.99509668645322,14.51753025514258,8.137438602103062
24.19335931712317,14.51753025514258,8.462776011138892
14.515275306483984,13.720983113163186,8.01077754193247
23.0861448490955,13.642787177566085,9.848909210571748
24.19335931712317,14.51753025514258,8.462776011138892
23.0861448490955,14.51753025514258,8.422916036482203
23.0861448490955,14.51753025514258,9.539444301227723
24.490903714755156,13.642787177566085,8.476431038861096
23.0861448490955,15.85652304354521,8.414234638857103
26.436573021568854,25.9438450856102,8.370331904536659
23.0861448490955,13.642787177566085,8.426700033852331
26.332317118545593,15.85652304354521,8.51653290551761
23.0861448490955,11.04900215785641,7.465911465874049
23.0861448490955,13.720983113163186,8.426426860199237
26.332317118545593,15.85652304354521,9.961976520037044
26.332317118545593,20.607728857400406,7.665197428706373
26.436573021568854,15.85652304354521,8.51905215339983
21.121686719888885,14.51753025514258,8.341239747595099
14.515275306483984,12.46820867888455,6.98370064490255
26.332317118545593,15.85652304354521,8.51653290551761
23.0861448490955,3.3315002927315085,8.296023848908026
24.19335931712317,15.85652304354521,9.152771340743763
24.19335931712317,14.51753025514258,9.996957273458653
41.58265341317955,17.086429226108756,8.493941464085276
14.515275306483984,14.281284195063783,6.097087334877219
21.121686719888885,13.642787177566085,8.345023744965228
26.436573021568854,21.146117598685393,7.499614047126793
26.436573021568854,14.51753025514258,8.527733551024928
26.436573021568854,14.51753025514258,8.527733551024928
20.61177935760664,12.46820867888455,9.91689745822496
26.332317118545593,12.46820867888455,7.330793515131031
26.332317118545593,20.607728857400406,7.665197428706373
2.0319129998239376,15.986931854100309,9.078110234114783
18.591726534481566,16.71791476522371,6.671170128715377
21.121686719888885,13.642787177566085,9.287308943132333
21.121686719888885,14.51753025514258,8.727708992965775
23.0861448490955,13.642787177566085,8.426700033852331
36.33640535317723,24.530383241910734,8.88591242142593
42.0928191747234,15.85652304354521,9.961976520037044
24.41926539680149,13.642787177566085,9.262729586322097
9.912802081034911,13.642787177566085,7.799044614534752
26.436573021568854,18.430019517737698,9.076122605005823
36.32207648857501,14.51753025514258,8.5279475113152
23.0861448490955,13.642787177566085,9.848909210571748
16.97267353155547,13.642787177566085,8.140046800069868
14.515275306483984,12.46820867888455,6.98370064490255
23.0861448490955,9.486888289747718,8.419341149920253
23.0861448490955,10.464279858593482,8.425374815888073
23.0861448490955,13.642787177566085,9.848909210571748
6.377092436539751,10.464279858593482,7.708152577644864
23.0861448490955,13.642787177566085,8.426700033852331
16.99509668645322,23.22013450642546,4.390594294468518
24.19335931712317,13.642787177566085,8.466560008509024
23.0861448490955,14.6309658723899,8.422311679806658
23.0861448490955,14.6309658723899,8.422311679806658
24.19335931712317,14.51753025514258,8.462776011138892
16.99509668645322,14.51753025514258,8.137438602103062
24.19335931712317,14.51753025514258,8.462776011138892
24.19335931712317,14.51753025514258,9.996957273458653
24.19335931712317,14.51753025514258,8.462776011138892
23.0861448490955,13.642787177566085,9.848909210571748
23.0861448490955,14.51753025514258,8.422916036482203
24.490903714755156,13.642787177566085,8.476431038861096
23.0861448490955,14.51753025514258,9.539444301227723
23.0861448490955,15.85652304354521,8.414234638857103
23.0861448490955,13.642787177566085,8.426700033852331
14.515275306483984,13.720983113163186,8.01077754193247
26.332317118545593,15.85652304354521,8.51653290551761
23.0861448490955,11.04900215785641,7.465911465874049
23.0861448490955,13.720983113163186,8.426426860199237
26.332317118545593,15.85652304354521,9.961976520037044
3.7012623470097274,22.023296410952703,8.569447102473134
26.436573021568854,15.85652304354521,8.51905215339983
21.121686719888885,14.51753025514258,8.341239747595099
26.436573021568854,25.9438450856102,8.370331904536659
14.515275306483984,8.886031702150662,6.611402611599919
20.76205035643721,15.85652304354521,8.73389272541034
26.332317118545593,15.85652304354521,8.51653290551761
23.0861448490955,7.571136223711368,8.39816155777654
23.0861448490955,15.85652304354521,8.12913666387605
34.27942619110672,7.860993613124945,0.1
20.983805661657716,10.464279858593482,7.9707289809450845
24.19335931712317,15.85652304354521,9.152771340743763
24.19335931712317,14.51753025514258,9.996957273458653
21.121686719888885,13.642787177566085,8.345023744965228
26.436573021568854,21.146117598685393,7.499614047126793
23.0861448490955,30.882481704158543,4.4843925623267635
23.0861448490955,13.642787177566085,8.426700033852331
23.0861448490955,19.885871558253463,6.964199223284342
23.0861448490955,13.642787177566085,9.848909210571748
31.987347551403804,15.85652304354521,7.8986264744274255
26.332317118545593,12.46820867888455,7.330793515131031
35.82008248964652,14.51753025514258,8.538857849809572
16.99509668645322,15.122557845853368,9.742685732643091
9.912802081034911,13.642787177566085,7.799044614534752
24.19335931712317,14.6309658723899,8.462171654463349
32.63664181949473,12.46820867888455,8.892616828361371
23.0861448490955,13.642787177566085,9.848909210571748
23.0861448490955,9.486888289747718,8.419341149920253
24.19335931712317,14.51753025514258,8.462776011138892
16.97267353155547,13.642787177566085,8.140046800069868
23.0861448490955,10.464279858593482,8.425374815888073
6.377092436539751,10.464279858593482,7.708152577644864
23.0861448490955,14.51753025514258,9.539444301227723
23.0861448490955,14.6309658723899,8.422311679806658
23.0861448490955,13.642787177566085,8.426700033852331
23.0861448490955,14.51753025514258,8.12928943475523
23.0861448490955,14.6309658723899,8.422311679806658
24.19335931712317,13.642787177566085,8.466560008509024
24.41926539680149,13.642787177566085,9.262729586322097
23.0861448490955,13.720983113163186,8.426426860199237
36.32207648857501,14.51753025514258,8.5279475113152
14.515275306483984,13.720983113163186,8.01077754193247
24.19335931712317,14.51753025514258,8.462776011138892
16.99509668645322,14.51753025514258,8.137438602103062
24.19335931712317,10.535820776789082,8.056496752108716
24.19335931712317,14.51753025514258,8.462776011138892
23.0861448490955,13.642787177566085,9.848909210571748
23.0861448490955,13.642787177566085,9.848909210571748
24.19335931712317,14.51753025514258,9.996957273458653
23.0861448490955,14.51753025514258,8.422916036482203
24.490903714755156,13.642787177566085,8.476431038861096
23.0861448490955,14.51753025514258,9.539444301227723
23.0861448490955,14.51753025514258,9.539444301227723
14.515275306483984,3.2112332835492294,9.799001388936217
23.0861448490955,15.85652304354521,8.414234638857103
23.0861448490955,13.642787177566085,8.426700033852331
26.436573021568854,14.51753025514258,8.001519394163124
23.0861448490955,15.85652304354521,8.414234638857103
26.332317118545593,15.85652304354521,8.51653290551761
23.0861448490955,11.04900215785641,7.465911465874049
26.332317118545593,15.85652304354521,9.961976520037044
26.436573021568854,25.9438450856102,8.370331904536659
23.0861448490955,3.3315002927315085,8.296023848908026
26.436573021568854,15.85652304354521,8.51905215339983
21.121686719888885,14.51753025514258,8.341239747595099
26.332317118545593,15.85652304354521,8.51653290551761
23.0861448490955,7.571136223711368,8.39816155777654
24.19335931712317,15.85652304354521,9.152771340743763
26.436573021568854,14.51753025514258,8.001519394163124
24.19335931712317,14.51753025514258,9.996957273458653
21.121686719888885,13.642787177566085,8.345023744965228
26.436573021568854,14.51753025514258,8.527733551024928
26.436573021568854,21.146117598685393,7.499614047126793
21.260435106465756,13.208122278014049,9.655960214000016
26.436573021568854,18.430019517737698,9.076122605005823
24.19335931712317,15.85652304354521,9.152771340743763
23.0861448490955,14.51753025514258,9.539444301227723
23.0861448490955,13.642787177566085,9.848909210571748
23.0861448490955,3.7973609249358358,6.103913128283283
9.912802081034911,13.642787177566085,7.799044614534752
24.19335931712317,14.6309658723899,9.919449675614421
23.0861448490955,13.642787177566085,9.848909210571748
24.41926539680149,13.642787177566085,9.262729586322097
16.99509668645322,14.51753025514258,8.137438602103062
23.0861448490955,13.642787177566085,9.848909210571748
26.436573021568854,15.85652304354521,8.51905215339983
16.97267353155547,13.642787177566085,8.140046800069868
18.591726534481566,16.71791476522371,6.671170128715377
32.63664181949473,12.46820867888455,8.892616828361371
23.0861448490955,12.46820867888455,8.892616828361371
23.0861448490955,9.486888289747718,8.419341149920253
23.0861448490955,13.642787177566085,9.848909210571748
23.0861448490955,13.642787177566085,8.426700033852331
23.0861448490955,10.464279858593482,8.425374815888073
6.377092436539751,10.464279858593482,7.708152577644864
23.0861448490955,13.642787177566085,8.426700033852331
24.19335931712317,13.642787177566085,8.466560008509024
23.0861448490955,14.6309658723899,8.422311679806658
23.0861448490955,13.642787177566085,9.848909210571748
16.99509668645322,15.122557845853368,9.742685732643091
16.99509668645322,23.22013450642546,4.390594294468518
23.0861448490955,14.6309658723899,8.422311679806658
16.99509668645322,10.464279858593482,9.742685732643091
36.32207648857501,14.51753025514258,8.5279475113152
24.19335931712317,14.51753025514258,8.462776011138892
24.19335931712317,14.51753025514258,8.462776011138892
23.0861448490955,13.642787177566085,9.848909210571748
24.19335931712317,14.51753025514258,9.996957273458653
24.19335931712317,14.51753025514258,8.462776011138892
21.121686719888885,13.642787177566085,8.345023744965228
23.0861448490955,13.642787177566085,9.848909210571748
24.490903714755156,13.642787177566085,8.476431038861096
23.0861448490955,14.51753025514258,8.422916036482203
21.20767067811383,14.51753025514258,8.345076561857127
23.0861448490955,14.51753025514258,9.539444301227723
23.0861448490955,15.85652304354521,8.414234638857103
23.0861448490955,13.642787177566085,8.426700033852331
14.515275306483984,13.720983113163186,8.01077754193247
26.332317118545593,15.85652304354521,8.51653290551761
21.121686719888885,14.51753025514258,8.727708992965775
23.0861448490955,11.04900215785641,7.465911465874049
26.436573021568854,25.9438450856102,8.370331904536659
23.0861448490955,13.720983113163186,8.426426860199237
26.332317118545593,15.85652304354521,9.961976520037044
21.121686719888885,14.51753025514258,8.341239747595099
26.332317118545593,15.85652304354521,8.51653290551761
23.0861448490955,7.571136223711368,8.39816155777654
26.436573021568854,21.146117598685393,7.499614047126793
24.19335931712317,14.51753025514258,9.996957273458653
26.436573021568854,14.51753025514258,8.527733551024928
20.61177935760664,12.46820867888455,9.91689745822496
23.0861448490955,30.882481704158543,4.4843925623267635
14.515275306483984,14.281284195063783,6.097087334877219
17.284337776277507,12.46820867888455,8.31597323000702
7.869534104942208,13.840368722258836,8.134191180930255
9.912802081034911,13.642787177566085,7.799044614534752
14.515275306483984,8.886031702150662,7.037222239496634
21.121686719888885,14.51753025514258,8.727708992965775
35.82008248964652,14.51753025514258,8.538857849809572
6.004838647757713,3.024083694124638,7.127152874486112
24.19335931712317,13.642787177566085,8.466560008509024
9.12470576347369,14.51753025514258,6.9305631551448155
23.0861448490955,13.642787177566085,9.848909210571748
16.97267353155547,13.642787177566085,8.140046800069868
23.0861448490955,9.486888289747718,8.419341149920253
23.0861448490955,13.642787177566085,8.426700033852331
23.0861448490955,11.04900215785641,7.465911465874049
23.0861448490955,14.51753025514258,9.539444301227723
23.0861448490955,13.642787177566085,9.848909210571748
24.59079189606892,2.8592789024782572,5.917846897563961
23.0861448490955,10.464279858593482,8.425374815888073
6.377092436539751,10.464279858593482,7.708152577644864
23.0861448490955,14.6309658723899,8.422311679806658
23.0861448490955,13.642787177566085,8.426700033852331
24.41926539680149,13.642787177566085,9.262729586322097
16.99509668645322,14.6309658723899,6.9681107159913065
23.0861448490955,14.6309658723899,8.422311679806658
36.32207648857501,14.51753025514258,8.5279475113152
24.19335931712317,14.51753025514258,8.462776011138892
16.99509668645322,14.51753025514258,8.137438602103062
24.19335931712317,14.51753025514258,8.462776011138892
23.0861448490955,13.642787177566085,9.848909210571748
24.19335931712317,14.51753025514258,9.996957273458653
24.19335931712317,14.51753025514258,8.462776011138892
23.0861448490955,13.642787177566085,9.848909210571748
23.0861448490955,14.51753025514258,8.422916036482203
24.490903714755156,13.642787177566085,8.476431038861096
23.0861448490955,13.642787177566085,9.848909210571748
23.0861448490955,14.51753025514258,9.539444301227723
26.332317118545593,15.85652304354521,9.961976520037044
23.0861448490955,15.85652304354521,8.414234638857103
24.19335931712317,14.6309658723899,9.919449675614421
23.0861448490955,13.642787177566085,8.426700033852331
14.515275306483984,13.720983113163186,8.01077754193247
26.332317118545593,15.85652304354521,8.51653290551761
23.0861448490955,13.720983113163186,8.426426860199237
26.436573021568854,15.85652304354521,8.51905215339983
26.436573021568854,25.9438450856102,8.370331904536659
21.121686719888885,14.51753025514258,8.341239747595099
24.19335931712317,15.85652304354521,9.152771340743763
26.332317118545593,15.85652304354521,8.51653290551761
16.99509668645322,10.464279858593482,7.1117209216974295
24.19335931712317,14.51753025514258,9.996957273458653
23.0861448490955,7.571136223711368,8.39816155777654
14.515275306483984,8.886031702150662,9.799001388936217
21.121686719888885,13.642787177566085,8.345023744965228
26.436573021568854,21.146117598685393,7.499614047126793
26.436573021568854,14.51753025514258,8.527733551024928
23.0861448490955,30.882481704158543,4.4843925623267635
14.515275306483984,14.281284195063783,6.097087334877219
14.515275306483984,12.46820867888455,6.98370064490255
17.284337776277507,12.46820867888455,8.31597323000702
26.436573021568854,18.430019517737698,9.076122605005823
23.0861448490955,14.51753025514258,8.12928943475523
26.436573021568854,14.51753025514258,8.001519394163124
23.0861448490955,17.616889679730345,7.861159022847484
24.19335931712317,14.51753025514258,8.462776011138892
9.12470576347369,14.51753025514258,6.9305631551448155
9.912802081034911,13.642787177566085,7.799044614534752
23.0861448490955,14.51753025514258,9.539444301227723
23.0861448490955,14.51753025514258,9.539444301227723
23.0861448490955,13.642787177566085,9.848909210571748
16.97267353155547,13.642787177566085,8.140046800069868
23.0861448490955,12.46820867888455,8.05498292110851
23.0861448490955,9.486888289747718,8.419341149920253
23.0861448490955,14.51753025514258,9.539444301227723
23.0861448490955,14.51753025514258,9.539444301227723
23.0861448490955,13.642787177566085,8.426700033852331
23.0861448490955,14.51753025514258,9.539444301227723
23.0861448490955,10.464279858593482,8.425374815888073
23.0861448490955,13.642787177566085,8.426700033852331
6.377092436539751,10.464279858593482,7.708152577644864
23.0861448490955,14.6309658723899,8.422311679806658
16.99509668645322,14.51753025514258,8.137438602103062
24.19335931712317,13.642787177566085,8.466560008509024
23.0861448490955,13.642787177566085,9.848909210571748
23.0861448490955,14.6309658723899,8.422311679806658
23.0861448490955,15.85652304354521,8.12913666387605
23.0861448490955,13.642787177566085,9.848909210571748
24.19335931712317,14.51753025514258,8.462776011138892
24.41926539680149,13.642787177566085,9.262729586322097
23.0861448490955,14.51753025514258,9.539444301227723
23.0861448490955,14.51753025514258,8.12928943475523
36.32207648857501,14.51753025514258,8.5279475113152
24.19335931712317,14.51753025514258,8.462776011138892
23.0861448490955,13.642787177566085,8.426700033852331
24.19335931712317,14.51753025514258,8.462776011138892
24.19335931712317,14.51753025514258,9.996957273458653
23.0861448490955,14.51753025514258,8.422916036482203
23.0861448490955,7.571136223711368,8.39816155777654
24.490903714755156,13.642787177566085,8.476431038861096
23.0861448490955,15.85652304354521,8.414234638857103
14.515275306483984,13.720983113163186,8.01077754193247
35.81653747141871,15.0765262314845,5.748955012653399
26.332317118545593,15.85652304354521,8.51653290551761
26.332317118545593,15.85652304354521,8.51653290551761
23.0861448490955,11.04900215785641,7.465911465874049
23.0861448490955,13.642787177566085,9.848909210571748
23.0861448490955,13.720983113163186,8.426426860199237
23.0861448490955,13.642787177566085,9.848909210571748
26.332317118545593,15.85652304354521,9.961976520037044
26.436573021568854,15.85652304354521,8.51905215339983
26.436573021568854,25.9438450856102,8.370331904536659
21.121686719888885,14.51753025514258,8.341239747595099
14.515275306483984,8.886031702150662,7.037222239496634
24.19335931712317,15.85652304354521,9.152771340743763
24.19335931712317,14.51753025514258,9.996957273458653
16.99509668645322,10.464279858593482,9.742685732643091
16.99509668645322,10.464279858593482,7.1117209216974295
21.121686719888885,13.642787177566085,8.345023744965228
26.436573021568854,21.146117598685393,7.499614047126793
23.0861448490955,10.464279858593482,6.765532541965534
26.436573021568854,25.9438450856102,8.370331904536659
6.377092436539751,14.51753025514258,5.9923105110296895
16.99509668645322,14.51753025514258,7.022557438417538
21.121686719888885,14.51753025514258,8.727708992965775
26.436573021568854,18.430019517737698,9.076122605005823
24.19335931712317,14.6309658723899,8.462171654463349
26.436573021568854,14.51753025514258,8.001519394163124
16.99509668645322,14.51753025514258,7.022557438417538
26.436573021568854,14.51753025514258,8.001519394163124
26.436573021568854,14.51753025514258,8.001519394163124
23.0861448490955,13.642787177566085,8.426700033852331
26.436573021568854,14.51753025514258,8.001519394163124
9.912802081034911,13.642787177566085,7.799044614534752
23.0861448490955,13.642787177566085,9.848909210571748
16.99509668645322,10.464279858593482,9.742685732643091
16.99509668645322,10.464279858593482,7.1117209216974295
23.0861448490955,10.464279858593482,6.765532541965534
16.97267353155547,13.642787177566085,8.140046800069868
23.0861448490955,9.486888289747718,8.419341149920253
23.0861448490955,3.7973609249358358,6.103913128283283
21.121686719888885,14.51753025514258,8.341239747595099
23.0861448490955,10.464279858593482,8.425374815888073
23.0861448490955,14.51753025514258,9.539444301227723
6.377092436539751,10.464279858593482,7.708152577644864
23.0861448490955,13.642787177566085,8.426700033852331
24.19335931712317,13.642787177566085,8.466560008509024
23.0861448490955,14.6309658723899,8.422311679806658
16.99509668645322,14.51753025514258,8.137438602103062
24.41926539680149,13.642787177566085,9.262729586322097
11.996522118944135,15.85652304354521,4.5384943198507
23.0861448490955,14.6309658723899,8.422311679806658
36.32207648857501,14.51753025514258,8.5279475113152
24.19335931712317,14.51753025514258,8.462776011138892
24.19335931712317,14.51753025514258,8.462776011138892
23.0861448490955,13.642787177566085,9.848909210571748
24.490903714755156,13.642787177566085,8.476431038861096
24.19335931712317,14.51753025514258,9.996957273458653
24.19335931712317,14.51753025514258,8.462776011138892
23.0861448490955,13.642787177566085,9.848909210571748
23.0861448490955,14.51753025514258,8.422916036482203
26.436573021568854,21.146117598685393,7.499614047126793
23.0861448490955,15.85652304354521,8.414234638857103
23.0861448490955,13.642787177566085,8.426700033852331
24.19335931712317,8.886031702150662,7.312527814457523
14.515275306483984,13.720983113163186,8.01077754193247
14.515275306483984,8.886031702150662,6.611402611599919
26.332317118545593,15.85652304354521,8.51653290551761
23.0861448490955,11.04900215785641,7.465911465874049
23.0861448490955,13.720983113163186,8.426426860199237
26.332317118545593,15.85652304354521,9.961976520037044
26.436573021568854,15.85652304354521,8.51905215339983
21.121686719888885,14.51753025514258,8.341239747595099
26.332317118545593,15.85652304354521,8.51653290551761
24.19335931712317,15.85652304354521,9.152771340743763
23.0861448490955,7.571136223711368,8.39816155777654
21.121686719888885,13.642787177566085,8.345023744965228
24.19335931712317,14.51753025514258,9.996957273458653
26.436573021568854,14.51753025514258,8.527733551024928
23.0861448490955,30.882481704158543,4.4843925623267635
23.0861448490955,14.51753025514258,9.539444301227723
23.0861448490955,14.51753025514258,9.539444301227723
35.82008248964652,14.51753025514258,8.538857849809572
21.121686719888885,14.51753025514258,8.341239747595099
21.121686719888885,14.51753025514258,8.341239747595099
23.0861448490955,13.642787177566085,9.848909210571748
23.0861448490955,3.3315002927315085,8.296023848908026
21.121686719888885,13.642787177566085,8.345023744965228
23.0861448490955,14.51753025514258,9.539444301227723
21.121686719888885,14.51753025514258,8.727708992965775
23.0861448490955,19.885871558253463,6.964199223284342
23.0861448490955,13.642787177566085,9.848909210571748
21.20767067811383,14.51753025514258,8.345076561857127
21.121686719888885,13.642787177566085,9.287308943132333
23.0861448490955,13.642787177566085,9.848909210571748
9.912802081034911,13.642787177566085,7.799044614534752
23.0861448490955,10.464279858593482,8.425374815888073
16.97267353155547,13.642787177566085,8.140046800069868
23.0861448490955,9.486888289747718,8.419341149920253
16.99509668645322,10.464279858593482,8.139897381508934
23.0861448490955,13.642787177566085,8.426700033852331
6.377092436539751,10.464279858593482,7.708152577644864
23.0861448490955,13.642787177566085,8.426700033852331
24.19335931712317,13.642787177566085,8.466560008509024
23.0861448490955,14.6309658723899,8.422311679806658
23.0861448490955,10.464279858593482,6.765532541965534
24.41926539680149,13.642787177566085,9.262729586322097
23.0861448490955,14.6309658723899,8.422311679806658
24.19335931712317,14.6309658723899,8.462171654463349
36.32207648857501,14.51753025514258,8.5279475113152
24.19335931712317,14.51753025514258,8.462776011138892
23.0861448490955,14.51753025514258,8.422916036482203
23.0861448490955,14.51753025514258,9.539444301227723
24.19335931712317,14.51753025514258,8.462776011138892
16.99509668645322,14.51753025514258,8.137438602103062
24.19335931712317,14.51753025514258,9.996957273458653
24.19335931712317,14.51753025514258,8.462776011138892
23.0861448490955,13.642787177566085,9.848909210571748
23.0861448490955,15.85652304354521,8.414234638857103
23.0861448490955,7.571136223711368,8.39816155777654
23.0861448490955,13.642787177566085,9.848909210571748
23.0861448490955,30.882481704158543,4.4843925623267635
23.0861448490955,13.642787177566085,8.426700033852331
23.0861448490955,13.720983113163186,8.426426860199237
24.490903714755156,13.642787177566085,8.476431038861096
14.515275306483984,13.720983113163186,8.01077754193247
23.0861448490955,11.04900215785641,7.465911465874049
23.0861448490955,15.85652304354521,8.414234638857103
26.332317118545593,15.85652304354521,8.51653290551761
26.332317118545593,15.85652304354521,9.961976520037044
26.436573021568854,15.85652304354521,8.51905215339983
26.436573021568854,25.9438450856102,8.370331904536659
26.332317118545593,15.85652304354521,8.51653290551761
24.19335931712317,15.85652304354521,9.152771340743763
24.19335931712317,14.51753025514258,8.462776011138892
26.436573021568854,21.146117598685393,7.499614047126793
24.19335931712317,14.51753025514258,9.996957273458653
26.436573021568854,14.51753025514258,8.527733551024928
14.515275306483984,14.281284195063783,6.097087334877219
