36.33640535317723,24.530383241910734,8.88591242142593
22.34238987285429,10.464279858593482,7.191900872154761
23.0861448490955,13.642787177566085,9.848909210571748
24.19335931712317,14.51753025514258,9.996957273458653
11.851022859083074,19.786841126736032,3.5928887443627726
21.121686719888885,10.499040841688469,7.931775742755963
12.072389957658183,25.51922916987537,9.539444301227723
19.933868622267905,14.51753025514258,8.236889730749738
26.436573021568854,1.059630114783093,9.076122605005823
29.26823344949876,17.686474476203486,7.044746732180738
23.0861448490955,14.51753025514258,9.539444301227723
29.6990048694228,16.71791476522371,9.343264393976268
20.4896425384297,16.085527057021554,7.641233771224776
24.19335931712317,13.642787177566085,9.362061594315987
23.0861448490955,2.449899449436524,0.1
24.19335931712317,13.642787177566085,9.362061594315987
26.436573021568854,14.51753025514258,9.076122605005823
17.839167334447573,14.51753025514258,7.371336543178236
24.19335931712317,14.51753025514258,8.721194070393281
23.0861448490955,13.642787177566085,9.848909210571748
20.33181523396117,14.51753025514258,8.401325567132307
28.90883014564284,13.642787177566085,7.288646010722825
23.0861448490955,11.230849102125307,7.6688601190346795
35.06964792502977,15.85652304354521,9.218349018920982
13.465285363714484,14.51753025514258,8.434484880692501
33.9484379901738,14.51753025514258,9.539444301227723
19.398580117165896,14.51753025514258,8.015702741198812
26.332317118545593,13.256437666987518,9.961976520037044
58.950376346320375,47.270653671617005,10.0
18.809456481412205,11.566449876425784,7.169675441285801
1.8652935674871145,22.39744341483673,0.49958931887781316
24.19335931712317,13.642787177566085,9.362061594315987
24.143833173492855,14.51753025514258,9.976492536201556
24.19335931712317,13.642787177566085,9.362061594315987
62.260764783895254,33.232708359365006,9.760314703514066
24.41926539680149,24.285980696586513,6.031722455514172
17.21438879019806,14.51753025514258,9.539444301227723
23.0861448490955,13.642787177566085,8.573447279571837
23.0861448490955,15.85652304354521,8.73389272541034
26.527316541492098,15.85652304354521,9.964251784746445
19.008900132342312,10.464279858593482,7.9707289809450845
21.121686719888885,11.832537291016745,9.291833505595221
23.0861448490955,14.51753025514258,8.57472507886046
17.276536889063138,12.402034148880894,8.356572187394242
7.311771621158524,14.6309658723899,2.9978784543713393
24.19335931712317,14.51753025514258,9.996957273458653
26.466354896206074,4.890178340048605,7.660002208274296
14.199563214823282,15.85652304354521,8.212125716616491
31.9551589764662,28.870973297516723,9.297192676584666
23.0861448490955,4.392897182367387,8.11296336090998
24.19335931712317,14.51753025514258,9.996957273458653
24.19335931712317,12.860612669555461,8.715068760264572
23.0861448490955,13.642787177566085,9.848909210571748
24.19335931712317,13.642787177566085,9.362061594315987
17.22428569445634,9.799192440211911,9.455758748761523
24.19335931712317,14.51753025514258,9.996957273458653
24.19335931712317,13.642787177566085,8.75190856946287
24.19335931712317,13.642787177566085,8.75190856946287
14.515275306483984,6.6086003640455,8.960374790649889
21.121686719888885,6.4260765068985,0.2827153975772134
21.121686719888885,24.111476975206116,5.254957192948047
23.0861448490955,13.642787177566085,9.848909210571748
23.89107815167071,14.51753025514258,8.727708992965775
21.121686719888885,7.334073756662482,2.7238198622752634
32.37477560188654,30.64145066197656,8.414234638857103
24.19335931712317,14.51753025514258,8.721194070393281
23.0861448490955,24.3667790774356,5.68352390031583
35.890424547438926,10.934869754522438,7.335087260363149
4.192212144130451,14.51753025514258,1.732267319176494
15.021612341049424,9.19145891960191,9.803846430056847
23.0861448490955,15.45914893641423,8.958395564331996
23.0861448490955,17.616889679730345,7.861159022847484
23.0861448490955,13.642787177566085,9.848909210571748
23.0861448490955,15.85652304354521,8.73389272541034
23.0861448490955,14.51753025514258,9.539444301227723
13.404712012866458,9.10485376941589,8.831793642791215
24.19335931712317,25.473571939914535,5.697321522836682
24.19335931712317,14.51753025514258,9.996957273458653
24.19335931712317,14.51753025514258,9.996957273458653
23.0861448490955,12.46820867888455,8.892616828361371
24.19335931712317,14.51753025514258,8.721194070393281
28.281173847675696,25.596734200784343,8.31391362842417
23.0861448490955,14.51753025514258,9.539444301227723
45.87557710968788,15.85652304354521,9.152771340743763
20.76205035643721,15.85652304354521,7.854647094956377
27.248071496038484,14.51753025514258,9.996957273458653
24.19335931712317,14.51753025514258,9.996957273458653
16.99509668645322,6.239405733474714,9.742685732643091
23.0861448490955,28.614436794849965,4.83983564846002
26.26638149421813,13.475652536563357,8.307299020758933
30.067493845173548,13.642787177566085,6.779175915770534
8.85924252948706,14.51753025514258,3.66073466200316
21.260435106465756,10.143618609780107,9.655960214000016
23.0861448490955,13.642787177566085,9.848909210571748
23.0861448490955,13.642787177566085,9.848909210571748
29.600498583862077,20.19534800079974,8.792494093220837
23.0861448490955,14.51753025514258,9.539444301227723
24.19335931712317,14.51753025514258,8.721194070393281
23.36460664265768,1.1427609576722197,8.16476697134743
23.0861448490955,14.51753025514258,9.539444301227723
21.20767067811383,14.51753025514258,8.763238492830197
23.0861448490955,17.194174527075916,8.054423958663442
43.60873782963388,13.839449682538655,8.58608442729294
31.926710450305176,22.96385192898523,8.340149505511654
20.993419633946605,14.51753025514258,8.674707648218726
27.859850621442828,14.758587853933571,8.676038639537268
9.588503545474694,14.51753025514258,3.962073187276397
23.0861448490955,24.501320680185046,5.652314545326583
24.19335931712317,14.51753025514258,9.996957273458653
31.369914442006106,21.397996339997732,8.794367813318365
24.19335931712317,14.51753025514258,9.996957273458653
29.843350084122825,14.51753025514258,7.668405541487223
24.19335931712317,13.642787177566085,9.362061594315987
23.0861448490955,23.285624538227108,5.947410645266079
16.25923827654258,14.51753025514258,8.461476930159392
24.19335931712317,14.51753025514258,9.996957273458653
23.0861448490955,14.51753025514258,9.539444301227723
24.19335931712317,14.51753025514258,9.996957273458653
23.0861448490955,15.85652304354521,8.73389272541034
24.19335931712317,14.984350182182173,9.685513746827572
24.19335931712317,14.51753025514258,8.721194070393281
23.0861448490955,14.51753025514258,8.702701396529108
24.19335931712317,14.51753025514258,9.996957273458653
24.19335931712317,15.013438168813305,8.693842386868145
24.19335931712317,14.51753025514258,9.996957273458653
23.0861448490955,14.51753025514258,9.539444301227723
12.318379233555493,13.642787177566085,5.416451590154889
24.19335931712317,14.51753025514258,8.721194070393281
24.19335931712317,14.51753025514258,9.996957273458653
24.19335931712317,14.51753025514258,8.721194070393281
23.0861448490955,13.642787177566085,8.733415895598696
23.0861448490955,14.51753025514258,9.539444301227723
23.0861448490955,14.51753025514258,9.539444301227723
24.19335931712317,20.826928518080948,7.999226750208846
24.19335931712317,14.51753025514258,8.721194070393281
23.0861448490955,13.642787177566085,8.733415895598696
23.3389907637657,14.51753025514258,8.707637119742422
24.19335931712317,14.51753025514258,8.721194070393281
24.19335931712317,13.642787177566085,8.75190856946287
4.417702440541099,14.51753025514258,5.990568079910599
24.19335931712317,14.51753025514258,8.721194070393281
1.404261145640092,1.6508046895908386,5.102894455375563
23.0861448490955,13.642787177566085,9.848909210571748
24.19335931712317,13.373778761138139,8.756679228580012
23.0861448490955,14.51753025514258,9.539444301227723
24.19335931712317,23.255280973896472,7.673097330559212
23.0861448490955,14.51753025514258,8.702701396529108
24.19335931712317,13.642787177566085,8.75190856946287
24.19335931712317,14.51753025514258,8.721194070393281
23.0861448490955,14.51753025514258,8.702701396529108
24.19335931712317,14.510792092935935,8.721517332629258
24.19335931712317,14.510792092935935,8.721517332629258
24.19335931712317,14.51753025514258,8.721194070393281
24.19335931712317,14.51753025514258,8.721194070393281
24.19335931712317,14.51753025514258,8.721194070393281
24.19335931712317,14.51753025514258,9.996957273458653
24.19335931712317,14.51753025514258,8.721194070393281
24.19335931712317,10.934869754522438,8.694795049616772
24.19335931712317,14.51753025514258,9.996957273458653
24.19335931712317,13.642787177566085,8.75190856946287
