23.36460664265768,17.166394145261037,8.16476697134743
3.7358182163718996,26.85952537216552,8.266017313012393
29.26823344949876,24.92272504812599,7.044746732180738
23.0861448490955,12.46820867888455,8.892616828361371
21.129188143188735,17.18540679652627,7.3754308177896615
51.75644456272627,30.446463462055057,9.80254069741508
23.0861448490955,37.790762265290326,3.664630268321395
18.24827339699879,16.460312839567386,6.650405001385336
20.4896425384297,16.085527057021554,7.641233771224776
27.013952669302206,18.66578603647439,8.681729525775207
17.94184810198816,13.655988886115429,7.881491673504525
13.456116298484513,11.986531983297244,6.7342709127754325
13.79016024666515,14.391516327240138,5.748137633008935
26.332317118545593,15.85652304354521,9.961976520037044
31.9551589764662,17.910498576980803,9.297192676584666
23.0861448490955,13.642787177566085,9.848909210571748
23.36460664265768,17.166394145261037,8.16476697134743
3.7358182163718996,26.85952537216552,8.266017313012393
29.26823344949876,24.92272504812599,7.044746732180738
45.18191766396703,47.270653671617005,9.676955033094464
20.983805661657716,10.464279858593482,7.9707289809450845
26.26638149421813,13.475652536563357,9.816989023295474
23.0861448490955,37.790762265290326,3.664630268321395
62.260764783895254,36.47474311084552,9.760314703514066
27.013952669302206,18.66578603647439,8.681729525775207
23.0861448490955,12.46820867888455,8.892616828361371
18.24827339699879,16.460312839567386,6.650405001385336
27.013952669302206,18.66578603647439,8.681729525775207
23.0861448490955,37.790762265290326,3.664630268321395
31.73360680978071,8.279034843164997,0.1
2.0319129998239376,15.986931854100309,0.7624377399081247
27.859850621442828,14.758587853933571,8.676038639537268
51.75644456272627,30.446463462055057,9.80254069741508
28.49894818806451,15.85652304354521,7.490314938689464
62.260764783895254,36.47474311084552,9.760314703514066
23.0861448490955,13.642787177566085,9.848909210571748
17.94184810198816,13.655988886115429,7.881491673504525
31.9551589764662,17.910498576980803,9.297192676584666
16.811389902007672,8.17246254660692,7.660002208274296
13.456116298484513,11.986531983297244,6.7342709127754325
19.931480095946664,15.01764092572693,7.961634465326384
0.18331519201741386,12.311372277223068,8.211620410073476
62.260764783895254,36.47474311084552,9.760314703514066
20.983805661657716,10.464279858593482,7.9707289809450845
14.515275306483984,7.8874269135293895,9.799001388936217
26.332317118545593,27.121847821497187,7.665197428706373
2.0319129998239376,15.986931854100309,0.7624377399081247
23.36460664265768,17.166394145261037,8.16476697134743
29.26823344949876,24.92272504812599,7.044746732180738
24.19335931712317,1.8711780978732957,9.362061594315987
51.75644456272627,30.446463462055057,9.80254069741508
45.18191766396703,47.270653671617005,9.676955033094464
18.24827339699879,16.460312839567386,6.650405001385336
26.26638149421813,13.475652536563357,9.816989023295474
24.19335931712317,23.016633488020396,8.359905306799243
13.79016024666515,14.391516327240138,5.748137633008935
20.4896425384297,16.085527057021554,7.641233771224776
23.0861448490955,14.51753025514258,9.539444301227723
12.394259459931344,9.799192440211911,7.5874299924102475
31.73360680978071,8.279034843164997,0.1
31.987347551403804,15.85652304354521,7.8986264744274255
23.0861448490955,14.51753025514258,9.539444301227723
24.19335931712317,13.642787177566085,9.362061594315987
24.19335931712317,23.016633488020396,8.359905306799243
21.121686719888885,11.566449876425784,9.045490991863927
24.19335931712317,14.6309658723899,9.919449675614421
26.332317118545593,15.85652304354521,9.961976520037044
23.0861448490955,13.642787177566085,9.848909210571748
15.021612341049424,9.19145891960191,9.803846430056847
26.332317118545593,27.121847821497187,7.665197428706373
19.931480095946664,15.01764092572693,7.961634465326384
21.129188143188735,17.18540679652627,7.3754308177896615
23.0861448490955,12.46820867888455,8.892616828361371
24.19335931712317,1.8711780978732957,9.362061594315987
20.983805661657716,10.464279858593482,7.9707289809450845
2.0319129998239376,15.986931854100309,0.7624377399081247
26.527316541492098,15.85652304354521,9.964251784746445
18.24827339699879,16.460312839567386,6.650405001385336
51.75644456272627,30.446463462055057,9.80254069741508
26.26638149421813,13.475652536563357,9.816989023295474
0.18331519201741386,12.311372277223068,8.211620410073476
24.19335931712317,23.016633488020396,8.359905306799243
18.24827339699879,16.460312839567386,6.650405001385336
13.456116298484513,11.986531983297244,6.7342709127754325
15.021612341049424,9.19145891960191,9.803846430056847
23.0861448490955,14.51753025514258,9.539444301227723
42.0928191747234,15.85652304354521,4.075549660404505
24.19335931712317,4.068800074720777,9.919449675614421
24.19335931712317,14.6309658723899,9.919449675614421
23.0861448490955,14.51753025514258,9.539444301227723
21.121686719888885,13.642787177566085,9.287308943132333
23.0861448490955,10.464279858593482,6.765532541965534
23.0861448490955,13.642787177566085,9.848909210571748
31.9551589764662,17.910498576980803,9.297192676584666
17.276536889063138,12.402034148880894,8.356572187394242
2.0319129998239376,15.986931854100309,0.7624377399081247
0.18331519201741386,12.311372277223068,8.211620410073476
23.0861448490955,12.46820867888455,8.892616828361371
24.19335931712317,1.8711780978732957,9.362061594315987
29.26823344949876,24.92272504812599,7.044746732180738
20.61177935760664,18.430019517737698,6.708942811332748
23.0861448490955,12.46820867888455,8.892616828361371
31.987347551403804,15.85652304354521,7.8986264744274255
16.811389902007672,8.17246254660692,7.660002208274296
19.931480095946664,15.01764092572693,7.961634465326384
27.859850621442828,14.758587853933571,8.676038639537268
35.11966240538078,13.642787177566085,4.557712692985289
23.0861448490955,13.642787177566085,9.848909210571748
18.591726534481566,16.71791476522371,6.671170128715377
23.0861448490955,12.46820867888455,8.892616828361371
14.515275306483984,3.2112332835492294,0.1
23.0861448490955,14.51753025514258,9.539444301227723
28.49894818806451,15.85652304354521,7.490314938689464
29.26823344949876,24.92272504812599,7.044746732180738
2.0319129998239376,15.986931854100309,0.7624377399081247
27.013952669302206,18.66578603647439,8.681729525775207
31.9551589764662,17.910498576980803,9.297192676584666
26.332317118545593,27.121847821497187,7.665197428706373
17.276536889063138,12.402034148880894,8.356572187394242
36.33640535317723,24.530383241910734,8.88591242142593
24.19335931712317,14.6309658723899,9.919449675614421
13.456116298484513,11.986531983297244,6.7342709127754325
3.7358182163718996,26.85952537216552,8.266017313012393
26.26638149421813,13.475652536563357,9.816989023295474
16.811389902007672,8.17246254660692,7.660002208274296
20.983805661657716,10.464279858593482,7.9707289809450845
35.11966240538078,13.642787177566085,4.557712692985289
31.73360680978071,8.279034843164997,0.1
21.260435106465756,13.208122278014049,9.655960214000016
26.332317118545593,15.85652304354521,9.961976520037044
18.591726534481566,16.71791476522371,6.671170128715377
42.0928191747234,15.85652304354521,4.075549660404505
26.332317118545593,13.642787177566085,8.421551388782666
23.0861448490955,13.642787177566085,9.848909210571748
21.129188143188735,17.18540679652627,7.3754308177896615
24.19335931712317,1.8711780978732957,9.362061594315987
24.19335931712317,23.016633488020396,8.359905306799243
21.260435106465756,13.208122278014049,9.655960214000016
32.63664181949473,12.46820867888455,4.297608435959543
20.61177935760664,18.430019517737698,6.708942811332748
24.19335931712317,14.6309658723899,9.919449675614421
21.121686719888885,11.566449876425784,9.045490991863927
21.121686719888885,13.4569834835968,9.415540973049838
26.26638149421813,13.475652536563357,9.816989023295474
23.0861448490955,10.464279858593482,6.765532541965534
45.18191766396703,47.270653671617005,9.676955033094464
14.515275306483984,7.8874269135293895,9.799001388936217
13.27892861839464,14.51753025514258,9.539444301227723
35.11966240538078,13.642787177566085,4.557712692985289
23.0861448490955,37.790762265290326,3.664630268321395
26.332317118545593,15.85652304354521,9.961976520037044
23.0861448490955,12.46820867888455,8.892616828361371
23.0861448490955,14.51753025514258,9.539444301227723
0.18331519201741386,12.311372277223068,8.211620410073476
20.4896425384297,16.085527057021554,7.641233771224776
28.49894818806451,15.85652304354521,7.490314938689464
23.0861448490955,14.51753025514258,9.539444301227723
0.23935462949190622,10.712749918892808,9.742685732643091
26.332317118545593,13.642787177566085,8.421551388782666
23.0861448490955,14.51753025514258,9.539444301227723
36.33640535317723,24.530383241910734,8.88591242142593
31.9551589764662,17.910498576980803,9.297192676584666
26.332317118545593,0.47893978007436466,7.330793515131031
31.987347551403804,15.85652304354521,7.8986264744274255
31.73360680978071,8.279034843164997,0.1
23.0861448490955,13.642787177566085,9.848909210571748
12.394259459931344,9.799192440211911,7.5874299924102475
2.9670767252576447,23.139695441973796,6.98370064490255
36.33640535317723,24.530383241910734,8.88591242142593
31.73360680978071,8.279034843164997,0.1
20.61177935760664,18.430019517737698,6.708942811332748
31.9551589764662,17.910498576980803,9.297192676584666
23.0861448490955,12.46820867888455,8.892616828361371
18.591726534481566,16.71791476522371,6.671170128715377
0.18331519201741386,12.311372277223068,8.211620410073476
26.332317118545593,13.642787177566085,8.421551388782666
24.19335931712317,14.6309658723899,9.919449675614421
16.99509668645322,14.6309658723899,6.9681107159913065
14.515275306483984,8.886031702150662,9.799001388936217
17.94184810198816,13.655988886115429,7.881491673504525
21.121686719888885,14.51753025514258,8.727708992965775
28.49894818806451,15.85652304354521,7.490314938689464
26.332317118545593,0.47893978007436466,7.330793515131031
21.121686719888885,14.51753025514258,8.727708992965775
13.456116298484513,11.986531983297244,6.7342709127754325
27.013952669302206,18.66578603647439,8.681729525775207
23.0861448490955,14.51753025514258,9.539444301227723
13.27892861839464,14.51753025514258,9.539444301227723
2.0319129998239376,15.986931854100309,0.7624377399081247
16.811389902007672,8.17246254660692,7.660002208274296
35.11966240538078,13.642787177566085,4.557712692985289
24.19335931712317,4.068800074720777,9.919449675614421
21.121686719888885,11.566449876425784,9.045490991863927
21.121686719888885,14.51753025514258,8.727708992965775
26.332317118545593,12.46820867888455,7.330793515131031
23.0861448490955,12.46820867888455,8.892616828361371
24.19335931712317,13.642787177566085,9.362061594315987
20.983805661657716,10.464279858593482,7.9707289809450845
26.332317118545593,27.121847821497187,7.665197428706373
18.24827339699879,16.460312839567386,6.650405001385336
23.0861448490955,12.46820867888455,8.892616828361371
36.33640535317723,24.530383241910734,8.88591242142593
17.276536889063138,12.402034148880894,8.356572187394242
23.0861448490955,10.464279858593482,6.765532541965534
2.9670767252576447,23.139695441973796,6.98370064490255
41.58265341317955,17.086429226108756,5.400926783949737
16.99509668645322,14.6309658723899,6.9681107159913065
23.0861448490955,14.51753025514258,9.539444301227723
29.26823344949876,24.92272504812599,7.044746732180738
15.021612341049424,9.19145891960191,9.803846430056847
26.332317118545593,15.85652304354521,9.961976520037044
13.456116298484513,11.986531983297244,6.7342709127754325
23.0861448490955,13.642787177566085,9.848909210571748
24.19335931712317,23.016633488020396,8.359905306799243
26.332317118545593,27.121847821497187,7.665197428706373
27.859850621442828,14.758587853933571,8.676038639537268
12.394259459931344,9.799192440211911,7.5874299924102475
21.121686719888885,13.642787177566085,9.287308943132333
21.121686719888885,14.51753025514258,8.727708992965775
23.0861448490955,14.51753025514258,9.539444301227723
21.121686719888885,14.51753025514258,8.727708992965775
35.11966240538078,13.642787177566085,4.557712692985289
0.23935462949190622,10.712749918892808,9.742685732643091
13.27892861839464,14.51753025514258,9.539444301227723
26.332317118545593,13.642787177566085,8.421551388782666
23.0861448490955,13.642787177566085,9.848909210571748
21.260435106465756,13.208122278014049,9.655960214000016
23.0861448490955,14.51753025514258,9.539444301227723
23.0861448490955,13.642787177566085,9.848909210571748
21.121686719888885,11.566449876425784,9.045490991863927
20.61177935760664,18.430019517737698,6.708942811332748
31.987347551403804,15.85652304354521,7.8986264744274255
23.0861448490955,13.642787177566085,9.848909210571748
2.0319129998239376,15.986931854100309,0.7624377399081247
23.0861448490955,13.642787177566085,9.848909210571748
42.0928191747234,15.85652304354521,4.075549660404505
20.76205035643721,15.85652304354521,8.73389272541034
16.99509668645322,14.6309658723899,6.9681107159913065
23.0861448490955,13.642787177566085,9.848909210571748
23.0861448490955,14.51753025514258,9.539444301227723
16.99509668645322,10.464279858593482,9.742685732643091
23.0861448490955,14.51753025514258,9.539444301227723
23.0861448490955,13.642787177566085,9.848909210571748
26.332317118545593,15.85652304354521,9.961976520037044
26.527316541492098,15.85652304354521,9.964251784746445
27.013952669302206,18.66578603647439,8.681729525775207
23.0861448490955,10.464279858593482,6.765532541965534
23.0861448490955,13.642787177566085,9.848909210571748
21.121686719888885,14.51753025514258,8.727708992965775
23.0861448490955,17.616889679730345,7.861159022847484
26.26638149421813,13.475652536563357,9.816989023295474
21.121686719888885,13.4569834835968,9.415540973049838
13.79016024666515,14.391516327240138,5.748137633008935
36.33640535317723,24.530383241910734,8.88591242142593
20.4896425384297,16.085527057021554,7.641233771224776
19.931480095946664,15.01764092572693,7.961634465326384
23.0861448490955,10.464279858593482,6.765532541965534
2.9670767252576447,23.139695441973796,6.98370064490255
24.19335931712317,14.51753025514258,9.996957273458653
29.26823344949876,24.92272504812599,7.044746732180738
12.394259459931344,9.799192440211911,7.5874299924102475
24.19335931712317,13.642787177566085,9.362061594315987
26.332317118545593,0.47893978007436466,7.330793515131031
23.0861448490955,13.642787177566085,9.848909210571748
51.75644456272627,30.446463462055057,9.80254069741508
26.332317118545593,13.642787177566085,8.421551388782666
23.0861448490955,14.51753025514258,9.539444301227723
16.811389902007672,8.17246254660692,7.660002208274296
16.99509668645322,14.51753025514258,7.022557438417538
22.34238987285429,10.464279858593482,9.742685732643091
23.0861448490955,14.51753025514258,9.539444301227723
23.0861448490955,13.642787177566085,9.848909210571748
21.121686719888885,14.51753025514258,8.727708992965775
20.61177935760664,12.46820867888455,9.91689745822496
21.129188143188735,17.18540679652627,7.3754308177896615
26.332317118545593,27.121847821497187,7.665197428706373
23.0861448490955,13.642787177566085,9.848909210571748
21.121686719888885,14.51753025514258,8.727708992965775
23.0861448490955,14.51753025514258,9.539444301227723
31.9551589764662,17.910498576980803,9.297192676584666
23.0861448490955,14.51753025514258,9.539444301227723
21.121686719888885,13.642787177566085,9.287308943132333
23.0861448490955,14.51753025514258,9.539444301227723
23.0861448490955,12.46820867888455,8.892616828361371
14.515275306483984,8.886031702150662,9.799001388936217
18.591726534481566,16.71791476522371,6.671170128715377
13.79016024666515,14.391516327240138,5.748137633008935
24.19335931712317,13.642787177566085,9.362061594315987
21.121686719888885,14.51753025514258,8.727708992965775
23.0861448490955,13.642787177566085,9.848909210571748
20.61177935760664,18.430019517737698,6.708942811332748
21.121686719888885,14.51753025514258,8.727708992965775
24.19335931712317,14.6309658723899,9.919449675614421
9.912802081034911,13.642787177566085,4.358707552082311
41.58265341317955,17.086429226108756,5.400926783949737
23.0861448490955,13.642787177566085,9.848909210571748
32.63664181949473,12.46820867888455,4.297608435959543
24.19335931712317,13.642787177566085,9.362061594315987
62.260764783895254,36.47474311084552,9.760314703514066
16.99509668645322,14.6309658723899,6.9681107159913065
23.0861448490955,13.642787177566085,9.848909210571748
20.61177935760664,14.51753025514258,8.517009765655503
23.0861448490955,13.642787177566085,9.848909210571748
16.99509668645322,10.464279858593482,9.742685732643091
23.0861448490955,13.642787177566085,9.848909210571748
24.19335931712317,14.51753025514258,9.996957273458653
42.0928191747234,15.85652304354521,4.075549660404505
18.24827339699879,16.460312839567386,6.650405001385336
35.82008248964652,14.51753025514258,5.198755183728601
26.332317118545593,15.85652304354521,9.961976520037044
21.121686719888885,11.566449876425784,9.045490991863927
21.121686719888885,13.4569834835968,9.415540973049838
35.11966240538078,13.642787177566085,4.557712692985289
26.332317118545593,15.85652304354521,9.961976520037044
26.332317118545593,13.720983113163186,8.48753701200295
23.0861448490955,14.51753025514258,9.539444301227723
23.0861448490955,10.464279858593482,6.765532541965534
23.0861448490955,13.642787177566085,9.848909210571748
23.0861448490955,13.642787177566085,9.848909210571748
24.19335931712317,14.51753025514258,9.996957273458653
20.61177935760664,12.46820867888455,9.91689745822496
14.515275306483984,3.2112332835492294,0.1
2.0319129998239376,15.986931854100309,0.7624377399081247
21.121686719888885,13.642787177566085,9.287308943132333
20.983805661657716,10.464279858593482,7.9707289809450845
16.99509668645322,10.464279858593482,9.742685732643091
23.0861448490955,2.593585469552867,0.1
23.0861448490955,15.85652304354521,8.73389272541034
23.0861448490955,37.790762265290326,3.664630268321395
51.75644456272627,30.446463462055057,9.80254069741508
16.99509668645322,10.464279858593482,9.742685732643091
27.013952669302206,18.66578603647439,8.681729525775207
18.591726534481566,16.71791476522371,6.671170128715377
31.987347551403804,15.85652304354521,7.8986264744274255
8.162122728893465,3.024083694124638,3.8089984481144263
24.19335931712317,14.51753025514258,9.996957273458653
26.436573021568854,14.51753025514258,9.076122605005823
23.0861448490955,13.642787177566085,9.848909210571748
20.4896425384297,16.085527057021554,7.641233771224776
23.0861448490955,14.51753025514258,9.539444301227723
24.19335931712317,14.6309658723899,9.919449675614421
24.19335931712317,8.886031702150662,3.6674980979779797
23.0861448490955,14.51753025514258,9.539444301227723
16.99509668645322,14.51753025514258,7.022557438417538
26.436573021568854,14.51753025514258,9.076122605005823
31.73360680978071,8.279034843164997,0.1
23.0861448490955,28.506293415609633,4.85819637233111
29.26823344949876,24.92272504812599,7.044746732180738
26.332317118545593,13.642787177566085,8.421551388782666
23.0861448490955,14.51753025514258,9.539444301227723
