34.97280696856649,20.43933701410814,9.735729554729579
22.569917443276925,14.51753025514258,9.326133563693885
23.195106742685276,25.656571913210335,5.423281503250617
24.19335931712317,11.63877351485069,9.998400587142614
24.19335931712317,14.667650350836936,9.998400587142614
21.121686719888885,10.499040841688469,7.931775742755963
23.0861448490955,14.51753025514258,9.539444301227723
45.363063826522094,14.196443796690009,9.776937678530315
17.686019286156075,14.51753025514258,8.650595397009646
24.340578849955165,17.686474476203486,8.25570242628845
23.0861448490955,14.51753025514258,9.539444301227723
29.6990048694228,16.71791476522371,9.343264393976268
24.19335931712317,14.51753025514258,9.996957273458653
24.19335931712317,9.074244983411948,4.006258378288367
24.19335931712317,14.510792092935935,9.998400587142614
8.056597499942436,14.51753025514258,9.539444301227723
27.73811446508507,14.51753025514258,9.076122605005823
23.3389907637657,14.523254119726147,9.640122126882911
24.19335931712317,17.222911902558405,8.42663136744286
35.41290875223992,47.270653671617005,8.503525733906383
20.33181523396117,14.51753025514258,8.401325567132307
24.19335931712317,14.51753025514258,8.998646364265163
23.0861448490955,11.230849102125307,7.6688601190346795
19.629560968252903,14.51753025514258,8.111146522652907
24.19335931712317,19.830007370332854,9.996957273458653
24.82979471961834,14.51753025514258,8.834549511605712
24.19335931712317,14.51753025514258,9.996957273458653
23.3389907637657,14.523254119726147,9.640122126882911
23.3389907637657,12.33980681074744,9.643922963020572
7.006975174819868,11.566449876425784,3.6340834749751405
24.19335931712317,14.51753025514258,8.98298391764969
24.19335931712317,14.51753025514258,9.996957273458653
26.668546070458234,14.51753025514258,9.976492536201556
24.64555221194005,14.51753025514258,9.81619174030206
14.576082076321839,24.835370288546343,3.5207449553238606
24.19335931712317,14.51753025514258,9.996957273458653
24.19335931712317,14.510792092935935,9.998400587142614
23.0861448490955,13.642787177566085,9.848909210571748
23.0861448490955,15.85652304354521,8.73389272541034
26.527316541492098,15.85652304354521,9.964251784746445
19.008900132342312,10.464279858593482,9.102872226656423
38.96708713720761,14.51753025514258,9.539444301227723
11.59019528355796,14.51753025514258,8.56675652320833
17.276536889063138,12.402034148880894,8.356572187394242
24.19335931712317,5.201967026709513,8.346019215664985
16.418029855913364,21.13297452823236,9.996957273458653
24.19335931712317,18.057001050458364,9.996957273458653
23.0861448490955,14.51753025514258,9.539444301227723
23.3389907637657,14.196443796690009,9.86204329753052
24.19335931712317,14.51753025514258,9.996957273458653
23.0861448490955,14.510792092935935,9.543873992084793
24.19335931712317,14.523254119726147,9.993017300418913
23.0861448490955,0.7108952153999262,9.848909210571748
24.19335931712317,13.642787177566085,9.362061594315987
17.69710957048282,9.799192440211911,9.166308776402236
24.19335931712317,14.51753025514258,8.98298391764969
24.19335931712317,14.51753025514258,8.98298391764969
24.19335931712317,13.642787177566085,9.362061594315987
23.3389907637657,14.523254119726147,9.021099549633718
22.454731018176993,25.937083276940456,5.193392193780525
24.19335931712317,16.37948605671614,8.860542337791792
24.19335931712317,14.510792092935935,8.98276279064951
24.19335931712317,14.51753025514258,9.996957273458653
24.19335931712317,17.289148900096443,8.394347837214479
24.19335931712317,14.510792092935935,8.998409111261264
24.19335931712317,14.51753025514258,8.98298391764969
24.19335931712317,14.51753025514258,9.996957273458653
8.385680669101399,14.523254119726147,9.993017300418913
24.19335931712317,14.51753025514258,9.996957273458653
15.021612341049424,9.19145891960191,9.803846430056847
24.19335931712317,14.523254119726147,9.993017300418913
24.19335931712317,14.51753025514258,9.996957273458653
23.11259277534209,13.272697320838212,9.553907262771876
24.19335931712317,14.51753025514258,9.996957273458653
36.05708038382291,14.51753025514258,9.539444301227723
13.404712012866458,9.10485376941589,8.831793642791215
25.734462978548834,14.51753025514258,9.36624205511334
24.19335931712317,15.978905333743505,9.082670348532732
44.99456948114812,14.51753025514258,9.996957273458653
26.958876718384396,11.892485759881119,6.401420241961462
24.19335931712317,14.51753025514258,8.998646364265163
23.0861448490955,15.85652304354521,8.89188748250992
24.19335931712317,14.510792092935935,9.998400587142614
14.65327811133842,14.51753025514258,9.539444301227723
28.181390515727124,3.5622280211099286,0.1
27.248071496038484,14.51753025514258,8.74080267401104
24.19335931712317,14.51753025514258,9.996957273458653
24.19335931712317,22.359198087583557,6.490891538610119
24.19335931712317,13.944847877739875,9.996957273458653
24.172899803980506,13.475652536563357,8.307299020758933
23.0861448490955,14.51753025514258,9.539444301227723
24.19335931712317,24.835370288546343,7.759207309389203
24.19335931712317,47.270653671617005,3.0702162632446437
23.0861448490955,13.642787177566085,9.848909210571748
23.0861448490955,10.0684472830225,9.530197489035949
29.600498583862077,6.6833770554045415,8.792494093220837
24.19335931712317,14.51753025514258,9.996957273458653
22.80718283983119,14.51753025514258,9.996957273458653
13.203207466333607,16.90095867927053,8.821917396960632
24.19335931712317,14.51753025514258,8.840613893934236
21.20767067811383,14.51753025514258,8.763238492830197
31.378837935877932,14.51753025514258,7.033925383246183
24.19335931712317,14.51753025514258,9.996957273458653
31.926710450305176,22.96385192898523,8.340149505511654
20.993419633946605,14.51753025514258,8.674707648218726
21.408482066773594,14.758587853933571,8.701727335311478
23.0861448490955,14.51753025514258,9.539444301227723
24.19335931712317,22.359198087583557,6.490891538610119
38.25055807441841,14.51753025514258,9.13990693870958
45.41860680256481,39.6383111547935,8.794367813318365
24.19335931712317,14.523254119726147,8.998846663154524
23.0861448490955,14.51753025514258,9.539444301227723
23.0861448490955,27.012402206856386,5.126873581986319
24.19335931712317,13.373778761138139,9.148083554475319
23.0861448490955,27.533706385132675,5.029804898882072
23.0861448490955,10.946669675467865,7.348739354884948
24.19335931712317,14.510792092935935,9.998400587142614
24.19335931712317,22.985408499956684,6.314054835139308
24.19335931712317,11.230849102125307,8.78638764650809
24.19335931712317,14.51753025514258,8.98298391764969
24.19335931712317,14.523254119726147,8.983171047220836
22.433095186950627,14.510792092935935,9.273901516090023
24.19335931712317,14.51753025514258,9.996957273458653
22.80456547210662,14.51753025514258,8.99459409572737
24.19335931712317,14.51753025514258,9.996957273458653
23.3389907637657,14.510792092935935,8.990136105653502
41.03198413918565,14.51753025514258,9.246951388431773
24.19335931712317,14.51753025514258,8.98298391764969
24.19335931712317,14.51753025514258,8.98298391764969
24.19335931712317,27.56518616772228,5.2650153999956055
19.641272623968113,14.51753025514258,8.115985905239333
22.614893749732488,19.99047254247002,8.821501339065112
24.19335931712317,14.51753025514258,8.98298391764969
19.641272623968113,14.510792092935935,8.119754605744868
22.80023103785407,14.51753025514258,8.994626610501996
23.0861448490955,14.196443796690009,9.755201601446876
23.0861448490955,14.196443796690009,9.755201601446876
23.0861448490955,24.278054737199042,8.136982824168662
23.3389907637657,14.523254119726147,8.99054436222483
24.19335931712317,10.512838990378789,8.726846173154009
23.0861448490955,14.510792092935935,8.992192683560393
24.19335931712317,11.466561082909621,7.343098891862628
23.3389907637657,14.523254119726147,9.640122126882911
24.19335931712317,14.510792092935935,9.998400587142614
24.19335931712317,14.510792092935935,8.98276279064951
24.19335931712317,14.523254119726147,9.993017300418913
24.19335931712317,14.510792092935935,9.998400587142614
14.515275306483984,14.510792092935935,6.000653612416832
24.19335931712317,14.510792092935935,8.98276279064951
24.19335931712317,12.386608090495535,8.283222604890085
24.19335931712317,14.510792092935935,8.98276279064951
24.19335931712317,14.510792092935935,8.98276279064951
24.19335931712317,14.510792092935935,9.998400587142614
24.19335931712317,14.510792092935935,9.998400587142614
24.19335931712317,14.510792092935935,8.98276279064951
24.19335931712317,14.51753025514258,8.98298391764969
24.19335931712317,14.510792092935935,8.98276279064951
4.17648100509413,14.51753025514258,1.725767042685431
24.19335931712317,14.51753025514258,8.98298391764969
24.19335931712317,14.510792092935935,8.98276279064951
