23.0861448490955,14.51753025514258,8.085358541894855
23.0861448490955,14.51753025514258,8.085358541894855
23.0861448490955,13.642787177566085,8.066017589356662
24.19335931712317,11.799652927757434,7.932151488083604
14.515275306483984,8.886031702150662,9.799001388936217
24.19335931712317,2.8519526986569925,0.1
21.121686719888885,13.642787177566085,8.134191180930255
0.05030554213162208,13.642787177566085,0.1
21.438669366509167,0.07766936651240819,8.263782670508842
3.7012623470097274,22.023296410952703,8.569447102473134
21.260435106465756,10.464279858593482,7.812147138494694
14.515275306483984,14.6309658723899,5.95136628374094
20.983805661657716,11.106650890080791,8.666461232640492
23.0861448490955,12.46820867888455,8.892616828361371
14.515275306483984,8.886031702150662,9.799001388936217
24.19335931712317,12.46820867888455,8.359905306799243
24.19335931712317,14.6309658723899,9.919449675614421
23.0861448490955,13.642787177566085,9.848909210571748
21.169685545156597,8.17246254660692,8.160099750475894
40.7740594272122,12.46820867888455,0.3824716304266751
21.121686719888885,11.566449876425784,9.045490991863927
40.73969426738671,11.799652927757434,0.1
21.438669366509167,16.460312839567386,9.709494105836805
18.591726534481566,15.747572484540537,7.082237830983649
30.97860238718435,18.102153222539073,9.734124711626235
24.19335931712317,14.51753025514258,8.038151920716818
21.438669366509167,22.591874295565123,5.692590763277791
18.591726534481566,9.799192440211911,8.618648498165596
23.0861448490955,0.02081239705925242,0.1
16.99509668645322,14.51753025514258,8.199050412004592
52.469697809266236,22.853134112007144,8.839534613826821
16.99509668645322,14.6309658723899,6.9681107159913065
21.260435106465756,8.886031702150662,7.731717759440285
16.99509668645322,8.886031702150662,8.526915782212612
25.383179955030325,3.5125218794376174,6.100725911720977
23.0861448490955,13.642787177566085,9.848909210571748
16.99509668645322,15.85652304354521,6.429542580093215
23.0861448490955,15.85652304354521,8.072301235836449
24.19335931712317,8.886031702150662,3.6674980979779797
14.515275306483984,13.642787177566085,8.115352574090647
11.263213230306345,30.998592895903162,7.814739100203768
9.12470576347369,2.8630184731802792,5.476282940337705
23.0861448490955,13.642787177566085,8.066017589356662
21.121686719888885,6.871000246787555,1.559485546125579
4.144630129433928,15.562642444485784,1.597595543536378
23.0861448490955,12.46820867888455,8.01891421066928
23.0861448490955,14.51753025514258,8.085358541894855
24.19335931712317,14.51753025514258,8.038151920716818
16.99509668645322,11.799652927757434,8.64010074744454
17.524540534041837,12.46820867888455,8.136222043241743
35.81653747141871,15.0765262314845,5.748955012653399
24.19335931712317,2.0278474493340006,0.1
23.0861448490955,12.46820867888455,8.892616828361371
23.0861448490955,14.51753025514258,9.539444301227723
23.0861448490955,14.6309658723899,9.465483855831001
21.260435106465756,12.46820867888455,8.083055435102523
16.99509668645322,10.464279858593482,7.981113717417593
24.19335931712317,14.51753025514258,8.038151920716818
26.332317118545593,15.341676073403185,7.555277481822024
14.515275306483984,8.886031702150662,9.799001388936217
24.19335931712317,2.0278474493340006,0.1
13.456116298484513,11.986531983297244,6.7342709127754325
40.7740594272122,12.46820867888455,0.3824716304266751
24.19335931712317,14.6309658723899,9.919449675614421
24.19335931712317,12.46820867888455,8.359905306799243
24.19335931712317,14.6309658723899,9.919449675614421
24.19335931712317,12.311372277223068,8.211620410073476
9.12470576347369,2.8630184731802792,5.476282940337705
25.383179955030325,3.5125218794376174,6.100725911720977
21.121686719888885,6.871000246787555,1.559485546125579
23.0861448490955,14.51753025514258,8.085358541894855
23.0861448490955,14.51753025514258,8.085358541894855
16.99509668645322,16.69463942070707,8.203600717598171
23.0861448490955,12.46820867888455,8.01891421066928
24.19335931712317,2.8519526986569925,0.1
23.0861448490955,13.642787177566085,8.066017589356662
16.99509668645322,14.6309658723899,6.9681107159913065
10.015177733608613,13.642787177566085,4.403722627171529
23.0861448490955,14.51753025514258,8.085358541894855
23.0861448490955,14.51753025514258,9.539444301227723
23.0861448490955,14.6309658723899,9.465483855831001
2.772786488136365,13.642787177566085,9.848909210571748
15.021612341049424,9.19145891960191,8.155052881524504
24.19335931712317,14.51753025514258,8.038151920716818
23.0861448490955,13.642787177566085,9.848909210571748
23.0861448490955,10.464279858593482,6.765532541965534
16.99509668645322,14.6309658723899,6.9681107159913065
16.99509668645322,14.6309658723899,6.9681107159913065
14.515275306483984,8.886031702150662,9.799001388936217
16.99509668645322,10.464279858593482,7.981113717417593
24.19335931712317,14.51753025514258,8.038151920716818
23.0861448490955,13.642787177566085,9.848909210571748
13.40038074365295,15.85652304354521,5.069598612490069
16.99509668645322,15.85652304354521,6.429542580093215
21.260435106465756,8.886031702150662,7.731717759440285
14.515275306483984,8.886031702150662,7.716911519741027
24.19335931712317,14.51753025514258,8.038151920716818
14.515275306483984,14.51753025514258,5.997868470820722
41.40754557718962,13.642787177566085,7.331136652827893
16.99509668645322,11.799652927757434,8.64010074744454
35.4580422669565,11.799652927757434,7.678076704360595
24.19335931712317,11.799652927757434,7.932151488083604
33.06663024400871,15.85652304354521,7.490314938689464
23.0861448490955,14.51753025514258,9.539444301227723
16.99509668645322,14.51753025514258,8.199050412004592
24.060473165129324,26.48501560930582,7.873984230921064
24.19335931712317,19.000949175093552,7.6380989359753455
14.515275306483984,13.642787177566085,8.115352574090647
23.0861448490955,14.6309658723899,9.465483855831001
23.0861448490955,13.642787177566085,8.066017589356662
23.0861448490955,13.642787177566085,8.066017589356662
16.99509668645322,8.886031702150662,7.781268405116776
24.19335931712317,6.45573519989361,7.131644352038866
16.813158736843405,8.886031702150662,8.649738820927583
21.260435106465756,8.886031702150662,5.647462501480449
24.19335931712317,8.886031702150662,7.620369913829004
24.19335931712317,14.51753025514258,8.038151920716818
23.0861448490955,14.51753025514258,9.539444301227723
24.19335931712317,14.6309658723899,9.919449675614421
39.99181284569658,12.46820867888455,8.359905306799243
9.12470576347369,2.8630184731802792,5.476282940337705
31.987347551403804,15.85652304354521,7.8986264744274255
24.19335931712317,15.986931854100309,9.078110234114783
26.527316541492098,15.85652304354521,6.689507222206398
24.19335931712317,19.000949175093552,7.6380989359753455
21.121686719888885,6.871000246787555,1.559485546125579
24.19335931712317,14.51753025514258,8.038151920716818
23.0861448490955,14.51753025514258,8.085358541894855
23.0861448490955,12.46820867888455,8.01891421066928
23.0861448490955,14.51753025514258,8.085358541894855
24.19335931712317,13.642787177566085,9.362061594315987
23.0861448490955,8.723806331192506,7.229362460109398
23.0861448490955,14.51753025514258,8.085358541894855
23.0861448490955,14.51753025514258,9.539444301227723
23.0861448490955,12.46820867888455,8.892616828361371
23.0861448490955,13.642787177566085,8.066017589356662
21.260435106465756,8.886031702150662,5.647462501480449
23.0861448490955,14.6309658723899,9.465483855831001
24.19335931712317,14.51753025514258,8.038151920716818
23.0861448490955,13.642787177566085,9.848909210571748
16.99509668645322,14.6309658723899,6.9681107159913065
16.99509668645322,10.464279858593482,7.981113717417593
23.0861448490955,12.46820867888455,8.892616828361371
23.0861448490955,13.642787177566085,8.089039065406533
24.19335931712317,14.51753025514258,8.038151920716818
21.121686719888885,13.4569834835968,9.415540973049838
21.121686719888885,11.566449876425784,9.045490991863927
14.515275306483984,14.51753025514258,5.997868470820722
16.99509668645322,10.464279858593482,7.5554146002954985
13.40038074365295,15.85652304354521,5.069598612490069
16.99509668645322,16.69463942070707,8.203600717598171
24.19335931712317,11.799652927757434,7.932151488083604
16.99509668645322,15.85652304354521,6.429542580093215
23.0861448490955,10.464279858593482,6.765532541965534
16.99509668645322,11.799652927757434,8.64010074744454
23.0861448490955,14.51753025514258,9.539444301227723
16.99509668645322,14.51753025514258,8.199050412004592
14.515275306483984,13.642787177566085,8.115352574090647
16.99509668645322,8.886031702150662,7.781268405116776
41.40754557718962,13.642787177566085,7.331136652827893
23.0861448490955,14.6309658723899,9.465483855831001
23.0861448490955,14.51753025514258,9.539444301227723
23.0861448490955,13.642787177566085,9.848909210571748
23.0861448490955,13.642787177566085,8.066017589356662
26.332317118545593,20.607728857400406,9.961976520037044
23.0861448490955,13.642787177566085,8.066017589356662
24.060473165129324,26.48501560930582,7.873984230921064
14.515275306483984,12.46820867888455,8.068249195403265
24.19335931712317,6.45573519989361,7.131644352038866
18.206948390812016,10.464279858593482,9.562602696839821
24.19335931712317,8.886031702150662,7.620369913829004
24.19335931712317,14.51753025514258,8.038151920716818
24.19335931712317,17.086429226108756,7.819344791046342
14.515275306483984,8.886031702150662,7.716911519741027
14.515275306483984,8.886031702150662,9.799001388936217
17.524540534041837,12.46820867888455,8.136222043241743
21.260435106465756,8.886031702150662,7.731717759440285
21.260435106465756,8.886031702150662,7.731717759440285
14.515275306483984,12.46820867888455,7.811056365456441
26.332317118545593,12.46820867888455,7.330793515131031
26.332317118545593,20.607728857400406,9.961976520037044
24.19335931712317,15.986931854100309,9.078110234114783
18.591726534481566,16.71791476522371,8.944994142185617
11.891826512095905,12.46820867888455,7.330793515131031
26.332317118545593,15.341676073403185,7.555277481822024
23.0861448490955,14.51753025514258,8.085358541894855
26.332317118545593,24.530383241910734,6.439455457807175
26.332317118545593,15.85652304354521,9.961976520037044
23.0861448490955,13.642787177566085,9.848909210571748
9.12470576347369,2.8630184731802792,5.476282940337705
14.515275306483984,8.886031702150662,9.799001388936217
16.99509668645322,10.464279858593482,7.981113717417593
21.121686719888885,6.871000246787555,1.559485546125579
23.0861448490955,14.51753025514258,8.085358541894855
14.515275306483984,12.46820867888455,8.068249195403265
23.0861448490955,12.46820867888455,8.01891421066928
23.0861448490955,14.51753025514258,8.085358541894855
16.99509668645322,15.85652304354521,6.429542580093215
23.0861448490955,14.51753025514258,9.539444301227723
23.0861448490955,13.642787177566085,8.066017589356662
16.99509668645322,14.6309658723899,6.9681107159913065
23.0861448490955,14.6309658723899,9.465483855831001
24.19335931712317,14.51753025514258,8.038151920716818
16.99509668645322,14.6309658723899,6.9681107159913065
24.19335931712317,14.51753025514258,8.038151920716818
13.40038074365295,15.85652304354521,5.069598612490069
16.99509668645322,16.69463942070707,8.203600717598171
24.19335931712317,14.51753025514258,8.038151920716818
23.0861448490955,10.464279858593482,6.765532541965534
14.515275306483984,14.51753025514258,5.997868470820722
16.99509668645322,11.799652927757434,8.64010074744454
16.99509668645322,14.51753025514258,8.199050412004592
24.19335931712317,19.000949175093552,7.6380989359753455
14.515275306483984,13.642787177566085,8.115352574090647
41.40754557718962,13.642787177566085,7.331136652827893
24.19335931712317,11.799652927757434,7.932151488083604
23.0861448490955,14.6309658723899,9.465483855831001
23.0861448490955,14.51753025514258,9.539444301227723
23.0861448490955,13.642787177566085,9.848909210571748
23.0861448490955,13.642787177566085,8.066017589356662
3.7012623470097274,22.023296410952703,8.569447102473134
23.0861448490955,13.642787177566085,8.066017589356662
24.060473165129324,26.48501560930582,7.873984230921064
16.99509668645322,8.886031702150662,7.781268405116776
24.19335931712317,12.46820867888455,8.359905306799243
23.0861448490955,15.85652304354521,8.072301235836449
24.19335931712317,6.45573519989361,7.131644352038866
21.260435106465756,8.886031702150662,5.647462501480449
20.983805661657716,27.751587360242397,4.535872373866226
20.983805661657716,11.106650890080791,8.666461232640492
20.983805661657716,10.464279858593482,7.9707289809450845
24.19335931712317,8.886031702150662,7.620369913829004
24.19335931712317,14.51753025514258,8.038151920716818
14.515275306483984,8.886031702150662,9.799001388936217
17.524540534041837,12.46820867888455,8.136222043241743
14.515275306483984,26.167258146973914,7.966416643502052
23.0861448490955,14.51753025514258,8.085358541894855
6.377092436539751,15.85652304354521,9.961976520037044
23.0861448490955,13.642787177566085,8.089039065406533
31.987347551403804,15.85652304354521,7.8986264744274255
26.332317118545593,12.46820867888455,8.08555230458898
21.121686719888885,14.6309658723899,8.660042027885885
16.99509668645322,10.464279858593482,9.742685732643091
9.12470576347369,2.8630184731802792,5.476282940337705
26.332317118545593,15.85652304354521,9.961976520037044
23.0861448490955,12.46820867888455,8.892616828361371
21.121686719888885,6.871000246787555,1.559485546125579
23.0861448490955,12.46820867888455,8.01891421066928
23.0861448490955,10.464279858593482,6.765532541965534
23.0861448490955,14.51753025514258,8.085358541894855
23.0861448490955,14.51753025514258,8.085358541894855
23.0861448490955,14.51753025514258,9.539444301227723
41.1892526062681,13.642787177566085,1.8888841992471832
24.19335931712317,14.51753025514258,8.038151920716818
23.0861448490955,13.642787177566085,8.066017589356662
23.0861448490955,8.886031702150662,4.41495867870888
16.99509668645322,14.6309658723899,6.9681107159913065
23.0861448490955,14.6309658723899,9.465483855831001
23.0861448490955,13.642787177566085,9.848909210571748
23.0861448490955,13.642787177566085,9.848909210571748
16.99509668645322,10.464279858593482,7.981113717417593
24.19335931712317,11.799652927757434,7.932151488083604
24.19335931712317,14.51753025514258,8.038151920716818
13.40038074365295,15.85652304354521,5.069598612490069
24.19335931712317,10.535820776789082,8.056496752108716
16.99509668645322,16.69463942070707,8.203600717598171
14.515275306483984,14.51753025514258,5.997868470820722
16.99509668645322,15.85652304354521,6.429542580093215
24.19335931712317,14.51753025514258,8.038151920716818
16.99509668645322,11.799652927757434,8.64010074744454
16.99509668645322,14.51753025514258,8.199050412004592
24.19335931712317,19.000949175093552,7.6380989359753455
24.19335931712317,8.886031702150662,3.6674980979779797
14.515275306483984,8.886031702150662,9.799001388936217
14.515275306483984,13.642787177566085,8.115352574090647
41.40754557718962,13.642787177566085,7.331136652827893
11.263213230306345,30.998592895903162,7.814739100203768
16.99509668645322,15.85652304354521,8.194241718835832
23.0861448490955,14.6309658723899,9.465483855831001
23.0861448490955,14.51753025514258,9.539444301227723
23.0861448490955,13.642787177566085,8.066017589356662
16.99509668645322,8.886031702150662,7.781268405116776
18.206948390812016,10.464279858593482,9.562602696839821
23.0861448490955,13.642787177566085,8.066017589356662
24.060473165129324,26.48501560930582,7.873984230921064
24.19335931712317,6.45573519989361,7.131644352038866
21.260435106465756,8.886031702150662,5.647462501480449
24.19335931712317,8.886031702150662,7.620369913829004
1.7884069116951054,14.6309658723899,8.236487163711557
24.19335931712317,14.51753025514258,8.038151920716818
14.515275306483984,8.886031702150662,9.799001388936217
21.260435106465756,8.886031702150662,7.731717759440285
17.524540534041837,12.46820867888455,8.136222043241743
21.260435106465756,10.464279858593482,7.812147138494694
14.515275306483984,8.886031702150662,9.799001388936217
24.19335931712317,8.886031702150662,7.620369913829004
40.7740594272122,12.46820867888455,0.3824716304266751
23.0861448490955,8.723806331192506,7.229362460109398
23.0861448490955,12.46820867888455,8.892616828361371
9.12470576347369,2.8630184731802792,5.476282940337705
24.19335931712317,14.6309658723899,9.919449675614421
21.121686719888885,6.871000246787555,1.559485546125579
23.0861448490955,13.642787177566085,9.848909210571748
13.40038074365295,15.85652304354521,5.069598612490069
23.0861448490955,13.642787177566085,8.089039065406533
23.0861448490955,13.642787177566085,8.066017589356662
23.0861448490955,14.51753025514258,8.085358541894855
18.591726534481566,16.71791476522371,8.944994142185617
23.0861448490955,12.46820867888455,8.892616828361371
23.0861448490955,12.46820867888455,8.892616828361371
23.0861448490955,12.46820867888455,8.01891421066928
23.0861448490955,13.642787177566085,8.089039065406533
23.0861448490955,14.51753025514258,8.085358541894855
23.0861448490955,14.51753025514258,8.085358541894855
23.0861448490955,14.51753025514258,9.539444301227723
23.0861448490955,13.642787177566085,8.066017589356662
23.0861448490955,14.6309658723899,9.465483855831001
24.19335931712317,14.51753025514258,8.038151920716818
16.99509668645322,14.6309658723899,6.9681107159913065
16.99509668645322,10.464279858593482,9.742685732643091
16.99509668645322,14.6309658723899,6.9681107159913065
16.99509668645322,14.6309658723899,6.9681107159913065
16.99509668645322,10.464279858593482,7.5554146002954985
16.99509668645322,10.464279858593482,7.981113717417593
24.19335931712317,14.51753025514258,8.038151920716818
16.99509668645322,16.69463942070707,8.203600717598171
16.99509668645322,15.85652304354521,6.429542580093215
24.19335931712317,14.51753025514258,8.038151920716818
23.0861448490955,10.464279858593482,6.765532541965534
14.515275306483984,8.886031702150662,9.799001388936217
14.515275306483984,14.51753025514258,5.997868470820722
16.99509668645322,14.51753025514258,8.199050412004592
16.99509668645322,11.799652927757434,8.64010074744454
16.99509668645322,8.886031702150662,8.526915782212612
24.19335931712317,19.000949175093552,7.6380989359753455
14.515275306483984,13.642787177566085,8.115352574090647
41.40754557718962,13.642787177566085,7.331136652827893
24.19335931712317,11.799652927757434,7.932151488083604
23.0861448490955,14.6309658723899,9.465483855831001
36.72153301922626,7.287494419577504,6.655326951520285
23.0861448490955,14.51753025514258,9.539444301227723
16.99509668645322,8.886031702150662,7.781268405116776
23.0861448490955,13.642787177566085,9.848909210571748
23.0861448490955,13.642787177566085,8.066017589356662
24.060473165129324,26.48501560930582,7.873984230921064
24.19335931712317,6.45573519989361,7.131644352038866
21.260435106465756,8.886031702150662,5.647462501480449
17.524540534041837,12.46820867888455,8.136222043241743
24.19335931712317,14.51753025514258,8.038151920716818
21.260435106465756,8.886031702150662,7.731717759440285
14.515275306483984,12.46820867888455,7.811056365456441
14.515275306483984,26.167258146973914,7.966416643502052
14.515275306483984,8.886031702150662,7.716911519741027
21.260435106465756,12.46820867888455,8.083055435102523
21.121686719888885,13.642787177566085,8.134191180930255
9.12470576347369,2.8630184731802792,5.476282940337705
25.383179955030325,3.5125218794376174,6.100725911720977
21.121686719888885,14.51753025514258,8.153532133468449
21.121686719888885,14.6309658723899,8.660042027885885
6.289509738147395,14.6309658723899,7.127152874486112
23.0861448490955,14.6309658723899,9.465483855831001
23.0861448490955,0.02081239705925242,0.1
21.121686719888885,6.871000246787555,1.559485546125579
23.0861448490955,14.51753025514258,8.085358541894855
23.0861448490955,12.46820867888455,8.01891421066928
23.0861448490955,14.51753025514258,8.085358541894855
23.0861448490955,14.51753025514258,9.539444301227723
23.0861448490955,14.51753025514258,9.539444301227723
23.0861448490955,2.8592789024782572,5.917846897563961
23.0861448490955,2.8592789024782572,5.917846897563961
23.0861448490955,14.51753025514258,8.085358541894855
23.0861448490955,14.51753025514258,9.539444301227723
24.19335931712317,14.51753025514258,8.038151920716818
23.0861448490955,13.642787177566085,8.066017589356662
23.0861448490955,13.642787177566085,9.848909210571748
16.99509668645322,14.6309658723899,8.200706838625885
16.99509668645322,14.6309658723899,6.9681107159913065
16.99509668645322,10.464279858593482,7.981113717417593
24.19335931712317,14.51753025514258,8.038151920716818
13.40038074365295,15.85652304354521,5.069598612490069
16.99509668645322,16.69463942070707,8.203600717598171
16.99509668645322,15.85652304354521,6.429542580093215
24.19335931712317,14.51753025514258,8.038151920716818
23.0861448490955,10.464279858593482,6.765532541965534
14.515275306483984,14.51753025514258,5.997868470820722
16.99509668645322,11.799652927757434,8.64010074744454
16.99509668645322,14.51753025514258,8.199050412004592
16.99509668645322,14.6309658723899,6.9681107159913065
24.19335931712317,19.000949175093552,7.6380989359753455
23.0861448490955,13.642787177566085,8.066017589356662
14.515275306483984,13.642787177566085,8.115352574090647
24.19335931712317,14.6309658723899,9.919449675614421
41.40754557718962,13.642787177566085,7.331136652827893
24.19335931712317,11.799652927757434,7.932151488083604
23.0861448490955,14.6309658723899,9.465483855831001
23.0861448490955,13.642787177566085,9.848909210571748
23.0861448490955,13.642787177566085,8.066017589356662
16.99509668645322,8.886031702150662,7.781268405116776
24.060473165129324,26.48501560930582,7.873984230921064
24.19335931712317,8.886031702150662,7.620369913829004
24.19335931712317,6.45573519989361,7.131644352038866
14.515275306483984,14.6309658723899,5.95136628374094
24.19335931712317,14.51753025514258,8.038151920716818
21.260435106465756,8.886031702150662,5.647462501480449
14.515275306483984,8.886031702150662,7.716911519741027
14.515275306483984,8.886031702150662,9.799001388936217
17.524540534041837,12.46820867888455,8.136222043241743
21.260435106465756,8.886031702150662,7.731717759440285
14.515275306483984,26.167258146973914,7.966416643502052
14.515275306483984,8.886031702150662,7.716911519741027
14.515275306483984,12.46820867888455,8.068249195403265
21.260435106465756,12.46820867888455,8.083055435102523
14.515275306483984,8.886031702150662,9.799001388936217
