2.7939307666933377,12.679176141930578,8.80379904810879
21.738305788020696,13.381640254405593,4.102023252194286
15.931658061947012,16.905728940406483,5.653162578303068
17.719997311075367,12.270409044770165,8.66301390065998
28.060370895637938,13.562423096436389,7.588607252186032
30.97860238718435,14.137337309213377,6.80704716705184
17.677378912948047,6.493008799403334,3.6681162553699274
30.97860238718435,17.086429226108756,6.776729042038733
33.658797048438366,13.699961275371972,5.261826967814853
29.26823344949876,12.874734618083078,6.362881174014763
20.339920945757093,15.157583124557512,8.049774271224688
17.724649764293517,9.832948661733466,5.5692745054427135
20.4896425384297,15.305181647608201,8.030827428648722
21.129188143188735,17.18540679652627,5.941198378377786
24.04818651572651,23.675363270706633,6.778743061180954
20.895092645550776,18.8056402961715,6.6653134273480505
21.438669366509167,14.504123617410889,7.553936696871603
29.248865616846423,16.996739105870443,9.676955033094464
30.04843982273813,11.38352505365089,4.165310203185761
21.438669366509167,12.497567783622072,9.709494105836805
44.317317996211514,14.42353850781398,4.286217849005318
42.22735382333826,14.743192669196834,4.025024670011497
23.0861448490955,13.642787177566085,9.848909210571748
38.9852720309856,13.083105683294109,3.8329634345119885
25.60632981177465,15.94516938336031,9.633466645983829
21.438669366509167,11.799652927757434,7.150750606027242
0.19218624871271572,12.983293101425096,5.802473585111677
21.260435106465756,15.562642444485784,7.579920248135549
27.013952669302206,12.657669641496371,7.19738227142537
23.0861448490955,8.886031702150662,4.41495867870888
30.35746887513344,10.737446009464666,3.039878252988256
29.085070155771728,10.157722487640312,4.308157324885265
18.591726534481566,11.799652927757434,9.451807970877875
33.070137472605495,14.75230444921661,6.552531552692676
42.37674723083215,20.203288692052638,7.417412811771584
28.400586558447127,26.239953579231745,6.178330513067415
41.74530006286395,8.886031702150662,0.1
25.118686981715392,8.274956691958938,1.7906013164254233
37.691417684989595,10.940971945670933,0.1
44.846032273946676,15.177799989391254,4.359030287892544
15.300564895801283,12.721433437877153,7.214991362140898
42.8243464272208,16.709946737137535,4.626240665839072
55.128655398693056,14.232563401006018,0.1
17.276536889063138,12.402034148880894,7.029619638558607
21.674497996221206,17.072043092196807,7.752071893620183
25.98120694998434,15.365062141447435,5.389412927847161
21.260435106465756,15.562642444485784,7.579920248135549
20.154040564224495,12.445747575494975,7.43542174392028
31.9551589764662,17.910498576980803,9.297192676584666
23.30481334113053,16.733211911402233,8.354697269300008
29.703816018346625,14.748276947058987,5.0853779692262115
30.153106125724737,15.562642444485784,6.948774016951055
17.94184810198816,13.655988886115429,7.881491673504525
31.69798282382329,10.0940773511146,1.1622340155190862
18.591726534481566,8.886031702150662,6.346230199821296
26.112570607269635,17.920552661215407,8.741030356930352
34.021531570736514,13.14872456583212,4.538034755650848
42.34057447133629,14.336669019643217,4.036858429544644
15.34358827723228,9.045049517938832,4.089011160480112
17.65292539640888,8.87829740841886,8.072445849424227
31.684409549606933,14.328560254079605,6.734993590524644
20.522840769511646,17.696332923290637,9.192584321009322
23.54080623888808,16.847105486167077,8.382246685073383
28.74501867710795,11.722322979494738,5.429250353957876
28.24327423200723,11.931359733945145,5.799962115133196
27.428034831417904,10.728560674946419,5.206396431456845
24.844350073047558,8.222042859979783,6.977850198317348
30.97860238718435,13.642787177566085,6.758740403924932
21.438669366509167,8.886031702150662,5.527139757003033
44.699306209305874,16.740250988421497,3.9821870652038207
32.13547291779261,12.514486514574578,4.813983300810662
29.756584804902936,17.20331718728545,7.683430765227591
15.448131532617058,13.784296463241661,6.6433201981983245
21.438669366509167,12.46820867888455,9.685262875182117
21.438669366509167,8.886031702150662,6.296369432066952
19.931480095946664,15.01764092572693,7.752168950090571
21.438669366509167,3.735789060192978,6.07045409449588
18.67542639726421,8.620290759214562,7.003900972439789
20.048892018722633,8.514871872908662,5.875383676019835
23.0861448490955,12.46820867888455,8.892616828361371
23.0861448490955,13.642787177566085,7.418954751952187
19.873996849399994,14.42292370732268,8.266017313012393
21.438669366509167,8.886031702150662,6.296369432066952
39.29200606966192,17.571020783476133,6.585588945376372
21.260435106465756,8.886031702150662,5.647462501480449
38.51156900445005,12.405975528910716,1.3780698787894572
21.260435106465756,8.886031702150662,5.647462501480449
24.19335931712317,12.46820867888455,7.178454308034437
17.625038339236333,9.372222546416946,8.718888855344659
25.931210222012105,15.473495606618625,9.946928990271939
28.823357273301593,13.93984556220421,7.5963071645419475
15.226727495408403,6.8214796817545,3.385184642650124
21.438669366509167,11.799652927757434,7.150750606027242
23.375831252717173,15.25217331504229,7.439807623046242
25.68776076726032,8.886031702150662,2.658654546868693
19.529062000977046,17.11790596236151,6.843765941645419
34.476910605351044,14.624100315547455,4.569866570659961
21.438669366509167,8.886031702150662,5.527139757003033
23.36460664265768,15.90914759773053,8.81000110617826
15.443455384106496,17.47692217684478,5.300830599715554
21.260435106465756,15.562642444485784,8.195080216813716
23.02605256302432,15.62951792439882,8.837680746671584
26.332317118545593,15.85652304354521,9.961976520037044
27.632558137965635,16.293622548936376,6.361702186625756
21.438669366509167,15.562642444485784,7.574724231910557
27.859850621442828,14.805921133791962,6.3367197594338975
21.438669366509167,13.642787177566085,7.480984949253444
20.149052040893366,8.58352910169781,4.9000495788278045
30.153106125724737,14.232563401006018,7.290942947810061
34.5970469533718,12.031425297692364,2.7501091158896855
31.14811413177616,15.562642444485784,6.831993708042311
21.260435106465756,15.562642444485784,7.579920248135549
23.30546922268976,11.944266609799282,8.295233275304891
20.78291739712118,1.210468052729949,7.656612555457876
30.969043056437332,11.799652927757434,4.255714633688978
14.515275306483984,8.886031702150662,9.799001388936217
21.16619877809905,15.679023632808804,7.699601998632232
21.260435106465756,12.46820867888455,7.301957093032927
32.809665907870254,14.571275169037001,4.95049046117926
19.49030746143398,10.464279858593482,8.826898491216024
21.438669366509167,8.886031702150662,5.527139757003033
30.97860238718435,17.086429226108756,6.776729042038733
30.8649796418403,9.228780342343441,0.1
23.156922968380655,17.83988108482436,7.786697366354094
20.983805661657716,10.083744428643172,7.516774217254113
30.16146191404947,16.573209911234212,9.082827892944412
16.99509668645322,11.232280669383076,9.076535129557326
26.281590562799842,11.24856431193601,5.984165854201409
17.954295074225257,14.903251454144705,7.226894743796214
18.52438547199975,15.740525772351626,7.599525497345297
21.260435106465756,15.562642444485784,8.195080216813716
28.624323874874182,11.7504302436612,5.479185478657783
47.719931825844526,16.464472450288365,6.914173371030792
23.286648150873393,11.525403311123751,7.879647527795097
30.97860238718435,17.086429226108756,6.776729042038733
25.841274101193378,12.641901681112959,6.6387114694820895
21.438669366509167,14.504123617410889,7.553936696871603
30.97860238718435,17.086429226108756,9.123857011056657
18.591726534481566,11.799652927757434,9.451807970877875
23.0861448490955,13.642787177566085,7.418954751952187
24.19335931712317,12.46820867888455,8.359905306799243
26.995154309876277,14.071268268828902,6.579844742609772
30.153106125724737,12.46820867888455,6.670810861848433
30.97860238718435,17.086429226108756,6.776729042038733
8.979950339433897,13.70587419449587,3.9303533278151908
21.121686719888885,14.137337309213377,7.737293983606499
30.97860238718435,17.086429226108756,6.776729042038733
21.260435106465756,15.562642444485784,7.579920248135549
18.591726534481566,11.566449876425784,7.143414854934907
24.19335931712317,13.642787177566085,9.362061594315987
23.0861448490955,11.799652927757434,8.263284343343706
23.0861448490955,19.95987708621523,6.93837796005091
30.969043056437332,14.504123617410889,6.832840313928302
30.153106125724737,14.232563401006018,6.91064581900521
24.19335931712317,12.46820867888455,7.178454308034437
24.19335931712317,12.46820867888455,7.178454308034437
24.19335931712317,14.6309658723899,9.919449675614421
18.591726534481566,8.886031702150662,7.449059677653711
21.260435106465756,19.368319942014836,7.324439609885344
24.19335931712317,12.46820867888455,7.178454308034437
