38.51907671702662,13.823528209056107,3.0957164229183802
14.59813013325244,20.72059790188213,3.8709567068575144
28.410044829650424,13.823528209056107,7.307316653460928
38.51907671702662,13.823528209056107,3.0222683387288747
0.3149899284230422,13.823528209056107,0.1254700862066132
21.771218022187092,13.823528209056107,8.716737511696506
21.771218022187092,5.128596305345278,0.10830189309028827
9.144123179433194,13.823528209056107,4.190694625335505
21.771218022187092,13.823528209056107,10.094518319007962
21.771218022187092,13.823528209056107,8.694607609731563
38.51907671702662,13.823528209056107,3.0957164229183802
38.51907671702662,13.823528209056107,3.0222683387288747
21.771218022187092,13.823528209056107,8.716737511696506
21.771218022187092,13.823528209056107,8.694607609731563
14.59813013325244,20.72059790188213,3.8709567068575144
28.410044829650424,13.823528209056107,7.307316653460928
21.771218022187092,13.823528209056107,10.094518319007962
21.771218022187092,5.128596305345278,0.10830189309028827
38.51907671702662,13.823528209056107,3.0957164229183802
21.771218022187092,13.823528209056107,8.694607609731563
28.410044829650424,13.823528209056107,7.307316653460928
9.144123179433194,13.823528209056107,4.190694625335505
8.818369915053797,13.823528209056107,3.9986285099156205
21.771218022187092,13.823528209056107,8.716737511696506
21.771218022187092,5.128596305345278,0.10830189309028827
38.51907671702662,13.823528209056107,3.0222683387288747
23.114311733293697,13.823528209056107,9.692911823914637
0.3149899284230422,13.823528209056107,0.1254700862066132
14.59813013325244,20.72059790188213,3.8709567068575144
23.114311733293697,13.823528209056107,9.692911823914637
27.551617969994382,13.823528209056107,7.645928584996291
38.51907671702662,13.823528209056107,3.0222683387288747
28.410044829650424,13.823528209056107,7.307316653460928
9.144123179433194,13.823528209056107,4.190694625335505
24.074152120030995,10.535602270506116,6.241512343500909
0.3149899284230422,13.823528209056107,0.1254700862066132
14.59813013325244,20.72059790188213,3.8709567068575144
21.771218022187092,5.128596305345278,0.10830189309028827
8.818369915053797,13.823528209056107,3.9986285099156205
27.551617969994382,13.823528209056107,7.822561489401258
21.771218022187092,13.823528209056107,8.694607609731563
21.771218022187092,13.823528209056107,8.716737511696506
21.771218022187092,13.823528209056107,10.094518319007962
38.51907671702662,13.823528209056107,3.0957164229183802
21.919519455539916,27.147229789860305,5.1211326917722255
27.551617969994382,13.823528209056107,7.822561489401258
23.114311733293697,13.823528209056107,9.692911823914637
24.074152120030995,10.535602270506116,6.241512343500909
27.551617969994382,13.823528209056107,7.645928584996291
21.771218022187092,13.823528209056107,8.716737511696506
21.771218022187092,13.823528209056107,8.694607609731563
0.3149899284230422,13.823528209056107,0.1254700862066132
21.771218022187092,13.823528209056107,10.094518319007962
28.410044829650424,13.823528209056107,7.307316653460928
21.771218022187092,5.128596305345278,0.10830189309028827
38.51907671702662,13.823528209056107,3.0957164229183802
38.51907671702662,13.823528209056107,3.0222683387288747
8.818369915053797,13.823528209056107,3.9986285099156205
9.144123179433194,13.823528209056107,4.190694625335505
21.771218022187092,5.128596305345278,0.10830189309028827
28.410044829650424,13.823528209056107,7.307316653460928
23.114311733293697,13.823528209056107,9.692911823914637
27.551617969994382,13.823528209056107,7.822561489401258
27.551617969994382,13.823528209056107,7.645928584996291
21.919519455539916,27.147229789860305,5.1211326917722255
21.771218022187092,13.823528209056107,10.094518319007962
0.3149899284230422,13.823528209056107,0.1254700862066132
38.51907671702662,13.823528209056107,3.0957164229183802
9.144123179433194,13.823528209056107,4.190694625335505
14.59813013325244,20.72059790188213,3.8709567068575144
24.074152120030995,10.535602270506116,6.241512343500909
21.771218022187092,11.99853518942493,9.847227462937907
47.36617733138379,13.823528209056107,0.096869767071463
27.551617969994382,21.933116568238752,7.732040735208403
8.818369915053797,13.823528209056107,3.9986285099156205
38.51907671702662,13.823528209056107,3.0222683387288747
21.771218022187092,13.823528209056107,8.716737511696506
24.35668975540669,15.494081518839529,8.835744995149403
21.771218022187092,5.128596305345278,0.10830189309028827
27.551617969994382,13.823528209056107,7.822561489401258
27.551617969994382,13.823528209056107,7.645928584996291
38.51907671702662,13.823528209056107,3.0222683387288747
38.51907671702662,13.823528209056107,3.0957164229183802
21.771218022187092,13.823528209056107,10.094518319007962
37.85096352761285,21.933116568238752,10.069659717947014
21.771218022187092,13.823528209056107,8.694607609731563
8.818369915053797,13.823528209056107,3.9986285099156205
21.771218022187092,13.823528209056107,8.716737511696506
0.018801297661550365,20.904582638374237,0.09838136996018564
23.114311733293697,13.823528209056107,9.692911823914637
47.36617733138379,13.823528209056107,0.096869767071463
10.881262305112063,13.823528209056107,4.6209498721441715
9.144123179433194,13.823528209056107,4.190694625335505
27.551617969994382,13.823528209056107,8.357981947261623
0.3149899284230422,13.823528209056107,0.1254700862066132
53.99111976758557,13.823528209056107,0.10487645361550649
27.551617969994382,21.933116568238752,7.732040735208403
38.51907671702662,13.823528209056107,3.0957164229183802
23.114311733293697,13.823528209056107,9.692911823914637
21.771218022187092,13.823528209056107,8.716737511696506
37.85096352761285,21.933116568238752,10.069659717947014
27.551617969994382,21.933116568238752,7.732040735208403
28.410044829650424,13.823528209056107,7.307316653460928
47.36617733138379,13.823528209056107,0.096869767071463
0.018801297661550365,20.904582638374237,0.09838136996018564
14.59813013325244,20.72059790188213,3.8709567068575144
53.99111976758557,13.823528209056107,0.10487645361550649
38.51907671702662,13.823528209056107,3.0222683387288747
21.771218022187092,11.99853518942493,9.847227462937907
10.881262305112063,13.823528209056107,4.6209498721441715
21.771218022187092,13.823528209056107,10.094518319007962
21.771218022187092,5.128596305345278,0.10830189309028827
21.919519455539916,27.147229789860305,5.1211326917722255
24.074152120030995,10.535602270506116,6.241512343500909
9.144123179433194,20.72059790188213,2.607240944914052
37.85096352761285,13.823528209056107,3.626217994629165
0.3149899284230422,13.823528209056107,0.1254700862066132
21.771218022187092,13.823528209056107,8.694607609731563
24.35668975540669,15.494081518839529,8.835744995149403
27.551617969994382,13.823528209056107,8.357981947261623
9.144123179433194,13.823528209056107,4.190694625335505
8.818369915053797,13.823528209056107,3.9986285099156205
9.144123179433194,13.823528209056107,4.358031862681268
10.881262305112063,13.823528209056107,4.6209498721441715
21.919519455539916,27.147229789860305,5.1211326917722255
8.818369915053797,13.823528209056107,3.9986285099156205
24.074152120030995,10.535602270506116,6.241512343500909
21.771218022187092,5.128596305345278,0.10830189309028827
24.074152120030995,4.287689917403521,0.10876425741136618
24.35668975540669,15.494081518839529,8.835744995149403
37.85096352761285,13.823528209056107,3.626217994629165
27.551617969994382,13.823528209056107,8.357981947261623
33.86906203874713,13.823528209056107,5.115756964821696
0.3149899284230422,13.823528209056107,0.1254700862066132
23.114311733293697,13.823528209056107,9.692911823914637
9.144123179433194,20.72059790188213,2.607240944914052
21.771218022187092,13.823528209056107,10.094518319007962
14.59813013325244,20.72059790188213,3.8709567068575144
38.51907671702662,13.823528209056107,3.0222683387288747
27.551617969994382,21.933116568238752,7.558631522802618
27.551617969994382,13.823528209056107,7.822561489401258
21.771218022187092,11.99853518942493,9.847227462937907
38.51907671702662,13.823528209056107,3.0957164229183802
9.144123179433194,13.823528209056107,4.190694625335505
27.551617969994382,13.823528209056107,7.645928584996291
27.551617969994382,21.933116568238752,7.732040735208403
27.551617969994382,20.72059790188213,8.135170522217315
53.99111976758557,13.823528209056107,0.10487645361550649
27.551617969994382,21.933116568238752,7.957791371626255
28.410044829650424,13.823528209056107,7.307316653460928
27.551617969994382,13.823528209056107,7.376057763868926
27.551617969994382,10.895824972601577,5.139747962497624
28.410044829650424,13.823528209056107,7.307316653460928
53.99111976758557,13.823528209056107,0.10487645361550649
27.551617969994382,20.72059790188213,8.414759266194313
14.59813013325244,20.72059790188213,3.8709567068575144
27.551617969994382,21.933116568238752,7.558631522802618
27.551617969994382,13.823528209056107,7.822561489401258
27.551617969994382,13.823528209056107,7.645928584996291
21.771218022187092,13.823528209056107,8.694607609731563
0.3149899284230422,13.823528209056107,0.1254700862066132
38.51907671702662,13.823528209056107,3.0957164229183802
27.551617969994382,13.823528209056107,8.631159044894265
10.881262305112063,13.823528209056107,4.6209498721441715
47.36617733138379,13.823528209056107,0.096869767071463
24.074152120030995,4.287689917403521,0.10876425741136618
37.85096352761285,13.823528209056107,3.626217994629165
24.074152120030995,8.45578803878903,2.836743804777987
27.551617969994382,4.681707962177137,0.10494834021220507
9.144123179433194,13.823528209056107,4.095397735117749
0.09242246010800415,13.823528209056107,0.09233490475346512
9.144123179433194,13.823528209056107,4.190694625335505
37.85096352761285,21.933116568238752,10.069659717947014
21.771218022187092,13.823528209056107,10.094518319007962
0.018801297661550365,20.904582638374237,0.09838136996018564
33.86906203874713,13.823528209056107,5.115756964821696
8.818369915053797,13.823528209056107,3.9986285099156205
27.551617969994382,21.933116568238752,7.732040735208403
21.919519455539916,27.147229789860305,5.1211326917722255
24.35668975540669,15.494081518839529,8.835744995149403
21.771218022187092,13.823528209056107,8.716737511696506
9.144123179433194,20.72059790188213,2.607240944914052
24.074152120030995,10.535602270506116,6.241512343500909
27.551617969994382,21.933116568238752,7.957791371626255
27.551617969994382,13.823528209056107,8.357981947261623
7.087050431499296,8.224692182083963,4.915197974970408
27.551617969994382,20.72059790188213,8.135170522217315
21.771218022187092,5.128596305345278,0.10830189309028827
27.551617969994382,21.933116568238752,7.957791371626255
0.3149899284230422,13.823528209056107,0.1254700862066132
27.551617969994382,10.895824972601577,5.139747962497624
37.85096352761285,13.823528209056107,3.626217994629165
27.551617969994382,4.7111045969771554,0.09920383066411038
18.639515902772228,13.823528209056107,7.5463141652027135
21.771218022187092,13.823528209056107,8.716737511696506
27.551617969994382,13.823528209056107,7.645928584996291
27.551617969994382,20.72059790188213,8.414759266194313
9.144123179433194,13.823528209056107,4.358031862681268
27.551617969994382,21.933116568238752,7.558631522802618
9.144123179433194,13.823528209056107,4.190694625335505
27.551617969994382,13.823528209056107,8.631159044894265
9.144123179433194,20.72059790188213,2.607240944914052
33.86906203874713,13.823528209056107,5.115756964821696
0.018801297661550365,20.904582638374237,0.09838136996018564
27.551617969994382,13.823528209056107,7.376057763868926
24.074152120030995,10.369717141828353,6.361022365134055
53.99111976758557,13.823528209056107,0.10487645361550649
38.51907671702662,13.823528209056107,3.0222683387288747
23.114311733293697,13.823528209056107,9.692911823914637
21.771218022187092,13.823528209056107,8.694607609731563
14.59813013325244,20.72059790188213,3.8709567068575144
27.551617969994382,13.823528209056107,8.697522162091989
27.551617969994382,4.681707962177137,0.10494834021220507
27.551617969994382,13.823528209056107,8.432237637293332
37.85096352761285,21.933116568238752,10.069659717947014
21.771218022187092,11.99853518942493,9.847227462937907
21.771218022187092,13.823528209056107,8.517180958005742
47.36617733138379,13.823528209056107,0.09094670803269851
21.771218022187092,23.936266595548407,5.130469997655315
27.551617969994382,20.72059790188213,8.135170522217315
19.47240800364326,1.3031993990806754,0.10410060851388836
49.54430752738488,0.7034283549322549,0.09527057508900785
24.074152120030995,8.45578803878903,2.836743804777987
47.36617733138379,13.888604424013398,0.09941201928813433
27.551617969994382,13.823528209056107,7.822561489401258
38.51907671702662,13.823528209056107,3.0957164229183802
28.410044829650424,13.823528209056107,7.307316653460928
9.144123179433194,13.823528209056107,4.095397735117749
27.551617969994382,13.823528209056107,8.357981947261623
21.771218022187092,13.823528209056107,10.094518319007962
21.771218022187092,13.823528209056107,9.334047067221029
27.551617969994382,13.823528209056107,8.697522162091989
0.09242246010800415,13.823528209056107,0.09233490475346512
46.34356493007956,15.347528134497676,1.749036694621193
27.551617969994382,21.933116568238752,7.558631522802618
27.551617969994382,13.823528209056107,8.631159044894265
9.144123179433194,13.823528209056107,4.190694625335505
21.771218022187092,23.936266595548407,5.130469997655315
24.074152120030995,10.535602270506116,5.983199943652411
8.818369915053797,13.823528209056107,3.9986285099156205
27.551617969994382,10.895824972601577,5.139747962497624
38.51907671702662,13.823528209056107,3.0222683387288747
27.551617969994382,13.823528209056107,8.432237637293332
27.551617969994382,21.933116568238752,7.957791371626255
38.51907671702662,13.823528209056107,3.0957164229183802
24.074152120030995,13.823528209056107,9.323081341487253
21.771218022187092,11.99853518942493,9.847227462937907
21.771218022187092,13.823528209056107,8.517180958005742
0.9416332163225363,13.823528209056107,0.4341453936412232
27.551617969994382,13.823528209056107,7.645928584996291
10.881262305112063,13.823528209056107,4.6209498721441715
27.551617969994382,4.7111045969771554,0.09920383066411038
27.551617969994382,13.823528209056107,8.357981947261623
27.551617969994382,20.72059790188213,8.414759266194313
33.86906203874713,20.72059790188213,9.486160454153872
0.3149899284230422,13.823528209056107,0.1254700862066132
21.771218022187092,5.128596305345278,0.10830189309028827
27.551617969994382,20.72059790188213,8.135170522217315
47.36617733138379,13.823528209056107,0.09094670803269851
9.144123179433194,20.72059790188213,2.607240944914052
24.074152120030995,8.45578803878903,2.836743804777987
21.771218022187092,13.823528209056107,8.694607609731563
37.85096352761285,13.823528209056107,3.626217994629165
19.47240800364326,1.3031993990806754,0.10410060851388836
21.771218022187092,13.823528209056107,10.094518319007962
21.771218022187092,13.823528209056107,9.216274502229584
27.551617969994382,13.823528209056107,7.376057763868926
49.54430752738488,0.7034283549322549,0.09527057508900785
0.018801297661550365,20.904582638374237,0.09838136996018564
7.087050431499296,8.224692182083963,4.915197974970408
9.144123179433194,13.823528209056107,4.358031862681268
28.410044829650424,13.823528209056107,7.307316653460928
27.551617969994382,13.823528209056107,7.822561489401258
23.114311733293697,13.823528209056107,9.692911823914637
14.59813013325244,20.72059790188213,3.8709567068575144
37.85096352761285,21.933116568238752,10.069659717947014
21.771218022187092,13.823528209056107,9.334047067221029
21.919519455539916,27.147229789860305,5.1211326917722255
53.99111976758557,13.823528209056107,0.10487645361550649
27.551617969994382,4.681707962177137,0.10494834021220507
27.551617969994382,13.823528209056107,8.074141698254985
21.771218022187092,13.823528209056107,9.334047067221029
0.09242246010800415,13.823528209056107,0.09233490475346512
10.881262305112063,13.823528209056107,4.6209498721441715
37.85096352761285,13.823528209056107,3.626217994629165
24.074152120030995,8.45578803878903,2.836743804777987
27.551617969994382,13.823528209056107,7.645928584996291
21.919519455539916,27.147229789860305,5.1211326917722255
14.59813013325244,20.72059790188213,3.8709567068575144
27.551617969994382,20.72059790188213,7.588703165484561
38.51907671702662,13.823528209056107,3.0957164229183802
21.771218022187092,13.823528209056107,9.216274502229584
24.074152120030995,10.535602270506116,5.983199943652411
9.144123179433194,13.823528209056107,4.190694625335505
27.551617969994382,13.823528209056107,7.376057763868926
27.551617969994382,13.823528209056107,8.357981947261623
9.144123179433194,20.72059790188213,2.607240944914052
9.144123179433194,13.823528209056107,4.095397735117749
27.551617969994382,13.823528209056107,8.0678957616713
21.771218022187092,13.823528209056107,8.694607609731563
21.771218022187092,23.936266595548407,5.130469997655315
24.074152120030995,4.287689917403521,0.10876425741136618
21.771218022187092,13.823528209056107,8.517180958005742
47.36617733138379,13.823528209056107,0.096869767071463
27.551617969994382,13.823528209056107,8.697522162091989
27.551617969994382,21.933116568238752,7.558631522802618
27.551617969994382,20.72059790188213,7.2614693540157695
23.114311733293697,13.823528209056107,10.284184903002533
27.551617969994382,13.823528209056107,7.822561489401258
27.551617969994382,20.72059790188213,8.135170522217315
21.771218022187092,13.823528209056107,10.094518319007962
27.551617969994382,21.933116568238752,7.957791371626255
21.771218022187092,13.823528209056107,8.716737511696506
27.551617969994382,13.823528209056107,8.631159044894265
9.144123179433194,13.823528209056107,4.358031862681268
47.36617733138379,13.888604424013398,0.09941201928813433
33.86906203874713,13.823528209056107,5.115756964821696
23.114311733293697,13.823528209056107,9.692911823914637
8.818369915053797,13.823528209056107,3.9986285099156205
47.36617733138379,13.823528209056107,0.09094670803269851
9.144123179433194,13.823528209056107,3.5996436965530307
0.3149899284230422,13.823528209056107,0.1254700862066132
24.074152120030995,13.823528209056107,9.323081341487253
27.551617969994382,20.72059790188213,8.414759266194313
18.639515902772228,13.823528209056107,7.5463141652027135
27.551617969994382,21.933116568238752,7.732040735208403
0.018801297661550365,20.904582638374237,0.09838136996018564
47.36617733138379,20.72059790188213,6.4472969657139
49.54430752738488,0.7034283549322549,0.09527057508900785
27.551617969994382,13.823528209056107,8.432237637293332
33.86906203874713,20.72059790188213,9.486160454153872
21.771218022187092,5.128596305345278,0.10830189309028827
46.34356493007956,15.347528134497676,1.749036694621193
7.087050431499296,8.224692182083963,4.915197974970408
27.551617969994382,14.818791510856492,8.653960804248312
