51.94122002173552,21.933116568238752,6.303305449070272
37.23667814730694,21.933116568238752,8.814216417628348
36.1421525304716,34.868601784990055,6.77233360705103
37.23667814730694,21.933116568238752,10.0982845238156
36.1421525304716,37.07810248948601,5.283863391311052
37.61315454874841,20.534071353297655,9.423600466334898
37.23667814730694,21.933116568238752,8.814216417628348
37.23667814730694,21.933116568238752,8.814216417628348
37.23667814730694,21.933116568238752,10.635574208445021
37.23667814730694,21.933116568238752,8.961630324487643
37.23667814730694,21.933116568238752,9.265482381292658
37.23667814730694,21.933116568238752,9.639290811749174
36.1421525304716,21.933116568238752,9.315876248967246
37.23667814730694,21.933116568238752,8.906754553472943
37.23667814730694,21.933116568238752,10.230481456038396
37.23667814730694,21.933116568238752,8.814216417628348
48.43781393117463,21.933116568238752,6.122538232424211
36.1421525304716,5.068550894710093,0.10361044147541941
62.078441093612554,21.933116568238752,3.893420465253815
37.23667814730694,21.933116568238752,9.704986612992336
37.23667814730694,21.933116568238752,8.814216417628348
37.23667814730694,21.933116568238752,10.474903150662739
37.23667814730694,21.933116568238752,8.814216417628348
37.23667814730694,10.795406361737712,0.10173367502631415
65.62361617108527,21.933116568238752,2.074371701884472
37.23667814730694,21.933116568238752,10.62648178113412
37.23667814730694,12.70529985717367,2.3868938668670543
37.23667814730694,21.933116568238752,9.326984713065954
37.23667814730694,35.27861770374179,6.513004384790247
37.23667814730694,21.933116568238752,10.603067726494757
37.23667814730694,21.933116568238752,8.814216417628348
36.1421525304716,21.933116568238752,8.9145026708693
36.1421525304716,2.951283858114799,0.0913768241032093
37.23667814730694,21.933116568238752,9.847832022216165
49.28491928945683,21.933116568238752,5.896972127186282
37.23667814730694,21.933116568238752,10.243175154553358
37.23667814730694,21.933116568238752,10.1341079433853
37.23667814730694,21.933116568238752,9.15256571509362
37.23667814730694,21.933116568238752,8.814216417628348
37.23667814730694,21.933116568238752,10.139047507885024
37.23667814730694,21.933116568238752,9.629683823345003
36.1421525304716,21.933116568238752,9.277119753787666
36.1421525304716,21.933116568238752,10.166058948892713
36.1421525304716,5.3776006086695105,0.09252707648638153
37.23667814730694,21.933116568238752,10.762681311736577
37.23667814730694,21.933116568238752,9.5795478007744
37.23667814730694,19.957900102430425,8.126298987341073
37.23667814730694,21.933116568238752,10.716986688899791
37.23667814730694,4.876815901934236,0.09175506064333215
37.23667814730694,21.933116568238752,10.500869480962395
37.23667814730694,21.933116568238752,8.814216417628348
37.23667814730694,9.812011138872966,4.595015888808135
37.23667814730694,21.933116568238752,9.808704028441232
37.23667814730694,27.570127202904676,8.696811457408465
37.23667814730694,21.933116568238752,9.235179750491348
37.23667814730694,21.933116568238752,9.657987677300508
28.824163246728634,32.18408782639456,5.515842253991665
37.23667814730694,21.933116568238752,9.305095842607951
37.23667814730694,21.933116568238752,9.175976682442412
37.23667814730694,21.933116568238752,9.062064225048744
48.638146911866755,21.933116568238752,6.792985690457501
56.10098562976728,21.933116568238752,4.863343018429067
37.23667814730694,21.933116568238752,8.886439396237307
36.1421525304716,21.933116568238752,9.803860437325836
36.1421525304716,21.933116568238752,10.29389350628637
37.23667814730694,30.012089652142592,8.185569508412303
36.1421525304716,21.933116568238752,9.283170551321616
30.747638844416965,21.933116568238752,8.714747619071032
37.23667814730694,21.933116568238752,9.167688912658111
36.1421525304716,21.933116568238752,8.961765569415068
37.23667814730694,21.933116568238752,9.450932178647195
37.23667814730694,21.933116568238752,9.05156728442597
37.23667814730694,21.933116568238752,9.613093267584148
37.23667814730694,21.933116568238752,8.814216417628348
54.766590743274534,21.933116568238752,8.85820711876166
37.23667814730694,21.933116568238752,10.01798594162734
37.23667814730694,21.933116568238752,10.636330163863411
37.23667814730694,21.933116568238752,8.814216417628348
37.23667814730694,21.933116568238752,9.286563382706346
37.23667814730694,2.8295611928908535,0.09386203675038536
