49.248336644291065,5.2899484633632685,0.10398618957062108
49.248336644291065,5.2899484633632685,0.10398618957062108
49.248336644291065,5.2899484633632685,0.10398618957062108
49.248336644291065,5.2899484633632685,0.10398618957062108
49.248336644291065,5.2899484633632685,0.10398618957062108
49.248336644291065,5.2899484633632685,0.10398618957062108
49.248336644291065,5.2899484633632685,0.10398618957062108
49.248336644291065,5.2899484633632685,0.10398618957062108
49.248336644291065,5.2899484633632685,0.10398618957062108
37.23667814730694,21.933116568238752,10.460863235340419
37.23667814730694,21.933116568238752,10.460863235340419
49.248336644291065,5.2899484633632685,0.10398618957062108
49.248336644291065,5.2899484633632685,0.10398618957062108
37.23667814730694,21.933116568238752,10.460863235340419
43.09204703723919,21.933116568238752,8.330440538573214
49.248336644291065,5.2899484633632685,0.10398618957062108
37.23667814730694,21.933116568238752,10.460863235340419
57.77751229094646,21.933116568238752,3.8096592602465766
49.248336644291065,5.2899484633632685,0.10398618957062108
37.23667814730694,21.933116568238752,10.460863235340419
43.09204703723919,21.933116568238752,8.330440538573214
57.77751229094646,21.933116568238752,3.8096592602465766
49.248336644291065,5.2899484633632685,0.10398618957062108
43.09204703723919,21.933116568238752,8.330440538573214
18.589093700138513,21.933116568238752,5.573105139902244
43.09204703723919,21.933116568238752,8.330440538573214
37.23667814730694,21.933116568238752,10.460863235340419
57.77751229094646,21.933116568238752,3.8096592602465766
37.23667814730694,21.933116568238752,10.460863235340419
37.23667814730694,21.933116568238752,9.513076994557593
57.77751229094646,21.933116568238752,3.8096592602465766
43.09204703723919,21.933116568238752,8.330440538573214
49.248336644291065,5.2899484633632685,0.10398618957062108
18.589093700138513,21.933116568238752,5.573105139902244
18.589093700138513,21.933116568238752,5.573105139902244
49.248336644291065,5.2899484633632685,0.10398618957062108
43.09204703723919,21.933116568238752,8.330440538573214
37.23667814730694,21.933116568238752,10.31077052506007
49.248336644291065,5.2899484633632685,0.10398618957062108
18.589093700138513,21.933116568238752,5.573105139902244
37.23667814730694,21.933116568238752,9.023772531412963
37.23667814730694,34.31014199101895,10.297012143973001
70.74794773886236,21.933116568238752,0.6300502683156325
37.23667814730694,21.933116568238752,9.513076994557593
37.23667814730694,21.933116568238752,10.460863235340419
43.09204703723919,21.933116568238752,8.330440538573214
37.23667814730694,34.31014199101895,10.297012143973001
18.589093700138513,21.933116568238752,5.573105139902244
37.23667814730694,21.933116568238752,10.460863235340419
37.23667814730694,21.933116568238752,9.513076994557593
70.74794773886236,21.933116568238752,0.6300502683156325
57.77751229094646,21.933116568238752,3.8096592602465766
43.09204703723919,21.933116568238752,8.330440538573214
57.77751229094646,21.933116568238752,3.8096592602465766
37.23667814730694,34.31014199101895,10.297012143973001
18.589093700138513,21.933116568238752,5.573105139902244
49.248336644291065,5.2899484633632685,0.10398618957062108
37.23667814730694,21.933116568238752,10.460863235340419
37.23667814730694,21.933116568238752,10.31077052506007
37.23667814730694,21.933116568238752,9.513076994557593
37.23667814730694,21.933116568238752,9.023772531412963
37.23667814730694,21.933116568238752,9.875744123016082
70.74794773886236,21.933116568238752,0.6300502683156325
37.23667814730694,21.933116568238752,9.023772531412963
49.248336644291065,5.2899484633632685,0.10398618957062108
37.23667814730694,21.933116568238752,9.513076994557593
37.23667814730694,21.933116568238752,9.044263778212281
37.23667814730694,5.8576553281431885,0.10184346261456871
37.23667814730694,21.933116568238752,10.460863235340419
37.23667814730694,34.31014199101895,10.297012143973001
43.09204703723919,21.933116568238752,8.330440538573214
37.23667814730694,21.933116568238752,10.31077052506007
18.589093700138513,21.933116568238752,5.573105139902244
37.23667814730694,21.933116568238752,9.875744123016082
37.23667814730694,21.933116568238752,10.132148438057438
43.09204703723919,21.933116568238752,8.330440538573214
18.589093700138513,21.933116568238752,5.573105139902244
37.23667814730694,21.933116568238752,10.460863235340419
37.23667814730694,21.933116568238752,9.736980374930305
37.23667814730694,21.933116568238752,10.520973181324019
37.23667814730694,21.933116568238752,10.132148438057438
37.23667814730694,34.31014199101895,10.297012143973001
37.23667814730694,21.933116568238752,9.044263778212281
49.248336644291065,5.2899484633632685,0.10398618957062108
37.23667814730694,5.8576553281431885,0.10184346261456871
57.77751229094646,21.933116568238752,3.8096592602465766
70.74794773886236,21.933116568238752,0.6300502683156325
70.74794773886236,21.933116568238752,0.6300502683156325
37.23667814730694,21.933116568238752,9.023772531412963
37.23667814730694,21.933116568238752,10.31077052506007
43.09204703723919,21.933116568238752,8.330440538573214
37.23667814730694,5.8576553281431885,0.10184346261456871
37.23667814730694,21.933116568238752,9.875744123016082
37.23667814730694,34.31014199101895,10.297012143973001
49.248336644291065,5.2899484633632685,0.10398618957062108
37.23667814730694,21.933116568238752,9.415282556663241
57.77751229094646,21.933116568238752,3.8096592602465766
37.23667814730694,21.933116568238752,10.520973181324019
37.23667814730694,21.933116568238752,10.132148438057438
37.23667814730694,21.933116568238752,9.610337717337412
18.589093700138513,21.933116568238752,5.573105139902244
37.23667814730694,21.933116568238752,9.044263778212281
37.23667814730694,21.933116568238752,10.132148438057438
37.23667814730694,21.933116568238752,10.31077052506007
37.23667814730694,21.933116568238752,9.044263778212281
37.23667814730694,21.933116568238752,9.875744123016082
37.23667814730694,21.933116568238752,10.520973181324019
18.589093700138513,21.933116568238752,5.573105139902244
43.09204703723919,21.933116568238752,8.330440538573214
37.23667814730694,21.933116568238752,9.513076994557593
37.23667814730694,21.933116568238752,9.610337717337412
37.23667814730694,21.933116568238752,9.415282556663241
37.23667814730694,34.31014199101895,10.297012143973001
37.23667814730694,5.8576553281431885,0.10184346261456871
37.23667814730694,21.933116568238752,8.846265999911736
37.23667814730694,21.933116568238752,9.19362729656842
37.23667814730694,21.933116568238752,10.051001838794214
57.77751229094646,21.933116568238752,3.8096592602465766
49.248336644291065,5.2899484633632685,0.10398618957062108
37.23667814730694,21.933116568238752,10.460863235340419
70.74794773886236,21.933116568238752,0.6300502683156325
37.23667814730694,31.195299239467502,6.451188421149932
37.23667814730694,21.933116568238752,10.051001838794214
37.23667814730694,21.933116568238752,10.460863235340419
37.23667814730694,21.933116568238752,9.875744123016082
37.23667814730694,21.933116568238752,8.846265999911736
37.23667814730694,34.31014199101895,10.297012143973001
37.23667814730694,1.8136346266725951,0.10439055667330639
37.23667814730694,21.933116568238752,9.094715773386616
37.23667814730694,21.933116568238752,9.023772531412963
57.77751229094646,21.933116568238752,3.8096592602465766
37.23667814730694,21.933116568238752,9.610337717337412
49.248336644291065,5.2899484633632685,0.10398618957062108
37.23667814730694,21.933116568238752,9.415282556663241
37.23667814730694,5.8576553281431885,0.10184346261456871
37.23667814730694,21.933116568238752,9.19362729656842
37.23667814730694,21.933116568238752,9.435885020249936
37.23667814730694,21.933116568238752,9.736980374930305
37.23667814730694,21.933116568238752,9.513076994557593
37.23667814730694,21.933116568238752,8.99104198777958
37.23667814730694,21.933116568238752,10.132148438057438
37.23667814730694,21.933116568238752,10.31077052506007
37.23667814730694,21.933116568238752,9.044263778212281
43.09204703723919,21.933116568238752,8.330440538573214
37.23667814730694,21.933116568238752,10.520973181324019
37.23667814730694,21.933116568238752,9.836609688987634
37.23667814730694,21.933116568238752,9.435885020249936
37.23667814730694,21.933116568238752,9.836609688987634
37.23667814730694,21.933116568238752,9.023772531412963
37.23667814730694,21.933116568238752,9.875744123016082
37.23667814730694,21.933116568238752,9.19362729656842
37.23667814730694,21.933116568238752,10.31077052506007
37.23667814730694,21.933116568238752,8.846265999911736
37.23667814730694,0.9623912396741581,0.09549123506647714
43.09204703723919,21.933116568238752,8.330440538573214
37.23667814730694,21.933116568238752,9.736980374930305
37.23667814730694,21.933116568238752,9.415282556663241
37.23667814730694,21.933116568238752,9.610337717337412
37.23667814730694,5.8576553281431885,0.10184346261456871
37.23667814730694,1.8136346266725951,0.10439055667330639
37.23667814730694,15.667373183763004,5.720096378821576
37.23667814730694,21.933116568238752,10.460863235340419
37.23667814730694,34.31014199101895,10.297012143973001
37.23667814730694,21.933116568238752,9.094715773386616
37.23667814730694,21.933116568238752,8.90401603565142
37.23667814730694,20.858430356988265,9.241445428604424
19.99847663985736,12.49880469079085,10.425271136283449
37.23667814730694,31.195299239467502,6.451188421149932
37.23667814730694,21.933116568238752,10.051001838794214
37.23667814730694,21.933116568238752,9.513076994557593
49.248336644291065,5.2899484633632685,0.10398618957062108
70.74794773886236,21.933116568238752,0.6300502683156325
37.23667814730694,21.933116568238752,10.702530870473685
18.589093700138513,21.933116568238752,5.573105139902244
37.23667814730694,21.933116568238752,10.520973181324019
37.23667814730694,21.933116568238752,9.197106627930717
37.23667814730694,20.858430356988265,9.241445428604424
37.23667814730694,21.933116568238752,9.836609688987634
37.23667814730694,21.933116568238752,10.051001838794214
49.248336644291065,5.2899484633632685,0.10398618957062108
37.23667814730694,21.933116568238752,9.610337717337412
43.09204703723919,21.933116568238752,8.330440538573214
37.23667814730694,21.933116568238752,9.875744123016082
57.77751229094646,21.933116568238752,4.542948156248484
37.23667814730694,0.9623912396741581,0.09549123506647714
37.23667814730694,15.667373183763004,5.720096378821576
37.23667814730694,5.8576553281431885,0.10184346261456871
37.23667814730694,21.933116568238752,9.435885020249936
37.23667814730694,21.933116568238752,9.19362729656842
37.23667814730694,21.933116568238752,10.702530870473685
19.99847663985736,12.49880469079085,10.425271136283449
37.23667814730694,31.195299239467502,6.451188421149932
37.23667814730694,21.933116568238752,9.023772531412963
37.23667814730694,21.933116568238752,9.415282556663241
37.23667814730694,21.933116568238752,8.846265999911736
37.23667814730694,21.933116568238752,8.99104198777958
37.23667814730694,21.933116568238752,9.094715773386616
35.545472592285485,21.933116568238752,10.244327781725096
37.23667814730694,21.933116568238752,9.044263778212281
37.23667814730694,21.933116568238752,9.513076994557593
18.589093700138513,21.933116568238752,5.573105139902244
37.23667814730694,21.933116568238752,9.736980374930305
70.74794773886236,21.933116568238752,0.6300502683156325
37.23667814730694,1.8136346266725951,0.10439055667330639
37.23667814730694,21.933116568238752,9.836609688987634
37.23667814730694,21.933116568238752,10.520973181324019
57.77751229094646,21.933116568238752,3.8096592602465766
37.23667814730694,5.8576553281431885,0.10184346261456871
37.23667814730694,21.933116568238752,9.094715773386616
37.23667814730694,21.933116568238752,9.023772531412963
37.23667814730694,21.933116568238752,9.736980374930305
37.23667814730694,0.9623912396741581,0.09549123506647714
18.589093700138513,21.933116568238752,5.573105139902244
40.7915987721211,21.933116568238752,8.210662576194284
44.37223956998114,21.933116568238752,7.741055955990929
37.23667814730694,20.858430356988265,9.241445428604424
37.23667814730694,41.07592345058356,5.917284124976337
37.23667814730694,21.933116568238752,8.846265999911736
57.77751229094646,21.933116568238752,4.542948156248484
37.23667814730694,21.933116568238752,8.99104198777958
37.23667814730694,0.9623912396741581,0.09483050319788525
37.23667814730694,21.933116568238752,10.132148438057438
48.252427652642886,21.933116568238752,6.341091275431302
37.23667814730694,34.31014199101895,10.297012143973001
37.23667814730694,15.667373183763004,5.720096378821576
37.23667814730694,21.933116568238752,9.19362729656842
37.23667814730694,21.933116568238752,9.435885020249936
37.23667814730694,31.195299239467502,6.451188421149932
37.23667814730694,21.933116568238752,10.051001838794214
37.23667814730694,21.933116568238752,10.460863235340419
37.23667814730694,21.933116568238752,9.389360347877583
70.74794773886236,21.933116568238752,0.6300502683156325
37.23667814730694,21.933116568238752,10.470590571491453
37.23667814730694,21.933116568238752,10.31077052506007
37.23667814730694,21.933116568238752,9.513076994557593
37.23667814730694,1.8136346266725951,0.10439055667330639
43.09204703723919,21.933116568238752,8.330440538573214
37.23667814730694,2.550346469952082,0.09302658043827199
37.23667814730694,21.933116568238752,8.90401603565142
37.23667814730694,21.933116568238752,10.702530870473685
49.248336644291065,5.2899484633632685,0.10398618957062108
35.545472592285485,21.933116568238752,10.244327781725096
37.23667814730694,21.933116568238752,9.415282556663241
37.23667814730694,21.933116568238752,10.133702069172928
55.507804523511545,21.933116568238752,4.544975068072352
57.77751229094646,21.933116568238752,3.8096592602465766
37.23667814730694,21.933116568238752,9.736980374930305
57.77751229094646,21.933116568238752,4.542948156248484
37.23667814730694,21.933116568238752,9.415282556663241
37.23667814730694,2.550346469952082,0.09302658043827199
37.23667814730694,21.933116568238752,10.470590571491453
37.23667814730694,21.933116568238752,10.520973181324019
37.23667814730694,21.933116568238752,9.088982220304866
37.23667814730694,21.933116568238752,10.460863235340419
37.23667814730694,5.8576553281431885,0.10184346261456871
37.23667814730694,2.388316368467592,0.10337903602421068
31.23805664875453,21.933116568238752,7.789840522023665
37.23667814730694,34.31014199101895,10.297012143973001
37.23667814730694,20.858430356988265,9.241445428604424
37.23667814730694,11.056940467604228,0.10249960156023508
37.23667814730694,21.933116568238752,9.875744123016082
37.23667814730694,21.933116568238752,9.610337717337412
37.23667814730694,41.07592345058356,5.917284124976337
37.23667814730694,21.933116568238752,8.846265999911736
70.74794773886236,21.933116568238752,0.6300502683156325
37.23667814730694,21.933116568238752,10.051001838794214
37.23667814730694,21.933116568238752,10.132148438057438
37.23667814730694,21.933116568238752,8.99104198777958
37.23667814730694,21.933116568238752,9.435885020249936
37.23667814730694,21.933116568238752,9.75566522837334
37.23667814730694,0.9623912396741581,0.09483050319788525
69.18555317385601,21.933116568238752,1.0521260008824806
37.23667814730694,1.8136346266725951,0.10439055667330639
37.23667814730694,21.933116568238752,9.836609688987634
48.252427652642886,21.933116568238752,6.341091275431302
37.23667814730694,15.667373183763004,5.720096378821576
40.7915987721211,21.933116568238752,8.210662576194284
37.23667814730694,21.933116568238752,8.90401603565142
37.23667814730694,31.195299239467502,6.451188421149932
18.589093700138513,21.933116568238752,5.573105139902244
37.23667814730694,21.933116568238752,10.140665657931688
37.23667814730694,21.933116568238752,10.702530870473685
35.545472592285485,21.933116568238752,10.244327781725096
37.23667814730694,21.933116568238752,9.05097050867362
37.23667814730694,21.933116568238752,9.19362729656842
37.23667814730694,21.933116568238752,9.023772531412963
37.23667814730694,0.9623912396741581,0.09549123506647714
19.99847663985736,12.49880469079085,10.425271136283449
49.248336644291065,5.2899484633632685,0.10398618957062108
37.23667814730694,21.933116568238752,9.415282556663241
37.23667814730694,21.933116568238752,9.836609688987634
37.23667814730694,21.933116568238752,9.19362729656842
35.545472592285485,21.933116568238752,10.244327781725096
37.23667814730694,0.9623912396741581,0.10139220939962361
37.23667814730694,31.195299239467502,6.451188421149932
37.23667814730694,21.933116568238752,9.389360347877583
37.23667814730694,21.933116568238752,9.42361300913863
37.23667814730694,21.933116568238752,9.435885020249936
49.248336644291065,5.2899484633632685,0.10398618957062108
37.23667814730694,21.933116568238752,9.116956037481467
37.23667814730694,21.933116568238752,9.197106627930717
37.23667814730694,21.933116568238752,9.088982220304866
37.23667814730694,41.07592345058356,5.917284124976337
37.23667814730694,21.933116568238752,9.75566522837334
37.23667814730694,21.933116568238752,10.582266390183163
57.77751229094646,21.933116568238752,4.542948156248484
37.23667814730694,21.933116568238752,10.140665657931688
37.23667814730694,11.056940467604228,0.10249960156023508
37.23667814730694,21.933116568238752,9.023772531412963
37.23667814730694,2.388316368467592,0.10337903602421068
37.23667814730694,21.933116568238752,9.9557860752248
37.23667814730694,21.933116568238752,9.05097050867362
37.23667814730694,21.933116568238752,10.051001838794214
37.23667814730694,1.8136346266725951,0.10439055667330639
37.23667814730694,21.933116568238752,10.520973181324019
48.252427652642886,21.933116568238752,6.341091275431302
37.23667814730694,21.933116568238752,10.31077052506007
40.7915987721211,21.933116568238752,8.210662576194284
37.23667814730694,15.667373183763004,5.720096378821576
60.78751487619528,0.9623912396741581,0.09467279487362441
37.23667814730694,21.933116568238752,9.645590735723257
37.23667814730694,21.933116568238752,8.99104198777958
37.23667814730694,21.933116568238752,10.648189740088696
37.23667814730694,0.9623912396741581,0.09549123506647714
37.23667814730694,21.933116568238752,10.132148438057438
70.74794773886236,21.933116568238752,0.6300502683156325
18.589093700138513,21.933116568238752,5.573105139902244
37.23667814730694,21.933116568238752,8.846265999911736
37.23667814730694,21.933116568238752,10.460863235340419
31.23805664875453,21.933116568238752,7.789840522023665
37.23667814730694,21.933116568238752,10.702530870473685
37.23667814730694,5.8576553281431885,0.10184346261456871
57.77751229094646,21.933116568238752,3.8096592602465766
37.23667814730694,21.933116568238752,9.044263778212281
37.23667814730694,21.933116568238752,10.28635813734016
37.23667814730694,2.550346469952082,0.09302658043827199
37.23667814730694,21.933116568238752,9.875744123016082
37.23667814730694,21.933116568238752,9.513076994557593
37.23667814730694,21.933116568238752,8.90401603565142
37.23667814730694,21.933116568238752,9.218324470009257
37.23667814730694,21.933116568238752,9.094715773386616
43.09204703723919,21.933116568238752,8.330440538573214
37.23667814730694,21.933116568238752,10.133702069172928
44.37223956998114,21.933116568238752,7.741055955990929
55.507804523511545,21.933116568238752,4.544975068072352
