65.12293038666661,43.651469859090774,9.61133362667581
65.12293038666661,43.651469859090774,9.61133362667581
65.12293038666661,43.651469859090774,9.61133362667581
28.353751225469498,43.651469859090774,3.856389572284648
28.353751225469498,43.651469859090774,3.856389572284648
65.12293038666661,43.651469859090774,9.61133362667581
65.12293038666661,43.651469859090774,9.61133362667581
28.353751225469498,43.651469859090774,3.856389572284648
28.353751225469498,43.651469859090774,3.856389572284648
37.23667814730694,21.933116568238752,9.251490052899905
65.12293038666661,43.651469859090774,9.61133362667581
36.1421525304716,34.868601784990055,6.77233360705103
28.353751225469498,43.651469859090774,3.856389572284648
37.23667814730694,21.933116568238752,9.251490052899905
36.1421525304716,21.933116568238752,9.802100732515818
53.28449703545803,27.854866630796337,5.028799236857749
36.1421525304716,21.933116568238752,9.802100732515818
37.23667814730694,21.933116568238752,9.251490052899905
43.963088989938846,21.933116568238752,8.534508310109477
28.353751225469498,43.651469859090774,3.856389572284648
36.1421525304716,34.868601784990055,6.77233360705103
65.12293038666661,43.651469859090774,9.61133362667581
37.23667814730694,21.933116568238752,9.22829731740228
36.1421525304716,40.994878667403114,5.259415700139751
43.963088989938846,21.933116568238752,8.534508310109477
28.353751225469498,43.651469859090774,3.856389572284648
36.1421525304716,21.933116568238752,9.802100732515818
37.23667814730694,21.933116568238752,9.251490052899905
37.23667814730694,21.933116568238752,9.22829731740228
53.28449703545803,27.854866630796337,5.028799236857749
36.1421525304716,34.868601784990055,6.77233360705103
36.1421525304716,21.933116568238752,10.795957877577228
65.12293038666661,43.651469859090774,9.61133362667581
28.353751225469498,43.651469859090774,3.856389572284648
36.1421525304716,34.868601784990055,6.77233360705103
43.963088989938846,21.933116568238752,8.534508310109477
36.1421525304716,21.933116568238752,10.738112206330058
53.28449703545803,27.854866630796337,5.028799236857749
37.23667814730694,21.933116568238752,9.452185365994252
37.23667814730694,21.933116568238752,9.251490052899905
36.1421525304716,21.933116568238752,9.802100732515818
65.12293038666661,43.651469859090774,9.61133362667581
36.1421525304716,21.933116568238752,9.277119753787666
37.23667814730694,21.933116568238752,9.22829731740228
36.1421525304716,21.933116568238752,10.795957877577228
37.23667814730694,21.933116568238752,9.628531800913166
36.1421525304716,5.3776006086695105,0.102468089279781
36.1421525304716,21.933116568238752,9.277119753787666
28.353751225469498,43.651469859090774,3.856389572284648
25.85398179485557,21.933116568238752,7.020835264268606
65.12293038666661,43.651469859090774,9.61133362667581
53.28449703545803,27.854866630796337,5.028799236857749
36.1421525304716,21.933116568238752,9.802100732515818
48.638146911866755,21.933116568238752,7.226442266791823
37.23667814730694,21.933116568238752,9.452185365994252
36.1421525304716,21.933116568238752,10.738112206330058
37.23667814730694,21.933116568238752,9.22829731740228
36.1421525304716,21.933116568238752,10.795957877577228
37.61315454874841,20.534071353297655,9.836907190808205
37.23667814730694,21.933116568238752,9.251490052899905
43.963088989938846,21.933116568238752,8.534508310109477
37.23667814730694,21.933116568238752,9.251490052899905
36.1421525304716,21.933116568238752,10.795957877577228
36.1421525304716,21.933116568238752,10.657838954609375
36.1421525304716,21.933116568238752,9.802100732515818
36.1421525304716,40.994878667403114,5.259415700139751
48.638146911866755,21.933116568238752,7.226442266791823
25.85398179485557,21.933116568238752,7.020835264268606
37.61315454874841,20.534071353297655,9.836907190808205
36.1421525304716,21.933116568238752,10.738112206330058
38.270223532718944,21.933116568238752,10.363777238602234
53.28449703545803,27.854866630796337,5.028799236857749
43.963088989938846,21.933116568238752,8.534508310109477
65.12293038666661,43.651469859090774,9.61133362667581
37.23667814730694,21.933116568238752,9.22829731740228
28.353751225469498,43.651469859090774,3.856389572284648
36.1421525304716,21.933116568238752,9.277119753787666
36.1421525304716,34.868601784990055,6.77233360705103
37.23667814730694,21.933116568238752,9.628531800913166
36.1421525304716,5.3776006086695105,0.102468089279781
36.1421525304716,40.994878667403114,5.259415700139751
38.270223532718944,21.933116568238752,10.363777238602234
36.1421525304716,21.933116568238752,10.795957877577228
43.963088989938846,21.933116568238752,8.534508310109477
37.23667814730694,21.933116568238752,9.22829731740228
36.1421525304716,21.933116568238752,9.802100732515818
65.12293038666661,21.933116568238752,2.08821991254256
48.638146911866755,21.933116568238752,7.226442266791823
37.23667814730694,21.933116568238752,9.628531800913166
28.353751225469498,43.651469859090774,3.856389572284648
36.1421525304716,34.868601784990055,6.77233360705103
36.1421525304716,19.565496745205927,9.790818596199498
65.12293038666661,43.651469859090774,9.61133362667581
36.1421525304716,21.933116568238752,10.738112206330058
53.28449703545803,27.854866630796337,5.028799236857749
36.1421525304716,21.933116568238752,9.277119753787666
37.61315454874841,20.534071353297655,9.836907190808205
36.1421525304716,5.3776006086695105,0.102468089279781
45.454808488895225,21.933116568238752,7.511544745936876
25.85398179485557,21.933116568238752,7.020835264268606
36.1421525304716,21.933116568238752,9.731680583423257
65.12293038666661,43.651469859090774,9.61133362667581
25.85398179485557,21.933116568238752,7.020835264268606
43.963088989938846,21.933116568238752,8.534508310109477
37.61315454874841,20.534071353297655,9.836907190808205
36.1421525304716,43.651469859090774,5.083259258568966
37.23667814730694,21.933116568238752,9.452185365994252
36.1421525304716,21.933116568238752,10.657838954609375
65.12293038666661,21.933116568238752,2.08821991254256
36.1421525304716,21.933116568238752,9.731680583423257
48.638146911866755,21.933116568238752,7.226442266791823
36.1421525304716,21.933116568238752,10.738112206330058
36.1421525304716,5.3776006086695105,0.102468089279781
36.1421525304716,40.994878667403114,5.259415700139751
28.353751225469498,43.651469859090774,3.856389572284648
53.28449703545803,27.854866630796337,5.028799236857749
37.23667814730694,21.933116568238752,9.251490052899905
45.454808488895225,21.933116568238752,7.511544745936876
36.1421525304716,21.933116568238752,10.795957877577228
36.1421525304716,21.933116568238752,9.802100732515818
38.270223532718944,21.933116568238752,10.363777238602234
36.1421525304716,19.565496745205927,9.790818596199498
36.1421525304716,21.933116568238752,9.277119753787666
37.23667814730694,21.933116568238752,9.628531800913166
65.12293038666661,21.933116568238752,2.08821991254256
36.1421525304716,29.905172600018187,7.115356574847507
37.23667814730694,21.933116568238752,9.251490052899905
36.1421525304716,40.994878667403114,5.259415700139751
37.23667814730694,21.933116568238752,9.22829731740228
36.1421525304716,21.933116568238752,9.731680583423257
37.23667814730694,21.933116568238752,8.877844044314998
36.1421525304716,21.933116568238752,9.277119753787666
37.23667814730694,21.933116568238752,10.04036124137557
48.638146911866755,21.933116568238752,7.226442266791823
37.61315454874841,20.534071353297655,9.836907190808205
37.23667814730694,21.933116568238752,9.452185365994252
37.23667814730694,80.33460102262498,2.9567481594847873
36.1421525304716,21.933116568238752,10.657838954609375
53.28449703545803,27.854866630796337,5.028799236857749
65.12293038666661,43.651469859090774,9.61133362667581
36.1421525304716,21.933116568238752,10.738112206330058
36.1421525304716,21.933116568238752,9.345356359554806
36.1421525304716,34.868601784990055,6.77233360705103
36.1421525304716,21.933116568238752,9.91847425313961
35.60002715859714,21.933116568238752,9.726494352641682
28.824163246728634,32.18408782639456,5.113524709094197
36.1421525304716,21.933116568238752,10.795957877577228
36.1421525304716,43.651469859090774,5.083259258568966
36.1421525304716,5.3776006086695105,0.102468089279781
36.1421525304716,21.933116568238752,9.802100732515818
45.454808488895225,21.933116568238752,7.511544745936876
37.23667814730694,21.933116568238752,9.452185365994252
36.1421525304716,5.3776006086695105,0.102468089279781
36.1421525304716,21.933116568238752,9.345356359554806
36.1421525304716,21.933116568238752,10.657838954609375
28.824163246728634,32.18408782639456,5.113524709094197
53.28449703545803,27.854866630796337,5.028799236857749
25.85398179485557,21.933116568238752,7.020835264268606
36.1421525304716,21.933116568238752,10.738112206330058
36.1421525304716,21.933116568238752,9.91847425313961
37.23667814730694,21.933116568238752,10.160046021393836
37.23667814730694,21.933116568238752,9.251490052899905
65.12293038666661,21.933116568238752,2.08821991254256
36.1421525304716,21.933116568238752,10.446779056701015
28.353751225469498,43.651469859090774,3.856389572284648
36.1421525304716,21.933116568238752,9.277119753787666
48.638146911866755,21.933116568238752,7.226442266791823
36.1421525304716,34.868601784990055,6.77233360705103
45.454808488895225,21.933116568238752,7.511544745936876
36.1421525304716,21.933116568238752,9.731680583423257
35.60002715859714,21.933116568238752,9.726494352641682
37.23667814730694,21.933116568238752,10.04036124137557
37.23667814730694,21.933116568238752,10.337186132109133
36.1421525304716,40.994878667403114,5.259415700139751
37.23667814730694,21.933116568238752,9.22829731740228
37.23667814730694,21.933116568238752,9.628531800913166
36.1421525304716,21.933116568238752,10.795957877577228
65.12293038666661,43.651469859090774,9.61133362667581
37.23667814730694,21.933116568238752,8.877844044314998
38.270223532718944,21.933116568238752,10.363777238602234
48.638146911866755,21.933116568238752,7.226442266791823
36.1421525304716,5.3776006086695105,0.102468089279781
36.1421525304716,21.933116568238752,9.802100732515818
37.23667814730694,21.933116568238752,9.128210645889718
36.1421525304716,21.933116568238752,9.345356359554806
37.23667814730694,15.035695767953323,5.546281882929347
36.1421525304716,34.868601784990055,6.77233360705103
33.209915473574085,21.933116568238752,9.565280537567054
37.23667814730694,21.933116568238752,8.877844044314998
37.23667814730694,21.933116568238752,10.337186132109133
36.1421525304716,21.933116568238752,10.738112206330058
36.1421525304716,40.994878667403114,5.259415700139751
36.1421525304716,21.933116568238752,9.731680583423257
38.270223532718944,21.933116568238752,10.363777238602234
36.1421525304716,43.651469859090774,5.083259258568966
37.23667814730694,21.933116568238752,9.251490052899905
60.329379408463076,19.358508005506856,1.3198261928287702
53.28449703545803,27.854866630796337,5.028799236857749
37.23667814730694,21.933116568238752,9.800997535121809
37.23667814730694,21.933116568238752,9.628531800913166
36.1421525304716,19.565496745205927,9.790818596199498
36.1421525304716,21.933116568238752,9.950124889296994
37.23667814730694,21.933116568238752,10.04036124137557
17.0293102699833,21.933116568238752,7.287833876566224
36.1421525304716,21.933116568238752,9.277119753787666
37.23667814730694,21.933116568238752,10.160046021393836
36.1421525304716,29.905172600018187,7.115356574847507
37.23667814730694,21.933116568238752,10.709550669522633
37.61315454874841,20.534071353297655,9.836907190808205
65.12293038666661,43.651469859090774,9.61133362667581
45.454808488895225,21.933116568238752,7.511544745936876
28.353751225469498,43.651469859090774,3.856389572284648
36.1421525304716,21.933116568238752,10.795957877577228
43.963088989938846,21.933116568238752,8.534508310109477
24.896027333756226,43.651469859090774,3.3714947939007742
36.1421525304716,21.933116568238752,9.91847425313961
35.60002715859714,21.933116568238752,9.726494352641682
65.12293038666661,21.933116568238752,2.08821991254256
37.23667814730694,21.933116568238752,10.73753187222671
53.28449703545803,27.854866630796337,5.028799236857749
25.85398179485557,21.933116568238752,7.748713345064936
37.23667814730694,21.933116568238752,9.800997535121809
37.23667814730694,21.933116568238752,9.628531800913166
36.1421525304716,21.933116568238752,10.795957877577228
36.1421525304716,29.905172600018187,7.115356574847507
36.1421525304716,21.933116568238752,9.277119753787666
33.209915473574085,21.933116568238752,9.565280537567054
37.23667814730694,21.933116568238752,9.251490052899905
36.1421525304716,43.651469859090774,5.083259258568966
36.1421525304716,21.933116568238752,10.446779056701015
28.824163246728634,32.18408782639456,5.113524709094197
37.23667814730694,21.933116568238752,10.04036124137557
37.23667814730694,21.933116568238752,10.709550669522633
36.1421525304716,21.933116568238752,9.802100732515818
36.1421525304716,21.933116568238752,9.345356359554806
37.23667814730694,21.933116568238752,9.452185365994252
36.1421525304716,19.565496745205927,9.790818596199498
36.1421525304716,21.933116568238752,10.738112206330058
43.963088989938846,21.933116568238752,8.534508310109477
37.61315454874841,20.534071353297655,9.836907190808205
65.12293038666661,43.651469859090774,9.61133362667581
36.1421525304716,21.933116568238752,9.950124889296994
37.23667814730694,21.933116568238752,10.337186132109133
25.85398179485557,21.933116568238752,7.020835264268606
45.454808488895225,21.933116568238752,7.511544745936876
65.12293038666661,21.933116568238752,2.08821991254256
35.60002715859714,21.933116568238752,9.726494352641682
37.23667814730694,21.933116568238752,9.128210645889718
36.1421525304716,21.933116568238752,10.03411025236497
38.270223532718944,21.933116568238752,10.363777238602234
37.23667814730694,21.933116568238752,8.877844044314998
36.1421525304716,21.933116568238752,10.657838954609375
36.1421525304716,21.933116568238752,9.731680583423257
36.1421525304716,34.868601784990055,6.77233360705103
37.23667814730694,21.933116568238752,9.22829731740228
28.353751225469498,43.651469859090774,3.856389572284648
36.1421525304716,21.933116568238752,9.91847425313961
36.1421525304716,5.3776006086695105,0.102468089279781
37.23667814730694,80.33460102262498,2.9567481594847873
60.329379408463076,19.358508005506856,1.3198261928287702
48.638146911866755,21.933116568238752,6.744557086240257
37.23667814730694,21.933116568238752,9.22829731740228
36.1421525304716,5.068550894710093,0.10387590758975425
17.331662802590195,21.933116568238752,4.730204447328794
36.1421525304716,21.933116568238752,9.277119753787666
48.638146911866755,21.933116568238752,7.226442266791823
37.23667814730694,21.933116568238752,9.452185365994252
28.824163246728634,32.18408782639456,5.113524709094197
36.1421525304716,21.933116568238752,10.867644415615214
37.61315454874841,20.534071353297655,9.836907190808205
37.23667814730694,21.933116568238752,9.128210645889718
25.85398179485557,21.933116568238752,7.020835264268606
58.93456190807135,21.933116568238752,3.756784360347631
37.23667814730694,21.933116568238752,10.160046021393836
36.1421525304716,21.933116568238752,10.03411025236497
36.1421525304716,21.933116568238752,10.738112206330058
36.1421525304716,29.905172600018187,7.115356574847507
28.353751225469498,43.651469859090774,3.856389572284648
36.1421525304716,43.651469859090774,5.083259258568966
37.23667814730694,21.933116568238752,10.777024383743035
43.963088989938846,21.933116568238752,8.534508310109477
36.1421525304716,19.565496745205927,9.790818596199498
45.454808488895225,21.933116568238752,7.511544745936876
65.12293038666661,43.651469859090774,9.61133362667581
37.23667814730694,21.933116568238752,8.877844044314998
21.34981729846706,21.933116568238752,5.390987185006161
36.1421525304716,40.994878667403114,5.259415700139751
37.23667814730694,21.933116568238752,9.251490052899905
36.1421525304716,21.933116568238752,10.795957877577228
36.1421525304716,21.933116568238752,9.124996195754537
36.1421525304716,34.868601784990055,6.77233360705103
36.1421525304716,21.933116568238752,10.096462825392306
25.85398179485557,21.933116568238752,7.748713345064936
57.702705188650484,21.933116568238752,4.466345311082268
36.1421525304716,21.933116568238752,9.950124889296994
37.23667814730694,15.035695767953323,5.546281882929347
36.1421525304716,5.3776006086695105,0.102468089279781
36.1421525304716,21.933116568238752,9.345356359554806
24.896027333756226,43.651469859090774,3.3714947939007742
38.270223532718944,21.933116568238752,10.363777238602234
17.0293102699833,21.933116568238752,7.287833876566224
37.23667814730694,21.933116568238752,10.73753187222671
23.501395806978202,21.933116568238752,6.209038864011904
60.329379408463076,19.358508005506856,1.3198261928287702
37.23667814730694,21.933116568238752,10.337186132109133
37.23667814730694,21.933116568238752,10.709550669522633
37.23667814730694,21.933116568238752,9.800997535121809
37.23667814730694,34.55814572536055,6.873173986349401
36.1421525304716,21.933116568238752,9.731680583423257
37.23667814730694,15.035695767953323,5.546281882929347
36.1421525304716,21.933116568238752,9.612279803039872
37.23667814730694,21.933116568238752,8.877844044314998
36.1421525304716,21.933116568238752,9.950124889296994
65.12293038666661,21.933116568238752,2.08821991254256
24.896027333756226,43.651469859090774,3.3714947939007742
36.1421525304716,21.933116568238752,9.802100732515818
37.61315454874841,20.534071353297655,9.836907190808205
37.23667814730694,21.933116568238752,10.709550669522633
37.23667814730694,21.933116568238752,10.777024383743035
33.209915473574085,21.933116568238752,9.565280537567054
17.331662802590195,21.933116568238752,4.730204447328794
37.68933471362609,2.8085053286935278,0.1086075543100256
36.1421525304716,21.933116568238752,10.795957877577228
25.73232574210643,21.933116568238752,6.5966095627743115
37.23667814730694,21.933116568238752,9.22829731740228
36.1421525304716,5.068550894710093,0.10387590758975425
36.1421525304716,21.933116568238752,10.867644415615214
37.23667814730694,21.933116568238752,10.73753187222671
36.1421525304716,5.3776006086695105,0.102468089279781
25.85398179485557,21.933116568238752,7.020835264268606
43.963088989938846,21.933116568238752,8.534508310109477
45.454808488895225,21.933116568238752,7.511544745936876
36.1421525304716,21.933116568238752,9.277119753787666
21.34981729846706,21.933116568238752,5.390987185006161
36.1421525304716,21.933116568238752,10.657838954609375
36.1421525304716,43.651469859090774,5.083259258568966
36.1421525304716,40.994878667403114,5.259415700139751
37.23667814730694,80.33460102262498,2.9567481594847873
57.702705188650484,21.933116568238752,4.466345311082268
28.824163246728634,32.18408782639456,5.113524709094197
37.23667814730694,21.933116568238752,10.337186132109133
37.23667814730694,21.933116568238752,9.628531800913166
38.270223532718944,21.933116568238752,10.363777238602234
36.1421525304716,21.933116568238752,10.446779056701015
65.12293038666661,43.651469859090774,9.61133362667581
60.329379408463076,19.358508005506856,1.3198261928287702
36.1421525304716,21.933116568238752,9.124996195754537
36.1421525304716,21.933116568238752,10.096462825392306
36.1421525304716,21.933116568238752,9.731680583423257
48.638146911866755,21.933116568238752,6.744557086240257
36.1421525304716,21.933116568238752,10.03411025236497
37.23667814730694,21.933116568238752,9.452185365994252
36.1421525304716,37.07810248948601,5.519001565457471
36.1421525304716,21.933116568238752,9.345356359554806
36.1421525304716,21.933116568238752,10.738112206330058
37.23667814730694,21.933116568238752,10.160046021393836
23.501395806978202,21.933116568238752,6.209038864011904
35.60002715859714,21.933116568238752,9.726494352641682
58.93456190807135,21.933116568238752,3.756784360347631
36.1421525304716,21.933116568238752,9.91847425313961
36.1421525304716,19.565496745205927,9.790818596199498
37.23667814730694,34.55814572536055,6.873173986349401
36.1421525304716,34.868601784990055,6.77233360705103
37.23667814730694,21.933116568238752,9.800997535121809
37.23667814730694,21.933116568238752,9.251490052899905
