37.23667814730694,21.933116568238752,9.082956871544885
37.23667814730694,21.933116568238752,9.5095965517018
35.397303415690416,21.933116568238752,9.200809929374214
21.800746811556316,21.933116568238752,5.940758027646013
70.13470185691108,30.559251265616602,6.761309093800669
37.23667814730694,21.933116568238752,9.619703061256946
37.23667814730694,21.933116568238752,9.967171541689137
45.15319944412408,21.933116568238752,7.449864495099119
37.23667814730694,21.933116568238752,8.746654685229041
23.32234386135285,2.2844494047296964,0.09006125533156113
47.80408405144027,21.933116568238752,8.94551222238744
37.23667814730694,21.933116568238752,9.18298019855447
37.23667814730694,21.933116568238752,10.732003775950034
14.387006254005478,16.39843428076921,5.126562232115118
61.99160483798717,0.9623912396741581,0.09768943821782398
37.23667814730694,21.933116568238752,9.111628701041797
37.23667814730694,21.933116568238752,10.695652755503863
54.393109753954135,21.933116568238752,8.469787472887193
0.5025383795650953,37.5998722181469,0.09710622669301738
25.02684150994183,21.933116568238752,7.2314629695055785
52.63196099242193,15.01555964131593,0.10523409778540627
37.23667814730694,21.933116568238752,10.419009400334405
1.1510409200175715,21.933116568238752,0.3292360482583022
37.23667814730694,21.933116568238752,10.386066998507197
37.23667814730694,21.933116568238752,9.650662686661775
37.23667814730694,21.933116568238752,9.289167072479188
37.23667814730694,21.933116568238752,9.818011954603515
37.23667814730694,21.933116568238752,8.746654685229041
37.23667814730694,21.933116568238752,9.29280131298201
37.23667814730694,21.933116568238752,8.975307865694583
37.23667814730694,21.933116568238752,9.523442684823046
20.017856561848888,21.933116568238752,5.197302300201818
37.23667814730694,21.933116568238752,10.380341643497943
37.23667814730694,21.933116568238752,10.34889309704571
37.23667814730694,21.933116568238752,9.66835933338501
37.23667814730694,21.933116568238752,8.746654685229041
37.23667814730694,21.933116568238752,10.180044843767842
37.23667814730694,21.933116568238752,8.993981630249953
57.44924505832564,21.933116568238752,4.071391119916233
69.18555317385601,21.933116568238752,1.0651830026515068
37.23667814730694,21.933116568238752,9.402433823582745
37.23667814730694,21.933116568238752,10.78188103340155
37.23667814730694,1.3835094930445528,0.09525286276244804
37.23667814730694,21.933116568238752,8.91851450110281
37.23667814730694,21.933116568238752,8.746654685229041
37.23667814730694,21.933116568238752,9.390774382405027
37.23667814730694,21.933116568238752,9.448087186601297
37.23667814730694,21.933116568238752,9.080430313061708
37.23667814730694,6.966502582571392,0.09812232932853078
37.23667814730694,21.933116568238752,8.339111156134459
37.23667814730694,21.933116568238752,10.293390453268083
37.23667814730694,21.933116568238752,9.336353412119065
37.23667814730694,21.933116568238752,8.746654685229041
37.23667814730694,21.933116568238752,9.579702279698385
37.23667814730694,21.933116568238752,8.746654685229041
37.23667814730694,21.933116568238752,10.100887896778055
37.23667814730694,21.933116568238752,9.264863069655247
37.23667814730694,21.933116568238752,9.493534907560822
37.23667814730694,21.933116568238752,8.850173214865688
37.23667814730694,21.933116568238752,8.96103297689019
37.23667814730694,21.933116568238752,9.077343285336685
37.23667814730694,21.933116568238752,8.856736698854757
34.540666755109186,21.933116568238752,10.075521011636937
37.23667814730694,21.933116568238752,9.105972528581535
37.23667814730694,21.933116568238752,8.906054552454334
37.23667814730694,21.933116568238752,9.097270586253826
37.23667814730694,21.933116568238752,10.389902947874592
69.32032072328464,21.933116568238752,1.044437580398625
37.23667814730694,57.844569673624335,9.2051352476619
37.23667814730694,21.933116568238752,8.901193220136093
37.23667814730694,21.933116568238752,10.735234471866486
37.23667814730694,21.933116568238752,10.42544463883548
37.23667814730694,21.933116568238752,9.715424505137449
37.23667814730694,21.933116568238752,9.101232674800793
98.70503494129467,13.333111890843206,0.10651584631730335
65.12293038666661,43.651469859090774,9.228035574134916
37.23667814730694,21.933116568238752,9.526976080987774
37.23667814730694,21.933116568238752,10.782872233281953
1.8156124488239556,21.933116568238752,4.30860131132027
36.1421525304716,21.933116568238752,9.404703470530656
