24.090214404760147,14.639855105960935,6.318120644713512
12.91121238941541,27.364772983670797,3.229566299932625
24.090214404760147,21.933116568238752,7.068587679556843
24.090214404760147,21.933116568238752,6.820453079262698
24.090214404760147,21.933116568238752,6.509952513744964
24.090214404760147,14.639855105960935,6.318120644713512
24.090214404760147,21.933116568238752,7.068587679556843
12.91121238941541,27.364772983670797,3.229566299932625
24.090214404760147,21.933116568238752,6.820453079262698
24.090214404760147,14.639855105960935,6.318120644713512
24.090214404760147,21.933116568238752,6.509952513744964
24.090214404760147,21.933116568238752,7.068587679556843
24.090214404760147,21.933116568238752,6.820453079262698
24.090214404760147,21.933116568238752,6.522536832070185
12.91121238941541,27.364772983670797,3.229566299932625
24.090214404760147,21.933116568238752,6.522536832070185
37.23667814730694,21.933116568238752,10.342564878283333
24.090214404760147,21.933116568238752,6.509952513744964
0.4699703317098969,27.851030415577718,0.1077822515400498
12.91121238941541,27.364772983670797,3.229566299932625
24.090214404760147,21.933116568238752,6.820453079262698
56.42353153113929,2.2260655568736496,0.09418433848615998
24.090214404760147,21.933116568238752,7.068587679556843
24.090214404760147,14.639855105960935,6.318120644713512
56.42353153113929,2.2260655568736496,0.09418433848615998
24.090214404760147,21.933116568238752,6.522536832070185
0.4699703317098969,27.851030415577718,0.1077822515400498
37.23667814730694,21.933116568238752,10.342564878283333
24.090214404760147,21.933116568238752,7.068587679556843
24.090214404760147,21.933116568238752,6.820453079262698
24.090214404760147,14.639855105960935,6.318120644713512
24.090214404760147,21.933116568238752,6.509952513744964
24.090214404760147,21.933116568238752,6.820453079262698
24.090214404760147,21.933116568238752,6.522536832070185
56.42353153113929,2.2260655568736496,0.09418433848615998
37.23667814730694,21.933116568238752,10.342564878283333
24.090214404760147,14.639855105960935,6.318120644713512
24.090214404760147,21.933116568238752,6.509952513744964
12.91121238941541,27.364772983670797,3.229566299932625
0.4699703317098969,27.851030415577718,0.1077822515400498
24.090214404760147,21.933116568238752,7.068587679556843
24.090214404760147,21.933116568238752,6.820453079262698
56.42353153113929,2.2260655568736496,0.09418433848615998
37.23667814730694,21.933116568238752,10.342564878283333
24.090214404760147,14.639855105960935,6.318120644713512
24.090214404760147,21.933116568238752,7.068587679556843
24.090214404760147,21.933116568238752,6.522536832070185
24.090214404760147,21.933116568238752,6.509952513744964
24.090214404760147,21.933116568238752,6.1639827513701135
24.090214404760147,21.933116568238752,6.569578386770752
24.090214404760147,14.639855105960935,6.318120644713512
24.090214404760147,21.933116568238752,6.522536832070185
24.090214404760147,21.933116568238752,7.068587679556843
12.91121238941541,27.364772983670797,3.229566299932625
24.090214404760147,21.933116568238752,6.569578386770752
24.090214404760147,21.933116568238752,6.820453079262698
0.4699703317098969,27.851030415577718,0.1077822515400498
24.090214404760147,21.933116568238752,6.1639827513701135
24.090214404760147,21.933116568238752,6.509952513744964
0.4699703317098969,27.851030415577718,0.1077822515400498
24.090214404760147,21.933116568238752,6.820453079262698
24.090214404760147,21.933116568238752,6.1639827513701135
71.68712120315922,21.933116568238752,0.410299063822199
24.090214404760147,21.933116568238752,6.522536832070185
12.91121238941541,27.364772983670797,3.229566299932625
56.42353153113929,2.2260655568736496,0.09418433848615998
24.090214404760147,14.639855105960935,6.318120644713512
24.090214404760147,21.933116568238752,6.509952513744964
37.23667814730694,21.933116568238752,10.342564878283333
24.090214404760147,21.933116568238752,6.569578386770752
24.090214404760147,21.933116568238752,6.071195581570909
37.23667814730694,21.933116568238752,9.382948328407588
24.090214404760147,21.933116568238752,6.569578386770752
37.23667814730694,21.933116568238752,10.618918228956913
12.91121238941541,27.364772983670797,3.229566299932625
56.42353153113929,2.2260655568736496,0.09418433848615998
37.23667814730694,21.933116568238752,10.342564878283333
24.090214404760147,14.639855105960935,6.318120644713512
24.090214404760147,21.933116568238752,5.933712424282705
24.090214404760147,21.933116568238752,6.509952513744964
71.68712120315922,21.933116568238752,0.410299063822199
24.090214404760147,21.933116568238752,7.068587679556843
0.4699703317098969,27.851030415577718,0.1077822515400498
24.090214404760147,21.933116568238752,6.071195581570909
24.090214404760147,21.933116568238752,6.1639827513701135
37.23667814730694,21.933116568238752,9.197490498841644
24.090214404760147,21.933116568238752,6.820453079262698
24.090214404760147,21.933116568238752,6.071195581570909
37.23667814730694,21.933116568238752,9.382948328407588
37.23667814730694,21.933116568238752,9.562240762754074
24.090214404760147,21.933116568238752,7.068587679556843
37.23667814730694,21.933116568238752,10.342564878283333
37.23667814730694,21.933116568238752,10.618918228956913
24.090214404760147,21.933116568238752,6.509952513744964
71.68712120315922,21.933116568238752,0.410299063822199
24.090214404760147,21.933116568238752,6.569578386770752
24.090214404760147,21.933116568238752,6.522536832070185
12.91121238941541,27.364772983670797,3.229566299932625
24.090214404760147,21.933116568238752,5.933712424282705
24.090214404760147,21.933116568238752,6.172060992707748
24.090214404760147,21.933116568238752,7.1082070914265065
56.42353153113929,2.2260655568736496,0.09418433848615998
24.090214404760147,14.639855105960935,6.318120644713512
24.090214404760147,21.933116568238752,6.1639827513701135
37.23667814730694,21.933116568238752,8.958495007723984
24.090214404760147,21.933116568238752,6.509952513744964
24.090214404760147,21.933116568238752,6.172060992707748
37.23667814730694,21.933116568238752,9.382948328407588
24.090214404760147,21.933116568238752,6.071195581570909
24.090214404760147,14.639855105960935,6.318120644713512
37.23667814730694,21.933116568238752,9.216828802235622
37.23667814730694,21.933116568238752,10.342564878283333
24.090214404760147,21.933116568238752,6.1639827513701135
37.23667814730694,21.933116568238752,10.618918228956913
24.090214404760147,21.933116568238752,6.820453079262698
24.090214404760147,21.933116568238752,7.1082070914265065
37.23667814730694,21.933116568238752,9.197490498841644
56.42353153113929,2.2260655568736496,0.09418433848615998
24.090214404760147,21.933116568238752,6.522536832070185
12.91121238941541,27.364772983670797,3.229566299932625
24.090214404760147,21.933116568238752,6.569578386770752
24.090214404760147,21.933116568238752,5.933712424282705
37.23667814730694,21.933116568238752,10.342564878283333
12.91121238941541,27.364772983670797,3.229566299932625
24.090214404760147,14.639855105960935,6.318120644713512
24.090214404760147,21.933116568238752,6.509952513744964
24.090214404760147,21.933116568238752,6.1639827513701135
24.090214404760147,21.933116568238752,6.172060992707748
56.42353153113929,2.2260655568736496,0.09418433848615998
24.090214404760147,21.933116568238752,6.071195581570909
24.090214404760147,21.933116568238752,7.068587679556843
71.68712120315922,21.933116568238752,0.410299063822199
24.090214404760147,21.933116568238752,6.522536832070185
37.23667814730694,21.933116568238752,10.768337456124447
37.23667814730694,21.933116568238752,9.216828802235622
37.23667814730694,21.933116568238752,10.618918228956913
37.23667814730694,21.933116568238752,9.562240762754074
24.090214404760147,21.933116568238752,6.820453079262698
37.23667814730694,21.933116568238752,8.958495007723984
37.23667814730694,21.933116568238752,9.197490498841644
37.23667814730694,21.933116568238752,9.382948328407588
24.090214404760147,21.933116568238752,6.071195581570909
37.23667814730694,21.933116568238752,8.958495007723984
24.090214404760147,14.639855105960935,6.318120644713512
56.42353153113929,2.2260655568736496,0.09418433848615998
37.23667814730694,21.933116568238752,10.31960469877659
24.090214404760147,21.933116568238752,6.569578386770752
24.090214404760147,21.933116568238752,6.1639827513701135
24.090214404760147,21.933116568238752,5.933712424282705
37.23667814730694,21.933116568238752,10.342564878283333
24.090214404760147,21.933116568238752,7.1082070914265065
12.91121238941541,27.364772983670797,3.229566299932625
24.090214404760147,21.933116568238752,6.522536832070185
24.090214404760147,21.933116568238752,6.11996337770785
24.090214404760147,21.933116568238752,6.172060992707748
37.23667814730694,21.933116568238752,9.197490498841644
24.090214404760147,21.933116568238752,6.509952513744964
24.090214404760147,21.933116568238752,6.820453079262698
71.68712120315922,21.933116568238752,0.410299063822199
24.090214404760147,21.933116568238752,6.708921812350062
0.4699703317098969,27.851030415577718,0.1077822515400498
37.23667814730694,21.933116568238752,9.216828802235622
24.090214404760147,21.933116568238752,6.522536832070185
37.23667814730694,21.933116568238752,9.322486205705303
24.090214404760147,21.933116568238752,6.1639827513701135
24.090214404760147,21.933116568238752,6.11996337770785
24.090214404760147,21.933116568238752,7.068587679556843
24.090214404760147,21.933116568238752,7.1082070914265065
37.23667814730694,21.933116568238752,10.443664296977282
56.42353153113929,2.2260655568736496,0.09418433848615998
37.23667814730694,21.933116568238752,8.958495007723984
37.23667814730694,0.4747049733008524,0.0950587310637083
12.91121238941541,27.364772983670797,3.229566299932625
37.23667814730694,21.933116568238752,10.342564878283333
37.23667814730694,21.933116568238752,9.197490498841644
24.090214404760147,14.639855105960935,6.318120644713512
71.68712120315922,21.933116568238752,0.410299063822199
24.090214404760147,21.933116568238752,5.933712424282705
0.4699703317098969,27.851030415577718,0.1077822515400498
24.090214404760147,21.933116568238752,6.172060992707748
37.23667814730694,21.933116568238752,10.31960469877659
73.91174803290886,3.230479209748628,0.10592441573960339
37.23667814730694,21.933116568238752,9.562240762754074
24.090214404760147,21.933116568238752,6.569578386770752
37.23667814730694,21.933116568238752,10.768337456124447
37.23667814730694,21.933116568238752,9.322486205705303
56.42353153113929,2.2260655568736496,0.09418433848615998
37.23667814730694,21.933116568238752,10.342564878283333
24.090214404760147,21.933116568238752,6.11996337770785
37.23667814730694,21.933116568238752,10.31960469877659
24.090214404760147,21.933116568238752,7.068587679556843
24.090214404760147,21.933116568238752,6.522536832070185
37.23667814730694,21.933116568238752,9.562240762754074
37.23667814730694,21.933116568238752,9.197490498841644
37.23667814730694,21.933116568238752,10.443664296977282
37.23667814730694,0.4747049733008524,0.0950587310637083
12.91121238941541,27.364772983670797,3.229566299932625
24.090214404760147,21.933116568238752,6.569578386770752
73.91174803290886,3.230479209748628,0.10592441573960339
37.23667814730694,21.933116568238752,10.618918228956913
37.23667814730694,21.933116568238752,9.216828802235622
37.23667814730694,21.933116568238752,10.768337456124447
24.090214404760147,21.933116568238752,7.1082070914265065
37.23667814730694,21.933116568238752,9.382948328407588
0.4699703317098969,27.851030415577718,0.1077822515400498
24.090214404760147,21.933116568238752,6.1639827513701135
24.090214404760147,21.933116568238752,6.708921812350062
24.090214404760147,21.933116568238752,6.071195581570909
24.090214404760147,21.933116568238752,7.100656807647012
24.090214404760147,14.639855105960935,6.318120644713512
37.23667814730694,21.933116568238752,8.958495007723984
71.68712120315922,21.933116568238752,0.410299063822199
37.23667814730694,21.933116568238752,8.958495007723984
37.23667814730694,21.933116568238752,9.562240762754074
71.68712120315922,21.933116568238752,0.410299063822199
24.090214404760147,21.933116568238752,5.933712424282705
24.090214404760147,21.933116568238752,6.820453079262698
24.090214404760147,21.933116568238752,6.32962618021521
37.23667814730694,21.933116568238752,9.197490498841644
24.090214404760147,21.933116568238752,7.1082070914265065
37.23667814730694,21.933116568238752,9.149987003351919
73.91174803290886,3.230479209748628,0.10592441573960339
24.090214404760147,21.933116568238752,6.11996337770785
38.486110256736,21.933116568238752,8.95788174011428
24.090214404760147,21.933116568238752,6.509952513744964
24.090214404760147,14.639855105960935,6.318120644713512
37.23667814730694,21.933116568238752,10.768337456124447
37.23667814730694,21.933116568238752,9.382948328407588
24.090214404760147,21.933116568238752,7.068587679556843
24.090214404760147,21.933116568238752,6.172060992707748
37.23667814730694,21.933116568238752,10.443664296977282
37.23667814730694,21.933116568238752,9.216828802235622
24.090214404760147,21.933116568238752,6.071195581570909
37.23667814730694,21.933116568238752,10.31960469877659
37.23667814730694,21.933116568238752,10.618918228956913
0.4699703317098969,27.851030415577718,0.1077822515400498
24.090214404760147,21.933116568238752,6.569578386770752
24.090214404760147,38.78538985254827,3.58269625902376
37.23667814730694,21.933116568238752,9.322486205705303
37.23667814730694,0.4747049733008524,0.0950587310637083
24.090214404760147,21.933116568238752,6.708921812350062
24.090214404760147,21.933116568238752,6.522536832070185
24.090214404760147,21.933116568238752,7.100656807647012
30.810014794546326,21.933116568238752,9.149587385604477
56.42353153113929,2.2260655568736496,0.09418433848615998
56.42353153113929,2.2260655568736496,0.09418433848615998
37.23667814730694,21.933116568238752,10.751847276487398
37.23667814730694,21.933116568238752,10.443664296977282
37.23667814730694,21.933116568238752,9.049224501268041
24.090214404760147,38.78538985254827,3.58269625902376
24.090214404760147,21.933116568238752,6.1639827513701135
37.23667814730694,21.933116568238752,9.149987003351919
24.090214404760147,21.933116568238752,6.172060992707748
37.23667814730694,21.933116568238752,9.190885942741437
37.23667814730694,21.933116568238752,10.31960469877659
37.23667814730694,21.933116568238752,9.562240762754074
24.090214404760147,21.933116568238752,6.569578386770752
37.23667814730694,0.4747049733008524,0.0950587310637083
37.23667814730694,21.933116568238752,9.216828802235622
37.23667814730694,21.933116568238752,10.768337456124447
38.486110256736,21.933116568238752,8.95788174011428
24.090214404760147,21.933116568238752,5.933712424282705
37.23667814730694,23.33391019804345,8.962011836906326
0.4699703317098969,27.851030415577718,0.1077822515400498
12.91121238941541,27.364772983670797,3.229566299932625
24.090214404760147,21.933116568238752,6.708921812350062
24.090214404760147,14.639855105960935,6.318120644713512
37.23667814730694,21.933116568238752,9.322486205705303
37.23667814730694,21.933116568238752,10.342564878283333
37.23667814730694,21.933116568238752,8.958495007723984
24.090214404760147,21.933116568238752,7.100656807647012
24.090214404760147,21.933116568238752,6.820453079262698
71.68712120315922,21.933116568238752,0.410299063822199
24.090214404760147,21.933116568238752,6.509952513744964
24.090214404760147,21.933116568238752,6.3760665130706595
24.090214404760147,21.933116568238752,6.32962618021521
24.090214404760147,21.933116568238752,6.522536832070185
24.090214404760147,21.933116568238752,7.1082070914265065
24.090214404760147,21.933116568238752,6.071195581570909
73.91174803290886,3.230479209748628,0.10592441573960339
24.090214404760147,21.933116568238752,6.267919743315572
24.090214404760147,21.933116568238752,6.522536832070185
45.35823224712501,21.933116568238752,6.880858334437395
24.090214404760147,21.933116568238752,6.820453079262698
24.090214404760147,21.933116568238752,6.267919743315572
37.23667814730694,21.933116568238752,9.382948328407588
37.23667814730694,21.933116568238752,10.618918228956913
37.23667814730694,21.933116568238752,10.751847276487398
24.090214404760147,21.933116568238752,6.13390239136057
37.23667814730694,21.933116568238752,9.562240762754074
24.090214404760147,14.639855105960935,6.318120644713512
24.090214404760147,21.933116568238752,6.708921812350062
24.090214404760147,21.933116568238752,7.1082070914265065
24.090214404760147,21.933116568238752,6.3760665130706595
37.23667814730694,21.933116568238752,9.049224501268041
24.090214404760147,21.933116568238752,6.509952513744964
37.23667814730694,21.933116568238752,10.664938778509677
37.23667814730694,21.933116568238752,9.322486205705303
37.23667814730694,21.933116568238752,9.197490498841644
24.090214404760147,38.78538985254827,3.58269625902376
24.090214404760147,21.933116568238752,6.1639827513701135
37.23667814730694,21.933116568238752,10.509733477791597
24.090214404760147,21.933116568238752,7.100656807647012
38.486110256736,21.933116568238752,8.95788174011428
24.090214404760147,21.933116568238752,6.32962618021521
24.090214404760147,21.933116568238752,6.964270340115935
56.42353153113929,2.2260655568736496,0.09418433848615998
0.4699703317098969,27.851030415577718,0.1077822515400498
37.23667814730694,21.933116568238752,9.149987003351919
37.23667814730694,21.933116568238752,10.443664296977282
12.91121238941541,27.364772983670797,3.229566299932625
24.090214404760147,21.933116568238752,6.569578386770752
37.23667814730694,21.933116568238752,9.216828802235622
48.80812951137183,31.156935124377426,8.848849259913774
24.090214404760147,21.933116568238752,7.068587679556843
71.68712120315922,21.933116568238752,0.410299063822199
37.85096352761285,22.563617652827872,9.426692476106147
37.23667814730694,21.933116568238752,10.342564878283333
37.23667814730694,21.933116568238752,10.768337456124447
37.23667814730694,21.933116568238752,8.958495007723984
24.090214404760147,21.933116568238752,6.071195581570909
24.090214404760147,21.933116568238752,6.11996337770785
66.22945905350213,22.563617652827872,10.457632560025107
37.23667814730694,21.933116568238752,10.31960469877659
37.23667814730694,21.933116568238752,9.216828802235622
24.090214404760147,21.933116568238752,6.11996337770785
12.91121238941541,27.364772983670797,3.229566299932625
37.23667814730694,21.933116568238752,9.071967688179349
37.23667814730694,21.933116568238752,9.562240762754074
37.23667814730694,21.933116568238752,9.197490498841644
71.68712120315922,21.933116568238752,0.410299063822199
24.090214404760147,21.933116568238752,6.32962618021521
24.090214404760147,21.933116568238752,6.509952513744964
24.090214404760147,32.95744899259194,4.257737741803211
48.80812951137183,31.156935124377426,8.848849259913774
37.23667814730694,21.933116568238752,9.049224501268041
37.85096352761285,21.933116568238752,10.515350647032008
24.090214404760147,21.933116568238752,6.797071789688862
38.486110256736,21.933116568238752,8.95788174011428
24.090214404760147,21.933116568238752,7.1082070914265065
24.090214404760147,21.933116568238752,5.933712424282705
24.090214404760147,21.933116568238752,6.13390239136057
37.23667814730694,21.933116568238752,10.760461237616537
56.42353153113929,2.2260655568736496,0.09418433848615998
18.26868293980986,21.933116568238752,4.702519283604696
45.35823224712501,21.933116568238752,6.880858334437395
37.23667814730694,21.933116568238752,8.958495007723984
37.23667814730694,21.933116568238752,10.618918228956913
24.090214404760147,21.933116568238752,7.068587679556843
37.23667814730694,21.933116568238752,10.751847276487398
37.23667814730694,21.933116568238752,9.322486205705303
24.090214404760147,38.78538985254827,3.58269625902376
24.090214404760147,21.933116568238752,6.964270340115935
0.4699703317098969,27.851030415577718,0.1077822515400498
24.090214404760147,21.933116568238752,6.820453079262698
37.23667814730694,21.933116568238752,9.382948328407588
24.090214404760147,21.933116568238752,6.267919743315572
37.23667814730694,21.933116568238752,9.597112164061404
37.23667814730694,21.933116568238752,9.149987003351919
30.810014794546326,21.933116568238752,9.149587385604477
37.23667814730694,21.933116568238752,9.190885942741437
24.090214404760147,21.933116568238752,6.071195581570909
24.090214404760147,21.933116568238752,7.100656807647012
24.090214404760147,21.933116568238752,6.569578386770752
37.23667814730694,21.933116568238752,10.664938778509677
37.23667814730694,21.933116568238752,10.443664296977282
24.090214404760147,21.933116568238752,6.172060992707748
24.090214404760147,21.933116568238752,6.708921812350062
37.85096352761285,22.563617652827872,9.426692476106147
37.23667814730694,21.933116568238752,10.768337456124447
24.090214404760147,21.933116568238752,6.581594262165097
37.23667814730694,21.933116568238752,10.751847276487398
31.662854040828062,0.2715305557705463,0.10560037293188984
24.090214404760147,21.933116568238752,6.569578386770752
37.23667814730694,21.933116568238752,10.509733477791597
37.23667814730694,21.933116568238752,10.31960469877659
24.090214404760147,21.933116568238752,5.933712424282705
37.23667814730694,21.933116568238752,10.664938778509677
37.85096352761285,21.933116568238752,10.515350647032008
37.85096352761285,22.563617652827872,9.05803897697318
37.23667814730694,21.933116568238752,9.216828802235622
56.42353153113929,2.2260655568736496,0.09418433848615998
24.090214404760147,21.933116568238752,7.068587679556843
37.23667814730694,21.933116568238752,10.618918228956913
24.090214404760147,21.933116568238752,6.3760665130706595
37.23667814730694,21.933116568238752,9.694451798986995
37.85096352761285,22.563617652827872,9.426692476106147
24.090214404760147,21.933116568238752,6.32962618021521
18.26868293980986,21.933116568238752,4.702519283604696
37.23667814730694,21.933116568238752,10.443664296977282
30.810014794546326,21.933116568238752,9.149587385604477
37.23667814730694,21.933116568238752,9.322486205705303
24.090214404760147,38.78538985254827,3.58269625902376
24.090214404760147,21.933116568238752,6.509952513744964
38.486110256736,21.933116568238752,8.95788174011428
37.23667814730694,23.33391019804345,8.962011836906326
73.91174803290886,3.230479209748628,0.10592441573960339
37.23667814730694,21.933116568238752,10.760461237616537
24.090214404760147,21.933116568238752,6.172060992707748
24.090214404760147,21.933116568238752,6.708921812350062
45.35823224712501,21.933116568238752,6.880858334437395
11.4630969781633,27.356744322604442,2.5636391736908752
37.23667814730694,21.933116568238752,9.049224501268041
24.090214404760147,21.933116568238752,6.1639827513701135
24.090214404760147,21.933116568238752,6.11996337770785
37.23667814730694,21.933116568238752,8.958495007723984
37.23667814730694,21.933116568238752,9.190885942741437
24.090214404760147,21.933116568238752,6.267919743315572
24.090214404760147,21.933116568238752,6.522536832070185
37.23667814730694,21.933116568238752,9.597112164061404
71.68712120315922,21.933116568238752,0.410299063822199
37.23667814730694,21.933116568238752,9.562240762754074
24.090214404760147,21.933116568238752,6.071195581570909
0.4699703317098969,27.851030415577718,0.1077822515400498
24.090214404760147,21.933116568238752,6.96132381985879
37.23667814730694,21.933116568238752,9.071967688179349
24.090214404760147,21.933116568238752,6.13390239136057
24.090214404760147,21.933116568238752,6.791736978876947
24.090214404760147,21.933116568238752,7.1082070914265065
24.090214404760147,21.933116568238752,6.797071789688862
37.23667814730694,21.933116568238752,9.382948328407588
37.23667814730694,0.4747049733008524,0.0950587310637083
48.80812951137183,31.156935124377426,8.848849259913774
24.090214404760147,21.933116568238752,6.964270340115935
37.23667814730694,21.933116568238752,9.197490498841644
