21.90550324671633,15.43347466249735,8.514397503239106
21.90550324671633,13.199652662811541,9.955317877635855
21.90550324671633,10.259360784103293,9.176367086272057
21.90550324671633,13.199652662811541,9.198135706112133
21.90550324671633,13.199652662811541,9.955317877635855
21.90550324671633,22.54572567077934,9.955317877635855
18.111505910749923,13.074551446004566,8.309830471201385
21.90550324671633,13.199652662811541,9.955317877635855
16.52882042391257,12.046678027077737,9.091869323866385
21.90550324671633,13.199652662811541,9.955317877635855
21.90550324671633,13.713687724980783,9.58215913676535
21.90550324671633,13.199652662811541,9.955317877635855
21.90550324671633,13.074551446004566,9.949426664818562
21.90550324671633,13.199652662811541,9.955317877635855
21.90550324671633,20.050671099242322,6.553732664720487
21.90550324671633,13.464584387101885,9.759435148889539
42.676304733810525,27.602727565815066,9.274685860918405
21.90550324671633,21.34791361598544,8.96698908697429
21.90550324671633,13.199652662811541,9.955317877635855
21.90550324671633,13.199652662811541,9.955317877635855
21.90550324671633,13.199652662811541,9.955317877635855
21.90550324671633,19.581213673581654,6.710857678345097
21.90550324671633,12.640338512567311,9.604175710798895
21.90550324671633,13.199652662811541,9.955317877635855
24.954272710097687,13.095272939140493,8.855861660893165
24.954272710097687,13.199652662811541,8.659118467343326
1.1277546068087219,13.199652662811541,0.5125267140544708
5.831445282045358,13.199652662811541,9.955317877635855
21.90550324671633,13.199652662811541,9.345238320928667
21.90550324671633,13.199652662811541,9.955317877635855
33.9126010225926,13.199652662811541,4.5878581544134835
24.954272710097687,13.199652662811541,8.659118467343326
24.954272710097687,19.935141881351036,7.50913627864367
21.90550324671633,13.095272939140493,9.965330333825305
21.90550324671633,12.758284503519606,9.700281562429456
21.90550324671633,13.199652662811541,9.198135706112133
21.404833262768598,13.199652662811541,9.250200233195494
18.99477414902797,3.851309261279134,0.1
0.15126834814068957,13.095272939140493,0.1
21.90550324671633,13.199652662811541,9.198135706112133
21.90550324671633,12.640338512567311,9.604175710798895
21.90550324671633,13.199652662811541,9.955317877635855
21.90550324671633,13.199652662811541,9.955317877635855
21.90550324671633,13.199652662811541,9.198135706112133
21.90550324671633,13.199652662811541,9.955317877635855
24.954272710097687,18.43984436194676,8.466210073496963
21.90550324671633,13.199652662811541,9.955317877635855
21.90550324671633,13.199652662811541,9.955317877635855
21.90550324671633,13.199652662811541,9.955317877635855
21.90550324671633,13.199652662811541,9.955317877635855
21.90550324671633,13.199652662811541,9.955317877635855
21.90550324671633,13.199652662811541,9.955317877635855
21.90550324671633,13.199652662811541,9.955317877635855
21.90550324671633,13.199652662811541,9.955317877635855
21.90550324671633,13.199652662811541,9.198135706112133
41.45578060694832,13.074551446004566,0.9794662800187517
21.404833262768598,17.61792541390975,8.884754243301265
21.404833262768598,11.85559806670196,9.169393379363376
21.90550324671633,22.543240735733896,5.82909705277534
21.90550324671633,13.199652662811541,9.198135706112133
21.90550324671633,13.199652662811541,9.955317877635855
21.90550324671633,13.199652662811541,9.955317877635855
21.90550324671633,13.464584387101885,9.759435148889539
21.90550324671633,13.199652662811541,9.955317877635855
21.90550324671633,13.199652662811541,9.955317877635855
21.90550324671633,13.712899265961745,9.582710088073801
21.90550324671633,13.199652662811541,9.955317877635855
21.90550324671633,13.712899265961745,9.582710088073801
23.92808903081059,13.464584387101885,9.339453629395308
21.90550324671633,13.199652662811541,9.955317877635855
21.90550324671633,13.095272939140493,9.206895452468832
21.90550324671633,13.199652662811541,9.198135706112133
39.408053368832135,13.095272939140493,1.9476049790140557
21.90550324671633,13.199652662811541,9.955317877635855
21.90550324671633,13.712899265961745,9.582710088073801
21.90550324671633,4.763029664347902,0.1
21.90550324671633,13.464584387101885,9.759435148889539
21.90550324671633,13.712899265961745,9.582710088073801
21.90550324671633,13.199652662811541,9.955317877635855
21.90550324671633,13.712899265961745,9.582710088073801
