21.90550324671633,13.199652662811541,9.955317877635855
21.90550324671633,0.8634749258618104,0.1
13.781283043700434,13.199652662811541,8.227626215705456
21.90550324671633,13.199652662811541,9.955317877635855
21.90550324671633,15.7782510699232,8.328346250184941
43.149729045777846,22.54572567077934,8.51903865355917
21.90550324671633,13.199652662811541,9.257416132818676
21.90550324671633,13.199652662811541,9.429497532793253
25.900896196371228,13.199652662811541,8.492792710041059
21.90550324671633,13.199652662811541,9.955317877635855
21.90550324671633,13.712899265961745,9.407992102782401
21.90550324671633,13.199652662811541,9.955317877635855
21.90550324671633,13.074551446004566,9.949426664818562
21.90550324671633,13.199652662811541,9.955317877635855
21.90550324671633,13.199652662811541,9.955317877635855
21.90550324671633,15.208236156579014,8.640498265528674
21.90550324671633,13.199652662811541,9.429497532793253
21.90550324671633,13.712899265961745,9.582710088073801
21.90550324671633,13.199652662811541,9.955317877635855
21.90550324671633,13.712899265961745,9.407992102782401
21.90550324671633,13.199652662811541,9.955317877635855
21.90550324671633,13.712899265961745,9.582710088073801
21.90550324671633,13.199652662811541,9.955317877635855
21.90550324671633,13.199652662811541,9.955317877635855
21.90550324671633,13.464584387101885,9.759435148889539
24.993320511772467,12.640338512567311,8.13877200091165
21.90550324671633,13.712899265961745,9.582710088073801
21.90550324671633,13.199652662811541,9.955317877635855
21.90550324671633,13.199652662811541,9.955317877635855
21.90550324671633,13.095272939140493,9.965330333825305
21.90550324671633,18.903586348903815,6.951418408512281
21.90550324671633,13.199652662811541,9.955317877635855
21.90550324671633,13.712899265961745,9.582710088073801
20.205879324239937,13.712899265961745,8.839198143864643
21.90550324671633,13.199652662811541,9.429497532793253
21.90550324671633,13.199652662811541,9.955317877635855
24.954272710097687,13.095272939140493,8.568722636262429
24.954272710097687,13.095272939140493,8.568722636262429
21.90550324671633,13.199652662811541,9.429497532793253
21.90550324671633,13.712899265961745,9.407992102782401
21.90550324671633,12.640338512567311,9.604175710798895
21.90550324671633,13.712899265961745,9.582710088073801
24.954272710097687,13.712899265961745,9.172597033605443
21.90550324671633,12.640338512567311,9.604175710798895
21.90550324671633,13.199652662811541,9.955317877635855
24.954272710097687,13.199652662811541,9.194102463616295
21.90550324671633,13.199652662811541,9.955317877635855
21.90550324671633,13.199652662811541,9.955317877635855
21.90550324671633,13.095272939140493,9.965330333825305
21.90550324671633,13.199652662811541,9.429497532793253
21.90550324671633,13.199652662811541,9.429497532793253
24.954272710097687,13.199652662811541,9.194102463616295
15.79582754041229,13.199652662811541,7.178674807605328
21.90550324671633,13.199652662811541,9.955317877635855
21.90550324671633,13.199652662811541,9.955317877635855
21.90550324671633,13.712899265961745,9.582710088073801
21.90550324671633,13.464584387101885,9.759435148889539
24.954272710097687,13.095272939140493,8.568722636262429
24.954272710097687,13.199652662811541,8.659118467343326
21.90550324671633,13.712899265961745,9.582710088073801
21.90550324671633,13.095272939140493,9.965330333825305
21.90550324671633,13.712899265961745,9.407992102782401
21.90550324671633,13.095272939140493,9.425855194110085
21.90550324671633,13.199652662811541,9.955317877635855
21.90550324671633,13.095272939140493,9.965330333825305
21.90550324671633,13.199652662811541,9.955317877635855
21.90550324671633,10.259360784103293,7.191527727898606
21.90550324671633,13.712899265961745,9.582710088073801
21.90550324671633,13.199652662811541,9.429497532793253
21.90550324671633,13.199652662811541,9.955317877635855
5.74338145420684,13.712899265961745,2.5124809405661117
21.90550324671633,12.67522670329141,9.632789913055463
21.90550324671633,13.712899265961745,9.582710088073801
21.90550324671633,13.712899265961745,9.582710088073801
21.90550324671633,13.095272939140493,9.965330333825305
21.90550324671633,13.199652662811541,9.955317877635855
21.90550324671633,13.712899265961745,9.582710088073801
2.6565832650468977,13.199652662811541,1.2073281574078458
21.90550324671633,5.166626378351834,3.0727514038791974
21.90550324671633,13.089714767741693,9.425583725349437
