25.747925933709396,13.095272939140493,8.205158839588092
21.90550324671633,13.199652662811541,9.955317877635855
21.90550324671633,13.095272939140493,9.965330333825305
21.90550324671633,13.199652662811541,8.885358008448812
21.90550324671633,13.095272939140493,9.965330333825305
21.90550324671633,13.095272939140493,9.965330333825305
20.643548213216185,1.6030384848358015,0.1
2.317096256480209,13.199652662811541,9.955317877635855
21.90550324671633,12.046678027077737,9.955317877635855
21.90550324671633,13.199652662811541,9.955317877635855
21.90550324671633,13.713687724980783,9.58215913676535
21.90550324671633,15.43347466249735,8.514397503239106
21.90550324671633,13.074551446004566,9.384094304574212
21.90550324671633,13.199652662811541,9.955317877635855
21.90550324671633,13.095272939140493,9.965330333825305
21.90550324671633,12.403332990502756,9.405530091525423
21.90550324671633,7.336734802539816,2.089207028829591
21.90550324671633,13.199652662811541,9.955317877635855
21.90550324671633,13.199652662811541,9.955317877635855
21.90550324671633,13.199652662811541,9.401484402689388
21.90550324671633,13.199652662811541,9.955317877635855
21.90550324671633,13.199652662811541,9.955317877635855
21.90550324671633,13.095272939140493,9.965330333825305
21.90550324671633,13.199652662811541,9.955317877635855
30.291931380063676,13.199652662811541,8.885358008448812
21.90550324671633,13.199652662811541,9.955317877635855
21.90550324671633,13.199652662811541,9.401484402689388
20.061495326794535,13.199652662811541,9.117278011354701
28.153364958387982,18.97979042634804,8.89822325084178
21.90550324671633,13.199652662811541,9.955317877635855
21.90550324671633,13.199652662811541,9.401484402689388
20.061495326794535,12.706900486956478,9.47083068004697
20.061495326794535,13.199652662811541,9.117278011354701
21.90550324671633,13.199652662811541,9.955317877635855
18.641370834970086,12.403332990502756,9.015791152545699
21.90550324671633,13.199652662811541,9.955317877635855
21.90550324671633,13.095272939140493,9.965330333825305
21.90550324671633,13.095272939140493,9.965330333825305
21.90550324671633,12.403332990502756,9.405530091525423
21.90550324671633,12.403332990502756,9.405530091525423
20.092169576507686,13.095272939140493,9.204001492512738
18.540864921986092,13.199652662811541,8.426202399725671
13.90105863480824,13.199652662811541,6.317565772697576
4.37500438789205,13.199652662811541,1.9882930287869982
21.90550324671633,13.199652662811541,9.955317877635855
21.90550324671633,13.199652662811541,9.955317877635855
21.90550324671633,25.139719442934034,8.389487946879324
21.90550324671633,13.199652662811541,9.955317877635855
18.540864921986092,23.65855742825285,4.701171881684826
21.90550324671633,4.025831681279792,0.1
16.544930713959996,13.199652662811541,7.519117121658585
21.90550324671633,13.199652662811541,9.955317877635855
21.90550324671633,13.199652662811541,9.955317877635855
21.90550324671633,13.095272939140493,9.965330333825305
21.90550324671633,13.095272939140493,9.965330333825305
21.90550324671633,13.199652662811541,9.955317877635855
21.90550324671633,13.095272939140493,9.965330333825305
9.270535704735181,13.199652662811541,6.088803802107458
21.90550324671633,13.095272939140493,9.965330333825305
21.90550324671633,13.199652662811541,9.401484402689388
21.90550324671633,13.199652662811541,9.955317877635855
31.801774867368664,13.199652662811541,10.0
21.90550324671633,13.199652662811541,9.955317877635855
21.90550324671633,13.095272939140493,9.387134351498588
21.90550324671633,13.199652662811541,9.401484402689388
21.90550324671633,13.199652662811541,9.955317877635855
21.90550324671633,5.051485227008994,0.1
21.90550324671633,13.199652662811541,9.955317877635855
21.90550324671633,14.8376341133221,8.856313420930547
18.540864921986092,13.199652662811541,8.995139547812453
21.90550324671633,4.653514520211768,0.1
7.251075480175556,4.653514520211768,9.347290771622605
21.90550324671633,13.199652662811541,9.401484402689388
21.90550324671633,13.199652662811541,9.955317877635855
21.90550324671633,13.199652662811541,9.955317877635855
21.90550324671633,13.199652662811541,9.401484402689388
32.42335204317081,19.581213673581654,8.956877768169925
21.90550324671633,13.199652662811541,9.955317877635855
21.90550324671633,13.199652662811541,9.955317877635855
21.90550324671633,13.074551446004566,9.949426664818562
