21.90550324671633,12.44765724061287,9.443255418061181
26.059106081771667,13.199652662811541,8.157008687305133
21.90550324671633,15.685115084266931,8.377798787366242
21.90550324671633,13.199652662811541,8.75645981253137
21.90550324671633,13.199652662811541,9.955317877635855
32.09913686028622,13.199652662811541,5.412016905396156
21.90550324671633,13.199652662811541,9.955317877635855
21.90550324671633,13.095272939140493,9.965330333825305
36.958796277383136,25.789917283273212,8.59670985144643
21.90550324671633,10.50008237281937,8.555115176286323
21.90550324671633,13.199652662811541,9.955317877635855
21.90550324671633,13.199652662811541,9.955317877635855
3.597248774599411,13.199652662811541,1.6348291400902382
21.90550324671633,13.849781482208016,9.488000825246361
23.198093134911723,13.199652662811541,9.457243291241566
21.90550324671633,10.50008237281937,7.485170738009412
21.90550324671633,13.199652662811541,9.955317877635855
20.653258305636548,13.199652662811541,9.386214474317358
20.969771780409918,13.199652662811541,9.530059252427915
21.90550324671633,13.199652662811541,9.955317877635855
20.969771780409918,14.287013938752546,8.80474202148398
21.90550324671633,13.199652662811541,9.955317877635855
21.90550324671633,13.199652662811541,8.75645981253137
21.90550324671633,13.199652662811541,9.955317877635855
21.90550324671633,13.199652662811541,9.955317877635855
21.90550324671633,13.199652662811541,9.955317877635855
21.90550324671633,1.2622507602157444,0.1
14.172614993271024,13.199652662811541,6.440979046510198
21.90550324671633,13.199652662811541,9.955317877635855
21.90550324671633,13.199652662811541,9.955317877635855
19.35331601701161,13.199652662811541,8.795434223341724
21.90550324671633,15.685115084266931,8.377798787366242
21.90550324671633,24.142938506046583,7.982040192398222
21.90550324671633,13.199652662811541,8.75645981253137
21.90550324671633,15.312424461963829,8.581706865499106
21.90550324671633,13.199652662811541,9.955317877635855
21.90550324671633,13.199652662811541,9.955317877635855
21.90550324671633,11.145058120891944,8.209416522795584
21.90550324671633,14.8743155370696,8.834472941304831
21.90550324671633,13.199652662811541,9.955317877635855
21.90550324671633,13.199652662811541,9.955317877635855
17.728570743900402,0.11087632453575758,3.1255230009368047
21.90550324671633,10.825673692845285,7.861564844734007
21.90550324671633,10.50008237281937,7.485170738009412
21.90550324671633,13.199652662811541,8.75645981253137
2.0304113787221283,13.199652662811541,0.9227539979287025
21.90550324671633,13.199652662811541,9.955317877635855
21.90550324671633,15.566939340843529,8.441398482738025
21.90550324671633,18.67362249701955,7.03702445273513
21.90550324671633,18.67362249701955,7.03702445273513
21.90550324671633,29.16901712339131,4.50501083313134
21.90550324671633,13.199652662811541,9.955317877635855
21.90550324671633,13.199652662811541,9.955317877635855
21.90550324671633,13.199652662811541,8.75645981253137
21.90550324671633,13.199652662811541,9.955317877635855
33.18179539580409,13.199652662811541,4.919984846026248
21.90550324671633,9.505989843706203,6.176427674212784
21.90550324671633,13.199652662811541,9.955317877635855
21.90550324671633,13.199652662811541,9.955317877635855
21.90550324671633,13.199652662811541,9.955317877635855
21.90550324671633,13.095272939140493,8.753279223375042
21.90550324671633,13.199652662811541,8.75645981253137
21.90550324671633,13.199652662811541,8.75645981253137
16.148434241216503,13.199652662811541,8.273950612804457
21.90550324671633,13.199652662811541,8.75645981253137
21.90550324671633,13.199652662811541,9.955317877635855
21.90550324671633,13.199652662811541,9.955317877635855
26.081824030007525,13.199652662811541,8.146684140378802
21.90550324671633,13.199652662811541,9.955317877635855
30.19796486520609,13.199652662811541,7.274315164707891
21.90550324671633,13.199652662811541,8.75645981253137
21.90550324671633,13.199652662811541,9.955317877635855
21.90550324671633,13.199652662811541,9.955317877635855
21.90550324671633,10.50008237281937,7.485170738009412
21.90550324671633,19.377753266693617,6.78131960522651
21.90550324671633,11.146668564145509,8.628307096911477
21.90550324671633,13.199652662811541,9.955317877635855
21.90550324671633,13.199652662811541,9.955317877635855
21.90550324671633,13.095272939140493,9.965330333825305
21.90550324671633,10.50008237281937,8.555115176286323
