21.90550324671633,13.199652662811541,9.955317877635855
21.90550324671633,13.199652662811541,9.955317877635855
21.90550324671633,13.095272939140493,9.965330333825305
21.90550324671633,13.199652662811541,9.955317877635855
21.90550324671633,13.199652662811541,9.955317877635855
21.90550324671633,13.095272939140493,9.965330333825305
21.90550324671633,13.095272939140493,9.965330333825305
21.90550324671633,13.095272939140493,9.965330333825305
21.90550324671633,13.199652662811541,9.955317877635855
21.90550324671633,13.095272939140493,9.965330333825305
21.90550324671633,13.199652662811541,9.955317877635855
21.90550324671633,13.095272939140493,9.965330333825305
21.90550324671633,13.199652662811541,9.955317877635855
21.90550324671633,13.095272939140493,9.965330333825305
21.90550324671633,13.199652662811541,9.955317877635855
21.90550324671633,13.095272939140493,9.965330333825305
21.90550324671633,13.095272939140493,9.965330333825305
21.90550324671633,13.199652662811541,9.955317877635855
21.90550324671633,13.199652662811541,9.955317877635855
21.90550324671633,13.095272939140493,9.965330333825305
21.90550324671633,13.199652662811541,9.955317877635855
21.90550324671633,13.095272939140493,9.965330333825305
21.90550324671633,13.095272939140493,9.965330333825305
21.90550324671633,13.095272939140493,9.965330333825305
21.90550324671633,13.713687724980783,9.58215913676535
21.90550324671633,13.095272939140493,9.965330333825305
21.90550324671633,12.046678027077737,9.091869323866385
21.90550324671633,13.713687724980783,9.58215913676535
21.90550324671633,13.199652662811541,9.955317877635855
21.90550324671633,13.095272939140493,9.965330333825305
21.90550324671633,12.046678027077737,9.091869323866385
21.90550324671633,13.713687724980783,9.58215913676535
21.90550324671633,13.199652662811541,9.955317877635855
21.90550324671633,13.095272939140493,9.965330333825305
21.90550324671633,12.046678027077737,9.091869323866385
21.90550324671633,13.713687724980783,9.58215913676535
21.90550324671633,13.199652662811541,9.955317877635855
21.90550324671633,13.199652662811541,9.955317877635855
21.90550324671633,13.095272939140493,9.965330333825305
21.90550324671633,12.046678027077737,9.091869323866385
21.90550324671633,13.199652662811541,9.955317877635855
21.90550324671633,13.095272939140493,9.965330333825305
21.90550324671633,13.199652662811541,9.955317877635855
21.90550324671633,12.046678027077737,9.091869323866385
21.90550324671633,13.713687724980783,9.58215913676535
21.90550324671633,13.199652662811541,9.955317877635855
21.90550324671633,13.199652662811541,9.955317877635855
21.90550324671633,13.095272939140493,9.965330333825305
21.90550324671633,12.046678027077737,9.091869323866385
21.90550324671633,13.199652662811541,9.955317877635855
21.90550324671633,13.199652662811541,9.955317877635855
21.90550324671633,13.095272939140493,9.965330333825305
21.90550324671633,13.713687724980783,9.58215913676535
21.90550324671633,13.095272939140493,9.965330333825305
21.90550324671633,13.199652662811541,9.955317877635855
21.90550324671633,12.046678027077737,9.091869323866385
21.90550324671633,13.199652662811541,9.955317877635855
21.90550324671633,13.095272939140493,9.965330333825305
21.90550324671633,13.199652662811541,9.955317877635855
21.90550324671633,13.095272939140493,9.965330333825305
21.90550324671633,13.199652662811541,9.955317877635855
21.90550324671633,13.713687724980783,9.58215913676535
21.90550324671633,13.095272939140493,9.965330333825305
20.061495326794535,13.199652662811541,9.117278011354701
21.90550324671633,12.046678027077737,9.091869323866385
20.061495326794535,13.199652662811541,9.117278011354701
21.90550324671633,13.713687724980783,9.58215913676535
21.90550324671633,13.199652662811541,9.955317877635855
21.90550324671633,12.046678027077737,9.091869323866385
21.90550324671633,13.095272939140493,9.965330333825305
21.90550324671633,13.199652662811541,9.955317877635855
21.90550324671633,13.713687724980783,9.58215913676535
21.90550324671633,13.199652662811541,9.955317877635855
21.90550324671633,12.046678027077737,9.091869323866385
21.90550324671633,13.199652662811541,9.955317877635855
21.90550324671633,13.199652662811541,9.955317877635855
21.90550324671633,13.713687724980783,9.58215913676535
21.90550324671633,15.43347466249735,8.514397503239106
20.061495326794535,13.199652662811541,9.117278011354701
21.90550324671633,13.095272939140493,9.965330333825305
21.90550324671633,13.095272939140493,9.965330333825305
21.90550324671633,12.046678027077737,9.091869323866385
21.90550324671633,13.199652662811541,9.955317877635855
21.90550324671633,13.095272939140493,9.965330333825305
21.90550324671633,13.199652662811541,9.955317877635855
21.90550324671633,13.713687724980783,9.58215913676535
21.90550324671633,15.43347466249735,8.514397503239106
21.90550324671633,13.095272939140493,9.965330333825305
21.90550324671633,12.046678027077737,9.091869323866385
21.90550324671633,13.199652662811541,9.955317877635855
20.061495326794535,13.199652662811541,9.117278011354701
21.90550324671633,13.199652662811541,9.955317877635855
21.90550324671633,13.199652662811541,9.955317877635855
21.90550324671633,13.713687724980783,9.58215913676535
21.90550324671633,13.199652662811541,9.955317877635855
41.02642764956511,13.199652662811541,1.354862107700086
21.90550324671633,13.199652662811541,9.955317877635855
21.90550324671633,15.43347466249735,8.514397503239106
21.90550324671633,12.046678027077737,9.091869323866385
21.90550324671633,13.199652662811541,9.955317877635855
41.02642764956511,13.199652662811541,1.354862107700086
21.90550324671633,13.199652662811541,9.955317877635855
21.90550324671633,13.095272939140493,9.965330333825305
21.90550324671633,15.43347466249735,8.514397503239106
21.90550324671633,12.046678027077737,9.091869323866385
21.90550324671633,13.199652662811541,9.955317877635855
21.90550324671633,13.713687724980783,9.58215913676535
20.061495326794535,13.199652662811541,9.117278011354701
21.90550324671633,12.403332990502756,9.405530091525423
21.90550324671633,13.713687724980783,9.58215913676535
21.90550324671633,15.43347466249735,8.514397503239106
21.90550324671633,13.199652662811541,9.955317877635855
41.02642764956511,13.199652662811541,1.354862107700086
21.90550324671633,13.199652662811541,9.955317877635855
21.90550324671633,13.199652662811541,9.955317877635855
21.90550324671633,13.095272939140493,9.965330333825305
21.90550324671633,13.095272939140493,9.965330333825305
21.90550324671633,13.199652662811541,9.955317877635855
21.90550324671633,12.046678027077737,9.091869323866385
31.801774867368664,13.199652662811541,5.547157976152674
21.90550324671633,13.199652662811541,9.955317877635855
21.90550324671633,13.199652662811541,9.955317877635855
21.90550324671633,13.095272939140493,9.965330333825305
21.90550324671633,13.199652662811541,9.955317877635855
41.02642764956511,13.199652662811541,1.354862107700086
21.90550324671633,13.199652662811541,9.955317877635855
21.90550324671633,12.046678027077737,9.091869323866385
21.90550324671633,15.43347466249735,8.514397503239106
21.90550324671633,12.403332990502756,9.405530091525423
21.90550324671633,13.095272939140493,9.965330333825305
20.061495326794535,13.199652662811541,9.117278011354701
21.90550324671633,13.199652662811541,9.955317877635855
21.90550324671633,18.706412872553503,7.024689288531344
21.90550324671633,13.199652662811541,9.955317877635855
21.90550324671633,13.095272939140493,9.965330333825305
21.90550324671633,13.199652662811541,9.955317877635855
21.90550324671633,13.199652662811541,9.955317877635855
20.061495326794535,13.199652662811541,9.117278011354701
21.90550324671633,12.046678027077737,9.091869323866385
31.801774867368664,13.199652662811541,5.547157976152674
18.540864921986092,13.074551446004566,8.506826823257208
21.90550324671633,12.403332990502756,9.405530091525423
21.90550324671633,13.199652662811541,9.955317877635855
21.90550324671633,15.43347466249735,8.514397503239106
21.90550324671633,13.095272939140493,9.965330333825305
41.02642764956511,13.199652662811541,1.354862107700086
21.90550324671633,13.095272939140493,9.965330333825305
24.954272710097687,13.199652662811541,8.659118467343326
30.78676974246539,13.095272939140493,5.896920012530083
21.90550324671633,13.713687724980783,9.58215913676535
20.061495326794535,13.199652662811541,9.117278011354701
21.90550324671633,13.199652662811541,9.955317877635855
21.90550324671633,5.517749576616163,0.1
41.02642764956511,13.199652662811541,1.354862107700086
21.90550324671633,13.713687724980783,9.58215913676535
21.90550324671633,13.199652662811541,9.955317877635855
21.90550324671633,13.095272939140493,9.965330333825305
21.90550324671633,13.199652662811541,9.955317877635855
21.90550324671633,13.199652662811541,9.955317877635855
31.801774867368664,13.199652662811541,5.547157976152674
21.90550324671633,15.43347466249735,8.514397503239106
21.90550324671633,13.199652662811541,9.955317877635855
21.90550324671633,18.706412872553503,7.024689288531344
21.90550324671633,12.403332990502756,9.405530091525423
27.901539438209962,37.31510273620631,4.4854696678769175
24.954272710097687,13.199652662811541,8.659118467343326
21.90550324671633,13.199652662811541,9.955317877635855
30.78676974246539,13.095272939140493,5.896920012530083
21.90550324671633,13.095272939140493,9.965330333825305
42.676304733810525,19.581213673581654,6.925906057455284
21.90550324671633,13.199652662811541,9.955317877635855
21.90550324671633,13.713687724980783,9.58215913676535
21.90550324671633,15.43347466249735,8.514397503239106
21.90550324671633,13.199652662811541,9.955317877635855
21.90550324671633,13.199652662811541,9.955317877635855
27.901539438209962,37.31510273620631,4.4854696678769175
21.90550324671633,13.199652662811541,9.955317877635855
41.02642764956511,13.199652662811541,1.354862107700086
21.90550324671633,13.095272939140493,9.965330333825305
21.90550324671633,13.199652662811541,9.955317877635855
21.90550324671633,5.517749576616163,0.1
31.801774867368664,13.199652662811541,5.547157976152674
21.90550324671633,12.046678027077737,9.091869323866385
30.78676974246539,3.1534317293986973,0.1
21.90550324671633,13.199652662811541,9.955317877635855
20.061495326794535,13.199652662811541,9.117278011354701
30.78676974246539,13.095272939140493,5.896920012530083
18.540864921986092,13.074551446004566,8.506826823257208
21.90550324671633,18.706412872553503,7.024689288531344
21.90550324671633,13.199652662811541,9.955317877635855
21.90550324671633,13.095272939140493,9.965330333825305
21.90550324671633,13.199652662811541,9.955317877635855
21.90550324671633,13.199652662811541,9.955317877635855
21.90550324671633,12.403332990502756,9.405530091525423
21.90550324671633,13.199652662811541,9.955317877635855
24.954272710097687,13.199652662811541,8.659118467343326
42.676304733810525,19.581213673581654,6.925906057455284
21.90550324671633,15.43347466249735,8.514397503239106
41.02642764956511,13.199652662811541,1.354862107700086
21.90550324671633,13.199652662811541,9.955317877635855
21.90550324671633,13.199652662811541,9.955317877635855
30.78676974246539,3.1534317293986973,0.1
21.90550324671633,13.713687724980783,9.58215913676535
42.676304733810525,19.581213673581654,6.925906057455284
42.676304733810525,19.581213673581654,6.925906057455284
21.90550324671633,18.706412872553503,7.024689288531344
27.901539438209962,37.31510273620631,4.4854696678769175
21.90550324671633,13.014581523621704,9.903114603096089
24.954272710097687,13.199652662811541,8.659118467343326
31.801774867368664,13.199652662811541,5.547157976152674
21.90550324671633,13.199652662811541,9.955317877635855
21.90550324671633,13.199652662811541,9.955317877635855
21.90550324671633,13.095272939140493,9.965330333825305
21.90550324671633,12.046678027077737,9.091869323866385
21.90550324671633,13.199652662811541,9.955317877635855
21.90550324671633,13.199652662811541,9.955317877635855
21.90550324671633,13.199652662811541,9.955317877635855
21.90550324671633,13.199652662811541,9.955317877635855
21.90550324671633,13.199652662811541,9.955317877635855
18.540864921986092,13.074551446004566,8.506826823257208
21.90550324671633,13.095272939140493,9.965330333825305
21.90550324671633,13.199652662811541,9.955317877635855
21.90550324671633,13.095272939140493,9.965330333825305
21.90550324671633,13.199652662811541,9.955317877635855
21.90550324671633,13.199652662811541,9.955317877635855
30.78676974246539,13.095272939140493,5.896920012530083
32.42335204317081,15.75429058699623,7.654079950945869
21.90550324671633,5.517749576616163,0.1
30.78676974246539,13.095272939140493,5.896920012530083
21.90550324671633,12.403332990502756,9.405530091525423
30.78676974246539,13.095272939140493,5.896920012530083
33.92154651234755,0.9718191592719609,0.1
21.90550324671633,13.199652662811541,9.955317877635855
21.90550324671633,13.095272939140493,9.965330333825305
21.90550324671633,13.199652662811541,9.955317877635855
21.90550324671633,13.199652662811541,9.955317877635855
14.619989137054594,13.095272939140493,6.6972559297580565
18.540864921986092,13.074551446004566,8.506826823257208
41.02642764956511,13.199652662811541,1.354862107700086
31.801774867368664,13.199652662811541,5.547157976152674
21.90550324671633,13.095272939140493,9.965330333825305
30.78676974246539,13.095272939140493,5.896920012530083
21.90550324671633,13.199652662811541,9.955317877635855
27.901539438209962,37.31510273620631,4.4854696678769175
21.90550324671633,13.199652662811541,9.955317877635855
21.90550324671633,13.095272939140493,9.965330333825305
42.676304733810525,19.581213673581654,6.925906057455284
21.90550324671633,13.199652662811541,9.955317877635855
21.90550324671633,18.706412872553503,7.024689288531344
21.90550324671633,17.38157910102189,7.5601150717627155
17.11417750002866,13.199652662811541,7.777820728798293
21.90550324671633,11.85559806670196,8.9160599580594
21.90550324671633,5.517749576616163,0.1
42.676304733810525,19.581213673581654,6.925906057455284
18.540864921986092,13.199652662811541,8.426202399725671
31.057402936414032,14.8376341133221,7.443607601836655
21.90550324671633,12.403332990502756,9.405530091525423
30.78676974246539,3.1534317293986973,0.1
21.90550324671633,13.199652662811541,9.955317877635855
21.90550324671633,13.713687724980783,9.58215913676535
21.90550324671633,13.199652662811541,9.955317877635855
21.90550324671633,13.095272939140493,9.965330333825305
21.90550324671633,13.014581523621704,9.903114603096089
21.90550324671633,13.199652662811541,9.955317877635855
21.90550324671633,13.199652662811541,9.955317877635855
21.90550324671633,13.199652662811541,9.955317877635855
21.90550324671633,13.199652662811541,9.955317877635855
21.90550324671633,15.43347466249735,8.514397503239106
21.90550324671633,13.095272939140493,9.965330333825305
14.619989137054594,13.095272939140493,6.6972559297580565
21.90550324671633,17.38157910102189,7.5601150717627155
21.90550324671633,13.199652662811541,9.955317877635855
21.90550324671633,13.014581523621704,9.903114603096089
21.90550324671633,13.199652662811541,9.955317877635855
30.78676974246539,3.1534317293986973,0.1
30.78676974246539,13.095272939140493,5.896920012530083
32.42335204317081,15.75429058699623,7.654079950945869
21.90550324671633,13.095272939140493,9.965330333825305
21.90550324671633,13.199652662811541,9.955317877635855
30.78676974246539,13.095272939140493,5.896920012530083
42.676304733810525,19.581213673581654,6.925906057455284
18.540864921986092,13.199652662811541,8.426202399725671
41.02642764956511,13.199652662811541,1.354862107700086
21.90550324671633,11.85559806670196,8.9160599580594
21.90550324671633,13.199652662811541,9.955317877635855
21.90550324671633,13.095272939140493,9.965330333825305
21.90550324671633,18.706412872553503,7.024689288531344
21.90550324671633,13.199652662811541,9.955317877635855
21.90550324671633,12.403332990502756,9.405530091525423
21.90550324671633,13.199652662811541,9.955317877635855
21.90550324671633,13.199652662811541,9.955317877635855
21.90550324671633,13.713687724980783,9.58215913676535
21.90550324671633,13.095272939140493,9.965330333825305
33.92154651234755,0.9718191592719609,0.1
31.057402936414032,14.8376341133221,7.443607601836655
21.90550324671633,15.43347466249735,8.514397503239106
21.90550324671633,13.199652662811541,9.955317877635855
21.90550324671633,5.60431970443226,0.1
21.90550324671633,13.095272939140493,9.965330333825305
21.90550324671633,5.517749576616163,0.1
17.11417750002866,13.199652662811541,7.777820728798293
21.90550324671633,13.199652662811541,9.955317877635855
24.954272710097687,13.199652662811541,8.659118467343326
12.21925797834748,13.199652662811541,5.553243677317581
21.90550324671633,13.199652662811541,9.955317877635855
21.90550324671633,13.199652662811541,9.955317877635855
18.540864921986092,13.074551446004566,8.506826823257208
42.676304733810525,19.581213673581654,6.925906057455284
31.801774867368664,13.199652662811541,5.547157976152674
27.901539438209962,37.31510273620631,4.4854696678769175
21.90550324671633,13.199652662811541,9.955317877635855
21.90550324671633,13.199652662811541,9.955317877635855
21.90550324671633,12.046678027077737,9.091869323866385
21.90550324671633,13.713687724980783,9.58215913676535
21.90550324671633,13.199652662811541,9.955317877635855
21.90550324671633,5.517749576616163,0.1
21.90550324671633,13.199652662811541,9.955317877635855
30.78676974246539,3.1534317293986973,0.1
30.78676974246539,13.095272939140493,5.896920012530083
30.78676974246539,13.095272939140493,5.896920012530083
21.90550324671633,13.095272939140493,9.965330333825305
17.11417750002866,13.199652662811541,7.777820728798293
21.90550324671633,13.199652662811541,9.955317877635855
21.90550324671633,12.403332990502756,9.405530091525423
21.90550324671633,13.199652662811541,9.955317877635855
21.90550324671633,36.403472161448434,3.609730894621426
21.90550324671633,13.199652662811541,9.955317877635855
21.90550324671633,13.199652662811541,9.955317877635855
21.90550324671633,13.095272939140493,9.965330333825305
18.540864921986092,13.074551446004566,8.506826823257208
24.954272710097687,13.199652662811541,8.659118467343326
33.92154651234755,0.9718191592719609,0.1
21.90550324671633,13.199652662811541,9.955317877635855
21.90550324671633,13.095272939140493,9.965330333825305
21.90550324671633,18.706412872553503,7.024689288531344
21.90550324671633,13.199652662811541,9.955317877635855
21.90550324671633,13.095272939140493,9.965330333825305
21.90550324671633,5.60431970443226,0.1
21.90550324671633,13.199652662811541,9.955317877635855
28.153364958387982,17.38157910102189,9.716402145412967
31.801774867368664,13.199652662811541,5.547157976152674
21.90550324671633,13.199652662811541,9.955317877635855
21.90550324671633,13.095272939140493,9.965330333825305
21.90550324671633,13.199652662811541,9.955317877635855
21.90550324671633,17.38157910102189,7.5601150717627155
14.619989137054594,13.095272939140493,6.6972559297580565
21.90550324671633,11.85559806670196,8.9160599580594
32.42335204317081,15.75429058699623,7.654079950945869
21.90550324671633,13.199652662811541,9.955317877635855
18.540864921986092,13.199652662811541,8.426202399725671
31.057402936414032,14.8376341133221,7.443607601836655
42.676304733810525,19.581213673581654,6.925906057455284
21.90550324671633,13.199652662811541,9.955317877635855
20.092169576507686,13.199652662811541,9.131218430943013
21.90550324671633,13.199652662811541,9.955317877635855
21.90550324671633,13.199652662811541,9.955317877635855
20.061495326794535,13.199652662811541,9.117278011354701
21.90550324671633,12.046678027077737,9.091869323866385
21.90550324671633,13.199652662811541,9.955317877635855
12.21925797834748,13.199652662811541,5.553243677317581
41.02642764956511,13.199652662811541,1.354862107700086
21.90550324671633,9.790496472276665,6.57813334545696
21.90550324671633,15.43347466249735,8.514397503239106
21.90550324671633,13.014581523621704,9.903114603096089
21.90550324671633,13.199652662811541,9.955317877635855
21.90550324671633,13.199652662811541,9.955317877635855
21.90550324671633,13.199652662811541,9.955317877635855
27.901539438209962,37.31510273620631,4.4854696678769175
21.90550324671633,13.199652662811541,9.955317877635855
