21.90550324671633,12.44765724061287,9.443255418061181
26.059106081771667,13.199652662811541,8.157008687305133
21.90550324671633,15.685115084266931,8.377798787366242
2.293186573082501,13.199652662811541,1.0421765266308085
21.90550324671633,13.199652662811541,9.955317877635855
32.09913686028622,13.199652662811541,9.955317877635855
21.90550324671633,13.199652662811541,9.955317877635855
21.90550324671633,13.095272939140493,9.965330333825305
36.958796277383136,25.789917283273212,8.59670985144643
39.53737395075777,15.312424461963829,4.510825902715347
21.90550324671633,13.199652662811541,9.955317877635855
21.90550324671633,13.199652662811541,9.955317877635855
21.90550324671633,13.199652662811541,9.955317877635855
21.90550324671633,13.849781482208016,9.488000825246361
23.198093134911723,13.199652662811541,9.217460555364855
6.80875915663316,8.196544976146525,4.184951556823
21.90550324671633,13.199652662811541,9.955317877635855
20.653258305636548,13.199652662811541,9.386214474317358
20.969771780409918,13.199652662811541,9.530059252427915
21.90550324671633,13.199652662811541,9.955317877635855
20.969771780409918,14.287013938752546,8.80474202148398
40.34814003450343,13.199652662811541,1.6631211211703523
9.948577197025063,12.44765724061287,4.794438513456101
21.90550324671633,13.199652662811541,9.955317877635855
21.90550324671633,13.199652662811541,9.955317877635855
21.90550324671633,13.199652662811541,9.955317877635855
21.90550324671633,13.199652662811541,9.955317877635855
19.35331601701161,13.199652662811541,8.795434223341724
21.90550324671633,13.199652662811541,9.955317877635855
3.8927252612936485,13.199652662811541,1.7691133113908506
21.90550324671633,13.199652662811541,9.955317877635855
21.90550324671633,13.199652662811541,9.955317877635855
21.90550324671633,14.319076038204809,9.177040318946862
21.90550324671633,13.199652662811541,9.955317877635855
21.90550324671633,15.312424461963829,8.581706865499106
21.90550324671633,13.199652662811541,9.955317877635855
20.969771780409918,24.643203101112295,5.104590968630377
17.728570743900402,13.199652662811541,8.057041889605541
21.90550324671633,10.825673692845285,8.380460959047543
21.90550324671633,13.199652662811541,9.955317877635855
3.558212238361996,13.410688979098522,4.901968657859522
21.90550324671633,13.199652662811541,9.955317877635855
21.90550324671633,13.199652662811541,9.955317877635855
38.527947838355615,13.199652662811541,2.490337538294206
21.90550324671633,13.199652662811541,8.76244872826793
29.52465815835129,13.199652662811541,6.5820312875495315
21.90550324671633,27.518237862487865,4.775259912692362
33.18179539580409,13.199652662811541,4.919984846026248
33.18179539580409,18.67362249701955,9.340527676718429
30.19796486520609,13.199652662811541,6.276035930109455
21.90550324671633,10.825673692845285,7.861564844734007
16.148434241216503,13.199652662811541,7.338922748625199
21.90550324671633,13.199652662811541,8.76244872826793
21.90550324671633,13.199652662811541,8.76244872826793
21.90550324671633,13.199652662811541,8.76244872826793
21.90550324671633,13.199652662811541,8.76244872826793
21.90550324671633,13.199652662811541,9.955317877635855
21.90550324671633,13.199652662811541,9.955317877635855
21.90550324671633,13.199652662811541,9.955317877635855
21.90550324671633,24.849030642990684,8.903080496872025
21.90550324671633,17.355975591632195,7.571267742276979
21.90550324671633,13.199652662811541,8.76244872826793
21.90550324671633,13.199652662811541,8.76244872826793
21.90550324671633,13.199652662811541,9.955317877635855
21.90550324671633,13.199652662811541,9.955317877635855
3.558212238361996,13.199652662811541,4.88261175538606
21.90550324671633,13.199652662811541,8.76244872826793
21.90550324671633,13.199652662811541,9.955317877635855
33.18179539580409,13.199652662811541,4.919984846026248
21.90550324671633,13.199652662811541,9.955317877635855
21.90550324671633,13.199652662811541,8.76244872826793
21.90550324671633,13.199652662811541,8.76244872826793
21.90550324671633,10.50008237281937,8.292231494872151
21.90550324671633,13.199652662811541,9.955317877635855
21.90550324671633,10.50008237281937,7.485170738009412
21.90550324671633,13.199652662811541,9.955317877635855
21.90550324671633,13.199652662811541,8.76244872826793
21.90550324671633,13.199652662811541,8.76244872826793
21.90550324671633,13.199652662811541,9.955317877635855
21.90550324671633,10.50008237281937,7.485170738009412
