11.632054351537196,0.21412967843021313,0.1
21.90550324671633,25.53408449441991,7.397680775857291
26.370055701497698,13.199652662811541,9.955317877635855
19.83988780717989,13.199652662811541,9.016564812621457
21.90550324671633,13.199652662811541,9.955317877635855
28.607361123177245,12.153811570218114,5.880162467663656
21.90550324671633,13.199652662811541,9.955317877635855
21.90550324671633,24.849030642990684,5.288203794369665
21.90550324671633,25.53408449441991,5.146326595785661
21.90550324671633,13.199652662811541,9.955317877635855
21.90550324671633,13.199652662811541,9.955317877635855
20.969771780409918,13.199652662811541,9.530059252427915
36.91967158479599,13.199652662811541,3.2212452539906913
16.674359259116244,13.199652662811541,7.577938062449505
9.149942086727828,9.731152471670429,5.640511228778211
21.90550324671633,13.199652662811541,9.955317877635855
19.217846139800578,13.199652662811541,8.733867699382392
20.653258305636548,13.199652662811541,9.386214474317358
20.969771780409918,13.199652662811541,9.530059252427915
21.90550324671633,13.199652662811541,9.955317877635855
21.90550324671633,13.342970931957593,9.848386750055843
21.90550324671633,22.967530468034916,5.721413467397242
21.90550324671633,15.312424461963829,8.581706865499106
20.969771780409918,1.3099127424283132,0.1
5.144485493894585,13.199652662811541,9.955317877635855
21.90550324671633,11.027579445911865,8.083809436404792
21.90550324671633,4.704764674748809,0.1
21.90550324671633,13.199652662811541,9.955317877635855
21.90550324671633,13.199652662811541,8.643211246757758
21.90550324671633,13.199652662811541,9.955317877635855
21.90550324671633,13.199652662811541,9.955317877635855
21.90550324671633,14.16805167219686,9.955317877635855
21.90550324671633,13.199652662811541,9.955317877635855
21.90550324671633,13.199652662811541,9.955317877635855
21.90550324671633,13.199652662811541,9.955317877635855
21.90550324671633,13.199652662811541,9.955317877635855
20.969771780409918,13.199652662811541,9.530059252427915
1.0270262682980942,13.199652662811541,0.46674905636428615
21.90550324671633,13.199652662811541,9.955317877635855
21.90550324671633,13.199652662811541,9.955317877635855
25.43009460487153,13.199652662811541,8.527203188015521
21.90550324671633,13.199652662811541,9.955317877635855
21.90550324671633,13.199652662811541,8.643211246757758
21.90550324671633,13.199652662811541,8.643211246757758
21.90550324671633,25.53408449441991,5.146326595785661
21.90550324671633,25.53408449441991,7.397680775857291
21.90550324671633,13.199652662811541,8.643211246757758
21.90550324671633,10.203913155039583,7.121927035632275
21.90550324671633,25.53408449441991,5.146326595785661
21.90550324671633,13.199652662811541,9.955317877635855
21.90550324671633,13.199652662811541,9.955317877635855
16.674359259116244,13.199652662811541,7.577938062449505
21.90550324671633,13.199652662811541,9.955317877635855
21.90550324671633,13.199652662811541,9.955317877635855
36.958796277383136,25.789917283273212,8.59670985144643
20.969771780409918,13.199652662811541,8.602903122786707
21.90550324671633,25.53408449441991,5.146326595785661
21.90550324671633,25.53408449441991,7.397680775857291
21.90550324671633,13.199652662811541,8.643211246757758
21.90550324671633,13.199652662811541,8.643211246757758
20.969771780409918,13.199652662811541,9.530059252427915
18.348145763543947,13.199652662811541,8.338617994026633
21.90550324671633,13.199652662811541,9.955317877635855
21.90550324671633,4.314237210454824,0.1
21.90550324671633,13.199652662811541,9.955317877635855
21.90550324671633,13.199652662811541,9.955317877635855
21.90550324671633,25.53408449441991,7.397680775857291
20.969771780409918,13.199652662811541,9.530059252427915
21.90550324671633,25.53408449441991,5.146326595785661
21.90550324671633,13.199652662811541,9.955317877635855
21.90550324671633,13.199652662811541,9.955317877635855
21.90550324671633,13.199652662811541,9.955317877635855
20.969771780409918,13.199652662811541,9.530059252427915
33.18179539580409,13.199652662811541,4.919984846026248
21.90550324671633,13.199652662811541,8.643211246757758
21.90550324671633,13.199652662811541,9.955317877635855
12.274456942216704,13.199652662811541,5.578329758456421
33.18179539580409,16.048535082079475,7.596938838071432
21.90550324671633,25.53408449441991,5.146326595785661
33.18179539580409,12.44765724061287,4.008961820305744
