20.653258305636548,13.199652662811541,9.386214474317358
18.17379104182025,9.298423693043212,8.275330780627362
20.969771780409918,13.199652662811541,9.530059252427915
21.90550324671633,13.095272939140493,9.965330333825305
18.17379104182025,9.298423693043212,8.275330780627362
20.653258305636548,13.199652662811541,9.386214474317358
20.969771780409918,13.199652662811541,9.530059252427915
21.90550324671633,13.095272939140493,9.965330333825305
20.969771780409918,13.199652662811541,9.530059252427915
20.32686851195543,11.146668564145509,9.060693515261192
18.17379104182025,9.298423693043212,8.275330780627362
21.90550324671633,13.095272939140493,9.965330333825305
20.653258305636548,13.199652662811541,9.386214474317358
21.90550324671633,13.199652662811541,9.955317877635855
21.90550324671633,12.44765724061287,9.443255418061181
18.17379104182025,9.298423693043212,8.275330780627362
20.32686851195543,11.146668564145509,9.060693515261192
21.90550324671633,13.095272939140493,9.965330333825305
21.90550324671633,13.095272939140493,9.965330333825305
21.90550324671633,12.44765724061287,9.443255418061181
20.32686851195543,11.146668564145509,9.060693515261192
20.32686851195543,11.146668564145509,9.060693515261192
20.653258305636548,13.199652662811541,9.386214474317358
18.17379104182025,9.298423693043212,8.275330780627362
21.90550324671633,13.199652662811541,9.955317877635855
21.90550324671633,13.095272939140493,9.965330333825305
20.32686851195543,11.146668564145509,9.060693515261192
20.969771780409918,13.199652662811541,9.530059252427915
20.653258305636548,13.199652662811541,9.386214474317358
21.90550324671633,13.095272939140493,9.965330333825305
21.90550324671633,13.095272939140493,9.965330333825305
18.17379104182025,9.298423693043212,8.275330780627362
21.90550324671633,13.199652662811541,9.955317877635855
20.32686851195543,11.146668564145509,9.060693515261192
20.969771780409918,13.199652662811541,9.530059252427915
21.90550324671633,13.199652662811541,9.955317877635855
21.90550324671633,12.44765724061287,9.443255418061181
20.969771780409918,13.199652662811541,9.530059252427915
21.90550324671633,13.095272939140493,9.965330333825305
20.653258305636548,13.199652662811541,9.386214474317358
21.90550324671633,13.199652662811541,9.955317877635855
20.969771780409918,13.199652662811541,9.530059252427915
21.90550324671633,12.44765724061287,9.443255418061181
18.17379104182025,9.298423693043212,8.275330780627362
20.32686851195543,11.146668564145509,9.060693515261192
20.653258305636548,13.199652662811541,9.386214474317358
21.90550324671633,13.095272939140493,9.965330333825305
21.90550324671633,13.095272939140493,9.965330333825305
21.90550324671633,13.095272939140493,9.965330333825305
21.90550324671633,13.095272939140493,9.965330333825305
21.90550324671633,12.44765724061287,9.443255418061181
18.17379104182025,9.298423693043212,8.275330780627362
21.90550324671633,13.199652662811541,9.955317877635855
20.969771780409918,13.199652662811541,9.530059252427915
21.90550324671633,13.199652662811541,9.955317877635855
20.32686851195543,11.146668564145509,9.060693515261192
21.90550324671633,12.44765724061287,9.443255418061181
20.32686851195543,11.146668564145509,9.060693515261192
21.90550324671633,13.095272939140493,9.965330333825305
18.17379104182025,9.298423693043212,8.275330780627362
21.90550324671633,13.199652662811541,9.955317877635855
21.90550324671633,13.199652662811541,9.955317877635855
21.90550324671633,13.095272939140493,9.965330333825305
21.90550324671633,15.685115084266931,8.377798787366242
21.90550324671633,13.199652662811541,9.955317877635855
21.90550324671633,13.095272939140493,9.965330333825305
20.969771780409918,13.199652662811541,9.530059252427915
18.17379104182025,9.298423693043212,8.275330780627362
20.32686851195543,11.146668564145509,9.060693515261192
21.90550324671633,13.095272939140493,9.965330333825305
21.90550324671633,13.199652662811541,9.955317877635855
21.90550324671633,13.199652662811541,9.955317877635855
21.90550324671633,13.095272939140493,9.965330333825305
18.17379104182025,9.298423693043212,8.275330780627362
20.32686851195543,11.146668564145509,9.060693515261192
20.969771780409918,13.199652662811541,9.530059252427915
21.90550324671633,13.095272939140493,9.965330333825305
21.90550324671633,12.44765724061287,9.443255418061181
21.90550324671633,13.095272939140493,9.965330333825305
21.90550324671633,13.199652662811541,9.955317877635855
21.90550324671633,13.199652662811541,9.955317877635855
20.969771780409918,13.199652662811541,9.530059252427915
21.90550324671633,13.095272939140493,9.965330333825305
21.90550324671633,13.095272939140493,9.965330333825305
21.90550324671633,15.685115084266931,8.377798787366242
21.90550324671633,13.095272939140493,9.965330333825305
20.32686851195543,11.146668564145509,9.060693515261192
21.90550324671633,12.44765724061287,9.443255418061181
21.90550324671633,13.199652662811541,9.955317877635855
21.90550324671633,13.199652662811541,9.955317877635855
20.32686851195543,11.146668564145509,9.060693515261192
21.90550324671633,13.095272939140493,9.965330333825305
21.90550324671633,10.20073729296223,7.117917621176993
21.90550324671633,13.095272939140493,9.965330333825305
20.653258305636548,13.199652662811541,9.386214474317358
21.90550324671633,13.199652662811541,9.955317877635855
21.90550324671633,15.685115084266931,8.377798787366242
21.90550324671633,13.199652662811541,9.955317877635855
21.90550324671633,12.44765724061287,9.443255418061181
21.90550324671633,13.095272939140493,9.965330333825305
21.90550324671633,13.199652662811541,9.955317877635855
21.90550324671633,13.199652662811541,9.955317877635855
20.969771780409918,13.199652662811541,9.530059252427915
21.90550324671633,13.199652662811541,9.955317877635855
20.653258305636548,13.199652662811541,9.386214474317358
21.90550324671633,13.095272939140493,9.965330333825305
21.90550324671633,10.20073729296223,7.117917621176993
21.90550324671633,13.199652662811541,9.955317877635855
21.90550324671633,13.095272939140493,9.965330333825305
21.90550324671633,15.685115084266931,8.377798787366242
20.32686851195543,11.146668564145509,9.060693515261192
21.90550324671633,13.199652662811541,9.955317877635855
21.90550324671633,13.199652662811541,9.955317877635855
21.90550324671633,10.20073729296223,7.117917621176993
36.958796277383136,25.789917283273212,8.59670985144643
21.90550324671633,13.199652662811541,9.955317877635855
21.90550324671633,13.199652662811541,9.955317877635855
21.90550324671633,13.199652662811541,9.955317877635855
18.17379104182025,9.298423693043212,8.275330780627362
20.969771780409918,13.199652662811541,9.530059252427915
21.90550324671633,13.095272939140493,9.965330333825305
21.90550324671633,13.199652662811541,9.955317877635855
21.90550324671633,12.44765724061287,9.443255418061181
21.90550324671633,13.095272939140493,9.965330333825305
41.10336989883206,13.199652662811541,1.3198944312652792
20.32686851195543,11.146668564145509,9.060693515261192
21.90550324671633,12.44765724061287,9.443255418061181
21.90550324671633,11.146668564145509,8.21111999729177
20.969771780409918,13.199652662811541,9.530059252427915
21.90550324671633,10.50008237281937,7.485170738009412
20.653258305636548,13.199652662811541,9.386214474317358
36.958796277383136,25.789917283273212,8.59670985144643
21.90550324671633,10.20073729296223,7.117917621176993
21.90550324671633,13.199652662811541,9.955317877635855
41.10336989883206,13.199652662811541,1.3198944312652792
21.90550324671633,13.199652662811541,9.955317877635855
12.063167259805006,13.199652662811541,5.482305671313458
21.90550324671633,15.685115084266931,8.377798787366242
21.90550324671633,13.095272939140493,9.965330333825305
21.90550324671633,13.095272939140493,9.965330333825305
21.90550324671633,13.095272939140493,9.965330333825305
21.90550324671633,13.199652662811541,9.955317877635855
18.17379104182025,9.298423693043212,8.275330780627362
21.90550324671633,13.199652662811541,9.955317877635855
20.32686851195543,11.146668564145509,9.060693515261192
36.958796277383136,25.789917283273212,8.59670985144643
21.90550324671633,13.095272939140493,9.965330333825305
21.90550324671633,11.146668564145509,8.21111999729177
21.90550324671633,13.199652662811541,9.955317877635855
20.969771780409918,13.199652662811541,9.530059252427915
21.90550324671633,10.50008237281937,7.485170738009412
21.90550324671633,13.095272939140493,9.965330333825305
21.90550324671633,10.20073729296223,7.117917621176993
21.90550324671633,13.199652662811541,9.955317877635855
21.90550324671633,12.44765724061287,9.443255418061181
41.10336989883206,13.199652662811541,1.3198944312652792
21.90550324671633,13.199652662811541,9.955317877635855
21.90550324671633,13.199652662811541,9.955317877635855
21.90550324671633,13.199652662811541,9.955317877635855
21.90550324671633,10.703469320373522,7.7229770834634675
21.90550324671633,15.685115084266931,8.377798787366242
21.90550324671633,13.199652662811541,9.955317877635855
18.17379104182025,9.298423693043212,8.275330780627362
21.90550324671633,10.50008237281937,7.485170738009412
21.90550324671633,10.703469320373522,7.7229770834634675
21.90550324671633,13.095272939140493,9.965330333825305
21.90550324671633,13.199652662811541,9.955317877635855
21.90550324671633,13.199652662811541,9.955317877635855
21.90550324671633,13.199652662811541,9.955317877635855
21.90550324671633,12.44765724061287,9.443255418061181
21.90550324671633,13.199652662811541,9.955317877635855
26.059106081771667,11.790739299625326,8.157008687305133
41.10336989883206,13.199652662811541,1.3198944312652792
12.063167259805006,13.199652662811541,5.482305671313458
19.35331601701161,13.199652662811541,8.795434223341724
21.90550324671633,13.199652662811541,9.955317877635855
20.653258305636548,13.199652662811541,9.386214474317358
21.90550324671633,13.095272939140493,9.965330333825305
21.90550324671633,13.095272939140493,9.965330333825305
20.969771780409918,13.199652662811541,9.530059252427915
21.90550324671633,11.146668564145509,8.21111999729177
21.90550324671633,13.199652662811541,9.955317877635855
21.90550324671633,13.199652662811541,9.955317877635855
21.90550324671633,10.50008237281937,7.485170738009412
20.32686851195543,11.146668564145509,9.060693515261192
21.90550324671633,13.199652662811541,9.955317877635855
36.958796277383136,25.789917283273212,8.59670985144643
21.90550324671633,13.095272939140493,9.965330333825305
21.90550324671633,10.20073729296223,7.117917621176993
18.17379104182025,9.298423693043212,8.275330780627362
21.90550324671633,10.20073729296223,7.117917621176993
21.90550324671633,13.095272939140493,9.965330333825305
21.90550324671633,13.199652662811541,9.955317877635855
19.35331601701161,13.199652662811541,8.795434223341724
20.969771780409918,13.199652662811541,9.530059252427915
21.90550324671633,11.146668564145509,8.21111999729177
21.90550324671633,15.685115084266931,8.377798787366242
21.90550324671633,13.199652662811541,9.955317877635855
19.35331601701161,13.199652662811541,8.795434223341724
21.90550324671633,13.199652662811541,9.955317877635855
20.32686851195543,11.146668564145509,9.060693515261192
21.90550324671633,18.28160585333673,7.187920972964598
21.90550324671633,13.199652662811541,9.955317877635855
21.90550324671633,13.199652662811541,9.955317877635855
21.90550324671633,13.199652662811541,9.955317877635855
21.90550324671633,10.50008237281937,7.485170738009412
36.958796277383136,25.789917283273212,8.59670985144643
25.25107406258582,13.199652662811541,8.524232188892979
21.90550324671633,12.44765724061287,9.443255418061181
12.063167259805006,13.199652662811541,5.482305671313458
20.653258305636548,13.199652662811541,9.386214474317358
21.90550324671633,10.703469320373522,7.7229770834634675
21.90550324671633,13.095272939140493,9.965330333825305
21.90550324671633,10.50008237281937,7.485170738009412
26.059106081771667,11.790739299625326,8.157008687305133
21.90550324671633,13.095272939140493,9.965330333825305
41.10336989883206,13.199652662811541,1.3198944312652792
21.90550324671633,13.199652662811541,9.955317877635855
21.90550324671633,13.095272939140493,9.965330333825305
12.063167259805006,13.199652662811541,5.482305671313458
21.90550324671633,13.199652662811541,9.955317877635855
20.969771780409918,14.287013938752546,8.80474202148398
21.90550324671633,10.20073729296223,7.117917621176993
19.35331601701161,13.199652662811541,8.795434223341724
21.90550324671633,13.199652662811541,9.955317877635855
21.90550324671633,13.199652662811541,9.955317877635855
21.90550324671633,10.50008237281937,7.485170738009412
21.90550324671633,13.199652662811541,9.955317877635855
21.90550324671633,10.50008237281937,7.485170738009412
21.90550324671633,13.199652662811541,9.955317877635855
20.969771780409918,13.199652662811541,9.530059252427915
21.90550324671633,13.095272939140493,9.965330333825305
21.90550324671633,11.146668564145509,8.21111999729177
21.90550324671633,13.199652662811541,9.955317877635855
21.90550324671633,13.199652662811541,9.955317877635855
21.90550324671633,10.703469320373522,7.7229770834634675
21.90550324671633,18.28160585333673,7.187920972964598
41.10336989883206,13.199652662811541,1.3198944312652792
20.653258305636548,13.199652662811541,9.386214474317358
21.90550324671633,13.095272939140493,9.965330333825305
20.32686851195543,11.146668564145509,9.060693515261192
25.25107406258582,13.199652662811541,8.524232188892979
21.90550324671633,12.44765724061287,9.443255418061181
21.90550324671633,13.199652662811541,9.955317877635855
36.958796277383136,25.789917283273212,8.59670985144643
21.90550324671633,15.685115084266931,8.377798787366242
21.90550324671633,13.095272939140493,9.965330333825305
19.35331601701161,13.199652662811541,8.795434223341724
21.90550324671633,13.199652662811541,9.955317877635855
21.90550324671633,13.199652662811541,9.955317877635855
21.90550324671633,13.199652662811541,9.955317877635855
21.90550324671633,13.199652662811541,9.955317877635855
21.90550324671633,13.095272939140493,9.965330333825305
21.90550324671633,13.095272939140493,9.965330333825305
21.90550324671633,18.28160585333673,7.187920972964598
21.90550324671633,10.703469320373522,7.7229770834634675
21.90550324671633,10.50008237281937,7.485170738009412
20.969771780409918,13.199652662811541,9.530059252427915
21.90550324671633,13.199652662811541,9.955317877635855
26.059106081771667,11.790739299625326,8.157008687305133
21.90550324671633,13.095272939140493,9.965330333825305
21.90550324671633,10.50008237281937,7.485170738009412
21.90550324671633,13.199652662811541,9.955317877635855
19.35331601701161,13.199652662811541,8.795434223341724
21.90550324671633,13.199652662811541,9.955317877635855
21.90550324671633,10.50008237281937,7.485170738009412
21.90550324671633,13.095272939140493,9.965330333825305
20.653258305636548,13.199652662811541,9.386214474317358
21.90550324671633,13.199652662811541,9.955317877635855
21.90550324671633,13.199652662811541,9.955317877635855
19.35331601701161,13.199652662811541,8.795434223341724
21.90550324671633,13.199652662811541,9.955317877635855
21.90550324671633,11.146668564145509,8.21111999729177
21.90550324671633,13.199652662811541,9.955317877635855
18.17379104182025,9.298423693043212,8.275330780627362
21.90550324671633,13.199652662811541,9.955317877635855
21.90550324671633,13.095272939140493,9.965330333825305
21.90550324671633,10.50008237281937,7.485170738009412
21.90550324671633,13.199652662811541,9.955317877635855
21.90550324671633,10.20073729296223,7.117917621176993
41.10336989883206,13.199652662811541,1.3198944312652792
20.32686851195543,11.146668564145509,9.060693515261192
21.90550324671633,13.199652662811541,9.955317877635855
21.90550324671633,13.199652662811541,9.955317877635855
21.90550324671633,13.199652662811541,9.955317877635855
21.90550324671633,10.50008237281937,7.485170738009412
21.90550324671633,13.199652662811541,9.955317877635855
21.90550324671633,13.199652662811541,9.955317877635855
19.35331601701161,13.199652662811541,8.795434223341724
21.90550324671633,13.199652662811541,9.955317877635855
21.90550324671633,13.199652662811541,9.955317877635855
20.32686851195543,11.146668564145509,9.060693515261192
21.90550324671633,13.199652662811541,9.955317877635855
21.90550324671633,15.685115084266931,8.377798787366242
21.90550324671633,11.146668564145509,8.21111999729177
21.90550324671633,13.199652662811541,9.955317877635855
21.90550324671633,13.199652662811541,9.955317877635855
36.958796277383136,25.789917283273212,8.59670985144643
21.90550324671633,13.095272939140493,9.965330333825305
20.969771780409918,13.199652662811541,9.530059252427915
21.90550324671633,13.199652662811541,9.955317877635855
18.17379104182025,9.298423693043212,8.275330780627362
21.90550324671633,1.211020102669778,0.1
21.90550324671633,13.095272939140493,9.965330333825305
21.90550324671633,13.199652662811541,9.955317877635855
34.862919675908174,13.199652662811541,4.1559701410567715
8.632082130177023,13.199652662811541,3.922992345069914
21.90550324671633,13.199652662811541,9.955317877635855
19.35331601701161,13.199652662811541,8.795434223341724
21.90550324671633,10.50008237281937,7.485170738009412
21.90550324671633,24.982083684682507,5.260039146103815
21.90550324671633,10.703469320373522,7.7229770834634675
21.90550324671633,13.095272939140493,9.965330333825305
21.90550324671633,13.199652662811541,9.955317877635855
21.90550324671633,12.44765724061287,9.443255418061181
21.90550324671633,13.199652662811541,9.955317877635855
25.25107406258582,13.199652662811541,8.524232188892979
19.35331601701161,13.199652662811541,8.795434223341724
21.90550324671633,13.199652662811541,9.955317877635855
21.90550324671633,10.20073729296223,7.117917621176993
21.90550324671633,10.50008237281937,7.485170738009412
21.90550324671633,18.28160585333673,7.187920972964598
21.90550324671633,13.199652662811541,9.955317877635855
21.90550324671633,10.50008237281937,7.485170738009412
41.10336989883206,13.199652662811541,1.3198944312652792
21.90550324671633,13.199652662811541,9.955317877635855
21.90550324671633,11.146668564145509,8.21111999729177
20.969771780409918,14.287013938752546,8.80474202148398
21.90550324671633,10.50008237281937,7.485170738009412
21.90550324671633,13.095272939140493,9.965330333825305
21.90550324671633,15.312424461963829,8.581706865499106
21.90550324671633,18.28160585333673,7.187920972964598
21.90550324671633,22.922038538471604,5.732768397196551
21.90550324671633,13.095272939140493,9.965330333825305
21.90550324671633,13.199652662811541,9.955317877635855
21.90550324671633,13.199652662811541,9.955317877635855
21.90550324671633,1.211020102669778,0.1
20.653258305636548,13.199652662811541,9.386214474317358
41.10336989883206,13.199652662811541,1.3198944312652792
21.90550324671633,13.199652662811541,9.955317877635855
21.90550324671633,13.199652662811541,9.955317877635855
21.90550324671633,13.199652662811541,9.955317877635855
21.90550324671633,10.50008237281937,7.485170738009412
21.90550324671633,24.982083684682507,5.260039146103815
21.90550324671633,13.199652662811541,9.955317877635855
21.90550324671633,18.858713267251076,6.9679588564965655
18.17379104182025,9.298423693043212,8.275330780627362
21.90550324671633,13.095272939140493,9.965330333825305
21.90550324671633,13.095272939140493,9.965330333825305
25.25107406258582,13.199652662811541,8.524232188892979
21.90550324671633,13.199652662811541,9.955317877635855
21.90550324671633,13.199652662811541,9.955317877635855
21.90550324671633,13.199652662811541,9.955317877635855
21.90550324671633,13.199652662811541,9.955317877635855
20.32686851195543,11.146668564145509,9.060693515261192
21.90550324671633,13.199652662811541,9.955317877635855
21.90550324671633,13.199652662811541,9.955317877635855
21.90550324671633,13.199652662811541,9.955317877635855
21.90550324671633,15.685115084266931,8.377798787366242
21.90550324671633,10.20073729296223,7.117917621176993
21.90550324671633,13.095272939140493,9.965330333825305
8.632082130177023,13.199652662811541,3.922992345069914
21.90550324671633,10.50008237281937,7.485170738009412
36.958796277383136,25.789917283273212,8.59670985144643
12.063167259805006,13.199652662811541,5.482305671313458
21.90550324671633,13.199652662811541,9.955317877635855
21.90550324671633,13.199652662811541,9.955317877635855
21.90550324671633,13.199652662811541,9.955317877635855
21.90550324671633,13.199652662811541,9.955317877635855
21.90550324671633,13.199652662811541,9.955317877635855
21.90550324671633,13.199652662811541,9.955317877635855
21.90550324671633,13.095272939140493,9.965330333825305
21.90550324671633,13.199652662811541,9.955317877635855
19.35331601701161,13.199652662811541,8.795434223341724
21.90550324671633,10.703469320373522,7.7229770834634675
19.35331601701161,13.199652662811541,8.795434223341724
21.90550324671633,14.8743155370696,8.834472941304831
19.35331601701161,13.199652662811541,8.795434223341724
21.90550324671633,13.199652662811541,9.955317877635855
21.90550324671633,10.50008237281937,7.485170738009412
34.862919675908174,13.199652662811541,4.1559701410567715
21.90550324671633,13.095272939140493,9.965330333825305
