21.90550324671633,13.199652662811541,9.955317877635855
24.8648314346592,11.611183702929763,7.153837145909279
19.83988780717989,13.199652662811541,9.016564812621457
20.903356571591342,13.199652662811541,9.499875763454767
29.831523773260574,16.92082014101736,9.424073391373446
28.607361123177245,16.50012221241382,9.599480381969578
29.831523773260574,8.707792442600367,0.1
26.121541044361276,13.199652662811541,8.128634086993177
26.121541044361276,13.67180991928319,8.538612838391018
21.90550324671633,18.635886033630886,8.114624401437458
31.982095115931166,13.199652662811541,5.465208459905737
21.90550324671633,16.92082014101736,7.76597925145079
5.583058681076242,16.92082014101736,1.9793162196978848
19.6713843068733,22.023566170594773,5.358110670460637
16.674359259116244,9.731152471670429,9.721037604144923
21.90550324671633,12.493662033234315,9.48212799552948
16.674359259116244,13.199652662811541,7.577938062449505
16.68294098328716,13.766747037683158,7.269519088257363
16.674359259116244,9.338787618220712,9.289171741150467
21.90550324671633,13.199652662811541,9.955317877635855
3.1530688438056274,13.199652662811541,1.432964231710137
23.593903304805792,13.399412408887475,9.437214969785018
21.14962758229814,11.958655466252864,9.390747866796763
38.05931588405274,8.266432042981187,0.1
21.90550324671633,12.087004720686828,9.128262860047561
21.90550324671633,9.439532025733898,6.07910458119825
21.90550324671633,14.76967540430546,8.897063377192804
16.674359259116244,9.439532025733898,9.403484192654584
21.90550324671633,16.92082014101736,8.080529158001616
21.90550324671633,16.92082014101736,7.76597925145079
19.217846139800578,13.199652662811541,8.733867699382392
21.90550324671633,13.199652662811541,8.715876209325094
21.90550324671633,13.199652662811541,9.955317877635855
21.90550324671633,11.860524377208893,8.920663711531864
21.90550324671633,13.199652662811541,9.955317877635855
26.121541044361276,13.199652662811541,8.128634086993177
21.90550324671633,12.298383549568527,8.901379582635291
21.90550324671633,12.298383549568527,9.31512116181466
16.674359259116244,13.67180991928319,7.31623325040178
21.90550324671633,11.307743543288426,8.379048602436132
21.90550324671633,13.67180991928319,9.611510027456632
21.90550324671633,13.199652662811541,9.955317877635855
21.90550324671633,13.199652662811541,9.955317877635855
21.90550324671633,9.173319161605779,7.604124158318461
19.83988780717989,13.199652662811541,9.016564812621457
21.90550324671633,13.199652662811541,9.955317877635855
51.72634760221496,18.635886033630886,3.349542605699643
21.90550324671633,7.291776844781568,1.9787767878944393
19.83988780717989,15.617440063091495,7.620680678621562
21.90550324671633,13.199652662811541,9.955317877635855
19.217846139800578,9.413539380493297,7.9849931427714615
21.90550324671633,13.199652662811541,9.955317877635855
21.90550324671633,18.635886033630886,7.051273971923355
26.121541044361276,9.413539380493297,7.5052149682090485
26.121541044361276,18.635886033630886,8.408395844557587
51.72634760221496,18.635886033630886,3.643215266682655
16.674359259116244,13.67180991928319,8.607309928722142
16.674359259116244,13.67180991928319,8.607309928722142
21.90550324671633,13.199652662811541,8.715876209325094
29.831523773260574,13.199652662811541,6.442571138758105
21.90550324671633,18.635886033630886,7.051273971923355
20.71017882604835,13.199652662811541,9.41208294527088
29.831523773260574,18.635886033630886,9.602621074534635
21.90550324671633,16.92082014101736,8.080529158001616
16.674359259116244,0.16794991951091554,0.1
21.90550324671633,13.199652662811541,9.955317877635855
21.90550324671633,13.199652662811541,8.715876209325094
21.90550324671633,11.713022917858185,8.78114223337487
21.90550324671633,13.342970931957593,8.68023347304993
11.2797003128402,10.269703092338805,6.588765842094341
38.05931588405274,13.199652662811541,2.703315072759306
27.73512679228589,18.635886033630886,8.927801176526524
21.90550324671633,13.199652662811541,9.955317877635855
21.90550324671633,11.351119164260135,8.423455323558263
21.90550324671633,13.199652662811541,9.955317877635855
20.969771780409918,13.67180991928319,9.200937749334743
21.90550324671633,13.67180991928319,8.596190396865074
21.90550324671633,13.342970931957593,9.848386750055843
82.31750322999905,18.635886033630886,0.1
16.68294098328716,13.199652662811541,8.72753115265424
