34.79489845901364,13.199652662811541,4.1868835069348265
38.93317713022644,13.089714767741693,2.1575674905871054
21.90550324671633,13.199652662811541,9.955317877635855
21.90550324671633,13.199652662811541,9.955317877635855
21.90550324671633,15.7782510699232,8.328346250184941
43.149729045777846,22.54572567077934,8.51903865355917
14.686900941518783,13.199652662811541,6.674704792828091
21.90550324671633,13.199652662811541,9.955317877635855
21.90550324671633,13.199652662811541,9.955317877635855
21.90550324671633,13.199652662811541,8.38612789847009
26.57117369958504,13.712899265961745,8.376260915113038
21.90550324671633,24.73373069605132,5.312855539162566
21.90550324671633,13.074551446004566,9.949426664818562
21.90550324671633,13.199652662811541,9.955317877635855
21.90550324671633,13.199652662811541,9.955317877635855
21.90550324671633,13.199652662811541,8.38612789847009
21.90550324671633,13.095272939140493,9.965330333825305
21.90550324671633,7.964155572033152,6.371014609160137
21.90550324671633,13.199652662811541,9.955317877635855
21.90550324671633,13.712899265961745,9.582710088073801
21.90550324671633,13.199652662811541,9.955317877635855
21.90550324671633,13.712899265961745,9.582710088073801
21.90550324671633,4.1744175372712,0.1
25.900896196371228,13.095272939140493,8.135084847802965
21.90550324671633,13.464584387101885,9.759435148889539
21.90550324671633,13.199652662811541,9.955317877635855
33.51809091799214,20.97064456756403,6.460617583028109
21.90550324671633,15.638421207982002,9.447798958356884
21.90550324671633,13.199652662811541,9.955317877635855
21.90550324671633,9.71052211500374,6.467592928949237
21.90550324671633,15.208236156579014,8.640498265528674
21.90550324671633,13.199652662811541,9.955317877635855
43.4075116676577,26.223477525788425,9.929765842519997
20.205879324239937,19.460414175272064,8.469624333230946
21.90550324671633,13.095272939140493,8.364602945623886
3.9607516655449047,13.095272939140493,1.8143766954750133
21.90550324671633,13.095272939140493,9.965330333825305
21.90550324671633,18.07238571842889,8.617913935796004
27.573179682681765,12.640338512567311,6.914432969317961
21.90550324671633,13.199652662811541,9.955317877635855
33.51809091799214,22.917701580664968,8.773494634000311
21.90550324671633,13.199652662811541,9.955317877635855
21.90550324671633,26.223477525788425,5.011034024890282
21.90550324671633,13.712899265961745,9.582710088073801
43.4075116676577,13.712899265961745,8.948944491735922
11.820613349172437,13.199652662811541,5.372073039101601
21.90550324671633,13.712899265961745,8.480731102801784
21.90550324671633,13.712899265961745,9.582710088073801
21.90550324671633,13.712899265961745,9.582710088073801
21.90550324671633,13.199652662811541,9.955317877635855
21.90550324671633,21.00095593499213,6.25717888935329
21.90550324671633,13.095272939140493,9.965330333825305
21.90550324671633,20.288243505155542,6.476989400254341
16.596001061515814,13.089714767741693,7.60567337917943
25.900896196371228,5.791959604500093,0.1
16.596001061515814,13.199652662811541,7.542326884899964
21.90550324671633,13.199652662811541,9.955317877635855
21.90550324671633,13.464584387101885,9.759435148889539
21.90550324671633,13.199652662811541,9.955317877635855
40.773503849838136,22.917701580664968,9.327371952323142
37.456580239919575,13.199652662811541,2.97723824475613
37.456580239919575,17.536424154792005,6.600802140240799
21.90550324671633,13.199652662811541,9.955317877635855
25.900896196371228,13.095272939140493,8.135084847802965
21.90550324671633,10.32316887523433,7.507363888370104
21.90550324671633,13.199652662811541,9.955317877635855
21.90550324671633,7.964155572033152,6.371014609160137
18.12402853707316,13.095272939140493,8.188924223236832
21.90550324671633,13.095272939140493,8.364602945623886
21.90550324671633,13.199652662811541,9.955317877635855
15.61126496468926,7.964155572033152,5.79411297982031
21.90550324671633,7.964155572033152,3.5002296296021633
21.90550324671633,13.199652662811541,9.955317877635855
21.90550324671633,13.199652662811541,8.38612789847009
21.90550324671633,13.712899265961745,8.480731102801784
21.90550324671633,13.095272939140493,9.965330333825305
21.90550324671633,20.96336132732473,6.268400190259044
21.90550324671633,13.199652662811541,8.38612789847009
33.51809091799214,22.917701580664968,8.773494634000311
33.51809091799214,22.917701580664968,8.773494634000311
