28.75614464376683,16.13019603986585,9.305624868861928
17.423647251482112,10.266314576706545,9.819035981015046
69.0494326990872,1.214608421001964,0.1
28.75614464376683,16.13019603986585,9.305624868861928
17.423647251482112,10.266314576706545,9.819035981015046
4.868593531605046,20.102614938728124,9.276571174074384
69.0494326990872,1.214608421001964,0.1
4.868593531605046,20.102614938728124,9.276571174074384
28.75614464376683,16.13019603986585,9.305624868861928
17.423647251482112,10.266314576706545,9.819035981015046
18.869849661020428,10.266314576706545,8.973992777191778
18.869849661020428,10.266314576706545,8.973992777191778
15.995770454097547,5.092736538561986,9.346628814197151
17.423647251482112,30.7506874461559,3.398980250312943
18.869849661020428,10.266314576706545,8.973992777191778
17.423647251482112,30.7506874461559,3.398980250312943
15.995770454097547,5.092736538561986,9.346628814197151
18.869849661020428,10.266314576706545,8.973992777191778
17.423647251482112,30.7506874461559,3.398980250312943
17.423647251482112,10.266314576706545,9.819035981015046
17.423647251482112,10.266314576706545,9.819035981015046
18.869849661020428,10.266314576706545,8.973992777191778
22.299036024321317,15.624806011836213,8.56122389948808
17.423647251482112,10.266314576706545,9.819035981015046
28.75614464376683,16.13019603986585,9.305624868861928
17.423647251482112,10.266314576706545,9.819035981015046
17.423647251482112,10.266314576706545,9.819035981015046
20.37294993706426,10.266314576706545,8.09570308236185
17.423647251482112,10.266314576706545,9.819035981015046
28.75614464376683,16.13019603986585,9.305624868861928
32.519283510961436,13.187032255401778,5.206930418425721
20.37294993706426,10.266314576706545,8.09570308236185
17.423647251482112,5.740699486611724,1.7929888932889533
28.75614464376683,16.13019603986585,9.305624868861928
17.423647251482112,10.643663965538563,9.820018712676578
17.423647251482112,10.266314576706545,9.819035981015046
17.423647251482112,30.57477881690759,3.4185359095788734
17.423647251482112,10.266314576706545,9.819035981015046
17.423647251482112,10.266314576706545,9.819035981015046
17.423647251482112,10.266314576706545,9.819035981015046
32.519283510961436,10.266314576706545,0.9983724664704461
32.519283510961436,13.187032255401778,5.206930418425721
18.869849661020428,10.266314576706545,8.973992777191778
17.423647251482112,38.379546566124475,2.7233510727634553
17.423647251482112,30.7506874461559,3.398980250312943
28.75614464376683,16.13019603986585,9.305624868861928
17.423647251482112,10.266314576706545,9.819035981015046
17.423647251482112,10.266314576706545,9.819035981015046
20.37294993706426,10.266314576706545,8.09570308236185
32.519283510961436,10.266314576706545,0.9983724664704461
17.423647251482112,10.266314576706545,9.819035981015046
17.423647251482112,10.266314576706545,9.819035981015046
32.519283510961436,19.63290924997427,9.936208803536264
17.423647251482112,10.266314576706545,9.819035981015046
17.423647251482112,10.266314576706545,9.819035981015046
38.93804074464084,11.85647238744375,0.29923905447793686
22.299036024321317,15.624806011836213,8.56122389948808
23.508824464123173,10.197724697867706,6.170960090160177
69.0494326990872,1.214608421001964,0.1
17.423647251482112,10.266314576706545,9.819035981015046
17.423647251482112,10.266314576706545,9.819035981015046
17.423647251482112,10.266314576706545,9.819035981015046
17.423647251482112,10.266314576706545,9.819035981015046
17.423647251482112,9.60391612017053,9.116837547809178
17.423647251482112,30.57477881690759,3.4185359095788734
32.519283510961436,10.266314576706545,0.9983724664704461
17.423647251482112,11.85647238744375,8.81552083094462
26.607094421139845,11.85647238744375,6.5381001041262135
17.423647251482112,26.147686147327676,3.997331875719804
17.423647251482112,38.379546566124475,2.7233510727634553
17.423647251482112,30.7506874461559,3.398980250312943
32.519283510961436,13.187032255401778,5.206930418425721
32.519283510961436,10.266314576706545,0.9983724664704461
17.423647251482112,10.266314576706545,9.819035981015046
27.28759534523227,10.266314576706545,4.055346026888875
17.423647251482112,5.740699486611724,1.7929888932889533
17.423647251482112,10.266314576706545,9.819035981015046
