33.22125885301132,15.80944607641484,7.394391010558085
25.964087520961186,30.680686297098937,9.989915132770959
47.434026697576186,18.08815215316353,4.268860172898087
25.964087520961186,15.5596457489368,9.989915132770959
33.22125885301132,15.80944607641484,7.394391010558085
47.434026697576186,18.08815215316353,4.268860172898087
25.964087520961186,15.5596457489368,9.989915132770959
25.964087520961186,15.5596457489368,9.989915132770959
25.964087520961186,15.5596457489368,9.989915132770959
25.964087520961186,30.680686297098937,9.989915132770959
47.434026697576186,18.08815215316353,4.268860172898087
25.964087520961186,15.5596457489368,9.989915132770959
25.964087520961186,30.680686297098937,9.989915132770959
33.22125885301132,15.80944607641484,7.394391010558085
25.964087520961186,15.985941281507067,9.743146913160272
25.964087520961186,15.985941281507067,9.743146913160272
33.22125885301132,15.80944607641484,7.394391010558085
25.964087520961186,15.5596457489368,9.989915132770959
47.434026697576186,18.08815215316353,4.268860172898087
25.964087520961186,15.5596457489368,9.989915132770959
25.964087520961186,15.5596457489368,9.989915132770959
25.964087520961186,30.680686297098937,9.989915132770959
25.964087520961186,15.5596457489368,9.989915132770959
25.964087520961186,15.5596457489368,9.989915132770959
25.964087520961186,15.5596457489368,9.989915132770959
33.22125885301132,15.80944607641484,7.394391010558085
47.434026697576186,18.08815215316353,4.268860172898087
47.434026697576186,18.08815215316353,4.268860172898087
33.22125885301132,15.80944607641484,7.394391010558085
25.964087520961186,15.5596457489368,9.989915132770959
25.964087520961186,30.680686297098937,9.989915132770959
25.964087520961186,15.985941281507067,9.743146913160272
25.964087520961186,15.5596457489368,9.989915132770959
25.964087520961186,15.5596457489368,9.989915132770959
47.434026697576186,18.08815215316353,4.268860172898087
25.964087520961186,15.5596457489368,9.989915132770959
25.964087520961186,30.680686297098937,9.989915132770959
25.964087520961186,15.985941281507067,9.743146913160272
33.22125885301132,15.80944607641484,7.394391010558085
25.964087520961186,15.5596457489368,9.989915132770959
25.964087520961186,15.5596457489368,9.989915132770959
25.964087520961186,15.985941281507067,9.743146913160272
25.964087520961186,30.680686297098937,9.989915132770959
47.434026697576186,18.08815215316353,4.268860172898087
33.22125885301132,15.80944607641484,7.394391010558085
25.964087520961186,15.5596457489368,9.989915132770959
47.434026697576186,18.08815215316353,4.268860172898087
25.964087520961186,15.5596457489368,9.989915132770959
25.964087520961186,15.5596457489368,9.989915132770959
13.321163679808928,15.5596457489368,5.135785297961436
25.964087520961186,30.680686297098937,9.989915132770959
25.964087520961186,15.5596457489368,9.989915132770959
33.22125885301132,15.80944607641484,7.394391010558085
25.964087520961186,15.985941281507067,9.743146913160272
25.964087520961186,15.5596457489368,9.989915132770959
47.434026697576186,18.08815215316353,4.268860172898087
25.964087520961186,15.5596457489368,9.989915132770959
13.321163679808928,15.5596457489368,5.135785297961436
33.22125885301132,15.80944607641484,7.394391010558085
25.964087520961186,30.680686297098937,9.989915132770959
25.964087520961186,15.5596457489368,9.989915132770959
25.964087520961186,15.985941281507067,9.743146913160272
25.964087520961186,15.5596457489368,9.989915132770959
47.434026697576186,18.08815215316353,4.268860172898087
25.964087520961186,15.5596457489368,9.989915132770959
25.964087520961186,15.5596457489368,9.989915132770959
13.321163679808928,15.5596457489368,5.135785297961436
25.964087520961186,15.5596457489368,9.989915132770959
25.964087520961186,15.5596457489368,9.989915132770959
25.964087520961186,15.985941281507067,9.743146913160272
33.22125885301132,15.80944607641484,7.394391010558085
25.964087520961186,30.680686297098937,9.989915132770959
33.22125885301132,15.80944607641484,7.394391010558085
25.964087520961186,15.5596457489368,9.989915132770959
25.964087520961186,15.5596457489368,9.989915132770959
13.321163679808928,15.5596457489368,5.135785297961436
25.964087520961186,15.985941281507067,9.743146913160272
25.964087520961186,30.680686297098937,9.989915132770959
25.964087520961186,15.5596457489368,9.989915132770959
47.434026697576186,18.08815215316353,4.268860172898087
25.964087520961186,15.5596457489368,9.989915132770959
25.964087520961186,15.5596457489368,9.989915132770959
25.964087520961186,15.985941281507067,9.743146913160272
25.964087520961186,15.5596457489368,9.989915132770959
25.964087520961186,30.680686297098937,9.989915132770959
13.321163679808928,15.5596457489368,5.135785297961436
33.22125885301132,15.80944607641484,7.394391010558085
25.964087520961186,15.5596457489368,9.989915132770959
25.964087520961186,15.5596457489368,9.989915132770959
25.964087520961186,30.680686297098937,9.989915132770959
25.964087520961186,15.5596457489368,9.989915132770959
25.964087520961186,15.5596457489368,9.989915132770959
13.321163679808928,15.5596457489368,5.135785297961436
25.964087520961186,15.985941281507067,9.743146913160272
33.22125885301132,15.80944607641484,7.394391010558085
25.964087520961186,15.5596457489368,9.989915132770959
25.964087520961186,15.5596457489368,9.989915132770959
47.434026697576186,18.08815215316353,4.268860172898087
25.964087520961186,15.5596457489368,9.989915132770959
25.964087520961186,15.985941281507067,9.743146913160272
25.964087520961186,15.5596457489368,9.989915132770959
25.964087520961186,15.5596457489368,9.989915132770959
25.964087520961186,30.680686297098937,9.989915132770959
33.22125885301132,15.80944607641484,7.394391010558085
47.434026697576186,18.08815215316353,4.268860172898087
25.964087520961186,15.5596457489368,9.989915132770959
25.964087520961186,15.5596457489368,9.989915132770959
25.964087520961186,30.680686297098937,9.989915132770959
33.22125885301132,15.80944607641484,7.394391010558085
25.964087520961186,15.5596457489368,9.989915132770959
25.964087520961186,15.5596457489368,9.989915132770959
47.434026697576186,18.08815215316353,4.268860172898087
25.964087520961186,15.5596457489368,9.989915132770959
25.964087520961186,15.5596457489368,9.989915132770959
13.321163679808928,15.5596457489368,5.135785297961436
25.964087520961186,30.680686297098937,9.989915132770959
13.321163679808928,15.5596457489368,5.135785297961436
25.964087520961186,15.5596457489368,9.989915132770959
47.434026697576186,18.08815215316353,4.268860172898087
25.964087520961186,15.5596457489368,9.989915132770959
25.964087520961186,15.5596457489368,9.989915132770959
25.964087520961186,15.5596457489368,9.989915132770959
33.22125885301132,15.80944607641484,7.394391010558085
25.964087520961186,15.5596457489368,9.989915132770959
25.964087520961186,15.5596457489368,9.989915132770959
25.964087520961186,30.680686297098937,9.989915132770959
47.434026697576186,18.08815215316353,4.268860172898087
25.964087520961186,15.5596457489368,9.989915132770959
29.26212932214991,15.5596457489368,8.718401997602406
25.964087520961186,15.985941281507067,9.743146913160272
25.964087520961186,15.5596457489368,9.989915132770959
33.22125885301132,15.80944607641484,7.394391010558085
25.964087520961186,15.5596457489368,9.989915132770959
13.321163679808928,15.5596457489368,5.135785297961436
25.964087520961186,15.5596457489368,9.989915132770959
25.964087520961186,15.5596457489368,9.989915132770959
29.26212932214991,15.5596457489368,8.718401997602406
25.964087520961186,15.5596457489368,9.989915132770959
25.964087520961186,30.680686297098937,9.989915132770959
25.964087520961186,5.926155621921067,0.1
47.434026697576186,18.08815215316353,4.268860172898087
25.964087520961186,15.5596457489368,9.989915132770959
13.321163679808928,15.5596457489368,5.135785297961436
25.964087520961186,15.5596457489368,9.989915132770959
25.964087520961186,15.5596457489368,9.989915132770959
25.964087520961186,15.5596457489368,9.989915132770959
25.964087520961186,15.5596457489368,9.989915132770959
25.964087520961186,15.985941281507067,9.743146913160272
25.964087520961186,15.5596457489368,9.989915132770959
13.321163679808928,15.5596457489368,5.135785297961436
25.964087520961186,15.5596457489368,9.989915132770959
39.730701455564066,15.80944607641484,4.924421749307253
33.22125885301132,15.80944607641484,7.394391010558085
47.434026697576186,18.08815215316353,4.268860172898087
25.964087520961186,5.926155621921067,0.1
25.964087520961186,15.5596457489368,9.989915132770959
25.964087520961186,15.5596457489368,9.989915132770959
25.964087520961186,15.5596457489368,9.989915132770959
29.26212932214991,15.5596457489368,8.718401997602406
39.730701455564066,15.80944607641484,4.924421749307253
33.22125885301132,15.80944607641484,7.394391010558085
25.964087520961186,15.5596457489368,9.989915132770959
47.434026697576186,18.08815215316353,4.268860172898087
21.68138764164341,15.5596457489368,8.358950806837633
25.964087520961186,15.5596457489368,9.989915132770959
13.321163679808928,15.5596457489368,5.135785297961436
25.964087520961186,15.5596457489368,9.989915132770959
25.964087520961186,15.5596457489368,9.989915132770959
25.964087520961186,5.926155621921067,0.1
25.964087520961186,15.5596457489368,9.989915132770959
29.26212932214991,15.5596457489368,8.718401997602406
25.964087520961186,30.680686297098937,9.989915132770959
25.964087520961186,15.5596457489368,9.989915132770959
25.964087520961186,15.5596457489368,9.989915132770959
25.964087520961186,15.5596457489368,9.989915132770959
21.68138764164341,15.5596457489368,8.358950806837633
25.964087520961186,15.5596457489368,9.989915132770959
25.964087520961186,15.985941281507067,9.743146913160272
25.964087520961186,30.680686297098937,9.989915132770959
25.964087520961186,15.5596457489368,9.989915132770959
25.964087520961186,15.5596457489368,9.989915132770959
25.964087520961186,15.5596457489368,9.989915132770959
25.964087520961186,15.5596457489368,9.989915132770959
13.321163679808928,15.5596457489368,5.135785297961436
25.964087520961186,15.5596457489368,9.989915132770959
39.730701455564066,15.80944607641484,4.924421749307253
25.964087520961186,15.5596457489368,9.989915132770959
29.26212932214991,15.5596457489368,8.718401997602406
33.22125885301132,15.80944607641484,7.394391010558085
25.964087520961186,15.5596457489368,9.989915132770959
47.434026697576186,18.08815215316353,4.268860172898087
25.964087520961186,15.5596457489368,9.989915132770959
39.730701455564066,15.80944607641484,4.924421749307253
25.964087520961186,15.5596457489368,9.989915132770959
25.964087520961186,15.80944607641484,9.851918511125827
25.964087520961186,15.5596457489368,9.989915132770959
25.964087520961186,5.926155621921067,0.1
25.964087520961186,15.5596457489368,9.989915132770959
25.964087520961186,15.5596457489368,9.989915132770959
25.964087520961186,15.985941281507067,9.743146913160272
25.964087520961186,15.5596457489368,9.989915132770959
25.964087520961186,15.5596457489368,9.989915132770959
25.964087520961186,15.5596457489368,9.989915132770959
29.26212932214991,15.5596457489368,8.718401997602406
21.68138764164341,15.5596457489368,8.358950806837633
13.321163679808928,15.5596457489368,5.135785297961436
33.22125885301132,15.80944607641484,7.394391010558085
25.964087520961186,30.680686297098937,9.989915132770959
25.964087520961186,15.5596457489368,9.989915132770959
25.964087520961186,15.5596457489368,9.989915132770959
47.434026697576186,18.08815215316353,4.268860172898087
25.964087520961186,15.5596457489368,9.989915132770959
25.964087520961186,15.5596457489368,9.989915132770959
25.964087520961186,15.985941281507067,9.743146913160272
29.26212932214991,15.5596457489368,8.718401997602406
33.22125885301132,15.80944607641484,7.394391010558085
39.730701455564066,15.80944607641484,4.924421749307253
25.964087520961186,15.80944607641484,9.851918511125827
25.964087520961186,15.5596457489368,9.989915132770959
25.964087520961186,15.5596457489368,9.989915132770959
22.761212497792002,15.5596457489368,8.775261930541266
21.68138764164341,15.5596457489368,8.358950806837633
25.964087520961186,15.5596457489368,9.989915132770959
25.964087520961186,15.5596457489368,9.989915132770959
25.964087520961186,15.5596457489368,9.989915132770959
25.964087520961186,30.680686297098937,9.989915132770959
13.321163679808928,15.5596457489368,5.135785297961436
22.761212497792002,15.5596457489368,8.775261930541266
25.964087520961186,15.5596457489368,9.989915132770959
25.964087520961186,5.926155621921067,0.1
25.964087520961186,15.5596457489368,9.989915132770959
25.964087520961186,15.5596457489368,9.989915132770959
47.434026697576186,18.08815215316353,4.268860172898087
25.964087520961186,30.680686297098937,9.989915132770959
25.964087520961186,15.5596457489368,9.989915132770959
25.964087520961186,15.5596457489368,9.989915132770959
25.964087520961186,15.985941281507067,9.743146913160272
21.68138764164341,15.5596457489368,8.358950806837633
22.761212497792002,15.5596457489368,8.775261930541266
23.413063950034758,15.5596457489368,9.026573991961051
25.964087520961186,15.5596457489368,9.989915132770959
25.964087520961186,15.5596457489368,9.989915132770959
25.964087520961186,15.5596457489368,9.989915132770959
25.964087520961186,15.5596457489368,9.989915132770959
26.581535735785074,15.80944607641484,9.851918511125827
33.22125885301132,15.80944607641484,7.394391010558085
22.761212497792002,15.5596457489368,8.775261930541266
25.964087520961186,15.80944607641484,9.851918511125827
25.964087520961186,15.5596457489368,9.989915132770959
25.964087520961186,5.926155621921067,0.1
25.964087520961186,15.80944607641484,9.851918511125827
39.730701455564066,15.80944607641484,4.924421749307253
25.964087520961186,15.5596457489368,9.989915132770959
13.321163679808928,15.5596457489368,5.135785297961436
25.964087520961186,15.5596457489368,9.989915132770959
25.964087520961186,15.5596457489368,9.989915132770959
8.892248254476431,15.5596457489368,3.4282799122409973
25.964087520961186,15.5596457489368,9.989915132770959
29.26212932214991,15.5596457489368,8.718401997602406
22.761212497792002,15.5596457489368,8.775261930541266
45.579394014482034,15.5596457489368,2.4275125434892963
25.964087520961186,15.80944607641484,9.851918511125827
25.964087520961186,15.5596457489368,9.989915132770959
25.964087520961186,15.5596457489368,9.989915132770959
8.892248254476431,15.5596457489368,3.4282799122409973
29.26212932214991,15.5596457489368,8.718401997602406
13.321163679808928,15.5596457489368,5.135785297961436
25.964087520961186,15.5596457489368,9.989915132770959
21.68138764164341,15.5596457489368,8.358950806837633
23.413063950034758,15.5596457489368,9.026573991961051
25.964087520961186,15.5596457489368,9.989915132770959
39.730701455564066,15.80944607641484,4.924421749307253
25.964087520961186,15.80944607641484,9.851918511125827
25.964087520961186,30.680686297098937,9.989915132770959
25.964087520961186,15.5596457489368,9.989915132770959
21.566150111423337,2.7803256880086753,0.1
25.964087520961186,15.5596457489368,9.989915132770959
22.761212497792002,15.5596457489368,8.775261930541266
25.964087520961186,5.926155621921067,0.1
25.964087520961186,15.5596457489368,9.989915132770959
25.964087520961186,15.80944607641484,9.851918511125827
25.964087520961186,15.5596457489368,9.989915132770959
33.22125885301132,15.80944607641484,7.394391010558085
25.964087520961186,15.985941281507067,9.743146913160272
47.434026697576186,18.08815215316353,4.268860172898087
25.964087520961186,15.5596457489368,9.989915132770959
25.964087520961186,15.5596457489368,9.989915132770959
25.964087520961186,15.5596457489368,9.989915132770959
25.964087520961186,15.5596457489368,9.989915132770959
25.964087520961186,5.926155621921067,0.1
45.579394014482034,15.5596457489368,2.4275125434892963
39.730701455564066,15.80944607641484,4.924421749307253
29.26212932214991,15.5596457489368,8.718401997602406
23.413063950034758,15.5596457489368,9.026573991961051
8.892248254476431,15.5596457489368,3.4282799122409973
25.964087520961186,15.80944607641484,9.851918511125827
22.761212497792002,15.5596457489368,8.775261930541266
25.964087520961186,15.80944607641484,9.851918511125827
26.581535735785074,15.80944607641484,9.851918511125827
21.68138764164341,15.5596457489368,8.358950806837633
2.2617612822810464,15.80944607641484,0.8582118600032906
25.964087520961186,15.5596457489368,9.989915132770959
25.964087520961186,15.5596457489368,9.989915132770959
13.321163679808928,15.5596457489368,5.135785297961436
25.964087520961186,15.5596457489368,9.989915132770959
25.964087520961186,15.5596457489368,9.989915132770959
25.964087520961186,15.5596457489368,9.989915132770959
25.964087520961186,15.5596457489368,9.989915132770959
25.964087520961186,15.5596457489368,9.989915132770959
22.761212497792002,15.5596457489368,8.775261930541266
25.964087520961186,15.5596457489368,9.989915132770959
25.964087520961186,15.5596457489368,9.989915132770959
25.964087520961186,15.5596457489368,9.989915132770959
25.964087520961186,15.5596457489368,9.989915132770959
25.964087520961186,15.5596457489368,9.989915132770959
47.434026697576186,18.08815215316353,4.268860172898087
25.964087520961186,15.5596457489368,9.989915132770959
33.22125885301132,15.80944607641484,7.394391010558085
25.964087520961186,30.680686297098937,9.989915132770959
25.964087520961186,15.80944607641484,9.851918511125827
25.964087520961186,15.5596457489368,9.989915132770959
21.566150111423337,2.7803256880086753,0.1
25.964087520961186,15.80944607641484,9.851918511125827
25.964087520961186,15.5596457489368,9.989915132770959
21.68138764164341,15.5596457489368,8.358950806837633
29.26212932214991,15.5596457489368,8.718401997602406
25.964087520961186,15.5596457489368,9.989915132770959
47.434026697576186,18.08815215316353,4.268860172898087
22.761212497792002,15.5596457489368,8.775261930541266
25.964087520961186,15.5596457489368,9.989915132770959
33.22125885301132,15.80944607641484,7.394391010558085
22.761212497792002,15.5596457489368,8.775261930541266
25.964087520961186,25.305640154742193,6.15488774433115
25.964087520961186,15.5596457489368,9.989915132770959
25.964087520961186,15.80944607641484,9.851918511125827
25.964087520961186,15.80944607641484,9.851918511125827
25.964087520961186,15.5596457489368,9.989915132770959
25.964087520961186,15.5596457489368,9.989915132770959
22.761212497792002,15.80944607641484,8.636606642218103
25.964087520961186,15.80944607641484,9.851918511125827
25.964087520961186,15.5596457489368,9.989915132770959
25.964087520961186,15.5596457489368,9.989915132770959
13.321163679808928,15.5596457489368,5.135785297961436
21.566150111423337,2.7803256880086753,0.1
25.964087520961186,15.49794665637378,9.950063843662743
23.413063950034758,15.5596457489368,9.026573991961051
25.964087520961186,15.5596457489368,9.989915132770959
25.964087520961186,15.5596457489368,9.989915132770959
39.730701455564066,15.80944607641484,4.924421749307253
25.964087520961186,15.5596457489368,9.989915132770959
25.964087520961186,15.5596457489368,9.989915132770959
45.579394014482034,15.5596457489368,2.4275125434892963
25.964087520961186,15.5596457489368,9.989915132770959
25.964087520961186,15.5596457489368,9.989915132770959
25.964087520961186,15.5596457489368,9.989915132770959
10.090168582392995,15.80944607641484,3.828654427274005
25.964087520961186,30.680686297098937,9.989915132770959
25.964087520961186,15.80944607641484,9.851918511125827
25.964087520961186,15.5596457489368,9.989915132770959
14.447668371638636,37.90455467919483,2.286497684197933
25.964087520961186,15.80944607641484,9.851918511125827
2.2617612822810464,15.80944607641484,0.8582118600032906
8.892248254476431,15.5596457489368,3.4282799122409973
25.964087520961186,15.5596457489368,9.989915132770959
25.964087520961186,15.985941281507067,9.743146913160272
25.964087520961186,15.5596457489368,9.989915132770959
26.581535735785074,15.80944607641484,9.851918511125827
25.964087520961186,15.5596457489368,9.989915132770959
25.964087520961186,15.5596457489368,9.989915132770959
25.964087520961186,15.80944607641484,9.851918511125827
25.964087520961186,15.80944607641484,9.851918511125827
21.566150111423337,2.7803256880086753,0.1
25.964087520961186,15.5596457489368,9.989915132770959
25.964087520961186,15.5596457489368,9.989915132770959
25.964087520961186,15.5596457489368,9.989915132770959
22.761212497792002,15.5596457489368,8.775261930541266
14.447668371638636,37.90455467919483,2.286497684197933
25.964087520961186,15.5596457489368,9.989915132770959
25.964087520961186,15.5596457489368,9.989915132770959
13.321163679808928,15.5596457489368,5.135785297961436
45.7613150234826,15.80944607641484,2.6361413159872598
25.964087520961186,15.80944607641484,9.851918511125827
25.964087520961186,15.5596457489368,9.989915132770959
11.810551760545197,37.90455467919483,1.8691458410408932
25.964087520961186,15.985941281507067,9.743146913160272
23.413063950034758,15.5596457489368,9.026573991961051
25.964087520961186,15.5596457489368,9.989915132770959
25.964087520961186,15.80944607641484,9.851918511125827
25.964087520961186,15.5596457489368,9.989915132770959
25.964087520961186,30.680686297098937,9.989915132770959
25.964087520961186,15.5596457489368,9.989915132770959
25.964087520961186,15.5596457489368,9.989915132770959
25.964087520961186,25.305640154742193,6.15488774433115
39.730701455564066,15.80944607641484,4.924421749307253
25.964087520961186,15.5596457489368,9.989915132770959
25.964087520961186,15.5596457489368,9.989915132770959
25.964087520961186,15.5596457489368,9.989915132770959
25.964087520961186,15.5596457489368,9.989915132770959
33.22125885301132,15.80944607641484,7.394391010558085
25.964087520961186,15.5596457489368,9.989915132770959
25.964087520961186,15.5596457489368,9.989915132770959
25.964087520961186,15.5596457489368,9.989915132770959
25.964087520961186,15.80944607641484,9.851918511125827
21.68138764164341,17.789440072011935,7.311208945345594
25.964087520961186,15.5596457489368,9.989915132770959
22.761212497792002,15.80944607641484,8.636606642218103
26.581535735785074,15.80944607641484,9.851918511125827
21.68138764164341,15.5596457489368,8.358950806837633
25.964087520961186,15.5596457489368,9.989915132770959
25.964087520961186,15.49794665637378,9.950063843662743
25.964087520961186,15.5596457489368,9.989915132770959
2.2617612822810464,15.80944607641484,0.8582118600032906
22.761212497792002,15.5596457489368,8.775261930541266
25.54821236201975,15.5596457489368,9.849750111316077
10.090168582392995,15.80944607641484,3.828654427274005
25.964087520961186,15.80944607641484,9.851918511125827
25.964087520961186,15.5596457489368,9.989915132770959
25.964087520961186,15.80944607641484,9.851918511125827
8.892248254476431,15.5596457489368,3.4282799122409973
22.761212497792002,27.165274724337884,5.026268586602019
45.579394014482034,15.5596457489368,2.4275125434892963
25.964087520961186,15.5596457489368,9.989915132770959
29.26212932214991,15.5596457489368,8.718401997602406
25.964087520961186,15.985941281507067,9.743146913160272
22.761212497792002,27.165274724337884,5.026268586602019
25.964087520961186,15.5596457489368,9.989915132770959
25.964087520961186,15.5596457489368,9.989915132770959
25.964087520961186,15.5596457489368,9.989915132770959
25.964087520961186,15.5596457489368,9.989915132770959
25.964087520961186,15.769678967762818,9.876762537098942
22.761212497792002,15.5596457489368,8.775261930541266
25.964087520961186,15.5596457489368,9.989915132770959
45.579394014482034,15.5596457489368,2.4275125434892963
22.761212497792002,30.651032123244995,4.454661312687241
21.68138764164341,17.789440072011935,7.311208945345594
25.964087520961186,20.451767159119925,7.615643833565885
25.964087520961186,15.80944607641484,9.851918511125827
25.964087520961186,9.28569284962354,3.22652095290967
33.22125885301132,15.80944607641484,7.394391010558085
25.964087520961186,15.5596457489368,9.989915132770959
25.964087520961186,15.5596457489368,9.989915132770959
22.761212497792002,15.80944607641484,8.636606642218103
25.964087520961186,15.5596457489368,9.989915132770959
25.964087520961186,15.5596457489368,9.989915132770959
25.964087520961186,15.49794665637378,9.950063843662743
25.964087520961186,15.5596457489368,9.989915132770959
39.730701455564066,15.80944607641484,4.924421749307253
25.964087520961186,15.80944607641484,9.851918511125827
25.964087520961186,15.5596457489368,9.989915132770959
25.964087520961186,15.80944607641484,9.851918511125827
25.964087520961186,15.80944607641484,9.851918511125827
25.54821236201975,15.5596457489368,9.849750111316077
14.447668371638636,37.90455467919483,2.286497684197933
25.964087520961186,5.926155621921067,0.1
25.964087520961186,15.5596457489368,9.989915132770959
25.964087520961186,15.80944607641484,9.851918511125827
25.964087520961186,15.5596457489368,9.989915132770959
14.447668371638636,37.90455467919483,2.286497684197933
21.566150111423337,2.7803256880086753,0.1
25.964087520961186,15.80944607641484,9.851918511125827
25.964087520961186,15.5596457489368,9.989915132770959
23.413063950034758,15.5596457489368,9.026573991961051
25.964087520961186,15.5596457489368,9.989915132770959
13.321163679808928,15.5596457489368,5.135785297961436
10.090168582392995,15.80944607641484,3.828654427274005
45.579394014482034,15.5596457489368,2.4275125434892963
25.964087520961186,15.5596457489368,9.989915132770959
25.964087520961186,15.80944607641484,9.851918511125827
11.810551760545197,37.90455467919483,1.8691458410408932
47.434026697576186,18.08815215316353,4.268860172898087
25.964087520961186,15.5596457489368,9.989915132770959
25.964087520961186,15.80944607641484,9.851918511125827
25.964087520961186,15.80944607641484,9.851918511125827
10.190098307622993,10.370897408098914,5.894221277819852
45.7613150234826,15.80944607641484,2.6361413159872598
25.964087520961186,15.5596457489368,9.989915132770959
22.761212497792002,15.5596457489368,8.775261930541266
25.964087520961186,25.305640154742193,6.15488774433115
22.761212497792002,15.80944607641484,8.636606642218103
2.2617612822810464,15.80944607641484,0.8582118600032906
25.964087520961186,15.5596457489368,9.989915132770959
8.892248254476431,15.5596457489368,3.4282799122409973
25.964087520961186,15.80944607641484,9.851918511125827
29.26212932214991,15.5596457489368,8.718401997602406
25.964087520961186,15.80944607641484,9.851918511125827
21.68138764164341,15.5596457489368,8.358950806837633
25.964087520961186,15.5596457489368,9.989915132770959
