25.964087520961186,15.80944607641484,9.129790473133404
16.8402387961954,15.5596457489368,6.492514685841671
25.964087520961186,9.784073404465634,4.080927440733612
25.964087520961186,26.30473184569111,5.921116222151886
25.964087520961186,15.5596457489368,9.989915132770959
25.964087520961186,15.5596457489368,9.989915132770959
25.964087520961186,15.5596457489368,9.989915132770959
34.119640548444515,15.5596457489368,7.526593922379172
34.119640548444515,15.5596457489368,6.845657593260375
25.964087520961186,15.80944607641484,9.851918511125827
25.964087520961186,15.5596457489368,9.989915132770959
25.964087520961186,15.5596457489368,9.989915132770959
25.964087520961186,15.80944607641484,9.851918511125827
25.964087520961186,15.5596457489368,9.086970219910894
25.964087520961186,22.809918426318553,6.828317907141899
25.964087520961186,26.771643150093954,5.817848892488705
36.63322015573873,15.5596457489368,5.876582705909209
25.964087520961186,15.5596457489368,9.989915132770959
25.964087520961186,13.108956784686299,8.11855306191673
25.964087520961186,30.992260360264723,5.0255571113673545
25.964087520961186,15.5596457489368,9.989915132770959
25.964087520961186,15.5596457489368,9.989915132770959
25.964087520961186,15.5596457489368,9.989915132770959
25.964087520961186,15.985941281507067,9.743146913160272
25.964087520961186,15.80944607641484,9.851918511125827
25.964087520961186,15.5596457489368,9.989915132770959
25.964087520961186,16.152149378524072,9.179074008551757
25.964087520961186,15.5596457489368,9.086970219910894
34.119640548444515,15.5596457489368,6.845657593260375
25.964087520961186,15.5596457489368,9.989915132770959
25.964087520961186,15.80944607641484,9.851918511125827
25.964087520961186,11.794535051761905,6.794445582862545
25.964087520961186,15.5596457489368,9.989915132770959
25.964087520961186,15.5596457489368,9.989915132770959
1.3283667843252225,15.5596457489368,0.5121329311175945
39.15967360391219,16.152149378524072,5.456359156513933
25.964087520961186,11.881216575185316,6.89078904796855
34.119640548444515,15.5596457489368,7.526593922379172
2.509809969401413,15.5596457489368,0.9676215570465618
25.964087520961186,15.5596457489368,9.989915132770959
25.964087520961186,15.5596457489368,9.989915132770959
25.964087520961186,15.5596457489368,9.086970219910894
25.964087520961186,11.881216575185316,6.89078904796855
19.459961999694762,15.5596457489368,8.893670230819001
15.42488584127966,15.5596457489368,8.0045289427123
6.004114691327132,20.550367806997826,5.002760546517536
25.964087520961186,15.5596457489368,9.989915132770959
25.964087520961186,15.80944607641484,9.851918511125827
25.964087520961186,7.088189770535886,0.1
25.964087520961186,15.5596457489368,9.989915132770959
19.459961999694762,15.5596457489368,7.502511727890887
22.44943098835086,15.5596457489368,9.18462610200207
25.964087520961186,15.5596457489368,9.989915132770959
23.40120465283754,15.80944607641484,8.8794478571916
25.964087520961186,15.80944607641484,9.129790473133404
23.14919973361781,15.5596457489368,8.924844894120575
25.964087520961186,22.809918426318553,6.828317907141899
25.964087520961186,22.809918426318553,6.828317907141899
25.964087520961186,15.5596457489368,9.086970219910894
25.964087520961186,15.5596457489368,9.989915132770959
25.964087520961186,15.5596457489368,9.989915132770959
25.964087520961186,16.152149378524072,9.179074008551757
25.964087520961186,22.255674790475947,6.998366749927967
29.734304076979825,0.4499047103242102,0.1
25.964087520961186,15.5596457489368,9.989915132770959
29.734304076979825,0.4499047103242102,0.1
2.509809969401413,15.5596457489368,0.9676215570465618
25.964087520961186,15.5596457489368,9.086970219910894
25.964087520961186,15.80944607641484,9.851918511125827
25.964087520961186,15.80944607641484,9.129790473133404
25.964087520961186,15.80944607641484,9.851918511125827
25.964087520961186,15.5596457489368,9.989915132770959
25.964087520961186,16.152149378524072,9.179074008551757
25.964087520961186,15.5596457489368,9.989915132770959
25.964087520961186,15.5596457489368,9.989915132770959
16.8402387961954,15.5596457489368,6.492514685841671
25.964087520961186,15.5596457489368,9.989915132770959
25.964087520961186,15.5596457489368,9.086970219910894
25.964087520961186,15.5596457489368,9.989915132770959
25.964087520961186,11.794535051761905,6.794445582862545
25.964087520961186,15.5596457489368,9.989915132770959
1.3283667843252225,15.5596457489368,0.5121329311175945
25.964087520961186,9.784073404465634,4.080927440733612
25.964087520961186,11.881216575185316,6.89078904796855
34.119640548444515,15.5596457489368,7.526593922379172
25.964087520961186,26.30473184569111,5.921116222151886
25.964087520961186,15.5596457489368,9.086970219910894
25.964087520961186,22.809918426318553,6.828317907141899
25.964087520961186,11.881216575185316,6.89078904796855
25.964087520961186,15.5596457489368,9.989915132770959
15.42488584127966,15.5596457489368,8.0045289427123
25.964087520961186,15.5596457489368,9.989915132770959
25.964087520961186,15.5596457489368,9.989915132770959
25.964087520961186,15.5596457489368,9.989915132770959
25.964087520961186,17.388241557720406,8.957396521888219
25.964087520961186,7.088189770535886,0.1
22.44943098835086,15.5596457489368,9.18462610200207
34.119640548444515,15.5596457489368,6.845657593260375
25.964087520961186,15.5596457489368,9.989915132770959
25.964087520961186,15.5596457489368,9.989915132770959
25.964087520961186,15.5596457489368,9.989915132770959
19.459961999694762,15.5596457489368,7.502511727890887
34.119640548444515,15.5596457489368,7.526593922379172
19.459961999694762,15.5596457489368,8.893670230819001
25.964087520961186,15.80944607641484,9.851918511125827
6.004114691327132,20.550367806997826,5.002760546517536
34.119640548444515,15.5596457489368,6.845657593260375
25.964087520961186,15.80944607641484,9.851918511125827
23.40120465283754,15.80944607641484,8.8794478571916
25.964087520961186,15.5596457489368,9.989915132770959
25.964087520961186,15.80944607641484,9.129790473133404
25.964087520961186,13.108956784686299,8.11855306191673
25.964087520961186,22.809918426318553,6.828317907141899
25.964087520961186,15.5596457489368,9.989915132770959
25.964087520961186,22.255674790475947,6.998366749927967
25.964087520961186,15.80944607641484,9.851918511125827
25.964087520961186,15.5596457489368,9.086970219910894
25.964087520961186,22.809918426318553,6.828317907141899
25.964087520961186,15.5596457489368,9.989915132770959
25.964087520961186,15.5596457489368,9.989915132770959
25.964087520961186,30.992260360264723,5.0255571113673545
39.15967360391219,16.152149378524072,5.456359156513933
29.734304076979825,16.152149378524072,8.95687835397598
25.964087520961186,16.152149378524072,9.179074008551757
25.964087520961186,15.5596457489368,9.989915132770959
25.964087520961186,15.5596457489368,9.989915132770959
25.964087520961186,26.771643150093954,5.817848892488705
36.63322015573873,15.5596457489368,5.876582705909209
22.44943098835086,15.5596457489368,9.18462610200207
29.734304076979825,16.152149378524072,8.95687835397598
25.964087520961186,15.5596457489368,9.989915132770959
25.964087520961186,15.5596457489368,9.989915132770959
25.964087520961186,15.5596457489368,9.989915132770959
25.964087520961186,15.5596457489368,9.989915132770959
25.964087520961186,11.794535051761905,6.794445582862545
25.964087520961186,15.985941281507067,9.743146913160272
25.964087520961186,16.152149378524072,9.179074008551757
25.964087520961186,15.5596457489368,9.086970219910894
25.964087520961186,9.784073404465634,4.080927440733612
25.964087520961186,15.80944607641484,9.851918511125827
25.964087520961186,15.5596457489368,9.989915132770959
25.964087520961186,15.5596457489368,9.989915132770959
25.964087520961186,15.5596457489368,9.086970219910894
25.964087520961186,15.5596457489368,9.989915132770959
25.964087520961186,15.80944607641484,9.129790473133404
25.964087520961186,15.5596457489368,9.989915132770959
25.964087520961186,26.771643150093954,5.817848892488705
25.964087520961186,15.5596457489368,9.989915132770959
16.8402387961954,15.5596457489368,6.492514685841671
25.964087520961186,15.5596457489368,9.989915132770959
36.63322015573873,15.5596457489368,5.876582705909209
25.964087520961186,15.80944607641484,9.851918511125827
25.964087520961186,15.5596457489368,9.989915132770959
1.3283667843252225,15.5596457489368,0.5121329311175945
25.964087520961186,11.881216575185316,6.89078904796855
34.119640548444515,15.5596457489368,7.526593922379172
15.42488584127966,15.5596457489368,8.0045289427123
25.964087520961186,26.30473184569111,5.921116222151886
25.964087520961186,15.5596457489368,9.989915132770959
25.964087520961186,15.5596457489368,9.989915132770959
25.964087520961186,11.881216575185316,6.89078904796855
25.964087520961186,15.5596457489368,9.989915132770959
25.964087520961186,7.088189770535886,0.1
25.964087520961186,15.5596457489368,9.086970219910894
34.119640548444515,15.5596457489368,6.845657593260375
19.459961999694762,15.5596457489368,7.502511727890887
25.964087520961186,15.5596457489368,9.989915132770959
34.119640548444515,15.5596457489368,7.526593922379172
19.459961999694762,15.5596457489368,8.893670230819001
25.964087520961186,15.80944607641484,9.851918511125827
34.119640548444515,15.5596457489368,6.845657593260375
25.964087520961186,15.80944607641484,9.851918511125827
25.964087520961186,15.5596457489368,9.989915132770959
25.964087520961186,15.5596457489368,9.989915132770959
25.964087520961186,16.152149378524072,9.179074008551757
23.40120465283754,15.80944607641484,8.8794478571916
25.964087520961186,13.108956784686299,8.11855306191673
25.964087520961186,15.80944607641484,9.129790473133404
25.964087520961186,22.809918426318553,6.828317907141899
25.964087520961186,22.809918426318553,6.828317907141899
25.964087520961186,15.5596457489368,9.086970219910894
25.964087520961186,15.5596457489368,9.989915132770959
25.964087520961186,22.255674790475947,6.998366749927967
25.964087520961186,15.5596457489368,9.989915132770959
25.964087520961186,15.80944607641484,9.851918511125827
25.964087520961186,15.5596457489368,9.086970219910894
25.964087520961186,22.809918426318553,6.828317907141899
39.15967360391219,16.152149378524072,5.456359156513933
29.734304076979825,0.4499047103242102,0.1
25.964087520961186,20.550367806997826,7.5791039807005145
2.509809969401413,15.5596457489368,0.9676215570465618
25.964087520961186,15.5596457489368,9.989915132770959
25.964087520961186,9.784073404465634,4.080927440733612
15.42488584127966,15.5596457489368,8.0045289427123
25.964087520961186,22.255674790475947,6.998366749927967
25.964087520961186,15.5596457489368,9.989915132770959
25.964087520961186,30.992260360264723,5.0255571113673545
25.964087520961186,15.5596457489368,9.989915132770959
25.964087520961186,15.5596457489368,9.989915132770959
25.964087520961186,15.80944607641484,9.851918511125827
25.964087520961186,15.5596457489368,9.989915132770959
25.964087520961186,15.80944607641484,9.851918511125827
34.119640548444515,15.5596457489368,7.526593922379172
25.964087520961186,15.5596457489368,9.989915132770959
25.964087520961186,15.80944607641484,9.851918511125827
25.964087520961186,22.809918426318553,6.828317907141899
29.734304076979825,0.4499047103242102,0.1
25.964087520961186,15.80944607641484,9.129790473133404
16.8402387961954,15.5596457489368,6.492514685841671
25.964087520961186,11.794535051761905,6.794445582862545
25.964087520961186,15.5596457489368,9.989915132770959
25.964087520961186,15.5596457489368,9.086970219910894
1.3283667843252225,15.5596457489368,0.5121329311175945
25.964087520961186,26.30473184569111,5.921116222151886
25.964087520961186,11.881216575185316,6.89078904796855
25.964087520961186,26.771643150093954,5.817848892488705
34.119640548444515,15.5596457489368,7.526593922379172
25.964087520961186,15.5596457489368,9.989915132770959
25.964087520961186,15.5596457489368,9.086970219910894
25.964087520961186,11.881216575185316,6.89078904796855
25.964087520961186,15.5596457489368,9.989915132770959
25.964087520961186,7.088189770535886,0.1
25.964087520961186,15.5596457489368,9.086970219910894
34.119640548444515,15.5596457489368,6.845657593260375
19.459961999694762,15.5596457489368,7.502511727890887
25.964087520961186,15.5596457489368,9.989915132770959
22.44943098835086,15.5596457489368,9.18462610200207
19.459961999694762,15.5596457489368,8.893670230819001
25.964087520961186,15.80944607641484,9.851918511125827
34.119640548444515,15.5596457489368,6.845657593260375
25.964087520961186,15.5596457489368,9.989915132770959
25.964087520961186,15.5596457489368,9.989915132770959
23.40120465283754,15.80944607641484,8.8794478571916
25.964087520961186,15.5596457489368,9.989915132770959
25.964087520961186,22.809918426318553,6.828317907141899
25.964087520961186,15.80944607641484,9.851918511125827
25.964087520961186,13.108956784686299,8.11855306191673
25.964087520961186,15.80944607641484,9.129790473133404
25.964087520961186,22.809918426318553,6.828317907141899
25.964087520961186,15.5596457489368,9.989915132770959
25.964087520961186,15.5596457489368,9.989915132770959
25.964087520961186,20.550367806997826,7.5791039807005145
25.964087520961186,15.5596457489368,9.086970219910894
39.15967360391219,16.152149378524072,5.456359156513933
25.964087520961186,15.5596457489368,9.086970219910894
25.964087520961186,15.5596457489368,9.989915132770959
25.964087520961186,16.152149378524072,9.179074008551757
36.63322015573873,15.5596457489368,5.876582705909209
29.734304076979825,16.152149378524072,8.95687835397598
25.964087520961186,15.5596457489368,9.989915132770959
25.964087520961186,16.152149378524072,9.179074008551757
2.509809969401413,15.5596457489368,0.9676215570465618
25.964087520961186,15.5596457489368,9.989915132770959
25.964087520961186,15.5596457489368,9.989915132770959
25.964087520961186,15.5596457489368,9.989915132770959
25.964087520961186,15.5596457489368,9.989915132770959
25.964087520961186,15.5596457489368,9.989915132770959
25.964087520961186,16.152149378524072,9.179074008551757
25.964087520961186,15.5596457489368,9.989915132770959
25.964087520961186,15.80944607641484,9.129790473133404
25.964087520961186,15.80944607641484,9.851918511125827
25.964087520961186,11.881216575185316,6.89078904796855
25.964087520961186,15.80944607641484,9.851918511125827
16.8402387961954,15.5596457489368,6.492514685841671
25.964087520961186,15.5596457489368,9.989915132770959
25.964087520961186,11.881216575185316,6.89078904796855
25.964087520961186,15.80944607641484,9.851918511125827
25.964087520961186,11.794535051761905,6.794445582862545
25.964087520961186,15.5596457489368,9.989915132770959
1.3283667843252225,15.5596457489368,0.5121329311175945
25.964087520961186,15.5596457489368,9.989915132770959
25.964087520961186,9.784073404465634,4.080927440733612
34.119640548444515,15.5596457489368,7.526593922379172
25.964087520961186,13.108956784686299,8.11855306191673
25.964087520961186,26.30473184569111,5.921116222151886
25.964087520961186,15.5596457489368,9.989915132770959
25.964087520961186,15.5596457489368,9.086970219910894
15.42488584127966,15.5596457489368,8.0045289427123
25.964087520961186,15.5596457489368,9.989915132770959
25.964087520961186,15.5596457489368,9.989915132770959
25.964087520961186,7.088189770535886,0.1
25.964087520961186,15.5596457489368,9.086970219910894
34.119640548444515,15.5596457489368,6.845657593260375
25.964087520961186,15.5596457489368,9.989915132770959
19.459961999694762,15.5596457489368,7.502511727890887
22.44943098835086,15.5596457489368,9.18462610200207
34.119640548444515,15.5596457489368,7.526593922379172
19.459961999694762,15.5596457489368,8.893670230819001
25.964087520961186,15.5596457489368,9.989915132770959
34.119640548444515,15.5596457489368,6.845657593260375
25.964087520961186,22.809918426318553,6.828317907141899
25.964087520961186,22.255674790475947,6.998366749927967
25.964087520961186,15.80944607641484,9.851918511125827
25.964087520961186,15.5596457489368,9.989915132770959
25.964087520961186,15.5596457489368,9.989915132770959
23.40120465283754,15.80944607641484,8.8794478571916
25.964087520961186,15.5596457489368,9.989915132770959
25.964087520961186,15.80944607641484,9.129790473133404
36.63322015573873,15.5596457489368,5.876582705909209
2.509809969401413,15.5596457489368,0.9676215570465618
25.964087520961186,22.809918426318553,6.828317907141899
25.964087520961186,22.809918426318553,6.828317907141899
25.964087520961186,15.80944607641484,9.851918511125827
25.964087520961186,15.5596457489368,9.086970219910894
39.15967360391219,16.152149378524072,5.456359156513933
29.734304076979825,0.4499047103242102,0.1
29.734304076979825,16.152149378524072,8.95687835397598
25.964087520961186,15.5596457489368,9.086970219910894
25.964087520961186,26.771643150093954,5.817848892488705
25.964087520961186,16.152149378524072,9.179074008551757
25.964087520961186,15.5596457489368,9.989915132770959
25.964087520961186,15.5596457489368,9.989915132770959
25.964087520961186,20.550367806997826,7.5791039807005145
25.964087520961186,15.5596457489368,9.989915132770959
25.964087520961186,15.5596457489368,9.989915132770959
25.964087520961186,15.5596457489368,9.989915132770959
25.964087520961186,15.5596457489368,9.989915132770959
25.964087520961186,15.5596457489368,9.989915132770959
25.964087520961186,15.5596457489368,9.989915132770959
25.964087520961186,15.5596457489368,9.989915132770959
25.964087520961186,15.80944607641484,9.851918511125827
25.964087520961186,15.5596457489368,9.989915132770959
25.964087520961186,15.5596457489368,9.989915132770959
25.964087520961186,13.108956784686299,8.11855306191673
16.8402387961954,15.5596457489368,6.492514685841671
25.964087520961186,15.80944607641484,9.851918511125827
25.964087520961186,15.5596457489368,9.989915132770959
25.964087520961186,15.5596457489368,9.989915132770959
25.964087520961186,15.5596457489368,9.989915132770959
25.964087520961186,15.80944607641484,9.129790473133404
25.964087520961186,11.794535051761905,6.794445582862545
25.964087520961186,15.5596457489368,9.989915132770959
2.509809969401413,15.5596457489368,0.9676215570465618
25.964087520961186,22.255674790475947,6.998366749927967
25.964087520961186,15.80944607641484,9.851918511125827
25.964087520961186,15.5596457489368,9.989915132770959
34.119640548444515,15.5596457489368,7.526593922379172
1.3283667843252225,15.5596457489368,0.5121329311175945
25.964087520961186,22.809918426318553,6.828317907141899
25.964087520961186,9.784073404465634,4.080927440733612
25.964087520961186,11.881216575185316,6.89078904796855
34.119640548444515,15.5596457489368,7.526593922379172
25.964087520961186,26.30473184569111,5.921116222151886
25.964087520961186,15.5596457489368,9.989915132770959
25.964087520961186,15.5596457489368,9.086970219910894
15.42488584127966,15.5596457489368,8.0045289427123
25.964087520961186,15.985941281507067,9.743146913160272
25.964087520961186,15.5596457489368,9.989915132770959
25.964087520961186,11.881216575185316,6.89078904796855
25.964087520961186,15.5596457489368,9.989915132770959
25.964087520961186,16.152149378524072,9.179074008551757
25.964087520961186,7.088189770535886,0.1
25.964087520961186,15.5596457489368,9.086970219910894
34.119640548444515,15.5596457489368,6.845657593260375
19.459961999694762,15.5596457489368,7.502511727890887
25.964087520961186,15.5596457489368,9.989915132770959
25.964087520961186,15.5596457489368,9.989915132770959
22.44943098835086,15.5596457489368,9.18462610200207
19.459961999694762,15.5596457489368,8.893670230819001
34.119640548444515,15.5596457489368,6.845657593260375
25.964087520961186,15.80944607641484,9.851918511125827
25.964087520961186,15.5596457489368,9.989915132770959
23.40120465283754,15.80944607641484,8.8794478571916
25.964087520961186,15.80944607641484,9.129790473133404
25.964087520961186,16.152149378524072,9.179074008551757
25.964087520961186,15.5596457489368,9.989915132770959
25.964087520961186,22.809918426318553,6.828317907141899
25.964087520961186,15.80944607641484,9.851918511125827
25.964087520961186,15.5596457489368,9.086970219910894
25.964087520961186,15.5596457489368,9.086970219910894
25.964087520961186,22.809918426318553,6.828317907141899
25.964087520961186,15.5596457489368,9.989915132770959
39.15967360391219,16.152149378524072,5.456359156513933
29.734304076979825,0.4499047103242102,0.1
29.734304076979825,16.152149378524072,8.95687835397598
25.964087520961186,15.5596457489368,9.989915132770959
25.964087520961186,26.771643150093954,5.817848892488705
36.63322015573873,15.5596457489368,5.876582705909209
25.964087520961186,20.550367806997826,7.5791039807005145
25.964087520961186,15.5596457489368,9.989915132770959
25.964087520961186,15.5596457489368,9.989915132770959
25.964087520961186,15.5596457489368,9.989915132770959
25.964087520961186,15.5596457489368,9.989915132770959
25.964087520961186,30.992260360264723,5.0255571113673545
1.3283667843252225,15.5596457489368,0.5121329311175945
25.964087520961186,11.881216575185316,6.89078904796855
25.964087520961186,15.80944607641484,9.851918511125827
29.734304076979825,16.152149378524072,8.95687835397598
25.964087520961186,15.5596457489368,9.989915132770959
23.40120465283754,15.80944607641484,8.8794478571916
25.964087520961186,15.5596457489368,9.989915132770959
25.964087520961186,11.881216575185316,6.89078904796855
25.964087520961186,15.80944607641484,9.851918511125827
25.964087520961186,15.5596457489368,9.989915132770959
16.8402387961954,15.5596457489368,6.492514685841671
25.964087520961186,15.5596457489368,9.989915132770959
25.964087520961186,26.771643150093954,5.817848892488705
34.119640548444515,15.5596457489368,7.526593922379172
25.964087520961186,15.80944607641484,9.129790473133404
25.964087520961186,15.5596457489368,9.989915132770959
25.964087520961186,15.5596457489368,9.989915132770959
25.964087520961186,15.80944607641484,9.851918511125827
25.964087520961186,11.794535051761905,6.794445582862545
25.964087520961186,15.5596457489368,9.989915132770959
25.964087520961186,15.5596457489368,9.989915132770959
25.964087520961186,9.784073404465634,4.080927440733612
25.964087520961186,15.5596457489368,9.086970219910894
25.964087520961186,26.30473184569111,5.921116222151886
25.964087520961186,15.5596457489368,9.989915132770959
15.42488584127966,15.5596457489368,8.0045289427123
25.964087520961186,16.152149378524072,9.179074008551757
25.964087520961186,15.5596457489368,9.989915132770959
2.509809969401413,15.5596457489368,0.9676215570465618
34.119640548444515,15.5596457489368,6.845657593260375
25.964087520961186,15.5596457489368,9.086970219910894
34.119640548444515,15.5596457489368,7.526593922379172
25.964087520961186,15.5596457489368,9.989915132770959
25.964087520961186,7.088189770535886,0.1
19.459961999694762,15.5596457489368,7.502511727890887
25.964087520961186,15.5596457489368,9.989915132770959
19.459961999694762,15.5596457489368,8.893670230819001
25.964087520961186,15.5596457489368,9.989915132770959
22.44943098835086,15.5596457489368,9.18462610200207
34.119640548444515,15.5596457489368,6.845657593260375
25.964087520961186,15.80944607641484,9.851918511125827
25.964087520961186,15.5596457489368,9.989915132770959
25.964087520961186,15.5596457489368,9.989915132770959
25.964087520961186,15.5596457489368,9.989915132770959
25.964087520961186,13.108956784686299,8.11855306191673
25.964087520961186,15.80944607641484,9.129790473133404
25.964087520961186,22.809918426318553,6.828317907141899
25.964087520961186,22.809918426318553,6.828317907141899
25.964087520961186,15.5596457489368,9.989915132770959
25.964087520961186,15.5596457489368,9.989915132770959
25.964087520961186,22.255674790475947,6.998366749927967
25.964087520961186,15.80944607641484,9.851918511125827
25.964087520961186,15.5596457489368,9.086970219910894
25.964087520961186,22.809918426318553,6.828317907141899
25.964087520961186,15.5596457489368,9.989915132770959
39.15967360391219,16.152149378524072,5.456359156513933
25.964087520961186,30.992260360264723,5.0255571113673545
25.964087520961186,15.5596457489368,9.989915132770959
29.734304076979825,0.4499047103242102,0.1
6.004114691327132,20.550367806997826,5.002760546517536
25.964087520961186,15.5596457489368,9.086970219910894
25.964087520961186,15.5596457489368,9.989915132770959
25.964087520961186,16.152149378524072,9.179074008551757
36.63322015573873,15.5596457489368,5.876582705909209
34.119640548444515,15.5596457489368,6.845657593260375
36.63322015573873,15.5596457489368,5.876582705909209
25.964087520961186,30.992260360264723,5.0255571113673545
25.964087520961186,15.5596457489368,9.989915132770959
41.66752044748204,15.5596457489368,3.9356797904193854
25.964087520961186,11.881216575185316,6.89078904796855
25.964087520961186,15.80944607641484,9.851918511125827
25.964087520961186,15.5596457489368,9.989915132770959
25.964087520961186,15.5596457489368,9.989915132770959
25.964087520961186,15.5596457489368,9.989915132770959
25.964087520961186,15.5596457489368,9.989915132770959
25.964087520961186,15.80944607641484,9.129790473133404
25.964087520961186,26.30473184569111,5.921116222151886
16.8402387961954,15.5596457489368,6.492514685841671
25.964087520961186,15.80944607641484,9.851918511125827
25.964087520961186,15.5596457489368,9.989915132770959
25.964087520961186,15.80944607641484,9.851918511125827
25.964087520961186,11.794535051761905,6.794445582862545
1.3283667843252225,15.5596457489368,0.5121329311175945
25.964087520961186,22.809918426318553,6.828317907141899
25.964087520961186,9.784073404465634,4.080927440733612
34.119640548444515,15.5596457489368,7.526593922379172
25.964087520961186,11.881216575185316,6.89078904796855
25.964087520961186,15.5596457489368,9.989915132770959
25.964087520961186,15.80944607641484,9.851918511125827
25.964087520961186,15.5596457489368,9.086970219910894
15.42488584127966,15.5596457489368,8.0045289427123
25.964087520961186,15.5596457489368,9.989915132770959
25.964087520961186,15.5596457489368,9.086970219910894
25.964087520961186,15.5596457489368,9.989915132770959
25.964087520961186,7.088189770535886,0.1
19.459961999694762,15.5596457489368,7.502511727890887
25.964087520961186,15.5596457489368,9.989915132770959
22.44943098835086,15.5596457489368,9.18462610200207
34.119640548444515,15.5596457489368,7.526593922379172
19.459961999694762,15.5596457489368,8.893670230819001
34.119640548444515,15.5596457489368,6.845657593260375
25.964087520961186,15.5596457489368,9.989915132770959
25.964087520961186,15.985941281507067,9.743146913160272
25.964087520961186,15.5596457489368,9.989915132770959
25.964087520961186,15.5596457489368,9.989915132770959
23.40120465283754,15.80944607641484,8.8794478571916
25.964087520961186,13.108956784686299,8.11855306191673
25.964087520961186,15.80944607641484,9.129790473133404
25.964087520961186,15.5596457489368,9.989915132770959
25.964087520961186,22.809918426318553,6.828317907141899
25.964087520961186,22.809918426318553,6.828317907141899
25.964087520961186,15.5596457489368,9.989915132770959
25.964087520961186,22.255674790475947,6.998366749927967
25.964087520961186,15.80944607641484,9.851918511125827
25.964087520961186,15.5596457489368,9.086970219910894
25.964087520961186,15.5596457489368,9.989915132770959
39.15967360391219,16.152149378524072,5.456359156513933
29.734304076979825,0.4499047103242102,0.1
25.964087520961186,16.152149378524072,9.179074008551757
29.734304076979825,16.152149378524072,8.95687835397598
25.964087520961186,16.152149378524072,9.179074008551757
25.964087520961186,15.5596457489368,9.086970219910894
25.964087520961186,15.5596457489368,9.989915132770959
25.964087520961186,26.771643150093954,5.817848892488705
25.964087520961186,20.550367806997826,7.5791039807005145
25.964087520961186,15.5596457489368,9.989915132770959
2.509809969401413,15.5596457489368,0.9676215570465618
25.964087520961186,15.5596457489368,9.989915132770959
25.964087520961186,15.5596457489368,9.989915132770959
25.964087520961186,15.80944607641484,9.851918511125827
25.964087520961186,15.5596457489368,9.989915132770959
25.964087520961186,15.80944607641484,9.851918511125827
25.964087520961186,11.881216575185316,6.89078904796855
25.964087520961186,16.152149378524072,9.179074008551757
25.964087520961186,15.5596457489368,9.989915132770959
25.964087520961186,15.80944607641484,9.129790473133404
16.8402387961954,15.5596457489368,6.492514685841671
25.964087520961186,22.809918426318553,6.828317907141899
39.15967360391219,16.152149378524072,5.456359156513933
25.964087520961186,11.794535051761905,6.794445582862545
25.964087520961186,15.5596457489368,9.989915132770959
1.3283667843252225,15.5596457489368,0.5121329311175945
25.964087520961186,9.784073404465634,4.080927440733612
34.119640548444515,15.5596457489368,7.526593922379172
34.119640548444515,15.5596457489368,6.845657593260375
25.964087520961186,26.30473184569111,5.921116222151886
25.964087520961186,15.5596457489368,9.989915132770959
25.964087520961186,15.5596457489368,9.086970219910894
15.42488584127966,15.5596457489368,8.0045289427123
25.964087520961186,15.5596457489368,9.989915132770959
25.964087520961186,11.881216575185316,6.89078904796855
25.964087520961186,15.5596457489368,9.989915132770959
36.63322015573873,15.5596457489368,5.876582705909209
25.964087520961186,7.088189770535886,0.1
25.964087520961186,15.5596457489368,9.086970219910894
23.40120465283754,15.80944607641484,8.8794478571916
19.459961999694762,15.5596457489368,7.502511727890887
22.44943098835086,15.5596457489368,9.18462610200207
25.964087520961186,13.108956784686299,8.11855306191673
25.964087520961186,15.5596457489368,9.989915132770959
34.119640548444515,15.5596457489368,7.526593922379172
19.459961999694762,15.5596457489368,8.893670230819001
25.964087520961186,15.80944607641484,9.851918511125827
34.119640548444515,15.5596457489368,6.845657593260375
29.734304076979825,16.152149378524072,8.95687835397598
25.964087520961186,15.80944607641484,9.851918511125827
25.964087520961186,15.5596457489368,9.989915132770959
25.964087520961186,15.5596457489368,9.989915132770959
25.964087520961186,15.5596457489368,9.989915132770959
41.66752044748204,15.5596457489368,3.9356797904193854
25.964087520961186,15.80944607641484,9.129790473133404
25.964087520961186,15.5596457489368,9.989915132770959
25.964087520961186,22.809918426318553,6.828317907141899
25.964087520961186,22.809918426318553,6.828317907141899
25.964087520961186,15.5596457489368,9.989915132770959
25.964087520961186,22.255674790475947,6.998366749927967
25.964087520961186,15.80944607641484,9.851918511125827
25.964087520961186,15.5596457489368,9.086970219910894
25.964087520961186,15.5596457489368,9.989915132770959
25.964087520961186,15.5596457489368,9.989915132770959
29.734304076979825,0.4499047103242102,0.1
25.964087520961186,16.152149378524072,9.179074008551757
25.964087520961186,15.5596457489368,9.086970219910894
25.964087520961186,15.5596457489368,9.989915132770959
25.964087520961186,26.771643150093954,5.817848892488705
25.964087520961186,20.550367806997826,7.5791039807005145
25.964087520961186,15.5596457489368,9.989915132770959
2.509809969401413,15.5596457489368,0.9676215570465618
25.964087520961186,15.5596457489368,9.989915132770959
25.964087520961186,15.5596457489368,9.989915132770959
25.964087520961186,15.5596457489368,9.989915132770959
25.964087520961186,15.5596457489368,9.989915132770959
1.3283667843252225,15.5596457489368,0.5121329311175945
25.964087520961186,11.881216575185316,6.89078904796855
25.964087520961186,26.30473184569111,5.921116222151886
25.964087520961186,15.5596457489368,9.989915132770959
25.964087520961186,20.550367806997826,7.5791039807005145
25.964087520961186,15.5596457489368,9.989915132770959
25.964087520961186,15.5596457489368,9.989915132770959
25.964087520961186,15.5596457489368,9.989915132770959
25.964087520961186,15.80944607641484,9.851918511125827
25.964087520961186,15.5596457489368,9.989915132770959
25.964087520961186,15.80944607641484,9.129790473133404
25.964087520961186,9.784073404465634,4.080927440733612
16.8402387961954,15.5596457489368,6.492514685841671
25.964087520961186,15.5596457489368,9.989915132770959
25.964087520961186,11.881216575185316,6.89078904796855
25.964087520961186,15.80944607641484,9.851918511125827
25.964087520961186,11.794535051761905,6.794445582862545
25.964087520961186,15.5596457489368,9.086970219910894
34.119640548444515,15.5596457489368,7.526593922379172
29.734304076979825,16.152149378524072,8.95687835397598
34.119640548444515,15.5596457489368,6.845657593260375
25.964087520961186,15.5596457489368,9.989915132770959
25.964087520961186,13.108956784686299,8.11855306191673
15.42488584127966,15.5596457489368,8.0045289427123
25.964087520961186,15.5596457489368,9.989915132770959
25.964087520961186,15.5596457489368,9.989915132770959
25.964087520961186,7.088189770535886,0.1
25.964087520961186,15.5596457489368,9.086970219910894
34.119640548444515,15.5596457489368,6.845657593260375
25.964087520961186,15.5596457489368,9.989915132770959
19.459961999694762,15.5596457489368,7.502511727890887
25.964087520961186,15.5596457489368,9.989915132770959
25.964087520961186,15.80944607641484,9.851918511125827
22.44943098835086,15.5596457489368,9.18462610200207
34.119640548444515,15.5596457489368,7.526593922379172
19.459961999694762,15.5596457489368,8.893670230819001
25.964087520961186,15.80944607641484,9.851918511125827
25.964087520961186,15.80944607641484,9.851918511125827
25.964087520961186,15.80944607641484,9.129790473133404
25.964087520961186,15.5596457489368,9.989915132770959
25.964087520961186,15.5596457489368,9.989915132770959
25.964087520961186,15.5596457489368,9.989915132770959
23.40120465283754,15.80944607641484,8.8794478571916
25.964087520961186,22.809918426318553,6.828317907141899
25.964087520961186,22.809918426318553,6.828317907141899
25.964087520961186,22.255674790475947,6.998366749927967
25.964087520961186,15.5596457489368,9.989915132770959
25.964087520961186,15.5596457489368,9.086970219910894
25.964087520961186,22.809918426318553,6.828317907141899
25.964087520961186,15.5596457489368,9.989915132770959
25.964087520961186,15.5596457489368,9.989915132770959
39.15967360391219,16.152149378524072,5.456359156513933
29.734304076979825,0.4499047103242102,0.1
25.964087520961186,16.152149378524072,9.179074008551757
25.964087520961186,15.5596457489368,9.086970219910894
25.964087520961186,16.152149378524072,9.179074008551757
25.964087520961186,26.771643150093954,5.817848892488705
36.63322015573873,15.5596457489368,5.876582705909209
25.964087520961186,15.5596457489368,9.989915132770959
2.509809969401413,15.5596457489368,0.9676215570465618
25.964087520961186,15.5596457489368,9.989915132770959
25.964087520961186,15.5596457489368,9.989915132770959
25.964087520961186,15.5596457489368,9.989915132770959
25.964087520961186,30.992260360264723,5.0255571113673545
25.964087520961186,15.80944607641484,9.851918511125827
25.964087520961186,15.5596457489368,9.989915132770959
25.964087520961186,16.152149378524072,9.179074008551757
25.964087520961186,15.5596457489368,9.989915132770959
19.459961999694762,15.5596457489368,8.893670230819001
25.964087520961186,15.80944607641484,9.129790473133404
25.964087520961186,15.5596457489368,9.989915132770959
34.119640548444515,15.5596457489368,7.526593922379172
25.964087520961186,30.992260360264723,5.0255571113673545
25.964087520961186,15.80944607641484,9.851918511125827
25.964087520961186,22.255674790475947,6.998366749927967
16.8402387961954,15.5596457489368,6.492514685841671
25.964087520961186,22.809918426318553,6.828317907141899
25.964087520961186,15.5596457489368,9.989915132770959
25.964087520961186,15.80944607641484,9.851918511125827
2.509809969401413,15.5596457489368,0.9676215570465618
25.964087520961186,15.5596457489368,9.989915132770959
25.964087520961186,11.794535051761905,6.794445582862545
25.964087520961186,15.5596457489368,9.989915132770959
1.3283667843252225,15.5596457489368,0.5121329311175945
25.964087520961186,9.784073404465634,4.080927440733612
25.964087520961186,11.881216575185316,6.89078904796855
34.119640548444515,15.5596457489368,7.526593922379172
25.964087520961186,26.30473184569111,5.921116222151886
25.964087520961186,15.5596457489368,9.989915132770959
25.964087520961186,15.5596457489368,9.086970219910894
29.734304076979825,16.152149378524072,8.95687835397598
15.42488584127966,15.5596457489368,8.0045289427123
25.964087520961186,15.5596457489368,9.989915132770959
25.964087520961186,11.881216575185316,6.89078904796855
25.964087520961186,15.5596457489368,9.989915132770959
25.964087520961186,7.088189770535886,0.1
25.964087520961186,15.5596457489368,9.086970219910894
34.119640548444515,15.5596457489368,6.845657593260375
34.119640548444515,15.5596457489368,6.845657593260375
19.459961999694762,15.5596457489368,7.502511727890887
25.964087520961186,15.80944607641484,9.851918511125827
22.44943098835086,15.5596457489368,9.18462610200207
25.964087520961186,15.5596457489368,9.989915132770959
25.964087520961186,15.5596457489368,9.989915132770959
25.964087520961186,15.5596457489368,9.989915132770959
23.40120465283754,15.80944607641484,8.8794478571916
25.964087520961186,13.108956784686299,8.11855306191673
25.964087520961186,15.80944607641484,9.129790473133404
25.964087520961186,22.809918426318553,6.828317907141899
25.964087520961186,22.809918426318553,6.828317907141899
25.964087520961186,15.5596457489368,9.989915132770959
25.964087520961186,15.80944607641484,9.851918511125827
25.964087520961186,15.5596457489368,9.086970219910894
25.964087520961186,15.5596457489368,9.989915132770959
39.15967360391219,16.152149378524072,5.456359156513933
29.734304076979825,0.4499047103242102,0.1
25.964087520961186,15.5596457489368,9.086970219910894
25.964087520961186,15.5596457489368,9.989915132770959
25.964087520961186,16.152149378524072,9.179074008551757
25.964087520961186,26.771643150093954,5.817848892488705
36.63322015573873,15.5596457489368,5.876582705909209
25.964087520961186,20.550367806997826,7.5791039807005145
25.964087520961186,15.5596457489368,9.989915132770959
25.964087520961186,15.5596457489368,9.989915132770959
25.964087520961186,15.5596457489368,9.989915132770959
25.964087520961186,15.5596457489368,9.989915132770959
25.964087520961186,15.5596457489368,9.989915132770959
25.964087520961186,15.5596457489368,9.989915132770959
25.964087520961186,15.80944607641484,9.851918511125827
25.964087520961186,15.5596457489368,9.989915132770959
23.40120465283754,15.80944607641484,8.8794478571916
25.964087520961186,15.5596457489368,9.989915132770959
25.964087520961186,22.809918426318553,6.828317907141899
25.964087520961186,15.5596457489368,9.989915132770959
25.964087520961186,15.5596457489368,9.086970219910894
25.964087520961186,9.784073404465634,4.080927440733612
25.964087520961186,15.5596457489368,9.989915132770959
25.964087520961186,15.80944607641484,9.129790473133404
25.964087520961186,15.80944607641484,9.851918511125827
16.8402387961954,15.5596457489368,6.492514685841671
1.3283667843252225,15.5596457489368,0.5121329311175945
25.964087520961186,15.5596457489368,9.989915132770959
25.964087520961186,11.794535051761905,6.794445582862545
25.964087520961186,15.5596457489368,9.989915132770959
25.964087520961186,11.881216575185316,6.89078904796855
34.119640548444515,15.5596457489368,7.526593922379172
25.964087520961186,15.5596457489368,9.989915132770959
25.964087520961186,26.30473184569111,5.921116222151886
25.964087520961186,15.5596457489368,9.989915132770959
25.964087520961186,15.5596457489368,9.989915132770959
25.964087520961186,15.5596457489368,9.086970219910894
15.42488584127966,15.5596457489368,8.0045289427123
25.964087520961186,15.5596457489368,9.989915132770959
25.964087520961186,15.80944607641484,9.851918511125827
19.459961999694762,15.5596457489368,7.502511727890887
25.964087520961186,11.881216575185316,6.89078904796855
25.964087520961186,7.088189770535886,0.1
34.119640548444515,15.5596457489368,7.526593922379172
25.964087520961186,15.5596457489368,9.086970219910894
34.119640548444515,15.5596457489368,6.845657593260375
22.44943098835086,15.5596457489368,9.18462610200207
25.964087520961186,26.771643150093954,5.817848892488705
19.459961999694762,15.5596457489368,8.893670230819001
25.964087520961186,15.5596457489368,9.989915132770959
25.964087520961186,15.5596457489368,9.989915132770959
34.119640548444515,15.5596457489368,6.845657593260375
25.964087520961186,15.80944607641484,9.851918511125827
25.964087520961186,15.5596457489368,9.989915132770959
25.964087520961186,15.5596457489368,9.989915132770959
25.964087520961186,13.108956784686299,8.11855306191673
25.964087520961186,15.80944607641484,9.129790473133404
25.964087520961186,22.809918426318553,6.828317907141899
25.964087520961186,22.809918426318553,6.828317907141899
25.964087520961186,15.5596457489368,9.989915132770959
25.964087520961186,22.255674790475947,6.998366749927967
25.964087520961186,15.80944607641484,9.851918511125827
25.964087520961186,15.5596457489368,9.086970219910894
25.964087520961186,15.5596457489368,9.989915132770959
39.15967360391219,16.152149378524072,5.456359156513933
29.734304076979825,0.4499047103242102,0.1
25.964087520961186,16.152149378524072,9.179074008551757
29.734304076979825,16.152149378524072,8.95687835397598
25.964087520961186,15.5596457489368,9.989915132770959
25.964087520961186,16.152149378524072,9.179074008551757
36.63322015573873,15.5596457489368,5.876582705909209
25.964087520961186,20.550367806997826,7.5791039807005145
25.964087520961186,15.5596457489368,9.989915132770959
2.509809969401413,15.5596457489368,0.9676215570465618
25.964087520961186,15.5596457489368,9.989915132770959
25.964087520961186,15.5596457489368,9.989915132770959
25.964087520961186,15.5596457489368,9.989915132770959
25.964087520961186,15.5596457489368,9.989915132770959
16.8402387961954,15.5596457489368,6.492514685841671
25.964087520961186,15.80944607641484,9.851918511125827
25.964087520961186,22.255674790475947,6.998366749927967
25.964087520961186,15.5596457489368,9.989915132770959
36.63322015573873,15.5596457489368,5.876582705909209
25.964087520961186,15.5596457489368,9.989915132770959
25.964087520961186,22.809918426318553,6.828317907141899
25.964087520961186,15.5596457489368,9.989915132770959
2.509809969401413,15.5596457489368,0.9676215570465618
25.964087520961186,15.80944607641484,9.851918511125827
25.964087520961186,15.5596457489368,9.989915132770959
25.964087520961186,15.80944607641484,9.129790473133404
25.964087520961186,15.80944607641484,9.129790473133404
25.964087520961186,15.80944607641484,9.851918511125827
25.964087520961186,15.5596457489368,9.989915132770959
25.964087520961186,11.794535051761905,6.794445582862545
1.3283667843252225,15.5596457489368,0.5121329311175945
25.964087520961186,9.784073404465634,4.080927440733612
25.964087520961186,11.881216575185316,6.89078904796855
34.119640548444515,15.5596457489368,7.526593922379172
25.964087520961186,15.5596457489368,9.989915132770959
25.964087520961186,11.881216575185316,6.89078904796855
25.964087520961186,26.30473184569111,5.921116222151886
25.964087520961186,15.5596457489368,9.086970219910894
15.42488584127966,15.5596457489368,8.0045289427123
25.964087520961186,15.5596457489368,9.989915132770959
25.964087520961186,15.5596457489368,9.989915132770959
25.964087520961186,7.088189770535886,0.1
19.459961999694762,15.5596457489368,8.893670230819001
25.964087520961186,15.80944607641484,9.851918511125827
25.964087520961186,15.5596457489368,9.086970219910894
22.44943098835086,15.5596457489368,9.18462610200207
25.964087520961186,15.5596457489368,9.989915132770959
34.119640548444515,15.5596457489368,6.845657593260375
19.459961999694762,15.5596457489368,7.502511727890887
34.119640548444515,15.5596457489368,7.526593922379172
34.119640548444515,15.5596457489368,6.845657593260375
25.964087520961186,15.5596457489368,9.989915132770959
25.964087520961186,15.5596457489368,9.989915132770959
23.40120465283754,15.80944607641484,8.8794478571916
25.964087520961186,13.108956784686299,8.11855306191673
25.964087520961186,22.809918426318553,6.828317907141899
25.964087520961186,22.809918426318553,6.828317907141899
25.964087520961186,15.5596457489368,9.989915132770959
25.964087520961186,15.5596457489368,9.086970219910894
25.964087520961186,15.80944607641484,9.851918511125827
25.964087520961186,15.5596457489368,9.989915132770959
39.15967360391219,16.152149378524072,5.456359156513933
29.734304076979825,0.4499047103242102,0.1
25.964087520961186,16.152149378524072,9.179074008551757
25.964087520961186,16.152149378524072,9.179074008551757
29.734304076979825,16.152149378524072,8.95687835397598
25.964087520961186,15.5596457489368,9.086970219910894
25.964087520961186,30.048205688970995,5.183450088936433
25.964087520961186,15.5596457489368,9.989915132770959
25.964087520961186,26.771643150093954,5.817848892488705
25.964087520961186,20.550367806997826,7.5791039807005145
25.964087520961186,15.5596457489368,9.989915132770959
25.964087520961186,15.5596457489368,9.989915132770959
25.964087520961186,15.5596457489368,9.989915132770959
25.964087520961186,15.5596457489368,9.989915132770959
25.964087520961186,15.5596457489368,9.989915132770959
25.964087520961186,30.992260360264723,5.0255571113673545
25.964087520961186,15.5596457489368,9.989915132770959
25.964087520961186,16.152149378524072,9.179074008551757
25.964087520961186,15.80944607641484,9.851918511125827
25.964087520961186,15.5596457489368,9.989915132770959
29.734304076979825,16.152149378524072,8.95687835397598
25.964087520961186,15.5596457489368,9.989915132770959
25.964087520961186,15.5596457489368,9.989915132770959
16.8402387961954,15.5596457489368,6.492514685841671
25.964087520961186,15.80944607641484,9.851918511125827
25.964087520961186,15.5596457489368,9.989915132770959
25.964087520961186,15.80944607641484,9.129790473133404
25.964087520961186,15.5596457489368,9.989915132770959
25.964087520961186,11.794535051761905,6.794445582862545
1.3283667843252225,15.5596457489368,0.5121329311175945
25.964087520961186,9.784073404465634,4.080927440733612
25.964087520961186,15.80944607641484,9.851918511125827
25.964087520961186,11.881216575185316,6.89078904796855
25.964087520961186,15.80944607641484,9.129790473133404
25.964087520961186,11.881216575185316,6.89078904796855
25.964087520961186,22.809918426318553,6.828317907141899
25.964087520961186,22.809918426318553,6.828317907141899
25.964087520961186,16.152149378524072,9.179074008551757
25.964087520961186,26.30473184569111,5.921116222151886
25.964087520961186,15.5596457489368,9.989915132770959
25.964087520961186,15.5596457489368,9.989915132770959
25.964087520961186,7.088189770535886,0.1
25.964087520961186,15.5596457489368,9.989915132770959
34.119640548444515,15.5596457489368,7.526593922379172
25.964087520961186,15.5596457489368,9.086970219910894
15.42488584127966,15.5596457489368,8.0045289427123
25.964087520961186,15.5596457489368,9.989915132770959
25.964087520961186,15.5596457489368,9.086970219910894
25.964087520961186,15.5596457489368,9.086970219910894
25.964087520961186,15.80944607641484,9.851918511125827
34.119640548444515,15.5596457489368,6.845657593260375
19.459961999694762,15.5596457489368,7.502511727890887
25.964087520961186,15.5596457489368,9.989915132770959
19.459961999694762,15.5596457489368,8.893670230819001
25.964087520961186,15.5596457489368,9.989915132770959
34.119640548444515,15.5596457489368,6.845657593260375
22.44943098835086,15.5596457489368,9.18462610200207
34.119640548444515,15.5596457489368,7.526593922379172
25.964087520961186,22.809918426318553,6.828317907141899
25.964087520961186,15.5596457489368,9.989915132770959
25.964087520961186,15.5596457489368,9.989915132770959
25.964087520961186,13.108956784686299,8.11855306191673
25.964087520961186,15.5596457489368,9.989915132770959
23.40120465283754,15.80944607641484,8.8794478571916
25.964087520961186,22.255674790475947,6.998366749927967
25.964087520961186,15.80944607641484,9.851918511125827
25.964087520961186,15.5596457489368,9.989915132770959
39.15967360391219,16.152149378524072,5.456359156513933
29.734304076979825,0.4499047103242102,0.1
25.964087520961186,15.5596457489368,9.086970219910894
25.964087520961186,26.771643150093954,5.817848892488705
25.964087520961186,15.5596457489368,9.989915132770959
25.964087520961186,15.5596457489368,9.989915132770959
36.63322015573873,15.5596457489368,5.876582705909209
25.964087520961186,20.550367806997826,7.5791039807005145
25.964087520961186,15.5596457489368,9.989915132770959
2.509809969401413,15.5596457489368,0.9676215570465618
25.964087520961186,15.5596457489368,9.989915132770959
25.964087520961186,15.5596457489368,9.989915132770959
25.964087520961186,15.5596457489368,9.989915132770959
25.964087520961186,30.992260360264723,5.0255571113673545
34.119640548444515,15.5596457489368,7.526593922379172
25.964087520961186,15.5596457489368,9.989915132770959
25.964087520961186,15.5596457489368,9.989915132770959
25.964087520961186,15.5596457489368,9.989915132770959
25.964087520961186,15.5596457489368,9.989915132770959
25.964087520961186,15.80944607641484,9.851918511125827
29.734304076979825,0.4499047103242102,0.1
25.964087520961186,15.80944607641484,9.851918511125827
25.964087520961186,15.5596457489368,9.989915132770959
25.964087520961186,22.809918426318553,6.828317907141899
25.964087520961186,15.5596457489368,9.989915132770959
25.964087520961186,15.80944607641484,9.129790473133404
25.964087520961186,15.5596457489368,9.989915132770959
16.8402387961954,15.5596457489368,6.492514685841671
25.964087520961186,11.794535051761905,6.794445582862545
25.964087520961186,15.5596457489368,9.989915132770959
1.3283667843252225,15.5596457489368,0.5121329311175945
34.119640548444515,15.5596457489368,7.526593922379172
25.964087520961186,9.784073404465634,4.080927440733612
25.964087520961186,11.881216575185316,6.89078904796855
25.964087520961186,26.30473184569111,5.921116222151886
25.964087520961186,15.5596457489368,9.086970219910894
15.42488584127966,15.5596457489368,8.0045289427123
25.964087520961186,15.5596457489368,9.989915132770959
25.964087520961186,15.5596457489368,9.086970219910894
25.964087520961186,11.881216575185316,6.89078904796855
25.964087520961186,15.5596457489368,9.989915132770959
25.964087520961186,7.088189770535886,0.1
25.964087520961186,15.5596457489368,9.989915132770959
34.119640548444515,15.5596457489368,6.845657593260375
19.459961999694762,15.5596457489368,7.502511727890887
25.964087520961186,15.5596457489368,9.989915132770959
22.44943098835086,15.5596457489368,9.18462610200207
19.459961999694762,15.5596457489368,8.893670230819001
25.964087520961186,15.80944607641484,9.851918511125827
34.119640548444515,15.5596457489368,6.845657593260375
25.964087520961186,15.80944607641484,9.851918511125827
25.964087520961186,16.152149378524072,9.179074008551757
25.964087520961186,15.5596457489368,9.989915132770959
25.964087520961186,15.5596457489368,9.989915132770959
25.964087520961186,15.5596457489368,9.989915132770959
25.964087520961186,15.5596457489368,9.989915132770959
23.40120465283754,15.80944607641484,8.8794478571916
25.964087520961186,13.108956784686299,8.11855306191673
25.964087520961186,15.80944607641484,9.129790473133404
25.964087520961186,22.809918426318553,6.828317907141899
25.964087520961186,22.255674790475947,6.998366749927967
25.964087520961186,15.5596457489368,9.989915132770959
25.964087520961186,15.5596457489368,9.989915132770959
25.964087520961186,15.80944607641484,9.851918511125827
25.964087520961186,15.5596457489368,9.086970219910894
25.964087520961186,22.809918426318553,6.828317907141899
25.964087520961186,15.5596457489368,9.989915132770959
25.964087520961186,15.5596457489368,9.989915132770959
39.15967360391219,16.152149378524072,5.456359156513933
29.734304076979825,16.152149378524072,8.95687835397598
25.964087520961186,16.152149378524072,9.179074008551757
25.964087520961186,15.5596457489368,9.086970219910894
25.964087520961186,15.5596457489368,9.989915132770959
25.964087520961186,26.771643150093954,5.817848892488705
36.63322015573873,15.5596457489368,5.876582705909209
25.964087520961186,20.550367806997826,7.5791039807005145
25.964087520961186,15.5596457489368,9.989915132770959
2.509809969401413,15.5596457489368,0.9676215570465618
25.964087520961186,15.80944607641484,9.851918511125827
25.964087520961186,11.881216575185316,6.89078904796855
25.964087520961186,15.5596457489368,9.989915132770959
25.964087520961186,15.80944607641484,9.129790473133404
25.964087520961186,15.5596457489368,9.989915132770959
16.8402387961954,15.5596457489368,6.492514685841671
25.964087520961186,15.5596457489368,9.989915132770959
25.964087520961186,15.5596457489368,9.989915132770959
25.964087520961186,15.5596457489368,9.989915132770959
25.964087520961186,15.80944607641484,9.851918511125827
25.964087520961186,11.881216575185316,6.89078904796855
1.3283667843252225,15.5596457489368,0.5121329311175945
25.964087520961186,11.794535051761905,6.794445582862545
25.964087520961186,7.088189770535886,0.1
25.964087520961186,9.784073404465634,4.080927440733612
25.964087520961186,15.5596457489368,9.989915132770959
25.964087520961186,15.80944607641484,9.851918511125827
34.119640548444515,15.5596457489368,6.845657593260375
25.964087520961186,15.5596457489368,9.989915132770959
34.119640548444515,15.5596457489368,7.526593922379172
34.119640548444515,15.5596457489368,6.845657593260375
25.964087520961186,26.30473184569111,5.921116222151886
25.964087520961186,15.5596457489368,9.086970219910894
25.964087520961186,15.5596457489368,9.989915132770959
25.964087520961186,22.809918426318553,6.828317907141899
15.42488584127966,15.5596457489368,8.0045289427123
25.964087520961186,15.5596457489368,9.989915132770959
25.964087520961186,15.5596457489368,9.989915132770959
25.964087520961186,15.5596457489368,9.989915132770959
25.964087520961186,15.5596457489368,9.086970219910894
19.459961999694762,15.5596457489368,7.502511727890887
22.44943098835086,15.5596457489368,9.18462610200207
34.119640548444515,15.5596457489368,7.526593922379172
19.459961999694762,15.5596457489368,8.893670230819001
23.40120465283754,15.80944607641484,8.8794478571916
25.964087520961186,15.80944607641484,9.851918511125827
25.964087520961186,15.5596457489368,9.989915132770959
25.964087520961186,15.5596457489368,9.989915132770959
25.964087520961186,13.108956784686299,8.11855306191673
25.964087520961186,15.80944607641484,9.129790473133404
25.964087520961186,22.809918426318553,6.828317907141899
25.964087520961186,22.255674790475947,6.998366749927967
25.964087520961186,15.5596457489368,9.989915132770959
25.964087520961186,15.5596457489368,9.989915132770959
25.964087520961186,15.80944607641484,9.851918511125827
25.964087520961186,15.5596457489368,9.989915132770959
25.964087520961186,15.5596457489368,9.086970219910894
25.964087520961186,15.5596457489368,9.989915132770959
25.964087520961186,22.809918426318553,6.828317907141899
39.15967360391219,16.152149378524072,5.456359156513933
29.734304076979825,0.4499047103242102,0.1
25.964087520961186,15.5596457489368,9.989915132770959
25.964087520961186,16.152149378524072,9.179074008551757
29.734304076979825,16.152149378524072,8.95687835397598
25.964087520961186,15.5596457489368,9.086970219910894
25.964087520961186,15.5596457489368,9.989915132770959
25.964087520961186,16.152149378524072,9.179074008551757
25.964087520961186,26.771643150093954,5.817848892488705
36.63322015573873,15.5596457489368,5.876582705909209
25.964087520961186,20.550367806997826,7.5791039807005145
25.964087520961186,15.5596457489368,9.989915132770959
2.509809969401413,15.5596457489368,0.9676215570465618
25.964087520961186,15.5596457489368,9.989915132770959
25.964087520961186,15.5596457489368,9.989915132770959
29.734304076979825,16.152149378524072,8.95687835397598
25.964087520961186,15.5596457489368,9.086970219910894
25.964087520961186,15.80944607641484,9.851918511125827
25.964087520961186,15.5596457489368,9.989915132770959
25.964087520961186,17.388241557720406,8.957396521888219
25.964087520961186,15.5596457489368,9.989915132770959
25.964087520961186,15.80944607641484,9.129790473133404
25.964087520961186,15.5596457489368,9.989915132770959
23.40120465283754,15.80944607641484,8.8794478571916
25.964087520961186,11.794535051761905,6.794445582862545
34.119640548444515,15.5596457489368,7.526593922379172
1.3283667843252225,15.5596457489368,0.5121329311175945
25.964087520961186,26.30473184569111,5.921116222151886
16.8402387961954,15.5596457489368,6.492514685841671
25.964087520961186,15.5596457489368,9.989915132770959
25.964087520961186,15.80944607641484,9.851918511125827
25.964087520961186,15.5596457489368,9.989915132770959
25.964087520961186,9.784073404465634,4.080927440733612
29.734304076979825,0.4499047103242102,0.1
25.964087520961186,11.881216575185316,6.89078904796855
25.964087520961186,15.5596457489368,9.989915132770959
15.42488584127966,15.5596457489368,8.0045289427123
25.964087520961186,15.5596457489368,9.989915132770959
25.964087520961186,11.881216575185316,6.89078904796855
25.964087520961186,15.5596457489368,9.989915132770959
25.964087520961186,7.088189770535886,0.1
25.964087520961186,15.5596457489368,9.989915132770959
25.964087520961186,15.5596457489368,9.086970219910894
34.119640548444515,15.5596457489368,6.845657593260375
25.964087520961186,13.108956784686299,8.11855306191673
19.459961999694762,15.5596457489368,8.893670230819001
19.459961999694762,15.5596457489368,7.502511727890887
34.119640548444515,15.5596457489368,7.526593922379172
22.44943098835086,15.5596457489368,9.18462610200207
25.964087520961186,15.80944607641484,9.851918511125827
34.119640548444515,15.5596457489368,6.845657593260375
25.964087520961186,15.80944607641484,9.851918511125827
25.964087520961186,15.5596457489368,9.989915132770959
25.964087520961186,15.5596457489368,9.989915132770959
25.964087520961186,15.80944607641484,9.129790473133404
25.964087520961186,22.809918426318553,6.828317907141899
25.964087520961186,22.809918426318553,6.828317907141899
25.964087520961186,15.5596457489368,9.989915132770959
25.964087520961186,15.80944607641484,9.851918511125827
25.964087520961186,15.5596457489368,9.989915132770959
25.964087520961186,15.5596457489368,9.989915132770959
25.964087520961186,22.255674790475947,6.998366749927967
25.964087520961186,15.5596457489368,9.086970219910894
25.964087520961186,22.809918426318553,6.828317907141899
25.964087520961186,15.5596457489368,9.989915132770959
39.15967360391219,16.152149378524072,5.456359156513933
25.964087520961186,16.152149378524072,9.179074008551757
25.964087520961186,15.5596457489368,9.086970219910894
25.964087520961186,15.5596457489368,9.989915132770959
25.964087520961186,16.152149378524072,9.179074008551757
25.964087520961186,26.771643150093954,5.817848892488705
25.964087520961186,15.5596457489368,9.989915132770959
36.63322015573873,15.5596457489368,5.876582705909209
25.964087520961186,20.550367806997826,7.5791039807005145
25.964087520961186,15.5596457489368,9.989915132770959
2.509809969401413,15.5596457489368,0.9676215570465618
25.964087520961186,15.5596457489368,9.989915132770959
25.964087520961186,15.5596457489368,9.989915132770959
25.964087520961186,15.5596457489368,9.989915132770959
25.964087520961186,15.5596457489368,9.989915132770959
25.964087520961186,15.5596457489368,9.989915132770959
16.8402387961954,15.5596457489368,6.492514685841671
23.40120465283754,15.80944607641484,8.8794478571916
25.964087520961186,15.5596457489368,9.086970219910894
25.964087520961186,15.80944607641484,9.851918511125827
29.734304076979825,16.152149378524072,8.95687835397598
25.964087520961186,15.5596457489368,9.989915132770959
25.964087520961186,15.80944607641484,9.129790473133404
25.964087520961186,15.5596457489368,9.989915132770959
1.3283667843252225,15.5596457489368,0.5121329311175945
25.964087520961186,15.80944607641484,9.851918511125827
25.964087520961186,11.794535051761905,6.794445582862545
34.119640548444515,15.5596457489368,7.526593922379172
25.964087520961186,15.5596457489368,9.989915132770959
25.964087520961186,9.784073404465634,4.080927440733612
25.964087520961186,11.881216575185316,6.89078904796855
25.964087520961186,15.5596457489368,9.086970219910894
25.964087520961186,26.30473184569111,5.921116222151886
25.964087520961186,15.5596457489368,9.989915132770959
25.964087520961186,11.881216575185316,6.89078904796855
25.964087520961186,7.088189770535886,0.1
15.42488584127966,15.5596457489368,8.0045289427123
25.964087520961186,15.5596457489368,9.086970219910894
39.15967360391219,16.152149378524072,5.456359156513933
34.119640548444515,15.5596457489368,6.845657593260375
25.964087520961186,15.5596457489368,9.989915132770959
25.964087520961186,15.5596457489368,9.989915132770959
25.964087520961186,15.5596457489368,9.989915132770959
25.964087520961186,15.5596457489368,9.989915132770959
25.964087520961186,30.992260360264723,5.0255571113673545
19.459961999694762,15.5596457489368,7.502511727890887
25.964087520961186,13.108956784686299,8.11855306191673
22.44943098835086,15.5596457489368,9.18462610200207
34.119640548444515,15.5596457489368,7.526593922379172
19.459961999694762,15.5596457489368,8.893670230819001
25.964087520961186,22.809918426318553,6.828317907141899
25.964087520961186,15.80944607641484,9.851918511125827
25.964087520961186,17.388241557720406,8.957396521888219
25.964087520961186,15.80944607641484,9.851918511125827
25.964087520961186,16.152149378524072,9.179074008551757
34.119640548444515,15.5596457489368,6.845657593260375
25.964087520961186,15.80944607641484,9.851918511125827
25.964087520961186,15.5596457489368,9.989915132770959
25.964087520961186,15.5596457489368,9.989915132770959
25.964087520961186,15.80944607641484,9.129790473133404
25.964087520961186,22.809918426318553,6.828317907141899
25.964087520961186,15.5596457489368,9.989915132770959
25.964087520961186,15.5596457489368,9.989915132770959
25.964087520961186,15.5596457489368,9.989915132770959
25.964087520961186,22.255674790475947,6.998366749927967
25.964087520961186,15.5596457489368,9.086970219910894
25.964087520961186,22.809918426318553,6.828317907141899
29.734304076979825,0.4499047103242102,0.1
25.964087520961186,16.152149378524072,9.179074008551757
25.964087520961186,15.5596457489368,9.086970219910894
25.964087520961186,15.5596457489368,9.989915132770959
25.964087520961186,26.771643150093954,5.817848892488705
36.63322015573873,15.5596457489368,5.876582705909209
25.964087520961186,20.550367806997826,7.5791039807005145
25.964087520961186,15.5596457489368,9.989915132770959
2.509809969401413,15.5596457489368,0.9676215570465618
25.964087520961186,15.5596457489368,9.989915132770959
25.964087520961186,15.5596457489368,9.989915132770959
25.964087520961186,15.5596457489368,9.086970219910894
29.734304076979825,0.4499047103242102,0.1
25.964087520961186,15.5596457489368,9.989915132770959
25.964087520961186,15.5596457489368,9.989915132770959
25.964087520961186,15.80944607641484,9.851918511125827
25.964087520961186,15.5596457489368,9.989915132770959
25.964087520961186,15.5596457489368,9.989915132770959
25.964087520961186,11.881216575185316,6.89078904796855
15.42488584127966,15.5596457489368,8.0045289427123
25.964087520961186,15.5596457489368,9.989915132770959
25.964087520961186,15.80944607641484,9.129790473133404
16.8402387961954,15.5596457489368,6.492514685841671
25.964087520961186,15.80944607641484,9.851918511125827
25.964087520961186,11.794535051761905,6.794445582862545
25.964087520961186,15.80944607641484,9.851918511125827
39.15967360391219,16.152149378524072,5.456359156513933
25.964087520961186,15.5596457489368,9.989915132770959
1.3283667843252225,15.5596457489368,0.5121329311175945
25.964087520961186,9.784073404465634,4.080927440733612
34.119640548444515,15.5596457489368,7.526593922379172
29.734304076979825,16.152149378524072,8.95687835397598
25.964087520961186,15.5596457489368,9.086970219910894
19.459961999694762,15.5596457489368,7.502511727890887
25.964087520961186,26.30473184569111,5.921116222151886
25.964087520961186,15.5596457489368,9.989915132770959
25.964087520961186,15.5596457489368,9.989915132770959
25.964087520961186,11.881216575185316,6.89078904796855
25.964087520961186,15.5596457489368,9.989915132770959
23.40120465283754,15.80944607641484,8.8794478571916
25.964087520961186,7.088189770535886,0.1
25.964087520961186,15.5596457489368,9.989915132770959
25.964087520961186,15.5596457489368,9.086970219910894
34.119640548444515,15.5596457489368,6.845657593260375
25.964087520961186,15.5596457489368,9.989915132770959
22.44943098835086,15.5596457489368,9.18462610200207
25.964087520961186,15.5596457489368,9.989915132770959
34.119640548444515,15.5596457489368,6.845657593260375
34.119640548444515,15.5596457489368,7.526593922379172
19.459961999694762,15.5596457489368,8.893670230819001
25.964087520961186,15.80944607641484,9.851918511125827
25.964087520961186,15.5596457489368,9.989915132770959
25.964087520961186,15.80944607641484,9.851918511125827
25.964087520961186,13.108956784686299,8.11855306191673
25.964087520961186,15.5596457489368,9.989915132770959
25.964087520961186,15.5596457489368,9.989915132770959
25.964087520961186,15.80944607641484,9.129790473133404
25.964087520961186,22.809918426318553,6.828317907141899
25.964087520961186,22.809918426318553,6.828317907141899
25.964087520961186,15.5596457489368,9.989915132770959
25.964087520961186,22.255674790475947,6.998366749927967
25.964087520961186,22.809918426318553,6.828317907141899
25.964087520961186,16.152149378524072,9.179074008551757
25.964087520961186,15.5596457489368,9.989915132770959
25.964087520961186,15.5596457489368,9.989915132770959
25.964087520961186,15.5596457489368,9.086970219910894
25.964087520961186,15.5596457489368,9.989915132770959
25.964087520961186,17.388241557720406,8.957396521888219
25.964087520961186,16.152149378524072,9.179074008551757
25.964087520961186,26.771643150093954,5.817848892488705
25.964087520961186,20.550367806997826,7.5791039807005145
36.63322015573873,15.5596457489368,5.876582705909209
2.509809969401413,15.5596457489368,0.9676215570465618
25.964087520961186,15.5596457489368,9.989915132770959
25.964087520961186,30.992260360264723,5.0255571113673545
25.964087520961186,15.80944607641484,9.851918511125827
25.964087520961186,15.5596457489368,9.989915132770959
25.964087520961186,15.5596457489368,9.989915132770959
25.964087520961186,11.881216575185316,6.89078904796855
25.964087520961186,15.80944607641484,9.851918511125827
25.964087520961186,15.5596457489368,9.989915132770959
25.964087520961186,15.5596457489368,9.086970219910894
25.964087520961186,15.80944607641484,9.129790473133404
16.8402387961954,15.5596457489368,6.492514685841671
25.964087520961186,11.794535051761905,6.794445582862545
25.964087520961186,15.5596457489368,9.989915132770959
25.964087520961186,15.5596457489368,9.989915132770959
1.3283667843252225,15.5596457489368,0.5121329311175945
25.964087520961186,9.784073404465634,4.080927440733612
25.964087520961186,11.881216575185316,6.89078904796855
34.119640548444515,15.5596457489368,7.526593922379172
25.964087520961186,26.30473184569111,5.921116222151886
25.964087520961186,15.5596457489368,9.989915132770959
25.964087520961186,15.5596457489368,9.086970219910894
15.42488584127966,15.5596457489368,8.0045289427123
25.964087520961186,15.80944607641484,9.851918511125827
25.964087520961186,22.809918426318553,6.828317907141899
25.964087520961186,15.5596457489368,9.989915132770959
25.964087520961186,7.088189770535886,0.1
25.964087520961186,15.5596457489368,9.086970219910894
34.119640548444515,15.5596457489368,6.845657593260375
19.459961999694762,15.5596457489368,7.502511727890887
25.964087520961186,15.5596457489368,9.989915132770959
36.63322015573873,15.5596457489368,5.876582705909209
22.44943098835086,15.5596457489368,9.18462610200207
34.119640548444515,15.5596457489368,7.526593922379172
19.459961999694762,15.5596457489368,8.893670230819001
25.964087520961186,15.80944607641484,9.851918511125827
34.119640548444515,15.5596457489368,6.845657593260375
25.964087520961186,15.5596457489368,9.989915132770959
25.964087520961186,15.5596457489368,9.989915132770959
29.734304076979825,0.4499047103242102,0.1
25.964087520961186,15.5596457489368,9.989915132770959
23.40120465283754,15.80944607641484,8.8794478571916
25.964087520961186,13.108956784686299,8.11855306191673
25.964087520961186,15.80944607641484,9.129790473133404
25.964087520961186,22.809918426318553,6.828317907141899
25.964087520961186,15.5596457489368,9.989915132770959
25.964087520961186,22.255674790475947,6.998366749927967
25.964087520961186,15.80944607641484,9.851918511125827
25.964087520961186,15.5596457489368,9.086970219910894
25.964087520961186,22.809918426318553,6.828317907141899
25.964087520961186,15.5596457489368,9.989915132770959
39.15967360391219,16.152149378524072,5.456359156513933
25.964087520961186,16.152149378524072,9.179074008551757
29.734304076979825,16.152149378524072,8.95687835397598
25.964087520961186,15.5596457489368,9.989915132770959
25.964087520961186,16.152149378524072,9.179074008551757
25.964087520961186,15.5596457489368,9.989915132770959
25.964087520961186,15.5596457489368,9.989915132770959
25.964087520961186,26.771643150093954,5.817848892488705
25.964087520961186,20.550367806997826,7.5791039807005145
25.964087520961186,15.5596457489368,9.989915132770959
25.964087520961186,15.5596457489368,9.989915132770959
2.509809969401413,15.5596457489368,0.9676215570465618
25.964087520961186,15.5596457489368,9.989915132770959
25.964087520961186,15.5596457489368,9.989915132770959
25.964087520961186,15.5596457489368,9.989915132770959
25.964087520961186,30.992260360264723,5.0255571113673545
25.964087520961186,15.5596457489368,9.989915132770959
25.964087520961186,15.5596457489368,9.989915132770959
25.964087520961186,20.550367806997826,7.5791039807005145
25.964087520961186,30.048205688970995,5.183450088936433
25.964087520961186,15.80944607641484,9.129790473133404
16.8402387961954,15.5596457489368,6.492514685841671
25.964087520961186,15.5596457489368,9.989915132770959
25.964087520961186,15.5596457489368,9.989915132770959
25.964087520961186,15.80944607641484,9.851918511125827
25.964087520961186,15.5596457489368,9.989915132770959
25.964087520961186,11.881216575185316,6.89078904796855
22.44943098835086,15.5596457489368,9.18462610200207
25.964087520961186,15.5596457489368,9.086970219910894
25.964087520961186,15.80944607641484,9.129790473133404
25.964087520961186,15.5596457489368,9.989915132770959
25.964087520961186,15.80944607641484,9.851918511125827
25.964087520961186,11.794535051761905,6.794445582862545
25.964087520961186,15.5596457489368,9.989915132770959
25.964087520961186,9.784073404465634,4.080927440733612
36.63322015573873,15.5596457489368,5.876582705909209
25.964087520961186,11.881216575185316,6.89078904796855
1.3283667843252225,15.5596457489368,0.5121329311175945
34.119640548444515,15.5596457489368,7.526593922379172
25.964087520961186,26.30473184569111,5.921116222151886
25.964087520961186,15.5596457489368,9.989915132770959
25.964087520961186,15.5596457489368,9.989915132770959
25.964087520961186,15.5596457489368,9.086970219910894
23.40120465283754,15.80944607641484,8.8794478571916
15.42488584127966,15.5596457489368,8.0045289427123
25.964087520961186,7.088189770535886,0.1
25.964087520961186,15.5596457489368,9.086970219910894
34.119640548444515,15.5596457489368,6.845657593260375
19.459961999694762,15.5596457489368,7.502511727890887
25.964087520961186,15.5596457489368,9.989915132770959
34.119640548444515,15.5596457489368,7.526593922379172
19.459961999694762,15.5596457489368,8.893670230819001
25.964087520961186,15.80944607641484,9.851918511125827
25.964087520961186,15.5596457489368,9.989915132770959
34.119640548444515,15.5596457489368,6.845657593260375
25.964087520961186,15.80944607641484,9.851918511125827
25.964087520961186,15.5596457489368,9.989915132770959
25.964087520961186,15.5596457489368,9.989915132770959
25.964087520961186,13.108956784686299,8.11855306191673
25.964087520961186,22.809918426318553,6.828317907141899
25.964087520961186,22.809918426318553,6.828317907141899
25.964087520961186,15.5596457489368,9.989915132770959
25.964087520961186,22.255674790475947,6.998366749927967
25.964087520961186,15.80944607641484,9.851918511125827
25.964087520961186,26.771643150093954,5.817848892488705
25.964087520961186,15.5596457489368,9.086970219910894
25.964087520961186,15.5596457489368,9.989915132770959
25.964087520961186,22.809918426318553,6.828317907141899
25.964087520961186,15.5596457489368,9.989915132770959
39.15967360391219,16.152149378524072,5.456359156513933
29.734304076979825,16.152149378524072,8.95687835397598
29.734304076979825,0.4499047103242102,0.1
25.964087520961186,16.152149378524072,9.179074008551757
25.964087520961186,16.152149378524072,9.179074008551757
25.964087520961186,15.5596457489368,9.989915132770959
2.509809969401413,15.5596457489368,0.9676215570465618
25.964087520961186,15.5596457489368,9.989915132770959
25.964087520961186,15.5596457489368,9.989915132770959
25.964087520961186,15.5596457489368,9.989915132770959
25.964087520961186,30.992260360264723,5.0255571113673545
16.8402387961954,15.5596457489368,6.492514685841671
34.119640548444515,15.5596457489368,6.845657593260375
25.964087520961186,15.80944607641484,9.851918511125827
25.964087520961186,11.794535051761905,6.794445582862545
25.964087520961186,11.881216575185316,6.89078904796855
25.964087520961186,15.5596457489368,9.989915132770959
34.119640548444515,15.5596457489368,7.526593922379172
23.14919973361781,15.5596457489368,8.924844894120575
25.964087520961186,15.5596457489368,9.989915132770959
25.964087520961186,9.784073404465634,4.080927440733612
25.964087520961186,15.5596457489368,9.989915132770959
25.964087520961186,15.5596457489368,9.989915132770959
1.3283667843252225,15.5596457489368,0.5121329311175945
25.964087520961186,15.80944607641484,9.851918511125827
25.964087520961186,15.5596457489368,9.086970219910894
25.964087520961186,15.80944607641484,9.129790473133404
25.964087520961186,26.30473184569111,5.921116222151886
25.964087520961186,15.80944607641484,9.129790473133404
25.964087520961186,15.5596457489368,9.989915132770959
25.964087520961186,15.5596457489368,9.989915132770959
15.42488584127966,15.5596457489368,8.0045289427123
25.964087520961186,11.881216575185316,6.89078904796855
25.964087520961186,30.992260360264723,5.0255571113673545
25.964087520961186,30.048205688970995,5.183450088936433
19.459961999694762,15.5596457489368,7.502511727890887
25.964087520961186,15.5596457489368,9.989915132770959
22.44943098835086,15.5596457489368,9.18462610200207
25.964087520961186,7.088189770535886,0.1
25.964087520961186,15.80944607641484,9.851918511125827
25.964087520961186,15.5596457489368,9.086970219910894
34.119640548444515,15.5596457489368,6.845657593260375
25.964087520961186,15.5596457489368,9.989915132770959
34.119640548444515,15.5596457489368,7.526593922379172
19.459961999694762,15.5596457489368,8.893670230819001
25.964087520961186,15.80944607641484,9.851918511125827
25.964087520961186,15.5596457489368,9.989915132770959
25.964087520961186,22.809918426318553,6.828317907141899
25.964087520961186,15.5596457489368,9.989915132770959
25.964087520961186,15.5596457489368,9.989915132770959
25.964087520961186,15.5596457489368,9.989915132770959
39.15967360391219,16.152149378524072,5.456359156513933
23.40120465283754,15.80944607641484,8.8794478571916
25.964087520961186,13.108956784686299,8.11855306191673
25.964087520961186,22.809918426318553,6.828317907141899
25.964087520961186,16.152149378524072,9.179074008551757
25.964087520961186,22.255674790475947,6.998366749927967
25.964087520961186,15.80944607641484,9.851918511125827
25.964087520961186,15.5596457489368,9.086970219910894
25.964087520961186,22.809918426318553,6.828317907141899
29.734304076979825,0.4499047103242102,0.1
25.964087520961186,15.5596457489368,9.989915132770959
36.63322015573873,15.5596457489368,5.876582705909209
29.734304076979825,16.152149378524072,8.95687835397598
25.964087520961186,15.5596457489368,9.086970219910894
25.964087520961186,15.5596457489368,9.989915132770959
25.964087520961186,15.5596457489368,9.989915132770959
25.964087520961186,16.152149378524072,9.179074008551757
25.964087520961186,26.771643150093954,5.817848892488705
25.964087520961186,20.550367806997826,7.5791039807005145
25.964087520961186,15.5596457489368,9.989915132770959
25.964087520961186,15.5596457489368,9.989915132770959
2.509809969401413,15.5596457489368,0.9676215570465618
25.964087520961186,15.5596457489368,9.989915132770959
25.964087520961186,15.5596457489368,9.989915132770959
25.964087520961186,15.5596457489368,9.989915132770959
25.964087520961186,15.5596457489368,9.989915132770959
25.964087520961186,15.5596457489368,9.989915132770959
25.964087520961186,15.5596457489368,9.989915132770959
25.964087520961186,15.5596457489368,9.086970219910894
25.964087520961186,15.80944607641484,9.851918511125827
25.964087520961186,15.5596457489368,9.989915132770959
25.964087520961186,11.881216575185316,6.89078904796855
25.964087520961186,15.80944607641484,9.129790473133404
25.964087520961186,30.048205688970995,5.183450088936433
16.8402387961954,15.5596457489368,6.492514685841671
25.964087520961186,15.5596457489368,9.989915132770959
25.964087520961186,15.5596457489368,9.989915132770959
25.964087520961186,15.5596457489368,9.989915132770959
25.964087520961186,15.80944607641484,9.851918511125827
25.964087520961186,11.794535051761905,6.794445582862545
25.964087520961186,9.784073404465634,4.080927440733612
25.964087520961186,26.30473184569111,5.921116222151886
25.964087520961186,15.5596457489368,9.086970219910894
25.964087520961186,15.5596457489368,9.989915132770959
1.3283667843252225,15.5596457489368,0.5121329311175945
34.119640548444515,15.5596457489368,7.526593922379172
25.964087520961186,15.5596457489368,9.989915132770959
25.964087520961186,11.881216575185316,6.89078904796855
25.964087520961186,15.5596457489368,9.989915132770959
25.964087520961186,15.5596457489368,9.086970219910894
15.42488584127966,15.5596457489368,8.0045289427123
25.964087520961186,7.088189770535886,0.1
25.964087520961186,15.5596457489368,9.086970219910894
34.119640548444515,15.5596457489368,6.845657593260375
34.119640548444515,15.5596457489368,7.526593922379172
19.459961999694762,15.5596457489368,7.502511727890887
25.964087520961186,15.5596457489368,9.989915132770959
22.44943098835086,15.5596457489368,9.18462610200207
19.459961999694762,15.5596457489368,8.893670230819001
25.964087520961186,15.80944607641484,9.851918511125827
34.119640548444515,15.5596457489368,6.845657593260375
25.964087520961186,15.80944607641484,9.851918511125827
25.964087520961186,15.5596457489368,9.989915132770959
25.964087520961186,15.5596457489368,9.989915132770959
25.964087520961186,15.5596457489368,9.989915132770959
23.40120465283754,15.80944607641484,8.8794478571916
25.964087520961186,15.5596457489368,9.989915132770959
25.964087520961186,13.108956784686299,8.11855306191673
25.964087520961186,15.80944607641484,9.129790473133404
25.964087520961186,22.809918426318553,6.828317907141899
25.964087520961186,30.992260360264723,5.0255571113673545
25.964087520961186,22.809918426318553,6.828317907141899
25.964087520961186,15.5596457489368,9.989915132770959
25.964087520961186,22.255674790475947,6.998366749927967
25.964087520961186,15.80944607641484,9.851918511125827
25.964087520961186,15.5596457489368,9.086970219910894
39.15967360391219,16.152149378524072,5.456359156513933
29.734304076979825,0.4499047103242102,0.1
25.964087520961186,22.809918426318553,6.828317907141899
25.964087520961186,16.152149378524072,9.179074008551757
25.964087520961186,26.771643150093954,5.817848892488705
25.964087520961186,20.550367806997826,7.5791039807005145
25.964087520961186,15.5596457489368,9.989915132770959
29.734304076979825,16.152149378524072,8.95687835397598
25.964087520961186,15.5596457489368,9.989915132770959
25.964087520961186,15.5596457489368,9.989915132770959
25.964087520961186,15.985941281507067,9.743146913160272
25.964087520961186,16.152149378524072,9.179074008551757
25.964087520961186,15.5596457489368,9.989915132770959
25.964087520961186,15.80944607641484,9.129790473133404
25.964087520961186,7.088189770535886,0.1
25.964087520961186,15.985941281507067,9.743146913160272
25.964087520961186,15.80944607641484,9.851918511125827
25.964087520961186,15.80944607641484,9.851918511125827
25.964087520961186,15.80944607641484,9.851918511125827
25.964087520961186,15.5596457489368,9.989915132770959
25.964087520961186,15.80944607641484,9.851918511125827
25.964087520961186,15.5596457489368,9.989915132770959
25.964087520961186,11.794535051761905,6.794445582862545
25.964087520961186,26.771643150093954,5.817848892488705
16.8402387961954,15.5596457489368,6.492514685841671
25.964087520961186,15.5596457489368,9.989915132770959
25.964087520961186,15.5596457489368,9.989915132770959
1.3283667843252225,15.5596457489368,0.5121329311175945
15.42488584127966,15.5596457489368,8.0045289427123
25.964087520961186,9.784073404465634,4.080927440733612
25.964087520961186,11.881216575185316,6.89078904796855
25.964087520961186,11.881216575185316,6.89078904796855
34.119640548444515,15.5596457489368,7.526593922379172
25.964087520961186,26.30473184569111,5.921116222151886
25.964087520961186,15.5596457489368,9.989915132770959
25.964087520961186,15.5596457489368,9.086970219910894
25.964087520961186,15.5596457489368,9.989915132770959
25.964087520961186,15.5596457489368,9.989915132770959
25.964087520961186,15.5596457489368,9.086970219910894
34.119640548444515,15.5596457489368,6.845657593260375
19.459961999694762,15.5596457489368,7.502511727890887
25.964087520961186,15.5596457489368,9.989915132770959
22.44943098835086,15.5596457489368,9.18462610200207
34.119640548444515,15.5596457489368,7.526593922379172
34.119640548444515,15.5596457489368,6.845657593260375
19.459961999694762,15.5596457489368,8.893670230819001
25.964087520961186,15.80944607641484,9.851918511125827
25.964087520961186,15.5596457489368,9.989915132770959
25.964087520961186,15.5596457489368,9.989915132770959
25.964087520961186,15.5596457489368,9.989915132770959
23.40120465283754,15.80944607641484,8.8794478571916
25.964087520961186,13.108956784686299,8.11855306191673
25.964087520961186,15.5596457489368,9.989915132770959
25.964087520961186,15.80944607641484,9.129790473133404
25.964087520961186,22.809918426318553,6.828317907141899
25.964087520961186,22.809918426318553,6.828317907141899
25.964087520961186,22.255674790475947,6.998366749927967
25.964087520961186,15.5596457489368,9.086970219910894
25.964087520961186,22.809918426318553,6.828317907141899
25.964087520961186,15.5596457489368,9.989915132770959
39.15967360391219,16.152149378524072,5.456359156513933
25.964087520961186,15.5596457489368,9.086970219910894
25.964087520961186,15.5596457489368,9.989915132770959
29.734304076979825,0.4499047103242102,0.1
25.964087520961186,16.152149378524072,9.179074008551757
29.734304076979825,16.152149378524072,8.95687835397598
25.964087520961186,15.5596457489368,9.086970219910894
25.964087520961186,16.152149378524072,9.179074008551757
6.004114691327132,20.550367806997826,5.002760546517536
36.63322015573873,15.5596457489368,5.876582705909209
25.964087520961186,20.550367806997826,7.5791039807005145
25.964087520961186,15.5596457489368,9.989915132770959
2.509809969401413,15.5596457489368,0.9676215570465618
25.964087520961186,15.5596457489368,9.989915132770959
25.964087520961186,15.5596457489368,9.989915132770959
25.964087520961186,15.5596457489368,9.989915132770959
