25.964087520961186,15.5596457489368,9.989915132770959
25.964087520961186,12.931278060104828,7.955299257588289
27.98806890193245,15.5596457489368,9.20959788199689
25.964087520961186,15.5596457489368,9.989915132770959
25.964087520961186,13.766150223397815,8.68577111804659
25.964087520961186,15.80944607641484,9.851918511125827
25.964087520961186,23.478757843851128,6.633799602463523
25.964087520961186,2.042171611682514,0.1
25.964087520961186,15.5596457489368,9.989915132770959
25.964087520961186,15.5596457489368,9.989915132770959
25.964087520961186,15.5596457489368,9.989915132770959
25.964087520961186,15.5596457489368,9.989915132770959
25.964087520961186,15.5596457489368,8.315954757890747
25.964087520961186,18.057353614635133,8.625481771849552
25.964087520961186,15.5596457489368,9.989915132770959
25.964087520961186,15.5596457489368,8.315954757890747
24.547239950789393,12.931278060104828,8.61257269215652
25.964087520961186,15.5596457489368,8.315954757890747
25.964087520961186,15.5596457489368,9.989915132770959
25.964087520961186,15.5596457489368,9.989915132770959
25.964087520961186,24.890494750475227,6.257544336192963
0.6365631475938862,12.931278060104828,0.29530067676078225
25.964087520961186,19.031954547911322,8.183782388654887
32.470695907123144,20.896309054197502,9.321513090845675
25.964087520961186,18.474863529450587,8.680259121578993
25.964087520961186,15.5596457489368,9.989915132770959
25.964087520961186,25.473307953899525,6.114375672478524
25.964087520961186,15.80944607641484,8.372991487226304
25.964087520961186,15.80944607641484,9.851918511125827
44.47892126692592,15.5596457489368,2.85178416821773
17.524025513074875,15.5596457489368,6.7561389345860805
25.964087520961186,15.5596457489368,8.315954757890747
25.964087520961186,15.5596457489368,8.315954757890747
33.63961251108854,15.5596457489368,7.030725579520379
25.964087520961186,15.5596457489368,9.989915132770959
25.964087520961186,15.5596457489368,9.989915132770959
25.964087520961186,15.5596457489368,9.989915132770959
25.964087520961186,12.931278060104828,7.4541186264923684
25.964087520961186,15.5596457489368,9.989915132770959
25.964087520961186,25.473307953899525,6.114375672478524
25.964087520961186,12.931278060104828,7.4541186264923684
25.964087520961186,15.5596457489368,8.315954757890747
25.964087520961186,15.5596457489368,9.989915132770959
31.11012598771543,15.5596457489368,8.005933152250805
25.964087520961186,15.5596457489368,8.315954757890747
29.734304076979825,16.152149378524072,8.95687835397598
24.82604325762237,29.6875631753022,5.016460036530703
25.964087520961186,18.057353614635133,8.625481771849552
25.964087520961186,15.5596457489368,9.989915132770959
25.964087520961186,15.5596457489368,8.315954757890747
25.964087520961186,15.5596457489368,9.989915132770959
23.264149710047946,15.5596457489368,8.212763993137884
32.470695907123144,26.041380768101366,7.479834503923676
25.964087520961186,15.5596457489368,9.989915132770959
25.3385175476257,15.5596457489368,9.768905256413795
22.645555114556977,13.93521759353508,9.748406190519301
25.964087520961186,32.295991632129954,4.822684382167238
25.964087520961186,15.5596457489368,9.989915132770959
25.964087520961186,17.698199119493566,8.800521081228169
25.964087520961186,15.5596457489368,9.989915132770959
25.964087520961186,15.5596457489368,9.989915132770959
25.964087520961186,15.5596457489368,8.315954757890747
25.964087520961186,12.931278060104828,7.955299257588289
36.94881120172211,13.27154692496428,3.298967425876871
25.964087520961186,25.473307953899525,6.114375672478524
36.94881120172211,13.27154692496428,3.298967425876871
25.964087520961186,15.5596457489368,9.989915132770959
25.964087520961186,15.80944607641484,8.372991487226304
25.964087520961186,18.474863529450587,8.680259121578993
25.964087520961186,15.5596457489368,9.989915132770959
17.524025513074875,15.5596457489368,6.7561389345860805
25.964087520961186,23.478757843851128,6.633799602463523
25.964087520961186,25.473307953899525,6.114375672478524
32.674832302425585,16.152149378524072,7.864785839784439
25.964087520961186,15.5596457489368,9.989915132770959
25.964087520961186,12.931278060104828,7.955299257588289
44.47892126692592,15.5596457489368,2.85178416821773
25.964087520961186,15.5596457489368,9.989915132770959
25.964087520961186,12.931278060104828,7.4541186264923684
25.964087520961186,15.5596457489368,8.315954757890747
25.964087520961186,15.5596457489368,8.315954757890747
25.964087520961186,15.5596457489368,9.989915132770959
27.98806890193245,15.5596457489368,9.20959788199689
25.964087520961186,15.5596457489368,9.989915132770959
25.964087520961186,12.931278060104828,7.4541186264923684
25.964087520961186,15.5596457489368,9.989915132770959
25.964087520961186,15.5596457489368,8.315954757890747
25.964087520961186,32.295991632129954,4.822684382167238
25.964087520961186,15.5596457489368,9.989915132770959
25.964087520961186,12.931278060104828,7.955299257588289
25.964087520961186,15.5596457489368,8.315954757890747
25.964087520961186,13.766150223397815,8.68577111804659
25.964087520961186,15.80944607641484,9.851918511125827
44.32762671627235,15.5596457489368,2.910113631587812
29.734304076979825,20.296351304783993,8.788286512844774
25.964087520961186,15.5596457489368,9.989915132770959
23.264149710047946,15.5596457489368,8.212763993137884
25.964087520961186,15.80944607641484,9.851918511125827
25.964087520961186,15.5596457489368,8.315954757890747
25.964087520961186,15.5596457489368,9.989915132770959
33.63961251108854,15.5596457489368,7.030725579520379
25.964087520961186,15.5596457489368,9.989915132770959
25.964087520961186,2.042171611682514,0.1
31.11012598771543,15.5596457489368,8.005933152250805
25.964087520961186,18.057353614635133,8.625481771849552
29.734304076979825,16.152149378524072,8.95687835397598
25.964087520961186,15.5596457489368,9.989915132770959
25.964087520961186,15.5596457489368,9.989915132770959
25.964087520961186,15.5596457489368,9.989915132770959
25.964087520961186,15.5596457489368,9.989915132770959
25.3385175476257,15.5596457489368,9.768905256413795
25.964087520961186,15.5596457489368,9.989915132770959
25.964087520961186,15.5596457489368,9.989915132770959
25.964087520961186,15.5596457489368,9.989915132770959
25.964087520961186,12.931278060104828,7.955299257588289
25.964087520961186,15.5596457489368,8.315954757890747
25.964087520961186,18.057353614635133,8.625481771849552
25.964087520961186,15.5596457489368,9.989915132770959
25.964087520961186,15.5596457489368,9.989915132770959
25.964087520961186,15.5596457489368,9.989915132770959
25.964087520961186,15.5596457489368,9.989915132770959
25.964087520961186,15.5596457489368,9.989915132770959
25.964087520961186,15.5596457489368,9.989915132770959
25.964087520961186,15.5596457489368,8.315954757890747
24.82604325762237,29.6875631753022,5.016460036530703
0.6365631475938862,12.931278060104828,0.29530067676078225
25.964087520961186,15.5596457489368,8.315954757890747
24.547239950789393,12.931278060104828,8.61257269215652
23.264149710047946,15.5596457489368,8.212763993137884
25.964087520961186,15.5596457489368,9.989915132770959
25.964087520961186,15.5596457489368,8.315954757890747
0.6365631475938862,12.931278060104828,0.29530067676078225
35.2029512192068,23.878871319697556,8.843611969490329
25.964087520961186,15.5596457489368,9.989915132770959
25.964087520961186,15.5596457489368,8.315954757890747
32.470695907123144,20.896309054197502,9.321513090845675
25.964087520961186,25.473307953899525,6.114375672478524
25.964087520961186,15.5596457489368,8.315954757890747
27.98806890193245,15.5596457489368,9.20959788199689
25.964087520961186,18.474863529450587,8.680259121578993
25.964087520961186,15.5596457489368,9.989915132770959
32.470695907123144,26.041380768101366,7.479834503923676
25.964087520961186,17.698199119493566,8.800521081228169
25.964087520961186,15.5596457489368,9.989915132770959
25.964087520961186,15.5596457489368,9.989915132770959
25.964087520961186,15.5596457489368,9.989915132770959
25.964087520961186,15.5596457489368,8.315954757890747
25.964087520961186,13.766150223397815,8.68577111804659
25.964087520961186,12.931278060104828,7.955299257588289
44.47892126692592,15.5596457489368,2.85178416821773
24.547239950789393,12.931278060104828,8.61257269215652
17.524025513074875,15.5596457489368,6.7561389345860805
25.964087520961186,15.5596457489368,8.315954757890747
25.964087520961186,15.5596457489368,9.989915132770959
25.964087520961186,15.5596457489368,9.989915132770959
25.964087520961186,12.931278060104828,7.4541186264923684
25.964087520961186,15.5596457489368,8.315954757890747
25.964087520961186,15.5596457489368,9.989915132770959
25.964087520961186,25.473307953899525,6.114375672478524
25.964087520961186,13.766150223397815,8.68577111804659
25.964087520961186,15.5596457489368,9.989915132770959
25.964087520961186,15.80944607641484,9.851918511125827
25.964087520961186,15.5596457489368,9.989915132770959
25.964087520961186,15.80944607641484,8.372991487226304
25.964087520961186,15.80944607641484,9.851918511125827
25.964087520961186,15.5596457489368,9.989915132770959
25.964087520961186,23.478757843851128,6.633799602463523
25.964087520961186,2.042171611682514,0.1
31.11012598771543,15.5596457489368,8.005933152250805
25.964087520961186,18.057353614635133,8.625481771849552
25.964087520961186,15.5596457489368,9.989915132770959
25.964087520961186,15.5596457489368,9.989915132770959
33.63961251108854,15.5596457489368,7.030725579520379
25.964087520961186,15.5596457489368,8.315954757890747
25.964087520961186,15.5596457489368,8.315954757890747
25.964087520961186,15.5596457489368,9.989915132770959
25.964087520961186,15.5596457489368,9.989915132770959
25.3385175476257,15.5596457489368,9.768905256413795
25.964087520961186,32.295991632129954,4.822684382167238
25.964087520961186,15.5596457489368,9.989915132770959
25.964087520961186,15.5596457489368,9.989915132770959
25.964087520961186,15.5596457489368,9.989915132770959
25.964087520961186,12.931278060104828,7.955299257588289
32.470695907123144,22.63414895300704,8.605811457875957
25.964087520961186,15.5596457489368,8.315954757890747
25.964087520961186,18.057353614635133,8.625481771849552
25.964087520961186,15.5596457489368,9.989915132770959
25.964087520961186,15.5596457489368,9.989915132770959
36.94881120172211,13.27154692496428,3.298967425876871
25.964087520961186,15.5596457489368,9.989915132770959
25.964087520961186,15.5596457489368,9.989915132770959
25.964087520961186,12.931278060104828,7.955299257588289
27.98806890193245,15.5596457489368,9.20959788199689
25.964087520961186,15.5596457489368,8.315954757890747
25.964087520961186,12.931278060104828,7.955299257588289
25.964087520961186,13.766150223397815,8.68577111804659
25.964087520961186,15.5596457489368,9.989915132770959
32.470695907123144,26.041380768101366,7.479834503923676
25.964087520961186,33.286721386438366,4.679144354371103
25.964087520961186,18.474863529450587,8.680259121578993
44.47892126692592,15.5596457489368,2.85178416821773
17.524025513074875,15.5596457489368,6.7561389345860805
25.964087520961186,2.042171611682514,0.1
25.964087520961186,15.5596457489368,9.989915132770959
25.964087520961186,15.5596457489368,9.989915132770959
25.964087520961186,15.5596457489368,9.989915132770959
36.94881120172211,13.27154692496428,3.298967425876871
25.964087520961186,15.5596457489368,9.989915132770959
25.964087520961186,12.931278060104828,7.955299257588289
25.964087520961186,15.5596457489368,8.315954757890747
25.964087520961186,15.5596457489368,8.315954757890747
25.964087520961186,17.698199119493566,8.800521081228169
25.964087520961186,15.5596457489368,9.989915132770959
25.964087520961186,15.5596457489368,9.989915132770959
25.964087520961186,15.5596457489368,9.989915132770959
25.964087520961186,15.5596457489368,8.315954757890747
25.964087520961186,12.931278060104828,7.4541186264923684
25.964087520961186,25.473307953899525,6.114375672478524
25.964087520961186,15.5596457489368,8.315954757890747
25.964087520961186,15.5596457489368,9.989915132770959
25.964087520961186,15.80944607641484,9.851918511125827
25.964087520961186,15.5596457489368,9.989915132770959
25.964087520961186,15.80944607641484,8.372991487226304
25.964087520961186,15.80944607641484,9.851918511125827
25.964087520961186,15.5596457489368,9.989915132770959
25.964087520961186,23.478757843851128,6.633799602463523
23.264149710047946,15.5596457489368,8.212763993137884
31.11012598771543,15.5596457489368,8.005933152250805
25.964087520961186,18.057353614635133,8.625481771849552
25.964087520961186,15.5596457489368,9.989915132770959
25.964087520961186,15.5596457489368,9.989915132770959
33.63961251108854,15.5596457489368,7.030725579520379
25.964087520961186,15.5596457489368,9.989915132770959
25.964087520961186,15.5596457489368,8.315954757890747
25.964087520961186,15.5596457489368,9.989915132770959
25.964087520961186,15.5596457489368,8.315954757890747
25.964087520961186,15.5596457489368,9.989915132770959
25.3385175476257,15.5596457489368,9.768905256413795
25.964087520961186,32.295991632129954,4.822684382167238
25.964087520961186,15.5596457489368,9.989915132770959
25.964087520961186,15.5596457489368,9.989915132770959
25.964087520961186,15.5596457489368,9.989915132770959
25.964087520961186,18.057353614635133,8.625481771849552
25.964087520961186,15.5596457489368,9.989915132770959
25.964087520961186,15.5596457489368,9.989915132770959
25.964087520961186,15.5596457489368,9.989915132770959
25.964087520961186,25.473307953899525,6.114375672478524
24.547239950789393,12.931278060104828,8.61257269215652
25.964087520961186,15.5596457489368,9.989915132770959
25.964087520961186,12.931278060104828,7.955299257588289
25.964087520961186,15.5596457489368,8.315954757890747
25.964087520961186,15.5596457489368,9.989915132770959
25.964087520961186,15.5596457489368,9.989915132770959
32.674832302425585,15.5596457489368,7.402682874732175
25.964087520961186,15.5596457489368,8.315954757890747
25.964087520961186,12.931278060104828,7.4541186264923684
25.964087520961186,15.5596457489368,9.989915132770959
25.964087520961186,25.473307953899525,6.114375672478524
25.964087520961186,24.890494750475227,6.257544336192963
25.964087520961186,15.5596457489368,9.989915132770959
25.964087520961186,18.474863529450587,8.680259121578993
25.964087520961186,15.5596457489368,9.989915132770959
25.964087520961186,18.057353614635133,8.625481771849552
25.964087520961186,12.931278060104828,7.955299257588289
44.47892126692592,15.5596457489368,2.85178416821773
25.964087520961186,15.5596457489368,9.989915132770959
17.524025513074875,15.5596457489368,6.7561389345860805
25.964087520961186,15.5596457489368,8.315954757890747
25.964087520961186,15.5596457489368,8.315954757890747
25.964087520961186,15.5596457489368,9.989915132770959
25.964087520961186,13.766150223397815,8.68577111804659
27.98806890193245,15.5596457489368,9.20959788199689
25.964087520961186,12.931278060104828,7.4541186264923684
25.964087520961186,15.5596457489368,9.989915132770959
25.964087520961186,15.5596457489368,9.989915132770959
25.964087520961186,25.473307953899525,6.114375672478524
25.964087520961186,15.5596457489368,8.315954757890747
25.964087520961186,15.5596457489368,8.315954757890747
25.964087520961186,15.80944607641484,9.851918511125827
25.964087520961186,15.5596457489368,9.989915132770959
25.964087520961186,15.5596457489368,9.989915132770959
25.964087520961186,15.80944607641484,8.372991487226304
25.964087520961186,15.80944607641484,9.851918511125827
25.964087520961186,23.478757843851128,6.633799602463523
25.964087520961186,15.5596457489368,9.989915132770959
23.264149710047946,15.5596457489368,8.212763993137884
25.964087520961186,2.042171611682514,0.1
31.11012598771543,15.5596457489368,8.005933152250805
33.63961251108854,15.5596457489368,7.030725579520379
25.964087520961186,15.5596457489368,9.989915132770959
25.964087520961186,15.5596457489368,9.989915132770959
25.964087520961186,12.931278060104828,7.955299257588289
25.964087520961186,15.5596457489368,9.989915132770959
25.964087520961186,15.5596457489368,9.989915132770959
25.964087520961186,15.5596457489368,8.315954757890747
25.964087520961186,15.5596457489368,9.989915132770959
25.964087520961186,15.5596457489368,9.989915132770959
25.3385175476257,15.5596457489368,9.768905256413795
24.547239950789393,12.931278060104828,8.61257269215652
25.964087520961186,15.5596457489368,9.989915132770959
25.964087520961186,32.295991632129954,4.822684382167238
25.964087520961186,15.5596457489368,9.989915132770959
25.964087520961186,15.5596457489368,8.315954757890747
25.964087520961186,18.057353614635133,8.625481771849552
25.964087520961186,15.5596457489368,9.989915132770959
36.94881120172211,13.27154692496428,3.298967425876871
25.964087520961186,15.5596457489368,9.989915132770959
25.964087520961186,15.5596457489368,9.989915132770959
25.964087520961186,15.5596457489368,8.315954757890747
25.964087520961186,15.5596457489368,8.315954757890747
25.964087520961186,15.5596457489368,8.315954757890747
25.964087520961186,15.5596457489368,9.989915132770959
25.964087520961186,15.5596457489368,9.989915132770959
25.964087520961186,12.931278060104828,7.955299257588289
32.674832302425585,15.5596457489368,7.402682874732175
25.964087520961186,12.931278060104828,7.4541186264923684
24.82604325762237,29.6875631753022,5.016460036530703
25.964087520961186,15.5596457489368,9.989915132770959
0.6365631475938862,12.931278060104828,0.29530067676078225
44.32762671627235,15.5596457489368,2.910113631587812
25.964087520961186,18.057353614635133,8.625481771849552
25.964087520961186,15.5596457489368,8.315954757890747
25.964087520961186,12.931278060104828,7.955299257588289
25.964087520961186,15.5596457489368,9.989915132770959
25.964087520961186,12.931278060104828,7.955299257588289
25.964087520961186,18.474863529450587,8.680259121578993
25.964087520961186,15.5596457489368,9.989915132770959
25.964087520961186,15.5596457489368,9.989915132770959
25.964087520961186,24.890494750475227,6.257544336192963
25.964087520961186,15.5596457489368,9.989915132770959
25.964087520961186,15.5596457489368,8.315954757890747
44.47892126692592,15.5596457489368,2.85178416821773
25.964087520961186,15.5596457489368,9.989915132770959
25.964087520961186,12.931278060104828,7.955299257588289
17.524025513074875,15.5596457489368,6.7561389345860805
25.964087520961186,15.5596457489368,8.315954757890747
25.964087520961186,2.042171611682514,0.1
25.964087520961186,15.5596457489368,9.989915132770959
25.964087520961186,15.5596457489368,9.989915132770959
27.98806890193245,15.5596457489368,9.20959788199689
25.964087520961186,15.5596457489368,9.989915132770959
25.964087520961186,12.931278060104828,7.4541186264923684
25.964087520961186,15.5596457489368,9.989915132770959
25.964087520961186,25.473307953899525,6.114375672478524
25.964087520961186,15.5596457489368,8.315954757890747
25.964087520961186,15.5596457489368,8.315954757890747
32.470695907123144,20.896309054197502,9.321513090845675
25.964087520961186,13.766150223397815,8.68577111804659
25.964087520961186,15.5596457489368,9.989915132770959
25.964087520961186,15.80944607641484,9.851918511125827
25.964087520961186,25.473307953899525,6.114375672478524
25.964087520961186,15.5596457489368,9.989915132770959
25.964087520961186,15.80944607641484,8.372991487226304
25.964087520961186,15.80944607641484,9.851918511125827
25.964087520961186,15.5596457489368,9.989915132770959
25.964087520961186,12.931278060104828,7.4541186264923684
25.964087520961186,23.478757843851128,6.633799602463523
23.264149710047946,15.5596457489368,8.212763993137884
31.11012598771543,15.5596457489368,8.005933152250805
25.964087520961186,15.5596457489368,9.989915132770959
25.964087520961186,15.5596457489368,9.989915132770959
33.63961251108854,15.5596457489368,7.030725579520379
25.964087520961186,15.5596457489368,9.989915132770959
25.3385175476257,15.5596457489368,9.768905256413795
25.964087520961186,15.5596457489368,8.315954757890747
25.964087520961186,15.5596457489368,9.989915132770959
25.964087520961186,32.295991632129954,4.822684382167238
25.964087520961186,15.5596457489368,8.315954757890747
25.964087520961186,15.5596457489368,9.989915132770959
25.964087520961186,18.057353614635133,8.625481771849552
25.964087520961186,15.5596457489368,9.989915132770959
25.964087520961186,15.5596457489368,9.989915132770959
25.964087520961186,15.5596457489368,9.989915132770959
36.94881120172211,13.27154692496428,3.298967425876871
25.964087520961186,15.5596457489368,9.989915132770959
25.964087520961186,15.5596457489368,9.989915132770959
25.964087520961186,15.5596457489368,8.315954757890747
24.547239950789393,12.931278060104828,8.61257269215652
25.964087520961186,15.5596457489368,9.989915132770959
25.964087520961186,15.5596457489368,8.315954757890747
32.674832302425585,15.5596457489368,7.402682874732175
25.964087520961186,15.5596457489368,9.989915132770959
44.32762671627235,15.5596457489368,2.910113631587812
25.964087520961186,15.5596457489368,9.989915132770959
25.964087520961186,15.5596457489368,9.989915132770959
25.964087520961186,15.5596457489368,9.989915132770959
25.964087520961186,15.5596457489368,9.989915132770959
25.964087520961186,15.5596457489368,9.989915132770959
32.470695907123144,22.63414895300704,8.605811457875957
25.964087520961186,15.5596457489368,9.989915132770959
25.964087520961186,12.931278060104828,7.4541186264923684
25.964087520961186,15.5596457489368,9.989915132770959
25.964087520961186,18.474863529450587,8.680259121578993
25.964087520961186,15.5596457489368,9.989915132770959
25.964087520961186,12.931278060104828,7.955299257588289
44.47892126692592,15.5596457489368,2.85178416821773
25.964087520961186,15.5596457489368,8.315954757890747
25.964087520961186,12.931278060104828,7.4541186264923684
25.964087520961186,15.5596457489368,9.989915132770959
32.674832302425585,15.5596457489368,7.402682874732175
32.470695907123144,26.041380768101366,7.479834503923676
17.524025513074875,15.5596457489368,6.7561389345860805
25.964087520961186,15.5596457489368,8.315954757890747
25.964087520961186,15.5596457489368,8.315954757890747
25.964087520961186,24.890494750475227,6.257544336192963
27.98806890193245,15.5596457489368,9.20959788199689
25.964087520961186,15.80944607641484,8.372991487226304
25.964087520961186,15.5596457489368,9.989915132770959
25.964087520961186,25.473307953899525,6.114375672478524
25.964087520961186,15.5596457489368,8.315954757890747
25.964087520961186,25.473307953899525,6.114375672478524
25.964087520961186,13.766150223397815,8.68577111804659
25.964087520961186,15.5596457489368,9.989915132770959
25.964087520961186,15.80944607641484,9.851918511125827
25.964087520961186,15.5596457489368,8.315954757890747
25.964087520961186,2.042171611682514,0.1
25.964087520961186,15.80944607641484,9.851918511125827
25.964087520961186,15.5596457489368,9.989915132770959
25.964087520961186,15.5596457489368,9.989915132770959
25.964087520961186,23.478757843851128,6.633799602463523
31.11012598771543,15.5596457489368,8.005933152250805
25.964087520961186,15.5596457489368,8.315954757890747
23.264149710047946,15.5596457489368,8.212763993137884
25.964087520961186,15.5596457489368,9.989915132770959
25.964087520961186,18.057353614635133,8.625481771849552
25.964087520961186,15.5596457489368,9.989915132770959
33.63961251108854,15.5596457489368,7.030725579520379
25.964087520961186,15.5596457489368,8.315954757890747
25.964087520961186,15.5596457489368,9.989915132770959
25.3385175476257,15.5596457489368,9.768905256413795
25.964087520961186,32.295991632129954,4.822684382167238
25.964087520961186,15.5596457489368,9.989915132770959
25.964087520961186,15.5596457489368,9.989915132770959
44.32762671627235,15.5596457489368,2.910113631587812
25.964087520961186,12.931278060104828,7.955299257588289
25.964087520961186,15.5596457489368,8.315954757890747
25.964087520961186,18.057353614635133,8.625481771849552
25.964087520961186,15.5596457489368,9.989915132770959
25.964087520961186,15.5596457489368,9.989915132770959
25.964087520961186,15.5596457489368,9.989915132770959
25.964087520961186,15.5596457489368,9.989915132770959
25.964087520961186,33.286721386438366,4.679144354371103
36.94881120172211,13.27154692496428,3.298967425876871
29.734304076979825,16.152149378524072,8.95687835397598
25.964087520961186,15.5596457489368,9.989915132770959
25.964087520961186,15.5596457489368,9.989915132770959
25.964087520961186,15.5596457489368,8.315954757890747
24.547239950789393,12.931278060104828,8.61257269215652
25.964087520961186,15.80944607641484,9.851918511125827
24.547239950789393,12.931278060104828,8.61257269215652
25.964087520961186,15.5596457489368,9.989915132770959
25.964087520961186,13.766150223397815,8.68577111804659
25.964087520961186,15.5596457489368,9.989915132770959
25.964087520961186,15.5596457489368,9.989915132770959
25.964087520961186,18.474863529450587,8.680259121578993
25.964087520961186,15.5596457489368,9.989915132770959
25.964087520961186,19.031954547911322,8.183782388654887
25.964087520961186,15.5596457489368,8.315954757890747
25.964087520961186,13.766150223397815,8.68577111804659
25.964087520961186,15.5596457489368,9.989915132770959
25.964087520961186,15.5596457489368,9.989915132770959
25.964087520961186,12.931278060104828,7.955299257588289
25.964087520961186,15.5596457489368,9.989915132770959
44.47892126692592,15.5596457489368,2.85178416821773
17.524025513074875,15.5596457489368,6.7561389345860805
25.964087520961186,15.5596457489368,8.315954757890747
25.964087520961186,15.5596457489368,9.989915132770959
25.964087520961186,15.5596457489368,9.989915132770959
27.98806890193245,15.5596457489368,9.20959788199689
25.964087520961186,12.931278060104828,7.4541186264923684
25.964087520961186,15.5596457489368,9.989915132770959
25.964087520961186,25.473307953899525,6.114375672478524
25.964087520961186,18.057353614635133,8.625481771849552
25.964087520961186,15.5596457489368,8.315954757890747
25.964087520961186,15.5596457489368,8.315954757890747
25.964087520961186,15.80944607641484,9.851918511125827
25.964087520961186,15.80944607641484,8.372991487226304
32.674832302425585,15.5596457489368,7.402682874732175
25.964087520961186,15.5596457489368,9.989915132770959
25.964087520961186,15.5596457489368,9.989915132770959
25.964087520961186,23.478757843851128,6.633799602463523
23.264149710047946,15.5596457489368,8.212763993137884
25.964087520961186,2.042171611682514,0.1
31.11012598771543,15.5596457489368,8.005933152250805
25.964087520961186,15.5596457489368,9.989915132770959
25.964087520961186,15.5596457489368,9.989915132770959
32.470695907123144,20.896309054197502,9.321513090845675
33.63961251108854,15.5596457489368,7.030725579520379
25.964087520961186,15.5596457489368,8.315954757890747
25.964087520961186,15.5596457489368,9.989915132770959
25.964087520961186,15.5596457489368,9.989915132770959
25.3385175476257,15.5596457489368,9.768905256413795
32.470695907123144,22.63414895300704,8.605811457875957
25.964087520961186,32.295991632129954,4.822684382167238
25.964087520961186,15.5596457489368,9.989915132770959
25.964087520961186,15.5596457489368,9.989915132770959
25.964087520961186,12.931278060104828,7.955299257588289
25.964087520961186,15.5596457489368,8.315954757890747
25.964087520961186,18.057353614635133,8.625481771849552
25.964087520961186,15.5596457489368,9.989915132770959
25.964087520961186,15.5596457489368,9.989915132770959
36.94881120172211,13.27154692496428,3.298967425876871
25.964087520961186,25.473307953899525,6.114375672478524
25.964087520961186,15.5596457489368,9.989915132770959
25.964087520961186,15.5596457489368,8.315954757890747
25.964087520961186,15.5596457489368,9.989915132770959
25.964087520961186,15.5596457489368,9.989915132770959
25.964087520961186,15.5596457489368,8.315954757890747
25.964087520961186,15.5596457489368,9.989915132770959
25.964087520961186,12.931278060104828,7.955299257588289
25.964087520961186,15.5596457489368,9.989915132770959
25.964087520961186,15.5596457489368,8.315954757890747
44.47892126692592,15.5596457489368,2.85178416821773
17.524025513074875,15.5596457489368,6.7561389345860805
25.964087520961186,7.147823030824519,0.1
25.964087520961186,18.474863529450587,8.680259121578993
25.964087520961186,15.5596457489368,9.989915132770959
25.964087520961186,15.5596457489368,8.315954757890747
25.964087520961186,15.5596457489368,9.989915132770959
25.964087520961186,15.5596457489368,9.989915132770959
25.964087520961186,12.931278060104828,7.955299257588289
25.964087520961186,15.5596457489368,9.989915132770959
25.964087520961186,15.5596457489368,9.989915132770959
25.964087520961186,15.5596457489368,8.315954757890747
25.964087520961186,15.5596457489368,8.315954757890747
25.964087520961186,15.5596457489368,9.989915132770959
27.98806890193245,15.5596457489368,9.20959788199689
25.964087520961186,12.931278060104828,7.4541186264923684
25.964087520961186,15.80944607641484,9.851918511125827
25.964087520961186,15.5596457489368,9.989915132770959
25.964087520961186,25.473307953899525,6.114375672478524
25.964087520961186,15.5596457489368,8.315954757890747
25.964087520961186,15.5596457489368,8.315954757890747
25.964087520961186,13.766150223397815,8.68577111804659
25.964087520961186,15.5596457489368,9.989915132770959
25.964087520961186,15.80944607641484,9.851918511125827
24.547239950789393,12.931278060104828,8.61257269215652
25.964087520961186,15.5596457489368,9.989915132770959
25.964087520961186,15.80944607641484,8.372991487226304
25.964087520961186,15.5596457489368,9.989915132770959
25.964087520961186,15.5596457489368,9.989915132770959
23.264149710047946,15.5596457489368,8.212763993137884
25.964087520961186,15.5596457489368,9.989915132770959
25.964087520961186,23.478757843851128,6.633799602463523
25.964087520961186,2.042171611682514,0.1
31.11012598771543,15.5596457489368,8.005933152250805
25.964087520961186,18.057353614635133,8.625481771849552
25.964087520961186,15.5596457489368,9.989915132770959
25.964087520961186,15.5596457489368,9.989915132770959
25.964087520961186,15.5596457489368,9.989915132770959
33.63961251108854,15.5596457489368,7.030725579520379
25.964087520961186,15.5596457489368,9.989915132770959
25.964087520961186,15.5596457489368,8.315954757890747
25.964087520961186,15.5596457489368,9.989915132770959
25.3385175476257,15.5596457489368,9.768905256413795
24.82604325762237,29.6875631753022,5.016460036530703
25.964087520961186,32.295991632129954,4.822684382167238
25.964087520961186,15.5596457489368,9.989915132770959
25.964087520961186,15.5596457489368,9.989915132770959
25.964087520961186,12.931278060104828,7.955299257588289
25.964087520961186,15.5596457489368,8.315954757890747
25.964087520961186,18.057353614635133,8.625481771849552
25.964087520961186,15.5596457489368,9.989915132770959
32.470695907123144,26.041380768101366,7.479834503923676
36.94881120172211,13.27154692496428,3.298967425876871
25.964087520961186,25.473307953899525,6.114375672478524
25.964087520961186,15.5596457489368,9.989915132770959
25.964087520961186,15.5596457489368,9.989915132770959
25.964087520961186,15.5596457489368,8.315954757890747
25.964087520961186,15.5596457489368,9.989915132770959
25.964087520961186,12.931278060104828,7.955299257588289
25.964087520961186,15.5596457489368,9.989915132770959
25.964087520961186,15.5596457489368,8.315954757890747
32.674832302425585,15.5596457489368,7.402682874732175
25.964087520961186,12.931278060104828,7.4541186264923684
25.964087520961186,15.5596457489368,9.989915132770959
25.964087520961186,15.5596457489368,9.989915132770959
25.964087520961186,15.5596457489368,9.989915132770959
25.964087520961186,15.5596457489368,9.989915132770959
25.964087520961186,19.031954547911322,8.183782388654887
25.964087520961186,15.5596457489368,9.989915132770959
25.964087520961186,15.5596457489368,8.315954757890747
25.964087520961186,15.5596457489368,9.989915132770959
25.964087520961186,15.5596457489368,9.989915132770959
25.964087520961186,18.474863529450587,8.680259121578993
25.964087520961186,15.5596457489368,9.989915132770959
25.964087520961186,15.5596457489368,9.989915132770959
27.98806890193245,15.5596457489368,9.20959788199689
25.964087520961186,12.931278060104828,7.955299257588289
44.47892126692592,15.5596457489368,2.85178416821773
25.964087520961186,15.5596457489368,9.989915132770959
17.524025513074875,15.5596457489368,6.7561389345860805
25.964087520961186,15.5596457489368,8.315954757890747
25.964087520961186,15.5596457489368,8.315954757890747
25.964087520961186,12.931278060104828,7.4541186264923684
25.964087520961186,15.5596457489368,9.989915132770959
25.964087520961186,15.5596457489368,9.989915132770959
25.964087520961186,25.473307953899525,6.114375672478524
25.964087520961186,15.5596457489368,9.989915132770959
25.964087520961186,15.5596457489368,8.315954757890747
25.964087520961186,13.766150223397815,8.68577111804659
25.964087520961186,15.80944607641484,9.851918511125827
25.964087520961186,15.5596457489368,9.989915132770959
25.964087520961186,15.80944607641484,8.372991487226304
25.964087520961186,15.80944607641484,9.851918511125827
24.82604325762237,29.6875631753022,5.016460036530703
25.964087520961186,15.5596457489368,9.989915132770959
25.964087520961186,23.478757843851128,6.633799602463523
25.964087520961186,15.5596457489368,8.315954757890747
23.264149710047946,15.5596457489368,8.212763993137884
25.964087520961186,2.042171611682514,0.1
31.11012598771543,15.5596457489368,8.005933152250805
25.964087520961186,18.057353614635133,8.625481771849552
25.964087520961186,15.5596457489368,9.989915132770959
25.3385175476257,15.5596457489368,9.768905256413795
33.63961251108854,15.5596457489368,7.030725579520379
25.964087520961186,15.5596457489368,8.315954757890747
25.964087520961186,15.5596457489368,9.989915132770959
25.964087520961186,15.5596457489368,9.989915132770959
25.964087520961186,32.295991632129954,4.822684382167238
25.964087520961186,15.5596457489368,9.989915132770959
25.964087520961186,12.931278060104828,7.955299257588289
25.964087520961186,15.5596457489368,9.989915132770959
25.964087520961186,18.057353614635133,8.625481771849552
25.964087520961186,15.5596457489368,9.989915132770959
25.964087520961186,15.5596457489368,9.989915132770959
44.32762671627235,15.5596457489368,2.910113631587812
25.964087520961186,15.5596457489368,9.989915132770959
36.94881120172211,13.27154692496428,3.298967425876871
25.964087520961186,25.473307953899525,6.114375672478524
25.964087520961186,15.5596457489368,9.989915132770959
25.964087520961186,15.5596457489368,8.315954757890747
25.964087520961186,15.5596457489368,8.315954757890747
24.547239950789393,12.931278060104828,8.61257269215652
25.964087520961186,12.931278060104828,7.955299257588289
25.964087520961186,15.5596457489368,9.989915132770959
25.964087520961186,15.5596457489368,8.315954757890747
32.674832302425585,15.5596457489368,7.402682874732175
25.964087520961186,12.931278060104828,7.4541186264923684
25.964087520961186,15.5596457489368,9.989915132770959
25.964087520961186,18.474863529450587,8.680259121578993
25.964087520961186,23.478757843851128,6.633799602463523
25.964087520961186,25.473307953899525,6.114375672478524
25.964087520961186,24.890494750475227,6.257544336192963
31.11012598771543,15.5596457489368,8.005933152250805
25.964087520961186,15.5596457489368,9.989915132770959
25.964087520961186,15.5596457489368,9.989915132770959
25.964087520961186,2.042171611682514,0.1
25.964087520961186,15.5596457489368,9.989915132770959
25.964087520961186,18.057353614635133,8.625481771849552
25.964087520961186,12.931278060104828,7.955299257588289
25.964087520961186,12.931278060104828,7.955299257588289
25.964087520961186,15.5596457489368,9.989915132770959
44.47892126692592,15.5596457489368,2.85178416821773
17.524025513074875,15.5596457489368,6.7561389345860805
25.964087520961186,15.5596457489368,9.989915132770959
24.82604325762237,29.6875631753022,5.016460036530703
25.964087520961186,15.5596457489368,8.315954757890747
25.964087520961186,15.5596457489368,8.315954757890747
25.964087520961186,15.5596457489368,9.989915132770959
27.98806890193245,15.5596457489368,9.20959788199689
25.964087520961186,15.5596457489368,9.989915132770959
25.964087520961186,12.931278060104828,7.4541186264923684
25.964087520961186,15.5596457489368,9.989915132770959
25.964087520961186,25.473307953899525,6.114375672478524
25.964087520961186,15.5596457489368,8.315954757890747
25.964087520961186,15.5596457489368,9.989915132770959
25.964087520961186,15.5596457489368,8.315954757890747
25.964087520961186,13.766150223397815,8.68577111804659
25.964087520961186,15.5596457489368,9.989915132770959
25.964087520961186,15.80944607641484,9.851918511125827
25.964087520961186,15.5596457489368,9.989915132770959
25.964087520961186,15.80944607641484,8.372991487226304
25.964087520961186,15.5596457489368,9.989915132770959
25.964087520961186,15.80944607641484,9.851918511125827
25.964087520961186,15.5596457489368,9.989915132770959
25.964087520961186,15.5596457489368,9.989915132770959
23.264149710047946,15.5596457489368,8.212763993137884
25.964087520961186,15.5596457489368,9.989915132770959
33.63961251108854,15.5596457489368,7.030725579520379
25.964087520961186,15.5596457489368,8.315954757890747
25.964087520961186,15.5596457489368,9.989915132770959
25.964087520961186,15.5596457489368,9.989915132770959
25.3385175476257,15.5596457489368,9.768905256413795
25.964087520961186,32.295991632129954,4.822684382167238
25.964087520961186,15.5596457489368,9.989915132770959
25.964087520961186,15.5596457489368,9.989915132770959
25.964087520961186,15.5596457489368,8.315954757890747
25.964087520961186,18.057353614635133,8.625481771849552
25.964087520961186,15.5596457489368,9.989915132770959
25.964087520961186,15.5596457489368,9.989915132770959
36.94881120172211,13.27154692496428,3.298967425876871
25.964087520961186,15.5596457489368,9.989915132770959
25.964087520961186,15.5596457489368,9.989915132770959
25.964087520961186,15.5596457489368,8.315954757890747
25.964087520961186,15.5596457489368,8.315954757890747
24.547239950789393,12.931278060104828,8.61257269215652
25.964087520961186,15.5596457489368,9.989915132770959
25.964087520961186,12.931278060104828,7.955299257588289
25.964087520961186,15.5596457489368,8.315954757890747
32.674832302425585,15.5596457489368,7.402682874732175
25.964087520961186,12.931278060104828,7.4541186264923684
25.964087520961186,15.5596457489368,9.989915132770959
44.32762671627235,15.5596457489368,2.910113631587812
25.964087520961186,18.474863529450587,8.680259121578993
0.6365631475938862,12.931278060104828,0.29530067676078225
25.964087520961186,15.5596457489368,9.989915132770959
44.47892126692592,15.5596457489368,2.85178416821773
25.964087520961186,15.5596457489368,9.989915132770959
25.964087520961186,15.5596457489368,8.315954757890747
25.964087520961186,15.5596457489368,9.989915132770959
27.98806890193245,15.5596457489368,9.20959788199689
25.964087520961186,15.5596457489368,9.989915132770959
25.964087520961186,15.5596457489368,9.989915132770959
17.524025513074875,15.5596457489368,6.7561389345860805
25.964087520961186,12.931278060104828,7.955299257588289
25.964087520961186,15.5596457489368,9.989915132770959
25.964087520961186,23.478757843851128,6.633799602463523
25.964087520961186,15.5596457489368,8.315954757890747
25.964087520961186,15.5596457489368,8.315954757890747
25.964087520961186,15.5596457489368,9.989915132770959
25.964087520961186,12.931278060104828,7.4541186264923684
25.964087520961186,15.80944607641484,9.851918511125827
25.964087520961186,15.5596457489368,9.989915132770959
25.964087520961186,25.473307953899525,6.114375672478524
33.63961251108854,15.5596457489368,7.030725579520379
25.964087520961186,15.5596457489368,8.315954757890747
25.964087520961186,15.5596457489368,8.315954757890747
25.964087520961186,13.766150223397815,8.68577111804659
25.964087520961186,18.057353614635133,8.625481771849552
25.964087520961186,15.5596457489368,9.989915132770959
25.964087520961186,15.5596457489368,9.989915132770959
25.964087520961186,15.5596457489368,9.989915132770959
25.964087520961186,2.042171611682514,0.1
25.964087520961186,15.80944607641484,8.372991487226304
25.964087520961186,15.80944607641484,9.851918511125827
23.264149710047946,15.5596457489368,8.212763993137884
25.964087520961186,15.5596457489368,8.315954757890747
31.11012598771543,15.5596457489368,8.005933152250805
25.964087520961186,24.890494750475227,6.257544336192963
24.82604325762237,29.6875631753022,5.016460036530703
25.964087520961186,15.5596457489368,9.989915132770959
25.964087520961186,15.5596457489368,9.989915132770959
25.964087520961186,15.5596457489368,9.989915132770959
25.964087520961186,15.5596457489368,8.315954757890747
25.964087520961186,15.5596457489368,9.989915132770959
25.3385175476257,15.5596457489368,9.768905256413795
25.964087520961186,32.295991632129954,4.822684382167238
25.964087520961186,15.5596457489368,9.989915132770959
25.964087520961186,15.5596457489368,9.989915132770959
25.964087520961186,12.931278060104828,7.955299257588289
25.964087520961186,15.5596457489368,8.315954757890747
25.964087520961186,18.057353614635133,8.625481771849552
25.964087520961186,15.5596457489368,9.989915132770959
25.964087520961186,15.5596457489368,9.989915132770959
36.94881120172211,13.27154692496428,3.298967425876871
25.964087520961186,25.473307953899525,6.114375672478524
25.964087520961186,15.5596457489368,9.989915132770959
25.964087520961186,15.5596457489368,9.989915132770959
25.964087520961186,15.5596457489368,8.315954757890747
24.547239950789393,12.931278060104828,8.61257269215652
25.964087520961186,15.5596457489368,9.989915132770959
25.964087520961186,12.931278060104828,7.955299257588289
25.964087520961186,15.5596457489368,9.989915132770959
32.674832302425585,15.5596457489368,7.402682874732175
25.964087520961186,12.931278060104828,7.4541186264923684
25.964087520961186,15.5596457489368,9.989915132770959
44.32762671627235,15.5596457489368,2.910113631587812
25.964087520961186,12.931278060104828,7.955299257588289
25.964087520961186,18.057353614635133,8.625481771849552
25.964087520961186,12.931278060104828,7.955299257588289
24.82604325762237,29.6875631753022,5.016460036530703
24.547239950789393,12.931278060104828,8.61257269215652
44.47892126692592,15.5596457489368,2.85178416821773
25.964087520961186,15.5596457489368,9.989915132770959
25.964087520961186,25.473307953899525,6.114375672478524
25.964087520961186,15.5596457489368,9.989915132770959
25.964087520961186,18.474863529450587,8.680259121578993
25.964087520961186,15.5596457489368,9.989915132770959
25.964087520961186,15.5596457489368,9.989915132770959
25.3385175476257,15.5596457489368,9.768905256413795
17.524025513074875,15.5596457489368,6.7561389345860805
25.964087520961186,15.5596457489368,8.315954757890747
25.964087520961186,15.5596457489368,8.315954757890747
25.964087520961186,15.5596457489368,9.989915132770959
27.98806890193245,15.5596457489368,9.20959788199689
25.964087520961186,15.5596457489368,9.989915132770959
25.964087520961186,12.931278060104828,7.4541186264923684
25.964087520961186,23.478757843851128,6.633799602463523
25.964087520961186,15.5596457489368,9.989915132770959
25.964087520961186,15.5596457489368,9.989915132770959
25.964087520961186,15.5596457489368,8.315954757890747
25.964087520961186,15.5596457489368,8.315954757890747
25.964087520961186,13.766150223397815,8.68577111804659
25.964087520961186,15.80944607641484,9.851918511125827
25.964087520961186,15.5596457489368,9.989915132770959
31.11012598771543,15.5596457489368,8.005933152250805
25.964087520961186,15.5596457489368,9.989915132770959
25.964087520961186,15.80944607641484,8.372991487226304
23.264149710047946,15.5596457489368,8.212763993137884
25.964087520961186,15.5596457489368,8.315954757890747
25.964087520961186,15.80944607641484,9.851918511125827
25.964087520961186,15.5596457489368,9.989915132770959
25.964087520961186,2.042171611682514,0.1
25.964087520961186,15.5596457489368,9.989915132770959
25.964087520961186,15.5596457489368,9.989915132770959
33.63961251108854,15.5596457489368,7.030725579520379
25.964087520961186,15.5596457489368,9.989915132770959
25.964087520961186,15.5596457489368,9.989915132770959
25.964087520961186,15.5596457489368,9.989915132770959
25.964087520961186,32.295991632129954,4.822684382167238
25.964087520961186,15.5596457489368,9.989915132770959
25.964087520961186,18.057353614635133,8.625481771849552
25.964087520961186,15.5596457489368,8.315954757890747
25.964087520961186,15.5596457489368,9.989915132770959
25.964087520961186,15.5596457489368,9.989915132770959
36.94881120172211,13.27154692496428,3.298967425876871
25.964087520961186,15.5596457489368,8.315954757890747
25.964087520961186,25.473307953899525,6.114375672478524
25.964087520961186,15.5596457489368,9.989915132770959
25.964087520961186,15.5596457489368,9.989915132770959
25.964087520961186,15.5596457489368,9.989915132770959
25.964087520961186,15.5596457489368,9.989915132770959
25.964087520961186,15.5596457489368,8.315954757890747
25.964087520961186,15.5596457489368,9.989915132770959
25.964087520961186,12.931278060104828,7.955299257588289
25.964087520961186,15.5596457489368,8.315954757890747
32.674832302425585,15.5596457489368,7.402682874732175
25.964087520961186,12.931278060104828,7.4541186264923684
25.964087520961186,15.5596457489368,9.989915132770959
25.964087520961186,15.5596457489368,9.989915132770959
44.32762671627235,15.5596457489368,2.910113631587812
25.964087520961186,25.473307953899525,6.114375672478524
25.964087520961186,18.474863529450587,8.680259121578993
25.964087520961186,25.473307953899525,6.114375672478524
25.964087520961186,15.5596457489368,9.989915132770959
25.964087520961186,15.5596457489368,8.315954757890747
25.964087520961186,15.5596457489368,8.315954757890747
25.964087520961186,12.931278060104828,7.955299257588289
17.524025513074875,15.5596457489368,6.7561389345860805
25.964087520961186,15.5596457489368,9.989915132770959
25.964087520961186,15.5596457489368,9.989915132770959
44.47892126692592,15.5596457489368,2.85178416821773
25.964087520961186,15.5596457489368,8.315954757890747
25.964087520961186,15.5596457489368,9.989915132770959
27.98806890193245,15.5596457489368,9.20959788199689
25.964087520961186,15.5596457489368,9.989915132770959
25.964087520961186,15.5596457489368,9.989915132770959
25.3385175476257,15.5596457489368,9.768905256413795
25.964087520961186,15.5596457489368,9.989915132770959
25.964087520961186,32.295991632129954,4.822684382167238
25.964087520961186,15.5596457489368,9.989915132770959
25.964087520961186,15.5596457489368,8.315954757890747
25.964087520961186,15.5596457489368,9.989915132770959
25.964087520961186,33.286721386438366,4.679144354371103
25.964087520961186,13.766150223397815,8.68577111804659
25.964087520961186,15.5596457489368,9.989915132770959
25.964087520961186,23.478757843851128,6.633799602463523
25.964087520961186,12.931278060104828,7.4541186264923684
25.964087520961186,15.5596457489368,8.315954757890747
25.964087520961186,15.5596457489368,8.315954757890747
25.964087520961186,15.80944607641484,9.851918511125827
25.964087520961186,15.80944607641484,8.372991487226304
25.964087520961186,18.057353614635133,8.625481771849552
25.964087520961186,18.057353614635133,8.625481771849552
25.964087520961186,15.80944607641484,9.851918511125827
25.964087520961186,15.5596457489368,9.989915132770959
25.964087520961186,15.5596457489368,9.989915132770959
31.11012598771543,15.5596457489368,8.005933152250805
25.964087520961186,15.5596457489368,9.989915132770959
25.964087520961186,15.5596457489368,9.989915132770959
23.264149710047946,15.5596457489368,8.212763993137884
25.964087520961186,2.042171611682514,0.1
25.964087520961186,15.5596457489368,9.989915132770959
25.964087520961186,15.5596457489368,9.989915132770959
33.63961251108854,15.5596457489368,7.030725579520379
25.964087520961186,15.5596457489368,9.989915132770959
25.964087520961186,19.031954547911322,8.183782388654887
25.964087520961186,15.5596457489368,9.989915132770959
25.964087520961186,12.931278060104828,7.955299257588289
25.964087520961186,15.5596457489368,8.315954757890747
25.964087520961186,15.5596457489368,9.989915132770959
25.964087520961186,15.5596457489368,9.989915132770959
36.94881120172211,13.27154692496428,3.298967425876871
25.964087520961186,15.5596457489368,9.989915132770959
25.964087520961186,15.5596457489368,8.315954757890747
25.964087520961186,12.931278060104828,7.955299257588289
25.964087520961186,12.931278060104828,7.4541186264923684
24.547239950789393,12.931278060104828,8.61257269215652
25.964087520961186,15.5596457489368,9.989915132770959
25.964087520961186,15.5596457489368,9.989915132770959
25.964087520961186,15.5596457489368,9.989915132770959
25.964087520961186,15.5596457489368,8.315954757890747
32.674832302425585,15.5596457489368,7.402682874732175
44.32762671627235,15.5596457489368,2.910113631587812
25.964087520961186,15.5596457489368,9.989915132770959
