22.645555114556977,15.341141560370522,8.855023005978303
41.649207965221024,4.478868652500783,0.1
27.612239637471134,12.473742661228076,6.720881273450413
19.484966185394086,15.5596457489368,7.512151736255676
24.343364432232335,12.097813079097477,7.9291422802997396
23.552138784183366,12.854260320299042,9.008735448835584
16.946020011101567,17.7811974062702,5.7170384303241955
23.552138784183366,15.5596457489368,9.08019231733449
18.82841432943499,11.711913097936476,9.6438468636888
23.552138784183366,12.854260320299042,9.008735448835584
31.11012598771543,9.53608024877798,0.429754535259935
30.852078130073043,15.5596457489368,8.10541983564461
22.645555114556977,12.854260320299042,9.431818084427084
44.190406569602985,17.650061354476453,4.980821527508256
18.82841432943499,12.854260320299042,8.786806364810174
23.552138784183366,15.5596457489368,9.08019231733449
25.964087520961186,15.80944607641484,9.851918511125827
23.552138784183366,15.5596457489368,9.08019231733449
31.974841739322777,15.24314095681077,7.416590265631948
17.14377100308721,10.890602232919061,9.443192893056072
23.552138784183366,15.5596457489368,9.08019231733449
37.656543241607295,15.341141560370522,5.275275653732953
22.645555114556977,14.338896465392258,9.473962085082578
28.335654617876237,14.86424428145745,8.564508998755059
27.942390586016593,12.854260320299042,6.959901606510362
41.649207965221024,16.448073817716814,4.810058520866946
36.414770196600635,17.583784376252645,7.576910207783216
23.552138784183366,15.5596457489368,9.08019231733449
23.552138784183366,12.854260320299042,9.008735448835584
22.645555114556977,16.152149378524072,8.410407696926836
36.80327596328456,16.233431486059786,6.399948718842403
15.443819387675727,13.584444569102128,6.819887775116302
22.645555114556977,15.5596457489368,8.730671870491221
37.656543241607295,15.5596457489368,5.48205503657096
15.423596190836154,17.707200263606367,5.22516666401936
21.435556131455506,17.76789891365415,7.237075125751867
23.552138784183366,15.5596457489368,9.08019231733449
22.645555114556977,12.854260320299042,9.431818084427084
56.83462124455926,15.341141560370522,0.1
23.552138784183366,15.5596457489368,9.08019231733449
32.674832302425585,16.152149378524072,7.864785839784439
22.645555114556977,12.854260320299042,9.431818084427084
29.734304076979825,16.152149378524072,8.95687835397598
27.942390586016593,14.338896465392258,8.31006139441822
18.82841432943499,15.5596457489368,7.259027500998748
17.656728942227325,16.014532174368068,6.613942178400253
23.552138784183366,10.890602232919061,7.0269271828805895
23.552138784183366,15.5596457489368,9.08019231733449
22.645555114556977,10.746034102561623,7.358484054813481
33.98835048215232,15.5596457489368,6.8962746120463425
22.645555114556977,15.5596457489368,8.730671870491221
22.645555114556977,17.583784376252645,7.725649868552449
22.645555114556977,12.854260320299042,9.431818084427084
32.674832302425585,12.392833050743434,4.183617171827887
29.734304076979825,17.698199119493566,9.921564944123158
23.552138784183366,15.5596457489368,9.08019231733449
23.552138784183366,12.854260320299042,9.008735448835584
18.82841432943499,11.711913097936476,9.6438468636888
21.435556131455506,17.76789891365415,7.237075125751867
23.552138784183366,15.5596457489368,9.08019231733449
17.656728942227325,16.014532174368068,6.613942178400253
22.645555114556977,15.5596457489368,8.730671870491221
22.645555114556977,12.854260320299042,9.431818084427084
22.645555114556977,12.854260320299042,9.431818084427084
23.552138784183366,15.5596457489368,9.08019231733449
27.942390586016593,14.338896465392258,8.31006139441822
22.645555114556977,14.338896465392258,9.473962085082578
29.734304076979825,16.152149378524072,8.95687835397598
37.656543241607295,15.341141560370522,5.275275653732953
23.552138784183366,15.5596457489368,9.08019231733449
18.82841432943499,15.5596457489368,7.259027500998748
15.443819387675727,13.584444569102128,6.819887775116302
22.645555114556977,15.5596457489368,8.730671870491221
56.83462124455926,15.341141560370522,0.1
36.80327596328456,16.233431486059786,6.399948718842403
32.674832302425585,12.392833050743434,4.183617171827887
23.552138784183366,15.5596457489368,9.08019231733449
31.974841739322777,15.24314095681077,7.416590265631948
27.612239637471134,12.473742661228076,6.720881273450413
27.942390586016593,12.854260320299042,6.959901606510362
23.552138784183366,15.5596457489368,9.08019231733449
22.645555114556977,17.583784376252645,7.725649868552449
31.11012598771543,17.93469510959542,9.594279127711665
40.89072085165492,16.151104285435718,4.812477108583002
31.11012598771543,9.53608024877798,0.429754535259935
22.645555114556977,11.711913097936476,8.401027200331121
22.645555114556977,16.152149378524072,8.410407696926836
22.645555114556977,11.711913097936476,8.401027200331121
18.65883500200041,14.143708138159921,7.91381035255066
23.552138784183366,10.890602232919061,7.0269271828805895
3.4089515650823046,12.854260320299042,1.5908826301196899
24.4706939636787,12.392833050743434,8.154863038980269
25.426499491542373,16.81699334688554,9.069902574424928
18.82841432943499,11.711913097936476,9.6438468636888
22.645555114556977,15.341141560370522,8.855023005978303
23.552138784183366,12.854260320299042,9.008735448835584
41.649207965221024,16.448073817716814,4.810058520866946
41.649207965221024,4.478868652500783,0.1
22.645555114556977,10.746034102561623,7.358484054813481
33.98835048215232,15.5596457489368,6.8962746120463425
18.82841432943499,12.854260320299042,8.786806364810174
23.552138784183366,15.5596457489368,9.08019231733449
22.645555114556977,12.854260320299042,9.431818084427084
32.674832302425585,16.152149378524072,7.864785839784439
23.552138784183366,15.5596457489368,9.08019231733449
23.552138784183366,12.854260320299042,9.008735448835584
22.645555114556977,17.7811974062702,7.6398770201576705
37.656543241607295,15.5596457489368,5.48205503657096
22.645555114556977,12.854260320299042,9.431818084427084
30.852078130073043,15.5596457489368,8.10541983564461
19.484966185394086,15.5596457489368,7.512151736255676
36.414770196600635,17.583784376252645,7.576910207783216
16.946020011101567,17.7811974062702,5.7170384303241955
25.964087520961186,15.80944607641484,9.851918511125827
28.335654617876237,14.86424428145745,8.564508998755059
15.423596190836154,17.707200263606367,5.22516666401936
22.645555114556977,15.5596457489368,8.730671870491221
20.091745202944566,15.363932096947892,7.844760389719604
