25.964087520961186,15.80944607641484,9.851918511125827
25.964087520961186,15.5596457489368,9.61595992162665
25.964087520961186,15.5596457489368,9.989915132770959
25.964087520961186,15.985941281507067,9.743146913160272
23.14919973361781,8.444237192307659,3.5547697495724258
25.964087520961186,15.5596457489368,9.989915132770959
21.68138764164341,15.5596457489368,8.358950806837633
25.964087520961186,15.5596457489368,9.989915132770959
25.964087520961186,15.5596457489368,9.989915132770959
25.964087520961186,15.5596457489368,9.989915132770959
25.964087520961186,15.80944607641484,9.851918511125827
25.964087520961186,15.5596457489368,9.989915132770959
25.964087520961186,15.5596457489368,9.989915132770959
25.964087520961186,15.5596457489368,9.989915132770959
25.964087520961186,15.5596457489368,9.989915132770959
0.7610752232546432,15.5596457489368,9.989915132770959
25.964087520961186,15.5596457489368,9.989915132770959
25.964087520961186,5.2083211228811415,0.1
25.964087520961186,26.61599479079642,5.851871240399217
25.964087520961186,15.5596457489368,9.989915132770959
14.447668371638636,28.457212537644995,9.989915132770959
23.413063950034758,15.5596457489368,9.026573991961051
25.964087520961186,15.80944607641484,9.851918511125827
23.413063950034758,15.5596457489368,9.026573991961051
25.964087520961186,4.713933511747083,0.1
25.964087520961186,15.5596457489368,9.61595992162665
25.964087520961186,15.5596457489368,9.989915132770959
25.964087520961186,15.80944607641484,9.851918511125827
25.964087520961186,15.769678967762818,9.876762537098942
25.964087520961186,15.5596457489368,9.989915132770959
25.964087520961186,15.5596457489368,9.989915132770959
13.341038780298483,1.2108242178614805,0.1
23.14919973361781,15.5596457489368,9.25325064518296
19.630395047411575,19.080130548512273,6.171803605921725
22.761212497792002,15.5596457489368,8.775261930541266
25.964087520961186,15.80944607641484,9.851918511125827
22.761212497792002,15.5596457489368,8.775261930541266
25.964087520961186,15.80944607641484,9.627312870334297
25.964087520961186,15.5596457489368,9.61595992162665
22.761212497792002,15.5596457489368,8.775261930541266
25.964087520961186,15.5596457489368,9.61595992162665
25.964087520961186,15.5596457489368,9.989915132770959
22.761212497792002,15.5596457489368,8.775261930541266
25.964087520961186,5.671450095885433,4.706604536317597
25.964087520961186,15.5596457489368,9.989915132770959
25.964087520961186,15.5596457489368,9.989915132770959
22.761212497792002,0.09169236959779603,5.784331331521158
22.41194138825385,15.80944607641484,9.147335439409773
25.964087520961186,15.5596457489368,9.989915132770959
26.329012619356927,15.80944607641484,9.990387168233724
34.119640548444515,23.168353403332,7.734393059689923
25.964087520961186,15.5596457489368,9.989915132770959
25.964087520961186,15.80944607641484,9.627312870334297
25.964087520961186,7.323261212232374,0.1
25.964087520961186,15.80944607641484,9.851918511125827
25.964087520961186,15.80944607641484,9.851918511125827
20.733089618143932,15.5596457489368,7.9933479838232735
25.964087520961186,15.80944607641484,9.851918511125827
25.964087520961186,15.5596457489368,9.989915132770959
25.964087520961186,15.80944607641484,9.851918511125827
25.964087520961186,15.80944607641484,9.851918511125827
25.964087520961186,15.5596457489368,9.989915132770959
23.413063950034758,15.5596457489368,9.026573991961051
25.964087520961186,23.796124547757664,6.545325233034796
8.410459704438203,15.5596457489368,3.2425331853418364
25.964087520961186,15.5596457489368,9.989915132770959
25.964087520961186,15.5596457489368,9.989915132770959
22.761212497792002,15.5596457489368,8.775261930541266
25.964087520961186,15.5596457489368,9.989915132770959
25.964087520961186,15.5596457489368,9.61595992162665
45.073382791681624,15.80944607641484,2.8971731078192917
25.964087520961186,15.5596457489368,9.989915132770959
25.964087520961186,15.80944607641484,9.851918511125827
25.964087520961186,15.5596457489368,9.989915132770959
25.964087520961186,15.80944607641484,9.851918511125827
25.964087520961186,22.809918426318553,6.828317907141899
25.964087520961186,15.80944607641484,9.851918511125827
25.964087520961186,24.41625734260674,6.379084732985874
25.964087520961186,27.174153468724818,5.731673467956824
16.8402387961954,15.80944607641484,6.389928403764481
