26.581535735785074,15.80944607641484,9.913794437870584
25.964087520961186,15.5596457489368,9.989915132770959
25.964087520961186,15.5596457489368,9.989915132770959
25.964087520961186,6.745132172713207,0.1
51.41432123486002,15.5596457489368,0.17793929648284035
25.964087520961186,15.5596457489368,9.989915132770959
25.964087520961186,15.5596457489368,9.989915132770959
25.964087520961186,15.5596457489368,9.989915132770959
47.434026697576186,2.8884553868097385,0.1
25.964087520961186,15.5596457489368,9.989915132770959
25.964087520961186,15.5596457489368,8.41585918586188
50.67089311835094,15.5596457489368,0.4645574390588969
25.964087520961186,9.28569284962354,3.22652095290967
0.1557331918862772,15.5596457489368,0.1
25.964087520961186,30.680686297098937,9.989915132770959
33.22125885301132,15.80944607641484,7.8731102826283585
25.964087520961186,15.5596457489368,9.989915132770959
25.964087520961186,15.5596457489368,9.989915132770959
25.964087520961186,15.5596457489368,9.989915132770959
25.964087520961186,15.5596457489368,9.989915132770959
25.964087520961186,20.451767159119925,7.615643833565885
25.964087520961186,15.769678967762818,8.460794308290925
25.964087520961186,15.5596457489368,9.989915132770959
25.964087520961186,15.80944607641484,8.468884732360369
25.964087520961186,15.5596457489368,9.989915132770959
25.964087520961186,15.80944607641484,9.851918511125827
25.964087520961186,15.5596457489368,9.989915132770959
25.964087520961186,15.5596457489368,8.41585918586188
42.82651533507668,15.769678967762818,3.708754566687741
21.68138764164341,15.5596457489368,8.358950806837633
25.964087520961186,15.5596457489368,9.989915132770959
25.964087520961186,18.809859708954654,8.28041127689691
29.26212932214991,15.5596457489368,8.718401997602406
25.964087520961186,21.69553866506238,7.179050811109654
23.840739708428977,15.5596457489368,9.19145830124889
25.964087520961186,15.80944607641484,9.851918511125827
25.964087520961186,15.5596457489368,9.989915132770959
22.761212497792002,15.5596457489368,8.273580676080517
25.964087520961186,15.80944607641484,9.851918511125827
22.761212497792002,15.80944607641484,8.326606222579008
22.761212497792002,15.5596457489368,8.775261930541266
22.761212497792002,15.5596457489368,8.775261930541266
22.761212497792002,15.5596457489368,8.775261930541266
25.964087520961186,15.80944607641484,8.468884732360369
22.761212497792002,15.5596457489368,8.775261930541266
22.761212497792002,15.5596457489368,8.775261930541266
25.964087520961186,15.5596457489368,9.989915132770959
25.964087520961186,15.80944607641484,8.468884732360369
27.810357699067573,21.69553866506238,7.6895431366713245
25.964087520961186,1.9230224117155625,0.1
25.964087520961186,15.80944607641484,9.851918511125827
25.964087520961186,15.80944607641484,9.851918511125827
25.964087520961186,15.5596457489368,9.989915132770959
40.98252835412254,15.5596457489368,4.19976875493138
25.964087520961186,15.5596457489368,9.989915132770959
25.964087520961186,15.5596457489368,9.989915132770959
24.855111785014905,15.5596457489368,9.582535036195768
25.964087520961186,15.5596457489368,9.989915132770959
25.964087520961186,15.80944607641484,9.851918511125827
25.964087520961186,15.80944607641484,9.851918511125827
22.761212497792002,15.80944607641484,8.636606642218103
25.964087520961186,15.5596457489368,8.41585918586188
29.26212932214991,15.5596457489368,8.718401997602406
25.964087520961186,9.28569284962354,3.22652095290967
25.964087520961186,15.80944607641484,9.851918511125827
25.964087520961186,15.5596457489368,9.989915132770959
25.964087520961186,9.28569284962354,3.22652095290967
22.761212497792002,15.49794665637378,8.810197248756117
25.964087520961186,15.80944607641484,9.851918511125827
25.964087520961186,15.5596457489368,8.41585918586188
25.964087520961186,15.80944607641484,9.851918511125827
25.964087520961186,15.80944607641484,9.851918511125827
25.964087520961186,15.80944607641484,8.468884732360369
15.778305068895891,15.5596457489368,6.083101232545492
25.964087520961186,15.5596457489368,9.989915132770959
25.964087520961186,15.80944607641484,9.851918511125827
4.876803594892284,15.80944607641484,1.8504741047747637
36.99056338462603,20.451767159119925,9.15013070600578
25.964087520961186,9.266813770204063,5.747387406643438
25.964087520961186,9.28569284962354,3.22652095290967
