25.964087520961186,19.436503740881708,8.013446066602688
29.734304076979825,17.698199119493566,9.921564944123158
33.28674163855684,16.09754523931222,7.595592324166882
29.734304076979825,16.152149378524072,8.95687835397598
32.470695907123144,19.436503740881708,9.978381863536589
16.898031705880676,11.711913097936476,8.6551117485506
29.734304076979825,17.698199119493566,9.921564944123158
15.071583987502903,13.766150223397815,6.5676619950739985
25.964087520961186,17.698199119493566,8.800521081228169
61.54260255350209,27.928308436830235,6.78109059844226
49.72748961069894,15.5596457489368,8.10541983564461
56.26649805503584,14.338896465392258,0.1
25.964087520961186,16.09754523931222,9.675597871314425
22.645555114556977,13.93521759353508,9.748406190519301
25.964087520961186,16.152149378524072,9.642888435514775
22.645555114556977,15.5596457489368,8.730671870491221
27.769083556166407,19.436503740881708,8.570532402368253
23.552138784183366,19.436503740881708,7.269032418251836
42.850563701850014,23.878871319697556,9.23517077607031
23.552138784183366,15.5596457489368,9.08019231733449
23.552138784183366,15.5596457489368,9.08019231733449
25.964087520961186,7.773370870629048,0.1
22.645555114556977,16.81699334688554,8.077910162235343
39.98419136506112,13.766150223397815,2.5763068931690576
23.552138784183366,17.465833941280827,8.089197244456416
32.674832302425585,15.5596457489368,7.402682874732175
44.498322264646205,15.5596457489368,2.844304389329597
25.964087520961186,15.5596457489368,9.989915132770959
32.470695907123144,20.896309054197502,9.321513090845675
32.470695907123144,13.766150223397815,5.85042185083889
39.98419136506112,13.766150223397815,2.5763068931690576
25.964087520961186,16.152149378524072,9.642888435514775
16.898031705880676,11.711913097936476,8.6551117485506
42.850563701850014,23.878871319697556,9.23517077607031
32.470695907123144,20.896309054197502,9.321513090845675
25.964087520961186,7.773370870629048,0.1
27.769083556166407,19.436503740881708,8.570532402368253
44.498322264646205,15.5596457489368,2.844304389329597
32.470695907123144,13.766150223397815,5.85042185083889
61.54260255350209,27.928308436830235,6.78109059844226
49.72748961069894,15.5596457489368,8.10541983564461
56.26649805503584,14.338896465392258,0.1
25.964087520961186,15.5596457489368,9.989915132770959
31.11012598771543,17.93469510959542,9.594279127711665
29.734304076979825,17.698199119493566,9.921564944123158
22.645555114556977,15.5596457489368,8.730671870491221
22.645555114556977,16.81699334688554,8.077910162235343
25.426499491542373,16.81699334688554,9.069902574424928
33.28674163855684,16.09754523931222,7.595592324166882
25.964087520961186,16.09754523931222,9.675597871314425
23.552138784183366,17.465833941280827,8.089197244456416
32.674832302425585,15.5596457489368,7.402682874732175
25.964087520961186,17.698199119493566,8.800521081228169
23.552138784183366,15.5596457489368,9.08019231733449
23.552138784183366,15.5596457489368,9.08019231733449
32.470695907123144,19.436503740881708,9.978381863536589
15.071583987502903,13.766150223397815,6.5676619950739985
25.964087520961186,19.436503740881708,8.013446066602688
22.645555114556977,13.93521759353508,9.748406190519301
29.734304076979825,16.152149378524072,8.95687835397598
23.552138784183366,19.436503740881708,7.269032418251836
23.552138784183366,17.465833941280827,8.089197244456416
32.470695907123144,15.5596457489368,7.4813847601659695
31.234395188565266,15.5596457489368,7.958022928335355
25.964087520961186,15.5596457489368,9.989915132770959
33.28674163855684,16.09754523931222,7.595592324166882
22.645555114556977,16.81699334688554,8.077910162235343
25.964087520961186,19.436503740881708,8.013446066602688
23.552138784183366,19.436503740881708,7.269032418251836
44.498322264646205,15.5596457489368,2.844304389329597
29.734304076979825,17.698199119493566,9.921564944123158
32.470695907123144,19.436503740881708,9.978381863536589
27.769083556166407,19.436503740881708,8.570532402368253
25.964087520961186,17.698199119493566,8.800521081228169
42.850563701850014,23.878871319697556,9.23517077607031
31.11012598771543,17.93469510959542,9.594279127711665
39.98419136506112,13.766150223397815,2.5763068931690576
32.470695907123144,15.5596457489368,7.4813847601659695
32.674832302425585,15.5596457489368,7.402682874732175
22.645555114556977,13.93521759353508,9.748406190519301
25.964087520961186,16.09754523931222,9.675597871314425
32.470695907123144,20.896309054197502,9.321513090845675
16.898031705880676,11.711913097936476,8.6551117485506
25.964087520961186,16.152149378524072,9.642888435514775
25.964087520961186,15.5596457489368,9.989915132770959
32.470695907123144,13.766150223397815,5.85042185083889
22.645555114556977,15.5596457489368,8.730671870491221
61.54260255350209,27.928308436830235,6.78109059844226
25.964087520961186,19.436503740881708,8.013446066602688
13.670543246635148,15.5596457489368,5.27048362356147
22.645555114556977,13.93521759353508,9.748406190519301
15.071583987502903,13.766150223397815,6.5676619950739985
25.964087520961186,7.773370870629048,0.1
22.645555114556977,19.436503740881708,6.98922827202298
23.552138784183366,15.5596457489368,9.08019231733449
29.734304076979825,16.152149378524072,8.95687835397598
56.26649805503584,14.338896465392258,0.1
32.470695907123144,13.766150223397815,5.85042185083889
33.28674163855684,16.09754523931222,7.595592324166882
13.670543246635148,15.5596457489368,5.27048362356147
21.04908253407161,17.698199119493566,7.134581349414245
16.898031705880676,11.711913097936476,8.6551117485506
15.071583987502903,13.766150223397815,6.5676619950739985
25.964087520961186,15.5596457489368,9.989915132770959
29.734304076979825,17.698199119493566,9.921564944123158
23.552138784183366,17.465833941280827,8.089197244456416
18.82841432943499,11.711913097936476,9.6438468636888
23.552138784183366,17.698199119493566,7.982991649942803
22.645555114556977,13.93521759353508,9.748406190519301
23.552138784183366,15.5596457489368,9.08019231733449
23.552138784183366,13.766150223397815,9.736812870906636
32.470695907123144,15.5596457489368,7.4813847601659695
36.28771294080452,16.152149378524072,6.522986136690939
56.26649805503584,14.338896465392258,0.1
25.964087520961186,15.80944607641484,9.851918511125827
25.964087520961186,17.698199119493566,8.800521081228169
27.769083556166407,19.436503740881708,8.570532402368253
32.674832302425585,16.152149378524072,7.864785839784439
25.964087520961186,15.5596457489368,9.989915132770959
44.498322264646205,15.5596457489368,2.844304389329597
32.470695907123144,15.5596457489368,7.4813847601659695
22.645555114556977,16.81699334688554,8.077910162235343
23.552138784183366,15.5596457489368,9.08019231733449
25.964087520961186,19.436503740881708,8.013446066602688
25.964087520961186,19.436503740881708,8.013446066602688
22.645555114556977,19.436503740881708,6.98922827202298
49.72748961069894,15.5596457489368,8.10541983564461
61.54260255350209,27.928308436830235,6.78109059844226
32.674832302425585,15.5596457489368,7.402682874732175
22.645555114556977,15.5596457489368,8.730671870491221
31.234395188565266,15.5596457489368,7.958022928335355
32.470695907123144,20.896309054197502,9.321513090845675
39.98419136506112,13.766150223397815,2.5763068931690576
25.964087520961186,7.773370870629048,0.1
25.964087520961186,16.152149378524072,9.642888435514775
42.850563701850014,23.878871319697556,9.23517077607031
25.964087520961186,16.09754523931222,9.675597871314425
18.82841432943499,17.698199119493566,6.381886407466439
32.470695907123144,19.436503740881708,9.978381863536589
31.11012598771543,17.93469510959542,9.594279127711665
25.426499491542373,16.81699334688554,9.069902574424928
23.552138784183366,19.436503740881708,7.269032418251836
29.734304076979825,16.152149378524072,8.95687835397598
31.234395188565266,15.5596457489368,7.958022928335355
32.470695907123144,19.436503740881708,9.978381863536589
33.28674163855684,16.09754523931222,7.595592324166882
32.470695907123144,15.5596457489368,7.4813847601659695
39.98419136506112,13.766150223397815,2.5763068931690576
22.645555114556977,16.81699334688554,8.077910162235343
22.645555114556977,13.93521759353508,9.748406190519301
32.470695907123144,13.766150223397815,5.85042185083889
15.071583987502903,13.766150223397815,6.5676619950739985
18.82841432943499,11.711913097936476,9.6438468636888
25.964087520961186,19.436503740881708,8.013446066602688
25.964087520961186,19.436503740881708,8.013446066602688
23.552138784183366,19.436503740881708,7.269032418251836
44.498322264646205,15.5596457489368,2.844304389329597
23.552138784183366,15.5596457489368,9.08019231733449
36.28771294080452,16.152149378524072,6.522986136690939
21.04908253407161,17.698199119493566,7.134581349414245
22.645555114556977,13.93521759353508,9.748406190519301
22.645555114556977,15.5596457489368,8.730671870491221
29.734304076979825,17.698199119493566,9.921564944123158
25.964087520961186,19.436503740881708,8.013446066602688
61.54260255350209,27.928308436830235,6.78109059844226
49.72748961069894,15.5596457489368,8.10541983564461
29.734304076979825,17.698199119493566,9.921564944123158
29.734304076979825,17.698199119493566,9.921564944123158
22.645555114556977,19.436503740881708,6.98922827202298
25.964087520961186,16.152149378524072,9.642888435514775
25.964087520961186,16.09754523931222,9.675597871314425
31.11012598771543,17.93469510959542,9.594279127711665
25.964087520961186,15.80944607641484,9.851918511125827
32.470695907123144,20.896309054197502,9.321513090845675
23.552138784183366,15.5596457489368,9.08019231733449
25.426499491542373,16.81699334688554,9.069902574424928
32.470695907123144,15.5596457489368,7.4813847601659695
25.964087520961186,15.5596457489368,9.989915132770959
32.674832302425585,15.5596457489368,7.402682874732175
16.898031705880676,11.711913097936476,8.6551117485506
29.734304076979825,19.436503740881708,9.177069745142399
25.964087520961186,17.698199119493566,8.800521081228169
42.850563701850014,23.878871319697556,9.23517077607031
25.964087520961186,15.5596457489368,9.989915132770959
23.552138784183366,17.698199119493566,7.982991649942803
54.80362800766384,17.698199119493566,1.424323761816627
56.26649805503584,14.338896465392258,0.1
23.552138784183366,17.465833941280827,8.089197244456416
27.769083556166407,19.436503740881708,8.570532402368253
23.552138784183366,13.766150223397815,9.736812870906636
25.964087520961186,7.773370870629048,0.1
25.964087520961186,15.5596457489368,9.989915132770959
18.82841432943499,17.698199119493566,6.381886407466439
29.734304076979825,16.152149378524072,8.95687835397598
32.674832302425585,15.5596457489368,7.402682874732175
36.28771294080452,16.152149378524072,6.522986136690939
25.964087520961186,15.80944607641484,9.851918511125827
25.964087520961186,15.5596457489368,9.989915132770959
25.964087520961186,15.5596457489368,9.989915132770959
42.850563701850014,23.878871319697556,9.23517077607031
23.552138784183366,13.766150223397815,9.736812870906636
32.470695907123144,12.854260320299042,4.846641226686504
32.470695907123144,13.766150223397815,5.85042185083889
23.552138784183366,17.698199119493566,7.982991649942803
32.470695907123144,19.436503740881708,9.978381863536589
18.82841432943499,11.711913097936476,9.6438468636888
25.964087520961186,17.698199119493566,8.800521081228169
22.645555114556977,19.436503740881708,6.98922827202298
21.04908253407161,17.698199119493566,7.134581349414245
15.071583987502903,13.766150223397815,6.5676619950739985
22.645555114556977,16.09754523931222,8.438936461150456
32.470695907123144,15.5596457489368,7.4813847601659695
32.674832302425585,16.152149378524072,7.864785839784439
16.898031705880676,11.711913097936476,8.6551117485506
25.964087520961186,19.436503740881708,8.013446066602688
23.552138784183366,15.5596457489368,9.08019231733449
25.964087520961186,19.436503740881708,8.013446066602688
22.645555114556977,15.5596457489368,8.730671870491221
44.498322264646205,15.5596457489368,2.844304389329597
32.470695907123144,15.5596457489368,7.4813847601659695
61.54260255350209,27.928308436830235,6.78109059844226
22.645555114556977,13.93521759353508,9.748406190519301
42.122435778852754,15.5596457489368,3.7602936509778147
33.28674163855684,16.09754523931222,7.595592324166882
23.552138784183366,15.5596457489368,9.08019231733449
32.470695907123144,17.698199119493566,8.994065606115024
29.734304076979825,17.698199119493566,9.921564944123158
25.964087520961186,15.5596457489368,9.989915132770959
25.964087520961186,16.152149378524072,9.642888435514775
27.769083556166407,19.436503740881708,8.570532402368253
24.343364432232335,11.711913097936476,7.5314153054086646
56.26649805503584,14.338896465392258,0.1
13.670543246635148,15.5596457489368,5.27048362356147
31.234395188565266,15.5596457489368,7.958022928335355
22.645555114556977,13.93521759353508,9.748406190519301
23.552138784183366,17.465833941280827,8.089197244456416
23.552138784183366,12.854260320299042,9.008735448835584
29.734304076979825,16.152149378524072,8.95687835397598
29.734304076979825,17.698199119493566,9.921564944123158
25.964087520961186,16.09754523931222,9.675597871314425
23.552138784183366,19.436503740881708,7.269032418251836
39.98419136506112,13.766150223397815,2.5763068931690576
29.734304076979825,17.698199119493566,9.921564944123158
22.645555114556977,16.81699334688554,8.077910162235343
18.82841432943499,17.698199119493566,6.381886407466439
32.470695907123144,19.436503740881708,9.978381863536589
25.426499491542373,16.81699334688554,9.069902574424928
25.964087520961186,19.436503740881708,8.013446066602688
29.734304076979825,19.436503740881708,9.177069745142399
32.470695907123144,19.436503740881708,9.978381863536589
23.552138784183366,19.436503740881708,7.269032418251836
29.734304076979825,17.698199119493566,9.921564944123158
25.964087520961186,7.773370870629048,0.1
32.470695907123144,20.896309054197502,9.321513090845675
25.964087520961186,16.09754523931222,9.675597871314425
23.552138784183366,19.436503740881708,7.269032418251836
54.80362800766384,17.698199119493566,1.424323761816627
29.734304076979825,16.152149378524072,8.95687835397598
