25.964087520961186,14.724830435274793,9.42239945407084
28.200492079493962,15.5596457489368,9.127701145458756
25.964087520961186,14.724830435274793,9.42239945407084
25.12165962119679,15.5596457489368,9.685298765489273
25.12165962119679,15.5596457489368,9.685298765489273
25.964087520961186,14.724830435274793,9.42239945407084
28.200492079493962,15.5596457489368,9.127701145458756
25.964087520961186,14.724830435274793,9.42239945407084
28.200492079493962,15.5596457489368,9.127701145458756
25.964087520961186,14.724830435274793,9.42239945407084
25.12165962119679,15.5596457489368,9.685298765489273
28.200492079493962,15.5596457489368,9.127701145458756
25.964087520961186,14.724830435274793,9.42239945407084
25.12165962119679,15.5596457489368,9.685298765489273
28.200492079493962,15.5596457489368,9.127701145458756
25.12165962119679,15.5596457489368,9.685298765489273
25.964087520961186,14.724830435274793,9.42239945407084
28.200492079493962,15.5596457489368,9.127701145458756
25.964087520961186,14.724830435274793,9.42239945407084
25.964087520961186,20.195368311357587,7.7123314638081375
25.12165962119679,15.5596457489368,9.685298765489273
25.951423216359608,15.5596457489368,9.994797675388485
28.200492079493962,15.5596457489368,9.127701145458756
25.964087520961186,20.195368311357587,7.7123314638081375
25.12165962119679,15.5596457489368,9.685298765489273
25.964087520961186,14.724830435274793,9.42239945407084
25.964087520961186,14.724830435274793,9.42239945407084
28.200492079493962,15.5596457489368,9.127701145458756
25.964087520961186,20.195368311357587,7.7123314638081375
25.951423216359608,15.5596457489368,9.994797675388485
25.12165962119679,15.5596457489368,9.685298765489273
25.964087520961186,14.724830435274793,9.42239945407084
25.964087520961186,20.195368311357587,7.7123314638081375
25.12165962119679,15.5596457489368,9.685298765489273
25.951423216359608,15.5596457489368,9.994797675388485
25.951423216359608,15.5596457489368,9.994797675388485
28.200492079493962,15.5596457489368,9.127701145458756
25.12165962119679,15.5596457489368,9.685298765489273
25.964087520961186,14.724830435274793,9.42239945407084
25.964087520961186,20.195368311357587,7.7123314638081375
25.951423216359608,15.5596457489368,9.994797675388485
25.964087520961186,14.724830435274793,9.42239945407084
25.964087520961186,20.195368311357587,7.7123314638081375
25.12165962119679,15.5596457489368,9.685298765489273
28.200492079493962,15.5596457489368,9.127701145458756
25.964087520961186,14.724830435274793,9.42239945407084
25.12165962119679,15.5596457489368,9.685298765489273
28.200492079493962,15.5596457489368,9.127701145458756
25.951423216359608,15.5596457489368,9.994797675388485
28.200492079493962,15.5596457489368,9.127701145458756
25.951423216359608,15.5596457489368,9.994797675388485
25.964087520961186,20.195368311357587,7.7123314638081375
25.964087520961186,20.195368311357587,7.7123314638081375
25.951423216359608,15.5596457489368,9.994797675388485
25.964087520961186,14.724830435274793,9.42239945407084
25.951423216359608,15.5596457489368,9.994797675388485
25.964087520961186,14.724830435274793,9.42239945407084
25.12165962119679,15.5596457489368,9.685298765489273
28.200492079493962,15.5596457489368,9.127701145458756
25.964087520961186,20.195368311357587,7.7123314638081375
25.964087520961186,14.724830435274793,9.42239945407084
28.200492079493962,15.5596457489368,9.127701145458756
25.964087520961186,20.195368311357587,7.7123314638081375
25.951423216359608,15.5596457489368,9.994797675388485
25.12165962119679,15.5596457489368,9.685298765489273
28.200492079493962,15.5596457489368,9.127701145458756
25.964087520961186,20.195368311357587,7.7123314638081375
25.951423216359608,15.5596457489368,9.994797675388485
25.964087520961186,14.724830435274793,9.42239945407084
25.964087520961186,20.195368311357587,7.7123314638081375
28.200492079493962,15.5596457489368,9.127701145458756
25.951423216359608,15.5596457489368,9.994797675388485
25.964087520961186,14.724830435274793,9.42239945407084
25.12165962119679,15.5596457489368,9.685298765489273
28.200492079493962,15.5596457489368,9.127701145458756
25.964087520961186,20.195368311357587,7.7123314638081375
25.951423216359608,15.5596457489368,9.994797675388485
25.964087520961186,14.724830435274793,9.42239945407084
25.951423216359608,15.5596457489368,9.994797675388485
25.12165962119679,15.5596457489368,9.685298765489273
28.200492079493962,15.5596457489368,9.127701145458756
25.964087520961186,20.195368311357587,7.7123314638081375
25.964087520961186,14.335133846218472,9.134850352864769
25.12165962119679,15.5596457489368,9.685298765489273
25.951423216359608,15.5596457489368,9.994797675388485
28.200492079493962,15.5596457489368,9.127701145458756
25.964087520961186,20.195368311357587,7.7123314638081375
25.964087520961186,14.724830435274793,9.42239945407084
28.200492079493962,15.5596457489368,9.127701145458756
25.12165962119679,15.5596457489368,9.685298765489273
25.951423216359608,15.5596457489368,9.994797675388485
26.581535735785074,15.80944607641484,9.913794437870584
25.964087520961186,20.195368311357587,7.7123314638081375
25.964087520961186,14.724830435274793,9.42239945407084
25.964087520961186,14.335133846218472,9.134850352864769
31.199601092034506,16.871870653547514,8.906969573172322
25.964087520961186,20.195368311357587,7.7123314638081375
25.951423216359608,15.5596457489368,9.994797675388485
28.200492079493962,15.5596457489368,9.127701145458756
25.12165962119679,15.5596457489368,9.685298765489273
25.964087520961186,14.724830435274793,9.42239945407084
26.581535735785074,15.80944607641484,9.913794437870584
31.199601092034506,16.871870653547514,8.906969573172322
25.964087520961186,20.195368311357587,7.7123314638081375
28.200492079493962,15.5596457489368,9.127701145458756
25.951423216359608,15.5596457489368,9.994797675388485
28.200492079493962,15.5596457489368,9.127701145458756
31.199601092034506,16.871870653547514,8.906969573172322
25.964087520961186,15.5596457489368,9.989915132770959
25.964087520961186,20.195368311357587,7.7123314638081375
6.4320557347998815,15.5596457489368,2.479787657629592
25.964087520961186,14.724830435274793,9.42239945407084
25.12165962119679,15.5596457489368,9.685298765489273
26.581535735785074,15.80944607641484,9.913794437870584
25.964087520961186,14.335133846218472,9.134850352864769
25.964087520961186,20.195368311357587,7.7123314638081375
25.12165962119679,15.5596457489368,9.685298765489273
25.951423216359608,15.5596457489368,9.994797675388485
31.199601092034506,16.871870653547514,8.906969573172322
25.964087520961186,14.724830435274793,9.42239945407084
25.964087520961186,15.80944607641484,9.851918511125827
25.964087520961186,15.5596457489368,9.989915132770959
26.581535735785074,15.80944607641484,9.913794437870584
28.200492079493962,15.5596457489368,9.127701145458756
6.4320557347998815,15.5596457489368,2.479787657629592
25.964087520961186,14.335133846218472,9.134850352864769
25.12165962119679,15.5596457489368,9.685298765489273
25.964087520961186,14.335133846218472,9.134850352864769
25.964087520961186,13.849693859179538,8.754020411242228
25.964087520961186,15.80944607641484,9.851918511125827
28.200492079493962,15.5596457489368,9.127701145458756
25.964087520961186,20.195368311357587,7.7123314638081375
6.4320557347998815,15.5596457489368,2.479787657629592
25.951423216359608,15.5596457489368,9.994797675388485
25.964087520961186,15.5596457489368,9.989915132770959
25.964087520961186,14.724830435274793,9.42239945407084
28.200492079493962,15.5596457489368,9.127701145458756
26.581535735785074,15.80944607641484,9.913794437870584
25.964087520961186,15.5596457489368,9.989915132770959
25.12165962119679,15.5596457489368,9.685298765489273
31.199601092034506,16.871870653547514,8.906969573172322
25.964087520961186,14.335133846218472,9.134850352864769
25.964087520961186,15.5596457489368,9.989915132770959
25.964087520961186,15.5596457489368,9.989915132770959
25.964087520961186,20.195368311357587,7.7123314638081375
25.964087520961186,15.80944607641484,9.851918511125827
25.964087520961186,13.849693859179538,8.754020411242228
6.4320557347998815,15.5596457489368,2.479787657629592
31.199601092034506,16.871870653547514,8.906969573172322
25.964087520961186,20.195368311357587,7.7123314638081375
28.200492079493962,15.5596457489368,9.127701145458756
25.12165962119679,15.5596457489368,9.685298765489273
25.951423216359608,15.5596457489368,9.994797675388485
25.964087520961186,14.724830435274793,9.42239945407084
25.964087520961186,15.5596457489368,9.989915132770959
6.4320557347998815,15.5596457489368,2.479787657629592
25.964087520961186,13.849693859179538,8.754020411242228
25.964087520961186,15.5596457489368,9.989915132770959
25.964087520961186,15.5596457489368,9.989915132770959
25.964087520961186,14.335133846218472,9.134850352864769
25.964087520961186,15.5596457489368,9.989915132770959
25.964087520961186,14.335133846218472,9.134850352864769
25.964087520961186,15.5596457489368,9.989915132770959
6.4320557347998815,15.5596457489368,2.479787657629592
25.964087520961186,15.5596457489368,9.989915132770959
25.964087520961186,15.5596457489368,9.989915132770959
25.951423216359608,15.5596457489368,9.994797675388485
25.964087520961186,15.5596457489368,9.989915132770959
25.964087520961186,15.5596457489368,9.989915132770959
25.964087520961186,20.195368311357587,7.7123314638081375
28.200492079493962,15.5596457489368,9.127701145458756
25.12165962119679,15.5596457489368,9.685298765489273
26.581535735785074,15.80944607641484,9.913794437870584
25.964087520961186,15.80944607641484,9.851918511125827
31.199601092034506,16.871870653547514,8.906969573172322
25.964087520961186,15.5596457489368,9.989915132770959
26.581535735785074,15.80944607641484,9.913794437870584
6.4320557347998815,15.5596457489368,2.479787657629592
28.200492079493962,15.5596457489368,9.127701145458756
25.964087520961186,15.5596457489368,9.989915132770959
25.964087520961186,13.849693859179538,8.754020411242228
25.964087520961186,14.335133846218472,9.134850352864769
0.018815687652054436,15.5596457489368,0.1
25.12165962119679,15.5596457489368,9.685298765489273
25.964087520961186,15.5596457489368,9.989915132770959
25.964087520961186,15.5596457489368,9.989915132770959
25.951423216359608,15.5596457489368,9.994797675388485
25.964087520961186,15.80944607641484,9.851918511125827
25.109601086377104,13.849693859179538,9.124129200717118
31.199601092034506,16.871870653547514,8.906969573172322
25.964087520961186,20.195368311357587,7.7123314638081375
33.75970963154706,8.254490286825652,0.1
25.964087520961186,14.724830435274793,9.42239945407084
25.964087520961186,15.5596457489368,9.989915132770959
28.200492079493962,15.5596457489368,9.127701145458756
33.75970963154706,8.254490286825652,0.1
0.018815687652054436,15.5596457489368,0.1
25.964087520961186,14.335133846218472,9.134850352864769
25.964087520961186,15.5596457489368,9.989915132770959
26.581535735785074,15.80944607641484,9.913794437870584
25.964087520961186,13.849693859179538,8.754020411242228
25.964087520961186,15.5596457489368,9.989915132770959
25.951423216359608,15.5596457489368,9.994797675388485
6.4320557347998815,15.5596457489368,2.479787657629592
31.199601092034506,16.871870653547514,8.906969573172322
25.12165962119679,15.5596457489368,9.685298765489273
25.964087520961186,15.5596457489368,9.989915132770959
25.109601086377104,13.849693859179538,9.124129200717118
25.964087520961186,15.5596457489368,9.989915132770959
25.964087520961186,20.195368311357587,7.7123314638081375
25.964087520961186,15.5596457489368,9.989915132770959
31.199601092034506,16.871870653547514,8.906969573172322
25.964087520961186,15.5596457489368,9.989915132770959
25.109601086377104,13.849693859179538,9.124129200717118
25.12165962119679,15.5596457489368,9.685298765489273
0.018815687652054436,15.5596457489368,0.1
28.200492079493962,15.5596457489368,9.127701145458756
25.964087520961186,15.5596457489368,9.989915132770959
25.964087520961186,14.335133846218472,9.134850352864769
25.964087520961186,15.80944607641484,9.851918511125827
25.951423216359608,15.5596457489368,9.994797675388485
25.964087520961186,20.195368311357587,7.7123314638081375
25.964087520961186,14.724830435274793,9.42239945407084
17.761934581603846,17.243041206795006,6.179321626172796
25.964087520961186,13.849693859179538,8.754020411242228
6.4320557347998815,15.5596457489368,2.479787657629592
25.964087520961186,15.5596457489368,9.989915132770959
26.581535735785074,15.80944607641484,9.913794437870584
33.75970963154706,8.254490286825652,0.1
25.964087520961186,15.5596457489368,9.989915132770959
25.964087520961186,15.5596457489368,9.989915132770959
25.964087520961186,15.5596457489368,9.989915132770959
25.109601086377104,13.849693859179538,9.124129200717118
25.964087520961186,15.5596457489368,9.989915132770959
25.964087520961186,15.80944607641484,9.851918511125827
25.951423216359608,15.5596457489368,9.994797675388485
25.964087520961186,15.5596457489368,9.989915132770959
25.964087520961186,15.5596457489368,9.989915132770959
25.964087520961186,14.335133846218472,9.134850352864769
25.964087520961186,15.5596457489368,9.989915132770959
25.964087520961186,14.724830435274793,9.42239945407084
25.964087520961186,15.5596457489368,9.989915132770959
0.018815687652054436,15.5596457489368,0.1
17.761934581603846,17.243041206795006,6.179321626172796
28.200492079493962,15.5596457489368,9.127701145458756
6.4320557347998815,15.5596457489368,2.479787657629592
25.964087520961186,15.5596457489368,9.989915132770959
31.199601092034506,16.871870653547514,8.906969573172322
25.964087520961186,20.195368311357587,7.7123314638081375
25.964087520961186,13.849693859179538,8.754020411242228
26.581535735785074,15.80944607641484,9.913794437870584
25.12165962119679,15.5596457489368,9.685298765489273
25.964087520961186,15.5596457489368,9.989915132770959
17.761934581603846,17.243041206795006,6.179321626172796
26.581535735785074,15.80944607641484,9.913794437870584
0.018815687652054436,15.5596457489368,0.1
8.218617435615968,15.5596457489368,3.1685711256129117
28.200492079493962,15.5596457489368,9.127701145458756
25.964087520961186,15.5596457489368,9.989915132770959
25.964087520961186,15.5596457489368,9.989915132770959
25.964087520961186,15.5596457489368,9.989915132770959
25.964087520961186,15.5596457489368,9.989915132770959
33.75970963154706,8.254490286825652,0.1
25.109601086377104,13.849693859179538,9.124129200717118
25.964087520961186,14.335133846218472,9.134850352864769
25.964087520961186,15.80944607641484,9.851918511125827
25.964087520961186,15.5596457489368,9.989915132770959
25.964087520961186,12.072178333988145,7.098154935935037
25.964087520961186,20.195368311357587,7.7123314638081375
25.12165962119679,15.5596457489368,9.685298765489273
25.951423216359608,30.57635839260619,5.091430503870574
6.4320557347998815,15.5596457489368,2.479787657629592
31.199601092034506,16.871870653547514,8.906969573172322
25.964087520961186,13.849693859179538,8.754020411242228
25.964087520961186,15.5596457489368,9.989915132770959
25.964087520961186,15.5596457489368,9.989915132770959
25.964087520961186,15.5596457489368,9.989915132770959
25.964087520961186,15.5596457489368,9.989915132770959
31.199601092034506,16.871870653547514,8.906969573172322
25.964087520961186,18.655715274349124,8.34882887953547
8.218617435615968,15.5596457489368,3.1685711256129117
25.964087520961186,15.5596457489368,9.989915132770959
25.964087520961186,15.5596457489368,9.989915132770959
25.964087520961186,20.195368311357587,7.7123314638081375
25.964087520961186,15.5596457489368,9.989915132770959
25.964087520961186,14.724830435274793,9.42239945407084
17.761934581603846,17.243041206795006,6.179321626172796
33.75970963154706,8.254490286825652,0.1
25.951423216359608,30.57635839260619,5.091430503870574
25.964087520961186,15.5596457489368,9.989915132770959
25.964087520961186,12.072178333988145,7.098154935935037
25.964087520961186,15.80944607641484,9.851918511125827
25.964087520961186,15.5596457489368,9.989915132770959
25.964087520961186,15.5596457489368,9.989915132770959
25.964087520961186,15.5596457489368,9.989915132770959
25.964087520961186,12.072178333988145,7.098154935935037
25.12165962119679,15.5596457489368,9.685298765489273
25.964087520961186,15.5596457489368,9.989915132770959
25.964087520961186,14.335133846218472,9.134850352864769
26.581535735785074,15.80944607641484,9.913794437870584
25.964087520961186,15.5596457489368,9.989915132770959
6.4320557347998815,15.5596457489368,2.479787657629592
0.018815687652054436,15.5596457489368,0.1
25.951423216359608,15.5596457489368,9.994797675388485
28.200492079493962,15.5596457489368,9.127701145458756
25.964087520961186,14.724830435274793,9.42239945407084
25.964087520961186,12.072178333988145,7.098154935935037
17.761934581603846,17.243041206795006,6.179321626172796
25.964087520961186,20.195368311357587,7.7123314638081375
26.581535735785074,15.80944607641484,9.913794437870584
25.964087520961186,14.724830435274793,9.42239945407084
25.964087520961186,15.5596457489368,9.989915132770959
8.218617435615968,15.5596457489368,3.1685711256129117
25.109601086377104,13.849693859179538,9.124129200717118
25.964087520961186,15.5596457489368,9.989915132770959
25.964087520961186,15.5596457489368,9.989915132770959
25.964087520961186,15.5596457489368,9.989915132770959
6.4320557347998815,15.5596457489368,2.479787657629592
25.964087520961186,15.5596457489368,9.989915132770959
25.964087520961186,15.5596457489368,9.989915132770959
25.964087520961186,15.5596457489368,9.989915132770959
25.964087520961186,15.5596457489368,9.989915132770959
25.964087520961186,21.2825086410136,7.318374777996052
25.12165962119679,15.5596457489368,9.685298765489273
25.964087520961186,18.655715274349124,8.34882887953547
25.964087520961186,15.5596457489368,9.989915132770959
25.951423216359608,30.57635839260619,5.091430503870574
25.964087520961186,15.5596457489368,9.989915132770959
31.199601092034506,16.871870653547514,8.906969573172322
25.964087520961186,15.5596457489368,9.989915132770959
25.964087520961186,15.80944607641484,9.851918511125827
25.964087520961186,14.335133846218472,9.134850352864769
25.964087520961186,12.072178333988145,7.098154935935037
25.964087520961186,15.5596457489368,9.989915132770959
25.964087520961186,15.5596457489368,9.989915132770959
28.200492079493962,15.5596457489368,9.127701145458756
25.964087520961186,16.362819443920014,9.518736974681385
0.018815687652054436,15.5596457489368,0.1
8.218617435615968,15.5596457489368,3.1685711256129117
25.964087520961186,15.5596457489368,9.989915132770959
25.964087520961186,20.195368311357587,7.7123314638081375
25.109601086377104,13.849693859179538,9.124129200717118
25.964087520961186,15.5596457489368,9.989915132770959
25.964087520961186,15.5596457489368,9.989915132770959
25.964087520961186,15.5596457489368,9.989915132770959
25.964087520961186,15.5596457489368,9.989915132770959
25.964087520961186,15.80944607641484,9.851918511125827
25.964087520961186,13.849693859179538,8.754020411242228
25.964087520961186,14.724830435274793,9.42239945407084
31.199601092034506,16.871870653547514,8.906969573172322
25.951423216359608,30.57635839260619,5.091430503870574
25.964087520961186,21.2825086410136,7.318374777996052
25.964087520961186,12.072178333988145,7.098154935935037
26.581535735785074,15.80944607641484,9.913794437870584
25.964087520961186,15.5596457489368,9.989915132770959
25.964087520961186,14.335133846218472,9.134850352864769
25.964087520961186,12.072178333988145,7.098154935935037
25.951423216359608,15.5596457489368,9.994797675388485
25.964087520961186,15.5596457489368,9.989915132770959
25.964087520961186,14.335133846218472,9.134850352864769
25.964087520961186,15.5596457489368,9.989915132770959
25.12165962119679,15.5596457489368,9.685298765489273
25.964087520961186,16.362819443920014,9.518736974681385
25.964087520961186,15.5596457489368,9.989915132770959
25.951423216359608,8.254490286825652,1.1402765757858226
25.964087520961186,15.5596457489368,9.989915132770959
25.964087520961186,15.5596457489368,9.989915132770959
28.200492079493962,15.5596457489368,9.127701145458756
17.761934581603846,17.243041206795006,6.179321626172796
25.964087520961186,15.5596457489368,9.989915132770959
25.964087520961186,15.5596457489368,9.989915132770959
25.964087520961186,14.724830435274793,9.42239945407084
0.018815687652054436,15.5596457489368,0.1
25.964087520961186,15.5596457489368,9.989915132770959
6.4320557347998815,15.5596457489368,2.479787657629592
25.964087520961186,15.5596457489368,9.989915132770959
25.964087520961186,15.5596457489368,9.989915132770959
25.964087520961186,18.655715274349124,8.34882887953547
25.964087520961186,15.5596457489368,9.989915132770959
25.964087520961186,15.5596457489368,9.989915132770959
25.964087520961186,14.724830435274793,9.42239945407084
26.581535735785074,15.80944607641484,9.913794437870584
25.964087520961186,15.5596457489368,9.989915132770959
25.964087520961186,15.5596457489368,9.989915132770959
25.964087520961186,15.5596457489368,9.989915132770959
26.882793239543194,20.451767159119925,7.885113559198738
22.296100041237718,15.5596457489368,8.595944434436113
25.964087520961186,15.5596457489368,9.989915132770959
25.951423216359608,30.57635839260619,5.091430503870574
25.964087520961186,15.5596457489368,9.989915132770959
25.964087520961186,21.2825086410136,7.318374777996052
25.964087520961186,21.2825086410136,7.318374777996052
25.964087520961186,14.724830435274793,9.42239945407084
25.964087520961186,12.072178333988145,7.098154935935037
25.964087520961186,15.5596457489368,9.989915132770959
25.964087520961186,15.5596457489368,9.989915132770959
8.218617435615968,15.5596457489368,3.1685711256129117
6.4320557347998815,15.5596457489368,2.479787657629592
25.964087520961186,15.80944607641484,9.851918511125827
17.761934581603846,17.243041206795006,6.179321626172796
0.018815687652054436,15.5596457489368,0.1
25.964087520961186,15.5596457489368,9.989915132770959
25.964087520961186,14.335133846218472,9.134850352864769
25.964087520961186,15.5596457489368,9.989915132770959
31.199601092034506,16.871870653547514,8.906969573172322
25.964087520961186,18.655715274349124,8.34882887953547
25.964087520961186,15.5596457489368,9.989915132770959
25.964087520961186,15.5596457489368,9.989915132770959
25.951423216359608,8.254490286825652,1.1402765757858226
25.964087520961186,14.335133846218472,9.134850352864769
25.964087520961186,20.451767159119925,7.615643833565885
28.200492079493962,15.5596457489368,9.127701145458756
25.951423216359608,15.5596457489368,9.994797675388485
25.964087520961186,16.362819443920014,9.518736974681385
25.964087520961186,15.5596457489368,9.989915132770959
25.964087520961186,13.849693859179538,8.754020411242228
25.964087520961186,0.5592640392586627,0.1
25.964087520961186,23.784338760267183,6.548568619913454
25.964087520961186,20.195368311357587,7.7123314638081375
25.12165962119679,15.5596457489368,9.685298765489273
25.964087520961186,12.072178333988145,7.098154935935037
25.964087520961186,15.5596457489368,9.989915132770959
25.964087520961186,15.5596457489368,9.989915132770959
25.964087520961186,15.5596457489368,9.989915132770959
25.964087520961186,15.5596457489368,9.989915132770959
25.964087520961186,13.849693859179538,8.754020411242228
6.4320557347998815,15.5596457489368,2.479787657629592
25.964087520961186,20.195368311357587,7.7123314638081375
25.964087520961186,21.2825086410136,7.318374777996052
25.964087520961186,15.5596457489368,9.989915132770959
25.964087520961186,15.5596457489368,9.989915132770959
25.964087520961186,15.5596457489368,9.989915132770959
25.964087520961186,15.5596457489368,9.989915132770959
26.882793239543194,20.451767159119925,7.885113559198738
25.964087520961186,15.5596457489368,9.989915132770959
0.018815687652054436,15.5596457489368,0.1
28.200492079493962,15.5596457489368,9.127701145458756
25.964087520961186,0.5592640392586627,0.1
25.964087520961186,15.5596457489368,9.989915132770959
25.964087520961186,15.5596457489368,9.989915132770959
25.964087520961186,14.724830435274793,9.42239945407084
17.761934581603846,17.243041206795006,6.179321626172796
25.964087520961186,15.5596457489368,9.989915132770959
25.964087520961186,16.362819443920014,9.518736974681385
25.964087520961186,15.5596457489368,9.989915132770959
25.964087520961186,21.2825086410136,7.318374777996052
25.12165962119679,15.5596457489368,9.685298765489273
25.964087520961186,21.2825086410136,7.318374777996052
25.964087520961186,15.5596457489368,9.989915132770959
25.964087520961186,15.5596457489368,9.989915132770959
25.964087520961186,15.5596457489368,9.989915132770959
25.964087520961186,20.494623235127445,7.599718846449357
25.951423216359608,8.254490286825652,1.1402765757858226
25.964087520961186,15.80944607641484,9.851918511125827
25.964087520961186,15.5596457489368,9.989915132770959
25.964087520961186,21.2825086410136,7.318374777996052
25.964087520961186,14.335133846218472,9.134850352864769
25.951423216359608,30.57635839260619,5.091430503870574
25.964087520961186,15.5596457489368,9.989915132770959
25.964087520961186,15.5596457489368,9.989915132770959
25.964087520961186,20.451767159119925,7.615643833565885
26.581535735785074,15.80944607641484,9.913794437870584
31.199601092034506,16.871870653547514,8.906969573172322
25.964087520961186,23.784338760267183,6.548568619913454
25.964087520961186,15.5596457489368,9.989915132770959
8.218617435615968,15.5596457489368,3.1685711256129117
25.964087520961186,15.5596457489368,9.989915132770959
22.296100041237718,15.5596457489368,8.595944434436113
25.964087520961186,15.5596457489368,9.989915132770959
25.964087520961186,14.724830435274793,9.42239945407084
25.964087520961186,14.335133846218472,9.134850352864769
25.964087520961186,18.655715274349124,8.34882887953547
25.964087520961186,15.5596457489368,9.989915132770959
25.951423216359608,15.5596457489368,9.994797675388485
25.964087520961186,15.5596457489368,9.989915132770959
25.964087520961186,12.072178333988145,7.098154935935037
25.964087520961186,12.072178333988145,7.098154935935037
25.109601086377104,13.849693859179538,9.124129200717118
25.951423216359608,15.5596457489368,9.994797675388485
25.964087520961186,16.362819443920014,9.518736974681385
25.964087520961186,15.5596457489368,9.989915132770959
26.581535735785074,15.80944607641484,9.913794437870584
25.964087520961186,0.5592640392586627,0.1
28.200492079493962,15.5596457489368,9.127701145458756
25.951423216359608,8.254490286825652,1.1402765757858226
25.964087520961186,15.5596457489368,9.989915132770959
26.882793239543194,20.451767159119925,7.885113559198738
25.964087520961186,15.5596457489368,9.989915132770959
25.964087520961186,21.2825086410136,7.318374777996052
25.964087520961186,15.5596457489368,9.989915132770959
25.964087520961186,15.5596457489368,9.989915132770959
25.964087520961186,12.072178333988145,7.098154935935037
25.964087520961186,15.80944607641484,9.851918511125827
25.964087520961186,15.5596457489368,9.989915132770959
25.964087520961186,12.072178333988145,7.098154935935037
25.964087520961186,14.335133846218472,9.134850352864769
25.964087520961186,15.5596457489368,9.989915132770959
25.964087520961186,15.5596457489368,9.989915132770959
8.218617435615968,15.5596457489368,3.1685711256129117
25.964087520961186,7.690145322587393,0.1
25.964087520961186,13.849693859179538,8.754020411242228
25.964087520961186,15.5596457489368,9.989915132770959
25.964087520961186,21.2825086410136,7.318374777996052
25.964087520961186,15.5596457489368,9.989915132770959
22.296100041237718,15.5596457489368,8.595944434436113
25.964087520961186,20.494623235127445,7.599718846449357
25.964087520961186,15.5596457489368,9.989915132770959
25.964087520961186,15.5596457489368,9.989915132770959
25.964087520961186,14.724830435274793,9.42239945407084
25.964087520961186,15.5596457489368,9.989915132770959
25.964087520961186,15.5596457489368,9.989915132770959
25.964087520961186,14.335133846218472,9.134850352864769
25.964087520961186,14.724830435274793,9.42239945407084
25.964087520961186,23.784338760267183,6.548568619913454
25.964087520961186,15.5596457489368,9.989915132770959
25.964087520961186,1.0240191521572672,0.1
6.4320557347998815,15.5596457489368,2.479787657629592
31.199601092034506,16.871870653547514,8.906969573172322
25.12165962119679,15.5596457489368,9.685298765489273
0.018815687652054436,15.5596457489368,0.1
25.964087520961186,15.5596457489368,9.989915132770959
17.761934581603846,17.243041206795006,6.179321626172796
25.964087520961186,21.2825086410136,7.318374777996052
25.964087520961186,15.5596457489368,9.989915132770959
25.964087520961186,20.195368311357587,7.7123314638081375
25.964087520961186,15.80944607641484,9.851918511125827
25.964087520961186,15.5596457489368,9.989915132770959
25.964087520961186,15.5596457489368,9.989915132770959
25.964087520961186,21.2825086410136,7.318374777996052
25.964087520961186,18.655715274349124,8.34882887953547
25.951423216359608,30.57635839260619,5.091430503870574
25.964087520961186,15.5596457489368,9.989915132770959
25.964087520961186,15.5596457489368,9.989915132770959
25.964087520961186,15.5596457489368,9.989915132770959
50.96603533863212,15.80944607641484,0.6612411629717556
33.75970963154706,8.254490286825652,0.1
25.964087520961186,15.5596457489368,9.989915132770959
25.964087520961186,15.5596457489368,9.989915132770959
25.109601086377104,13.849693859179538,9.124129200717118
25.964087520961186,15.5596457489368,9.989915132770959
25.964087520961186,15.5596457489368,9.989915132770959
25.964087520961186,20.451767159119925,7.615643833565885
