23.942890053728863,14.119562390489774,10.377490001292625
4.6713001358242,12.716836325449,2.2143955013539647
23.363697812888546,6.652894266980313,0.09647441813941074
23.363697812888546,14.119562390489774,9.643817977866037
23.942890053728863,14.119562390489774,9.12151701673358
15.023340035059164,16.54152854742358,5.438753427723716
15.023340035059164,11.815636676902827,7.987596895835392
38.628656781453685,4.927045697002123,0.09896498953593358
23.942890053728863,14.119562390489774,9.1776162863053
23.363697812888546,16.54152854742358,8.601015801178
23.363697812888546,14.119562390489774,9.005018074475428
