2.230392082220021,22.679564622245486,2.845999961766032
67.96028096530938,22.679564622245486,6.555459366598564
37.00824373702421,22.679564622245486,10.359652213381839
37.00824373702421,22.679564622245486,9.20470282037563
37.00824373702421,22.679564622245486,9.20470282037563
19.391635090133274,7.791020557818175,0.1
37.00824373702421,22.679564622245486,8.767042255291107
2.230392082220021,1.802479579069324,2.845999961766032
19.391635090133274,16.35250248410336,0.1
13.556084501885046,22.679564622245486,10.0
19.391635090133274,22.679564622245486,0.1
37.00824373702421,22.679564622245486,9.20470282037563
67.96028096530938,22.679564622245486,2.1061360450358064
37.00824373702421,22.679564622245486,9.18088593198265
37.00824373702421,22.679564622245486,9.20470282037563
37.00824373702421,22.679564622245486,9.20470282037563
37.00824373702421,22.538520794244658,8.767042255291107
19.391635090133274,22.679564622245486,0.1
76.37032148595318,22.679564622245486,0.10730007148880454
69.6931736435238,22.679564622245486,8.804614231461718
37.00824373702421,22.679564622245486,8.767042255291107
67.96028096530938,22.679564622245486,6.555459366598564
37.00824373702421,22.679564622245486,9.20470282037563
37.00824373702421,22.679564622245486,8.767042255291107
40.563134198767635,22.679564622245486,8.850563807691112
50.6890890269851,22.679564622245486,4.405178204345967
70.80925415411873,7.791020557818175,4.548090925541441
19.391635090133274,22.679564622245486,0.1
37.00824373702421,22.679564622245486,10.088841115873915
58.29094747460461,22.679564622245486,8.804614231461718
64.46626866244964,22.679564622245486,8.767042255291107
37.00824373702421,22.679564622245486,9.728722285555465
37.00824373702421,22.679564622245486,9.20470282037563
37.00824373702421,22.679564622245486,9.20470282037563
19.391635090133274,7.791020557818175,10.0
37.00824373702421,22.679564622245486,9.20470282037563
52.3940289798247,22.679564622245486,7.299510565010838
19.391635090133274,22.679564622245486,0.1
37.00824373702421,22.679564622245486,8.767042255291107
37.00824373702421,22.679564622245486,9.20470282037563
37.00824373702421,22.679564622245486,8.804614231461718
37.00824373702421,22.679564622245486,9.20470282037563
37.00824373702421,22.679564622245486,9.20470282037563
19.391635090133274,7.791020557818175,0.1
37.00824373702421,22.679564622245486,8.767042255291107
37.00824373702421,22.679564622245486,8.767042255291107
37.00824373702421,22.679564622245486,8.767042255291107
37.00824373702421,22.679564622245486,8.804614231461718
37.00824373702421,22.679564622245486,9.20470282037563
6.903833355585093,22.679564622245486,0.1
37.00824373702421,22.679564622245486,9.197855771166815
37.00824373702421,40.46407061511748,8.767042255291107
37.00824373702421,40.724025809209834,0.1
37.00824373702421,22.679564622245486,9.20470282037563
37.00824373702421,22.679564622245486,9.20470282037563
37.00824373702421,22.679564622245486,8.804614231461718
37.00824373702421,22.679564622245486,9.20470282037563
37.00824373702421,22.679564622245486,10.219617593709708
19.391635090133274,22.679564622245486,0.1
36.530583345335074,22.679564622245486,8.767042255291107
37.00824373702421,44.20104372958667,8.767042255291107
19.391635090133274,7.791020557818175,0.1
37.00824373702421,22.679564622245486,9.251929967782951
37.00824373702421,7.791020557818175,9.074194424117817
37.00824373702421,8.272279428393247,9.074694516548202
37.00824373702421,8.272279428393247,9.074694516548202
37.00824373702421,22.679564622245486,8.767042255291107
60.745556051765064,7.791020557818175,7.3896441794425805
56.514253352266735,29.92716571999977,9.067513613333217
67.07300509714437,22.679564622245486,5.557277342802337
19.391635090133274,7.791020557818175,0.1
37.00824373702421,22.679564622245486,10.740974325988253
37.00824373702421,22.679564622245486,8.767042255291107
37.00824373702421,22.679564622245486,8.767042255291107
67.96028096530938,22.679564622245486,5.318003400954126
37.00824373702421,22.679564622245486,9.20470282037563
37.00824373702421,22.679564622245486,8.767042255291107
37.00824373702421,22.679564622245486,9.20470282037563
37.00824373702421,22.679564622245486,9.20470282037563
37.00824373702421,22.679564622245486,9.20470282037563
