10.656692594313359,14.12604075474949,2.9014130081502594
36.66605909718578,15.748116469531174,6.423006440789548
10.656692594313359,14.12604075474949,2.9014130081502594
36.66605909718578,15.748116469531174,6.423006440789548
36.66605909718578,22.679564622245486,9.958160762350571
25.672979916892302,5.451181900428198,4.300999515924921
14.231733237386878,15.748116469531174,4.998640028907692
15.673745079298598,14.119562390489774,4.057585627316149
26.308695029093755,15.748116469531174,9.933946053857456
36.66605909718578,14.119562390489774,4.286711264454078
19.979521271818523,5.248875274396167,0.09191986670351403
19.979521271818523,9.78666788902892,8.407993860397276
36.66605909718578,9.78666788902892,0.10578008785943295
14.231733237386878,22.679564622245486,3.7923492326188835
36.66605909718578,22.679564622245486,9.958160762350571
14.231733237386878,5.426479058920073,3.87762826577856
