37.00824373702421,22.679564622245486,8.521384101554755
37.601330659417336,22.679564622245486,8.412303399339997
37.00824373702421,22.679564622245486,8.521384101554755
3.1130596996461968,22.679564622245486,10.0
37.00824373702421,22.679564622245486,10.123635392331535
23.93818908198655,4.595432930378401,10.0
69.69406224101249,58.23867125563389,7.68603920324689
36.66605909718578,22.679564622245486,7.239831232744017
37.00824373702421,22.679564622245486,10.764457866734968
36.66605909718578,22.679564622245486,8.5261459545134
23.93818908198655,22.679564622245486,7.459936163841029
23.93818908198655,22.679564622245486,7.459936163841029
23.93818908198655,22.679564622245486,7.459936163841029
40.77696203852261,19.462527257316715,6.107979607138042
32.720909039615435,22.679564622245486,10.0
37.601330659417336,41.5873221420045,5.15358203973601
37.00824373702421,4.484278700918427,9.121426560130203
23.93818908198655,43.091330231247724,5.858348147588076
37.601330659417336,22.679564622245486,9.022537253209162
36.66605909718578,22.679564622245486,8.5261459545134
23.93818908198655,22.679564622245486,7.459936163841029
36.66605909718578,22.679564622245486,8.5261459545134
37.601330659417336,22.679564622245486,8.507573969569389
36.66605909718578,22.679564622245486,8.5261459545134
25.672979916892302,5.451181900428198,10.0
37.00824373702421,44.67832888166562,7.1918284009523
36.66605909718578,22.679564622245486,8.5261459545134
36.66605909718578,22.679564622245486,8.5261459545134
37.601330659417336,6.639449853024509,9.092834860444327
36.66605909718578,22.679564622245486,8.5261459545134
37.00824373702421,22.679564622245486,8.521384101554755
37.601330659417336,15.072937494503659,7.310284476264682
37.00824373702421,22.679564622245486,8.521384101554755
37.00824373702421,22.679564622245486,8.521384101554755
40.77696203852261,19.462527257316715,6.107979607138042
21.58326307691633,26.343114447964005,6.3130860578983325
36.66605909718578,22.679564622245486,8.5261459545134
3.419529737392512,22.679564622245486,6.040335866447558
37.601330659417336,22.679564622245486,8.507573969569389
37.00824373702421,22.679564622245486,8.521384101554755
38.211143419165815,22.679564622245486,8.486088968392774
36.66605909718578,22.679564622245486,8.5261459545134
23.93818908198655,22.679564622245486,7.459936163841029
9.219031798918754,22.679564622245486,2.246569908569424
3.1130596996461968,22.679564622245486,10.0
37.00824373702421,4.484278700918427,9.121426560130203
23.93818908198655,4.595432930378401,10.0
37.601330659417336,22.679564622245486,8.507573969569389
69.38832549255528,6.639449853024509,8.100513063326858
23.93818908198655,4.595432930378401,10.0
4.961899331332254,22.679564622245486,0.1
36.66605909718578,22.679564622245486,8.5261459545134
37.00824373702421,22.679564622245486,8.521384101554755
37.601330659417336,22.679564622245486,8.412303399339997
5.428720406141316,22.679564622245486,7.459936163841029
23.93818908198655,22.679564622245486,6.647870276951302
69.38832549255528,6.639449853024509,8.100513063326858
5.428720406141316,22.679564622245486,7.459936163841029
37.00824373702421,22.679564622245486,8.521384101554755
37.00824373702421,22.679564622245486,10.550957290889336
36.66605909718578,22.679564622245486,8.5261459545134
36.66605909718578,22.679564622245486,8.5261459545134
4.961899331332254,22.679564622245486,0.1
26.406087870456894,45.11978817895954,8.412303399339997
37.00824373702421,22.679564622245486,10.123635392331535
36.66605909718578,22.679564622245486,8.5261459545134
59.30172747328275,22.679564622245486,8.412303399339997
36.66605909718578,22.679564622245486,8.5261459545134
25.672979916892302,5.451181900428198,10.0
37.601330659417336,15.072937494503659,7.310284476264682
5.428720406141316,22.679564622245486,7.459936163841029
37.601330659417336,22.679564622245486,8.507573969569389
37.601330659417336,9.681943582948602,9.051004147790318
36.66605909718578,22.679564622245486,8.5261459545134
37.00824373702421,22.679564622245486,8.521384101554755
37.601330659417336,22.679564622245486,8.412303399339997
37.601330659417336,22.679564622245486,8.507573969569389
37.00824373702421,44.67832888166562,7.1918284009523
40.06338863994938,22.679564622245486,8.376680619894842
36.66605909718578,22.679564622245486,8.5261459545134
36.66605909718578,22.679564622245486,8.5261459545134
23.93818908198655,43.091330231247724,6.05998797730029
37.00824373702421,4.484278700918427,9.121426560130203
37.00824373702421,22.679564622245486,8.521384101554755
43.11012260150608,6.639449853024509,8.648131103592288
36.66605909718578,22.679564622245486,8.5261459545134
37.601330659417336,22.679564622245486,8.507573969569389
36.66605909718578,22.679564622245486,8.5261459545134
40.77696203852261,19.462527257316715,6.107979607138042
37.601330659417336,6.639449853024509,9.092834860444327
43.11012260150608,6.639449853024509,8.648131103592288
36.66605909718578,22.679564622245486,8.5261459545134
50.95706730275536,22.679564622245486,6.742773687272157
37.601330659417336,22.679564622245486,8.507573969569389
37.601330659417336,22.679564622245486,9.022537253209162
37.601330659417336,22.679564622245486,10.838877546238612
37.00824373702421,22.679564622245486,8.521384101554755
36.66605909718578,22.679564622245486,8.5261459545134
59.30172747328275,22.679564622245486,8.412303399339997
50.95706730275536,22.679564622245486,6.742773687272157
36.66605909718578,22.679564622245486,8.5261459545134
30.228866072806696,5.738059853161229,10.0
37.00824373702421,22.679564622245486,10.764457866734968
5.428720406141316,22.679564622245486,7.459936163841029
36.66605909718578,22.679564622245486,8.5261459545134
36.66605909718578,22.679564622245486,8.5261459545134
23.93818908198655,22.679564622245486,7.459936163841029
37.00824373702421,44.67832888166562,7.1918284009523
36.66605909718578,6.639449853024509,9.111406845388338
37.601330659417336,6.639449853024509,9.092834860444327
23.93818908198655,22.679564622245486,7.459936163841029
67.96392814939556,22.679564622245486,0.1
36.66605909718578,22.679564622245486,8.5261459545134
37.00824373702421,22.679564622245486,8.521384101554755
3.419529737392512,22.679564622245486,6.040335866447558
37.601330659417336,22.679564622245486,8.507573969569389
36.66605909718578,22.679564622245486,8.5261459545134
37.00824373702421,22.679564622245486,8.521384101554755
36.66605909718578,22.679564622245486,7.239831232744017
37.601330659417336,22.679564622245486,8.412303399339997
36.66605909718578,22.679564622245486,8.5261459545134
37.601330659417336,6.639449853024509,9.092834860444327
43.11012260150608,6.639449853024509,8.648131103592288
37.00824373702421,22.679564622245486,10.764457866734968
36.66605909718578,22.679564622245486,8.5261459545134
52.51684017274064,22.679564622245486,9.326256951193407
5.428720406141316,22.679564622245486,7.459936163841029
37.00824373702421,22.679564622245486,10.764457866734968
23.93818908198655,22.679564622245486,7.459936163841029
23.93818908198655,22.679564622245486,7.459936163841029
9.350839817573398,22.679564622245486,0.1
38.211143419165815,22.679564622245486,8.486088968392774
23.93818908198655,22.679564622245486,6.647870276951302
37.601330659417336,22.679564622245486,8.507573969569389
37.00824373702421,22.679564622245486,8.521384101554755
30.228866072806696,5.738059853161229,10.0
36.66605909718578,22.679564622245486,8.5261459545134
37.601330659417336,22.679564622245486,8.412303399339997
23.93818908198655,43.091330231247724,5.858348147588076
36.66605909718578,22.679564622245486,8.5261459545134
37.601330659417336,22.679564622245486,8.412303399339997
37.601330659417336,22.679564622245486,8.507573969569389
37.00824373702421,22.679564622245486,8.521384101554755
49.34856891172486,22.679564622245486,6.456634799823543
73.98683263321013,22.679564622245486,10.0
40.77696203852261,19.462527257316715,6.107979607138042
37.00824373702421,22.679564622245486,8.521384101554755
37.601330659417336,6.639449853024509,9.092834860444327
9.350839817573398,22.679564622245486,0.1
59.30172747328275,22.679564622245486,8.412303399339997
36.66605909718578,22.679564622245486,8.5261459545134
37.00824373702421,22.679564622245486,8.521384101554755
26.406087870456894,45.11978817895954,8.412303399339997
36.66605909718578,22.679564622245486,8.5261459545134
38.211143419165815,22.679564622245486,8.486088968392774
36.66605909718578,22.679564622245486,8.5261459545134
37.601330659417336,22.679564622245486,8.412303399339997
37.00824373702421,4.484278700918427,9.121426560130203
9.219031798918754,22.679564622245486,2.246569908569424
9.219031798918754,22.679564622245486,2.246569908569424
23.93818908198655,43.091330231247724,6.05998797730029
49.34856891172486,22.679564622245486,6.456634799823543
37.00824373702421,22.679564622245486,8.521384101554755
36.66605909718578,22.679564622245486,8.5261459545134
37.601330659417336,22.679564622245486,9.022537253209162
37.601330659417336,15.072937494503659,7.310284476264682
37.00824373702421,22.679564622245486,8.521384101554755
37.00824373702421,22.679564622245486,10.550957290889336
38.211143419165815,22.679564622245486,8.486088968392774
37.00824373702421,22.679564622245486,8.521384101554755
37.00824373702421,22.679564622245486,10.123635392331535
37.601330659417336,41.5873221420045,5.15358203973601
36.66605909718578,22.679564622245486,7.239831232744017
37.601330659417336,22.679564622245486,8.507573969569389
25.672979916892302,5.451181900428198,10.0
5.428720406141316,22.679564622245486,7.459936163841029
36.66605909718578,22.679564622245486,8.5261459545134
37.00824373702421,22.679564622245486,8.521384101554755
9.219031798918754,22.679564622245486,2.246569908569424
36.66605909718578,22.679564622245486,8.5261459545134
37.601330659417336,22.679564622245486,8.507573969569389
36.66605909718578,22.679564622245486,8.5261459545134
37.00824373702421,22.679564622245486,8.521384101554755
25.672979916892302,5.451181900428198,10.0
69.38832549255528,6.639449853024509,8.100513063326858
36.66605909718578,22.679564622245486,8.5261459545134
37.601330659417336,22.679564622245486,8.507573969569389
37.601330659417336,6.639449853024509,9.092834860444327
69.69406224101249,58.23867125563389,7.68603920324689
37.601330659417336,22.679564622245486,10.838877546238612
37.601330659417336,41.5873221420045,5.15358203973601
3.1130596996461968,22.679564622245486,10.0
36.66605909718578,6.639449853024509,9.111406845388338
4.961899331332254,22.679564622245486,0.1
23.93818908198655,43.091330231247724,5.858348147588076
37.601330659417336,3.169366821019377,9.294374084371292
37.00824373702421,22.679564622245486,8.521384101554755
3.419529737392512,22.679564622245486,6.040335866447558
36.66605909718578,22.679564622245486,8.5261459545134
67.96392814939556,22.679564622245486,0.1
30.228866072806696,5.738059853161229,10.0
37.00824373702421,22.679564622245486,8.521384101554755
36.66605909718578,22.679564622245486,8.5261459545134
37.601330659417336,22.679564622245486,9.022537253209162
69.69406224101249,58.23867125563389,7.68603920324689
3.1130596996461968,22.679564622245486,10.0
37.00824373702421,22.679564622245486,8.521384101554755
37.00824373702421,22.679564622245486,10.123635392331535
37.601330659417336,6.639449853024509,9.092834860444327
37.00824373702421,22.679564622245486,10.764457866734968
37.601330659417336,9.681943582948602,9.051004147790318
36.66605909718578,22.679564622245486,8.5261459545134
37.601330659417336,22.679564622245486,8.412303399339997
37.601330659417336,6.639449853024509,9.092834860444327
23.93818908198655,43.091330231247724,5.858348147588076
36.66605909718578,22.679564622245486,8.5261459545134
9.219031798918754,22.679564622245486,2.246569908569424
37.601330659417336,22.679564622245486,8.412303399339997
40.77696203852261,19.462527257316715,6.107979607138042
50.95706730275536,22.679564622245486,6.742773687272157
37.601330659417336,22.679564622245486,8.507573969569389
19.72672446330878,13.14290278565347,6.752125338038246
26.406087870456894,45.11978817895954,8.412303399339997
37.601330659417336,22.679564622245486,8.507573969569389
36.66605909718578,22.679564622245486,8.5261459545134
37.601330659417336,22.679564622245486,8.507573969569389
9.350839817573398,22.679564622245486,0.1
37.00824373702421,22.679564622245486,8.521384101554755
34.328680742949075,22.679564622245486,10.0
23.93818908198655,22.679564622245486,6.647870276951302
37.601330659417336,9.681943582948602,9.051004147790318
4.961899331332254,22.679564622245486,0.1
36.66605909718578,22.679564622245486,8.5261459545134
67.96392814939556,22.679564622245486,0.1
9.350839817573398,22.679564622245486,0.1
37.601330659417336,22.679564622245486,8.507573969569389
36.66605909718578,22.679564622245486,8.5261459545134
37.00824373702421,22.679564622245486,8.521384101554755
37.601330659417336,22.679564622245486,8.507573969569389
37.00824373702421,44.67832888166562,7.1918284009523
26.406087870456894,45.11978817895954,8.412303399339997
37.00824373702421,22.679564622245486,8.521384101554755
36.66605909718578,22.679564622245486,8.5261459545134
36.66605909718578,22.679564622245486,8.5261459545134
52.51684017274064,22.679564622245486,9.326256951193407
40.77696203852261,19.462527257316715,6.107979607138042
32.720909039615435,22.679564622245486,10.0
25.672979916892302,5.451181900428198,10.0
37.00824373702421,22.679564622245486,10.764457866734968
37.601330659417336,22.679564622245486,10.838877546238612
23.93818908198655,22.679564622245486,7.459936163841029
3.419529737392512,22.679564622245486,6.040335866447558
36.66605909718578,6.639449853024509,9.111406845388338
37.601330659417336,22.679564622245486,8.412303399339997
37.00824373702421,44.67832888166562,7.1918284009523
21.58326307691633,26.343114447964005,6.3130860578983325
37.00824373702421,22.679564622245486,8.521384101554755
36.66605909718578,22.679564622245486,8.5261459545134
37.00824373702421,22.679564622245486,8.521384101554755
43.11012260150608,6.639449853024509,8.648131103592288
36.66605909718578,22.679564622245486,8.5261459545134
36.66605909718578,22.679564622245486,8.5261459545134
37.601330659417336,22.679564622245486,8.412303399339997
3.419529737392512,22.679564622245486,6.040335866447558
37.00824373702421,22.679564622245486,8.521384101554755
37.601330659417336,6.639449853024509,9.092834860444327
36.66605909718578,22.679564622245486,8.5261459545134
36.66605909718578,22.679564622245486,8.5261459545134
37.00824373702421,22.679564622245486,8.521384101554755
37.00824373702421,22.679564622245486,10.123635392331535
36.66605909718578,22.679564622245486,8.5261459545134
36.66605909718578,22.679564622245486,8.5261459545134
36.66605909718578,6.639449853024509,9.111406845388338
52.51684017274064,22.679564622245486,9.326256951193407
23.93818908198655,43.091330231247724,5.858348147588076
37.00824373702421,22.679564622245486,8.521384101554755
37.601330659417336,22.679564622245486,8.507573969569389
37.00824373702421,22.679564622245486,10.764457866734968
23.93818908198655,22.679564622245486,7.459936163841029
67.96392814939556,22.679564622245486,0.1
37.00824373702421,22.679564622245486,8.521384101554755
37.601330659417336,9.681943582948602,9.051004147790318
37.601330659417336,22.679564622245486,8.412303399339997
36.66605909718578,6.639449853024509,9.111406845388338
36.66605909718578,22.679564622245486,8.5261459545134
4.961899331332254,22.679564622245486,0.1
40.06338863994938,22.679564622245486,8.376680619894842
9.350839817573398,22.679564622245486,0.1
36.66605909718578,22.679564622245486,8.5261459545134
36.66605909718578,22.679564622245486,8.5261459545134
36.66605909718578,22.679564622245486,8.5261459545134
36.66605909718578,22.679564622245486,7.239831232744017
59.30172747328275,22.679564622245486,8.412303399339997
37.00824373702421,22.679564622245486,8.521384101554755
37.601330659417336,9.681943582948602,9.051004147790318
37.601330659417336,22.679564622245486,9.022537253209162
9.350839817573398,22.679564622245486,0.1
23.93818908198655,22.679564622245486,6.647870276951302
23.93818908198655,43.091330231247724,6.05998797730029
34.328680742949075,22.679564622245486,10.0
30.228866072806696,5.738059853161229,10.0
23.93818908198655,4.595432930378401,10.0
23.93818908198655,22.679564622245486,6.647870276951302
37.601330659417336,22.679564622245486,8.507573969569389
36.66605909718578,22.679564622245486,7.239831232744017
36.66605909718578,22.679564622245486,8.5261459545134
23.93818908198655,43.091330231247724,5.858348147588076
23.93818908198655,22.679564622245486,7.459936163841029
36.66605909718578,22.679564622245486,8.5261459545134
37.00824373702421,22.679564622245486,8.521384101554755
36.66605909718578,22.679564622245486,8.5261459545134
5.428720406141316,22.679564622245486,7.459936163841029
37.00824373702421,22.679564622245486,8.521384101554755
37.601330659417336,22.679564622245486,8.507573969569389
37.601330659417336,3.169366821019377,9.294374084371292
37.601330659417336,9.681943582948602,9.051004147790318
37.601330659417336,6.639449853024509,9.092834860444327
37.601330659417336,22.679564622245486,8.507573969569389
37.00824373702421,22.679564622245486,8.521384101554755
37.601330659417336,22.679564622245486,8.507573969569389
36.66605909718578,22.679564622245486,8.5261459545134
36.66605909718578,6.639449853024509,9.111406845388338
36.66605909718578,22.679564622245486,8.5261459545134
37.00824373702421,22.679564622245486,10.123635392331535
37.00824373702421,22.679564622245486,8.521384101554755
23.93818908198655,22.679564622245486,7.459936163841029
36.66605909718578,22.679564622245486,8.5261459545134
4.961899331332254,22.679564622245486,0.1
36.66605909718578,22.679564622245486,8.5261459545134
36.66605909718578,22.679564622245486,8.5261459545134
25.672979916892302,5.451181900428198,10.0
37.00824373702421,22.679564622245486,10.764457866734968
3.419529737392512,22.679564622245486,6.040335866447558
23.93818908198655,22.679564622245486,7.459936163841029
37.00824373702421,22.679564622245486,8.521384101554755
32.720909039615435,22.679564622245486,10.0
3.419529737392512,22.679564622245486,6.040335866447558
69.69406224101249,58.23867125563389,7.68603920324689
49.34856891172486,22.679564622245486,6.456634799823543
36.66605909718578,22.679564622245486,7.239831232744017
51.306215083526496,22.679564622245486,0.1
37.00824373702421,22.679564622245486,8.521384101554755
38.211143419165815,22.679564622245486,8.486088968392774
59.30172747328275,22.679564622245486,8.412303399339997
37.00824373702421,22.679564622245486,8.521384101554755
37.00824373702421,22.679564622245486,8.521384101554755
21.58326307691633,26.343114447964005,6.3130860578983325
36.66605909718578,22.679564622245486,7.239831232744017
37.00824373702421,22.679564622245486,10.764457866734968
37.601330659417336,6.639449853024509,9.092834860444327
69.38832549255528,6.639449853024509,8.100513063326858
32.720909039615435,22.679564622245486,10.0
34.328680742949075,22.679564622245486,10.0
38.211143419165815,22.679564622245486,8.486088968392774
36.66605909718578,22.679564622245486,8.5261459545134
19.72672446330878,13.14290278565347,6.752125338038246
40.77696203852261,19.462527257316715,6.107979607138042
37.601330659417336,22.679564622245486,8.507573969569389
37.601330659417336,22.679564622245486,10.838877546238612
3.419529737392512,22.679564622245486,6.040335866447558
23.93818908198655,22.679564622245486,7.459936163841029
37.00824373702421,22.679564622245486,10.550957290889336
37.601330659417336,41.5873221420045,5.15358203973601
36.66605909718578,22.679564622245486,8.5261459545134
9.350839817573398,22.679564622245486,0.1
37.601330659417336,22.679564622245486,8.507573969569389
33.63427797488749,22.679564622245486,8.88411743039013
36.66605909718578,22.679564622245486,8.5261459545134
34.328680742949075,22.679564622245486,10.0
3.419529737392512,22.679564622245486,6.040335866447558
69.38832549255528,6.639449853024509,8.100513063326858
37.00824373702421,22.679564622245486,10.550957290889336
37.00824373702421,22.679564622245486,10.550957290889336
4.961899331332254,22.679564622245486,0.1
36.66605909718578,22.679564622245486,8.5261459545134
37.601330659417336,15.072937494503659,7.310284476264682
37.601330659417336,6.639449853024509,9.092834860444327
51.306215083526496,22.679564622245486,0.1
36.66605909718578,22.679564622245486,8.5261459545134
37.00824373702421,22.679564622245486,8.521384101554755
37.601330659417336,9.681943582948602,9.051004147790318
37.601330659417336,6.639449853024509,9.092834860444327
40.77696203852261,19.462527257316715,6.107979607138042
50.95706730275536,22.679564622245486,6.742773687272157
36.66605909718578,22.679564622245486,8.5261459545134
3.419529737392512,22.679564622245486,6.040335866447558
69.38832549255528,6.639449853024509,8.100513063326858
38.211143419165815,22.679564622245486,8.486088968392774
23.93818908198655,43.091330231247724,5.858348147588076
37.601330659417336,15.072937494503659,7.310284476264682
37.601330659417336,6.639449853024509,9.092834860444327
37.601330659417336,6.639449853024509,9.092834860444327
37.00824373702421,22.679564622245486,10.550957290889336
23.93818908198655,22.679564622245486,7.459936163841029
37.00824373702421,22.679564622245486,8.521384101554755
36.66605909718578,6.639449853024509,9.111406845388338
32.720909039615435,22.679564622245486,10.0
19.72672446330878,13.14290278565347,6.752125338038246
36.66605909718578,22.679564622245486,8.5261459545134
37.00824373702421,22.679564622245486,10.764457866734968
23.93818908198655,4.595432930378401,10.0
30.228866072806696,5.738059853161229,10.0
59.30172747328275,22.679564622245486,8.412303399339997
36.66605909718578,22.679564622245486,7.239831232744017
37.00824373702421,22.679564622245486,8.521384101554755
37.601330659417336,22.679564622245486,10.838877546238612
37.00824373702421,22.679564622245486,10.550957290889336
40.77696203852261,19.462527257316715,6.107979607138042
36.66605909718578,6.639449853024509,9.111406845388338
4.961899331332254,22.679564622245486,0.1
34.328680742949075,22.679564622245486,10.0
38.211143419165815,22.679564622245486,8.486088968392774
59.30172747328275,22.679564622245486,8.412303399339997
26.406087870456894,45.11978817895954,8.412303399339997
69.38832549255528,6.639449853024509,8.100513063326858
3.1130596996461968,22.679564622245486,10.0
69.38832549255528,6.639449853024509,8.100513063326858
5.428720406141316,22.679564622245486,7.459936163841029
34.328680742949075,22.679564622245486,10.0
69.69406224101249,58.23867125563389,7.68603920324689
37.00824373702421,22.679564622245486,10.123635392331535
37.00824373702421,22.679564622245486,8.521384101554755
37.601330659417336,6.639449853024509,9.092834860444327
25.672979916892302,5.451181900428198,10.0
38.211143419165815,22.679564622245486,8.486088968392774
36.66605909718578,22.679564622245486,8.5261459545134
4.961899331332254,22.679564622245486,0.1
36.66605909718578,22.679564622245486,8.5261459545134
37.601330659417336,22.679564622245486,8.507573969569389
37.601330659417336,41.5873221420045,5.15358203973601
52.51684017274064,22.679564622245486,9.326256951193407
52.51684017274064,22.679564622245486,9.326256951193407
50.95706730275536,22.679564622245486,6.742773687272157
37.601330659417336,9.681943582948602,9.051004147790318
40.06338863994938,22.679564622245486,8.376680619894842
36.66605909718578,22.679564622245486,8.5261459545134
26.406087870456894,45.11978817895954,8.412303399339997
59.30172747328275,22.679564622245486,8.412303399339997
40.77696203852261,19.462527257316715,6.107979607138042
37.00824373702421,22.679564622245486,8.521384101554755
36.66605909718578,22.679564622245486,8.5261459545134
37.601330659417336,22.679564622245486,9.022537253209162
36.66605909718578,22.679564622245486,8.5261459545134
37.00824373702421,22.679564622245486,8.521384101554755
36.66605909718578,22.679564622245486,8.5261459545134
37.601330659417336,22.679564622245486,8.412303399339997
23.93818908198655,22.679564622245486,7.459936163841029
30.228866072806696,5.738059853161229,10.0
40.77696203852261,19.462527257316715,6.107979607138042
36.66605909718578,22.679564622245486,8.5261459545134
36.66605909718578,22.679564622245486,8.5261459545134
37.601330659417336,6.639449853024509,9.092834860444327
36.66605909718578,22.679564622245486,8.5261459545134
34.328680742949075,22.679564622245486,10.0
37.00824373702421,22.679564622245486,8.521384101554755
36.66605909718578,22.679564622245486,8.5261459545134
21.58326307691633,26.343114447964005,6.3130860578983325
37.00824373702421,22.679564622245486,8.521384101554755
37.601330659417336,6.639449853024509,9.092834860444327
23.93818908198655,43.091330231247724,5.858348147588076
37.601330659417336,22.679564622245486,8.507573969569389
37.601330659417336,22.679564622245486,8.507573969569389
37.00824373702421,22.679564622245486,8.521384101554755
38.211143419165815,22.679564622245486,8.486088968392774
37.00824373702421,22.679564622245486,10.550957290889336
37.00824373702421,22.679564622245486,10.123635392331535
37.00824373702421,22.679564622245486,10.550957290889336
23.93818908198655,43.091330231247724,6.05998797730029
37.00824373702421,22.679564622245486,8.521384101554755
36.66605909718578,6.639449853024509,9.111406845388338
9.350839817573398,22.679564622245486,0.1
69.38832549255528,6.639449853024509,8.100513063326858
36.66605909718578,22.679564622245486,7.239831232744017
36.66605909718578,22.679564622245486,8.5261459545134
36.66605909718578,22.679564622245486,8.5261459545134
25.672979916892302,5.451181900428198,10.0
69.38832549255528,6.639449853024509,8.100513063326858
36.66605909718578,22.679564622245486,8.5261459545134
40.06338863994938,22.679564622245486,8.376680619894842
3.419529737392512,22.679564622245486,6.040335866447558
37.00824373702421,22.679564622245486,10.123635392331535
23.93818908198655,22.679564622245486,7.459936163841029
36.66605909718578,22.679564622245486,8.5261459545134
37.601330659417336,6.639449853024509,9.092834860444327
37.00824373702421,44.67832888166562,7.1918284009523
36.66605909718578,22.679564622245486,8.5261459545134
23.93818908198655,22.679564622245486,7.459936163841029
36.66605909718578,22.679564622245486,7.239831232744017
23.93818908198655,22.679564622245486,7.459936163841029
36.66605909718578,22.679564622245486,8.5261459545134
26.406087870456894,45.11978817895954,8.412303399339997
23.93818908198655,43.091330231247724,6.05998797730029
34.328680742949075,22.679564622245486,10.0
37.00824373702421,22.679564622245486,8.521384101554755
37.00824373702421,22.679564622245486,8.521384101554755
5.428720406141316,22.679564622245486,7.459936163841029
36.66605909718578,22.679564622245486,7.239831232744017
3.1130596996461968,22.679564622245486,10.0
23.93818908198655,22.679564622245486,7.459936163841029
37.00824373702421,22.679564622245486,8.521384101554755
37.00824373702421,22.679564622245486,8.521384101554755
5.428720406141316,22.679564622245486,7.459936163841029
21.58326307691633,26.343114447964005,6.3130860578983325
23.93818908198655,43.091330231247724,5.858348147588076
37.00824373702421,22.679564622245486,8.521384101554755
23.93818908198655,22.679564622245486,7.459936163841029
51.306215083526496,22.679564622245486,0.1
30.228866072806696,5.738059853161229,10.0
4.961899331332254,22.679564622245486,0.1
36.66605909718578,22.679564622245486,8.5261459545134
33.63427797488749,22.679564622245486,8.88411743039013
23.93818908198655,22.679564622245486,7.459936163841029
49.34856891172486,22.679564622245486,6.456634799823543
36.66605909718578,22.679564622245486,8.5261459545134
3.419529737392512,22.679564622245486,6.040335866447558
36.66605909718578,22.679564622245486,8.5261459545134
38.211143419165815,22.679564622245486,8.486088968392774
23.93818908198655,22.679564622245486,7.459936163841029
23.93818908198655,22.679564622245486,6.647870276951302
37.00824373702421,22.679564622245486,8.521384101554755
9.350839817573398,22.679564622245486,0.1
9.219031798918754,22.679564622245486,2.246569908569424
59.30172747328275,22.679564622245486,8.412303399339997
36.66605909718578,22.679564622245486,8.5261459545134
51.306215083526496,22.679564622245486,0.1
37.601330659417336,22.679564622245486,9.022537253209162
52.51684017274064,22.679564622245486,9.326256951193407
36.66605909718578,22.679564622245486,7.239831232744017
40.77696203852261,19.462527257316715,6.107979607138042
21.58326307691633,26.343114447964005,6.3130860578983325
73.98683263321013,22.679564622245486,10.0
59.30172747328275,22.679564622245486,8.412303399339997
37.00824373702421,22.679564622245486,8.521384101554755
23.93818908198655,22.679564622245486,7.459936163841029
37.00824373702421,22.679564622245486,8.521384101554755
73.98683263321013,22.679564622245486,10.0
37.601330659417336,15.072937494503659,7.310284476264682
37.00824373702421,22.679564622245486,8.521384101554755
37.00824373702421,22.679564622245486,8.521384101554755
4.961899331332254,22.679564622245486,0.1
50.95706730275536,22.679564622245486,6.742773687272157
23.93818908198655,22.679564622245486,7.459936163841029
37.00824373702421,22.679564622245486,8.521384101554755
32.720909039615435,22.679564622245486,10.0
23.93818908198655,22.679564622245486,7.459936163841029
37.601330659417336,6.639449853024509,9.092834860444327
36.66605909718578,22.679564622245486,8.5261459545134
51.306215083526496,22.679564622245486,0.1
37.00824373702421,22.679564622245486,8.521384101554755
73.98683263321013,22.679564622245486,10.0
50.95706730275536,22.679564622245486,6.742773687272157
3.419529737392512,22.679564622245486,6.040335866447558
37.00824373702421,22.679564622245486,8.521384101554755
37.601330659417336,6.639449853024509,9.092834860444327
37.601330659417336,6.639449853024509,9.092834860444327
36.66605909718578,22.679564622245486,8.5261459545134
36.66605909718578,22.679564622245486,8.5261459545134
23.93818908198655,43.091330231247724,5.858348147588076
37.601330659417336,22.679564622245486,8.507573969569389
36.66605909718578,22.679564622245486,8.5261459545134
37.601330659417336,9.681943582948602,9.051004147790318
4.961899331332254,22.679564622245486,0.1
23.93818908198655,22.679564622245486,7.459936163841029
52.51684017274064,22.679564622245486,9.326256951193407
37.601330659417336,22.679564622245486,10.838877546238612
69.69406224101249,58.23867125563389,7.68603920324689
37.601330659417336,9.681943582948602,9.051004147790318
36.66605909718578,22.679564622245486,8.5261459545134
37.00824373702421,22.679564622245486,8.521384101554755
37.601330659417336,22.679564622245486,8.507573969569389
37.601330659417336,41.5873221420045,5.15358203973601
37.601330659417336,22.679564622245486,8.412303399339997
37.00824373702421,22.679564622245486,10.550957290889336
36.66605909718578,22.679564622245486,8.5261459545134
37.00824373702421,22.679564622245486,8.521384101554755
59.30172747328275,22.679564622245486,8.412303399339997
37.00824373702421,22.679564622245486,8.521384101554755
37.00824373702421,22.679564622245486,8.521384101554755
37.00824373702421,22.679564622245486,10.764457866734968
37.601330659417336,22.679564622245486,8.507573969569389
36.66605909718578,22.679564622245486,8.5261459545134
37.00824373702421,22.679564622245486,8.521384101554755
23.93818908198655,4.595432930378401,10.0
52.51684017274064,22.679564622245486,9.326256951193407
49.34856891172486,22.679564622245486,6.456634799823543
67.96392814939556,22.679564622245486,0.1
19.72672446330878,13.14290278565347,6.752125338038246
37.601330659417336,22.679564622245486,8.412303399339997
38.211143419165815,22.679564622245486,8.486088968392774
36.66605909718578,6.639449853024509,9.111406845388338
36.66605909718578,22.679564622245486,8.5261459545134
23.93818908198655,22.679564622245486,7.459936163841029
23.93818908198655,43.091330231247724,6.05998797730029
51.306215083526496,22.679564622245486,0.1
32.720909039615435,22.679564622245486,10.0
37.00824373702421,22.679564622245486,8.521384101554755
37.601330659417336,22.679564622245486,10.838877546238612
37.00824373702421,22.679564622245486,8.521384101554755
50.95706730275536,22.679564622245486,6.742773687272157
36.66605909718578,22.679564622245486,8.5261459545134
37.00824373702421,22.679564622245486,10.123635392331535
38.211143419165815,22.679564622245486,8.486088968392774
37.601330659417336,22.679564622245486,8.507573969569389
36.66605909718578,22.679564622245486,8.5261459545134
36.66605909718578,22.679564622245486,8.5261459545134
5.428720406141316,22.679564622245486,7.459936163841029
37.601330659417336,6.639449853024509,9.092834860444327
37.601330659417336,15.072937494503659,7.310284476264682
40.77696203852261,19.462527257316715,6.107979607138042
73.98683263321013,22.679564622245486,10.0
37.00824373702421,22.679564622245486,10.123635392331535
37.601330659417336,6.639449853024509,9.092834860444327
23.93818908198655,22.679564622245486,7.459936163841029
36.66605909718578,22.679564622245486,8.5261459545134
33.63427797488749,22.679564622245486,8.88411743039013
36.66605909718578,22.679564622245486,8.5261459545134
9.350839817573398,22.679564622245486,0.1
36.66605909718578,22.679564622245486,8.5261459545134
36.66605909718578,22.679564622245486,8.5261459545134
37.00824373702421,22.679564622245486,8.521384101554755
3.419529737392512,22.679564622245486,6.040335866447558
36.66605909718578,22.679564622245486,8.5261459545134
37.00824373702421,22.679564622245486,8.521384101554755
37.00824373702421,22.679564622245486,8.521384101554755
32.720909039615435,22.679564622245486,10.0
37.601330659417336,22.679564622245486,8.507573969569389
3.1130596996461968,22.679564622245486,10.0
37.601330659417336,22.679564622245486,8.507573969569389
38.211143419165815,22.679564622245486,8.486088968392774
37.601330659417336,22.679564622245486,10.838877546238612
37.601330659417336,15.072937494503659,7.310284476264682
23.93818908198655,43.091330231247724,6.05998797730029
34.328680742949075,22.679564622245486,10.0
23.93818908198655,22.679564622245486,7.459936163841029
36.66605909718578,22.679564622245486,8.5261459545134
23.93818908198655,22.679564622245486,7.459936163841029
36.66605909718578,22.679564622245486,8.5261459545134
36.66605909718578,22.679564622245486,8.5261459545134
51.306215083526496,22.679564622245486,0.1
34.328680742949075,22.679564622245486,10.0
37.601330659417336,22.679564622245486,8.412303399339997
37.601330659417336,15.072937494503659,7.310284476264682
69.69406224101249,58.23867125563389,7.68603920324689
36.66605909718578,6.639449853024509,9.111406845388338
37.601330659417336,15.072937494503659,7.310284476264682
3.419529737392512,22.679564622245486,6.040335866447558
36.66605909718578,22.679564622245486,8.5261459545134
52.51684017274064,22.679564622245486,9.326256951193407
37.00824373702421,22.679564622245486,8.521384101554755
37.601330659417336,6.639449853024509,9.092834860444327
37.00824373702421,22.679564622245486,8.521384101554755
69.69406224101249,58.23867125563389,7.68603920324689
23.93818908198655,43.091330231247724,5.858348147588076
36.66605909718578,22.679564622245486,8.5261459545134
36.66605909718578,22.679564622245486,8.5261459545134
37.00824373702421,22.679564622245486,8.521384101554755
59.30172747328275,22.679564622245486,8.412303399339997
37.00824373702421,4.484278700918427,9.121426560130203
37.00824373702421,22.679564622245486,8.521384101554755
36.66605909718578,22.679564622245486,8.5261459545134
32.720909039615435,22.679564622245486,10.0
5.428720406141316,22.679564622245486,7.459936163841029
37.601330659417336,41.5873221420045,5.15358203973601
36.66605909718578,22.679564622245486,8.5261459545134
9.219031798918754,22.679564622245486,2.246569908569424
36.66605909718578,22.679564622245486,8.5261459545134
73.98683263321013,22.679564622245486,10.0
37.00824373702421,22.679564622245486,10.550957290889336
36.66605909718578,22.679564622245486,8.5261459545134
36.66605909718578,22.679564622245486,8.5261459545134
21.58326307691633,26.343114447964005,6.3130860578983325
30.228866072806696,5.738059853161229,10.0
49.34856891172486,22.679564622245486,6.456634799823543
37.601330659417336,22.679564622245486,8.507573969569389
3.1130596996461968,22.679564622245486,10.0
37.601330659417336,22.679564622245486,8.507573969569389
34.328680742949075,22.679564622245486,10.0
23.93818908198655,43.091330231247724,5.858348147588076
36.66605909718578,22.679564622245486,8.5261459545134
23.93818908198655,22.679564622245486,7.459936163841029
37.00824373702421,44.67832888166562,7.1918284009523
37.00824373702421,4.484278700918427,9.121426560130203
37.601330659417336,6.639449853024509,9.092834860444327
37.601330659417336,22.679564622245486,8.507573969569389
36.66605909718578,22.679564622245486,8.5261459545134
40.77696203852261,19.462527257316715,6.107979607138042
37.601330659417336,9.681943582948602,9.051004147790318
4.961899331332254,22.679564622245486,0.1
9.350839817573398,22.679564622245486,0.1
36.66605909718578,22.679564622245486,8.5261459545134
37.601330659417336,41.5873221420045,5.15358203973601
36.66605909718578,22.679564622245486,8.5261459545134
37.601330659417336,15.072937494503659,7.310284476264682
37.601330659417336,22.679564622245486,9.022537253209162
26.406087870456894,45.11978817895954,8.412303399339997
73.98683263321013,22.679564622245486,10.0
37.601330659417336,3.169366821019377,9.294374084371292
52.51684017274064,22.679564622245486,9.326256951193407
37.00824373702421,22.679564622245486,10.550957290889336
9.350839817573398,22.679564622245486,0.1
36.66605909718578,22.679564622245486,8.5261459545134
37.601330659417336,22.679564622245486,8.507573969569389
37.00824373702421,22.679564622245486,8.521384101554755
37.00824373702421,44.67832888166562,7.1918284009523
23.93818908198655,22.679564622245486,7.459936163841029
9.219031798918754,22.679564622245486,2.246569908569424
23.93818908198655,22.679564622245486,7.459936163841029
36.66605909718578,22.679564622245486,8.5261459545134
19.72672446330878,13.14290278565347,6.752125338038246
3.419529737392512,22.679564622245486,6.040335866447558
37.00824373702421,44.67832888166562,7.1918284009523
37.00824373702421,22.679564622245486,10.764457866734968
37.601330659417336,6.639449853024509,9.092834860444327
36.66605909718578,6.639449853024509,9.111406845388338
38.211143419165815,22.679564622245486,8.486088968392774
37.00824373702421,22.679564622245486,8.521384101554755
37.00824373702421,22.679564622245486,8.521384101554755
36.66605909718578,6.639449853024509,9.111406845388338
23.93818908198655,43.091330231247724,5.858348147588076
23.93818908198655,22.679564622245486,7.459936163841029
36.66605909718578,22.679564622245486,8.5261459545134
19.72672446330878,13.14290278565347,6.752125338038246
37.00824373702421,22.679564622245486,8.521384101554755
37.601330659417336,3.169366821019377,9.294374084371292
23.93818908198655,22.679564622245486,7.459936163841029
36.66605909718578,22.679564622245486,8.5261459545134
37.601330659417336,22.679564622245486,9.022537253209162
36.66605909718578,6.639449853024509,9.111406845388338
73.98683263321013,22.679564622245486,10.0
69.38832549255528,6.639449853024509,8.100513063326858
37.00824373702421,22.679564622245486,8.521384101554755
37.601330659417336,22.679564622245486,8.507573969569389
36.66605909718578,22.679564622245486,8.5261459545134
19.72672446330878,13.14290278565347,6.752125338038246
37.00824373702421,22.679564622245486,8.521384101554755
36.66605909718578,22.679564622245486,8.5261459545134
3.1130596996461968,22.679564622245486,10.0
37.601330659417336,22.679564622245486,8.507573969569389
37.00824373702421,22.679564622245486,8.521384101554755
37.601330659417336,22.679564622245486,10.838877546238612
37.00824373702421,22.679564622245486,10.550957290889336
37.00824373702421,22.679564622245486,8.521384101554755
37.00824373702421,22.679564622245486,10.123635392331535
69.69406224101249,58.23867125563389,7.68603920324689
37.601330659417336,3.169366821019377,9.294374084371292
32.720909039615435,22.679564622245486,10.0
36.66605909718578,22.679564622245486,8.5261459545134
36.66605909718578,22.679564622245486,8.5261459545134
36.66605909718578,22.679564622245486,8.5261459545134
36.66605909718578,22.679564622245486,8.5261459545134
37.601330659417336,41.5873221420045,5.15358203973601
9.350839817573398,22.679564622245486,0.1
37.601330659417336,3.169366821019377,9.294374084371292
32.720909039615435,22.679564622245486,10.0
37.00824373702421,44.67832888166562,7.1918284009523
5.428720406141316,22.679564622245486,7.459936163841029
37.601330659417336,22.679564622245486,8.412303399339997
37.00824373702421,22.679564622245486,10.764457866734968
43.11012260150608,6.639449853024509,8.648131103592288
3.1130596996461968,22.679564622245486,10.0
25.672979916892302,5.451181900428198,10.0
49.34856891172486,22.679564622245486,6.456634799823543
37.601330659417336,6.639449853024509,9.092834860444327
38.211143419165815,22.679564622245486,8.486088968392774
36.66605909718578,22.679564622245486,8.5261459545134
37.601330659417336,22.679564622245486,8.507573969569389
36.66605909718578,22.679564622245486,8.5261459545134
36.66605909718578,22.679564622245486,8.5261459545134
37.601330659417336,22.679564622245486,8.412303399339997
3.1130596996461968,22.679564622245486,10.0
23.93818908198655,22.679564622245486,7.459936163841029
23.93818908198655,22.679564622245486,6.647870276951302
36.66605909718578,22.679564622245486,8.5261459545134
37.00824373702421,4.484278700918427,9.121426560130203
37.00824373702421,22.679564622245486,8.521384101554755
34.328680742949075,22.679564622245486,10.0
36.66605909718578,22.679564622245486,8.5261459545134
23.93818908198655,22.679564622245486,7.459936163841029
36.66605909718578,22.679564622245486,8.5261459545134
23.93818908198655,22.679564622245486,7.459936163841029
4.961899331332254,22.679564622245486,0.1
51.306215083526496,22.679564622245486,0.1
37.601330659417336,22.679564622245486,8.507573969569389
36.66605909718578,22.679564622245486,8.5261459545134
37.00824373702421,22.679564622245486,8.521384101554755
36.66605909718578,22.679564622245486,8.5261459545134
9.219031798918754,22.679564622245486,2.246569908569424
36.66605909718578,22.679564622245486,8.5261459545134
59.30172747328275,22.679564622245486,8.412303399339997
23.93818908198655,22.679564622245486,7.459936163841029
23.93818908198655,22.679564622245486,7.459936163841029
23.93818908198655,43.091330231247724,6.05998797730029
36.66605909718578,22.679564622245486,8.5261459545134
40.06338863994938,22.679564622245486,8.376680619894842
23.93818908198655,22.679564622245486,7.459936163841029
37.601330659417336,22.679564622245486,8.507573969569389
36.66605909718578,22.679564622245486,8.5261459545134
37.00824373702421,4.484278700918427,9.121426560130203
36.66605909718578,22.679564622245486,8.5261459545134
37.601330659417336,22.679564622245486,10.838877546238612
36.66605909718578,22.679564622245486,8.5261459545134
23.93818908198655,22.679564622245486,7.459936163841029
40.06338863994938,22.679564622245486,8.376680619894842
49.34856891172486,22.679564622245486,6.456634799823543
37.00824373702421,22.679564622245486,10.764457866734968
3.1130596996461968,22.679564622245486,10.0
37.00824373702421,22.679564622245486,10.550957290889336
36.66605909718578,22.679564622245486,8.5261459545134
37.00824373702421,22.679564622245486,10.123635392331535
37.601330659417336,22.679564622245486,8.507573969569389
37.601330659417336,22.679564622245486,8.507573969569389
36.66605909718578,22.679564622245486,7.239831232744017
3.419529737392512,22.679564622245486,6.040335866447558
33.63427797488749,22.679564622245486,8.88411743039013
37.00824373702421,22.679564622245486,10.550957290889336
37.00824373702421,22.679564622245486,10.123635392331535
36.66605909718578,22.679564622245486,8.5261459545134
37.601330659417336,15.072937494503659,7.310284476264682
23.93818908198655,22.679564622245486,7.459936163841029
36.66605909718578,22.679564622245486,8.5261459545134
36.66605909718578,22.679564622245486,8.5261459545134
36.66605909718578,22.679564622245486,8.5261459545134
23.93818908198655,22.679564622245486,7.459936163841029
23.93818908198655,22.679564622245486,6.647870276951302
3.419529737392512,22.679564622245486,6.040335866447558
37.601330659417336,22.679564622245486,8.507573969569389
26.406087870456894,45.11978817895954,8.412303399339997
69.69406224101249,58.23867125563389,7.68603920324689
23.93818908198655,43.091330231247724,5.858348147588076
23.93818908198655,43.091330231247724,5.858348147588076
37.601330659417336,9.681943582948602,9.051004147790318
26.406087870456894,45.11978817895954,8.412303399339997
37.00824373702421,44.67832888166562,7.1918284009523
49.34856891172486,22.679564622245486,6.456634799823543
3.419529737392512,22.679564622245486,6.040335866447558
37.601330659417336,22.679564622245486,8.507573969569389
36.66605909718578,6.639449853024509,9.111406845388338
36.66605909718578,22.679564622245486,7.239831232744017
32.720909039615435,22.679564622245486,10.0
37.00824373702421,22.679564622245486,10.764457866734968
37.00824373702421,22.679564622245486,8.521384101554755
36.66605909718578,22.679564622245486,8.5261459545134
37.601330659417336,22.679564622245486,8.507573969569389
37.00824373702421,22.679564622245486,8.521384101554755
36.66605909718578,22.679564622245486,8.5261459545134
36.66605909718578,22.679564622245486,8.5261459545134
9.350839817573398,22.679564622245486,0.1
9.219031798918754,22.679564622245486,2.246569908569424
36.66605909718578,22.679564622245486,8.5261459545134
3.1130596996461968,22.679564622245486,10.0
36.66605909718578,22.679564622245486,8.5261459545134
49.34856891172486,22.679564622245486,6.456634799823543
37.00824373702421,22.679564622245486,10.764457866734968
69.69406224101249,58.23867125563389,7.68603920324689
23.93818908198655,43.091330231247724,6.05998797730029
37.00824373702421,22.679564622245486,8.521384101554755
37.00824373702421,22.679564622245486,8.521384101554755
37.00824373702421,22.679564622245486,10.764457866734968
23.93818908198655,22.679564622245486,7.459936163841029
36.66605909718578,22.679564622245486,8.5261459545134
19.72672446330878,13.14290278565347,6.752125338038246
23.93818908198655,22.679564622245486,7.459936163841029
34.328680742949075,22.679564622245486,10.0
38.211143419165815,22.679564622245486,8.486088968392774
37.00824373702421,44.67832888166562,7.1918284009523
23.93818908198655,43.091330231247724,6.05998797730029
21.58326307691633,26.343114447964005,6.3130860578983325
69.38832549255528,6.639449853024509,8.100513063326858
40.77696203852261,19.462527257316715,6.107979607138042
36.66605909718578,22.679564622245486,8.5261459545134
36.66605909718578,22.679564622245486,7.239831232744017
37.601330659417336,3.169366821019377,9.294374084371292
38.211143419165815,22.679564622245486,8.486088968392774
37.00824373702421,22.679564622245486,8.521384101554755
40.06338863994938,22.679564622245486,8.376680619894842
36.66605909718578,22.679564622245486,8.5261459545134
37.00824373702421,44.67832888166562,7.1918284009523
36.66605909718578,22.679564622245486,8.5261459545134
36.66605909718578,22.679564622245486,8.5261459545134
36.66605909718578,22.679564622245486,8.5261459545134
40.06338863994938,22.679564622245486,8.376680619894842
40.77696203852261,19.462527257316715,6.107979607138042
36.66605909718578,22.679564622245486,8.5261459545134
23.93818908198655,43.091330231247724,5.858348147588076
23.93818908198655,22.679564622245486,7.459936163841029
36.66605909718578,22.679564622245486,8.5261459545134
37.00824373702421,22.679564622245486,8.521384101554755
3.419529737392512,22.679564622245486,6.040335866447558
33.63427797488749,22.679564622245486,8.88411743039013
3.419529737392512,22.679564622245486,6.040335866447558
37.601330659417336,9.681943582948602,9.051004147790318
36.66605909718578,22.679564622245486,8.5261459545134
37.00824373702421,22.679564622245486,10.764457866734968
37.00824373702421,22.679564622245486,10.764457866734968
37.00824373702421,22.679564622245486,8.521384101554755
23.93818908198655,4.595432930378401,10.0
49.34856891172486,22.679564622245486,6.456634799823543
36.66605909718578,22.679564622245486,8.5261459545134
36.66605909718578,22.679564622245486,8.5261459545134
67.96392814939556,22.679564622245486,0.1
36.66605909718578,22.679564622245486,8.5261459545134
37.00824373702421,22.679564622245486,8.521384101554755
49.34856891172486,22.679564622245486,6.456634799823543
37.00824373702421,22.679564622245486,10.123635392331535
37.601330659417336,22.679564622245486,9.022537253209162
37.601330659417336,22.679564622245486,8.507573969569389
37.00824373702421,22.679564622245486,8.521384101554755
36.66605909718578,22.679564622245486,8.5261459545134
37.601330659417336,3.169366821019377,9.294374084371292
23.93818908198655,22.679564622245486,6.647870276951302
37.00824373702421,22.679564622245486,8.521384101554755
37.00824373702421,22.679564622245486,10.550957290889336
51.306215083526496,22.679564622245486,0.1
37.601330659417336,22.679564622245486,8.507573969569389
43.11012260150608,6.639449853024509,8.648131103592288
37.601330659417336,22.679564622245486,8.507573969569389
37.00824373702421,22.679564622245486,8.521384101554755
37.601330659417336,6.639449853024509,9.092834860444327
37.601330659417336,22.679564622245486,8.507573969569389
38.211143419165815,22.679564622245486,8.486088968392774
36.66605909718578,22.679564622245486,8.5261459545134
37.601330659417336,9.681943582948602,9.051004147790318
3.419529737392512,22.679564622245486,6.040335866447558
73.98683263321013,22.679564622245486,10.0
23.93818908198655,22.679564622245486,7.459936163841029
23.93818908198655,22.679564622245486,7.459936163841029
9.350839817573398,22.679564622245486,0.1
37.601330659417336,6.639449853024509,9.092834860444327
36.66605909718578,6.639449853024509,9.111406845388338
37.00824373702421,22.679564622245486,8.521384101554755
37.00824373702421,22.679564622245486,8.521384101554755
36.66605909718578,22.679564622245486,8.5261459545134
37.601330659417336,22.679564622245486,8.412303399339997
37.601330659417336,15.072937494503659,7.310284476264682
36.66605909718578,22.679564622245486,8.5261459545134
37.601330659417336,15.072937494503659,7.310284476264682
37.601330659417336,3.169366821019377,9.294374084371292
37.601330659417336,22.679564622245486,8.412303399339997
37.00824373702421,22.679564622245486,10.550957290889336
5.428720406141316,22.679564622245486,7.459936163841029
37.00824373702421,44.67832888166562,7.1918284009523
37.00824373702421,22.679564622245486,8.521384101554755
37.00824373702421,22.679564622245486,10.764457866734968
3.1130596996461968,22.679564622245486,10.0
3.419529737392512,22.679564622245486,6.040335866447558
37.00824373702421,4.484278700918427,9.121426560130203
3.1130596996461968,22.679564622245486,10.0
36.66605909718578,22.679564622245486,8.5261459545134
3.419529737392512,22.679564622245486,6.040335866447558
67.96392814939556,22.679564622245486,0.1
37.601330659417336,3.169366821019377,9.294374084371292
37.601330659417336,22.679564622245486,8.507573969569389
32.720909039615435,22.679564622245486,10.0
36.66605909718578,22.679564622245486,8.5261459545134
37.601330659417336,9.681943582948602,9.051004147790318
38.211143419165815,22.679564622245486,8.486088968392774
26.406087870456894,45.11978817895954,8.412303399339997
23.93818908198655,22.679564622245486,7.459936163841029
69.69406224101249,58.23867125563389,7.68603920324689
36.66605909718578,22.679564622245486,8.5261459545134
37.00824373702421,22.679564622245486,8.521384101554755
5.428720406141316,22.679564622245486,7.459936163841029
25.672979916892302,5.451181900428198,10.0
37.00824373702421,44.67832888166562,7.1918284009523
37.00824373702421,4.484278700918427,9.121426560130203
38.211143419165815,22.679564622245486,8.486088968392774
33.63427797488749,22.679564622245486,8.88411743039013
50.95706730275536,22.679564622245486,6.742773687272157
37.601330659417336,22.679564622245486,9.022537253209162
9.219031798918754,22.679564622245486,2.246569908569424
36.66605909718578,22.679564622245486,8.5261459545134
25.672979916892302,5.451181900428198,10.0
36.66605909718578,22.679564622245486,8.5261459545134
37.00824373702421,22.679564622245486,8.521384101554755
37.00824373702421,22.679564622245486,8.521384101554755
37.601330659417336,22.679564622245486,8.507573969569389
36.66605909718578,22.679564622245486,8.5261459545134
37.00824373702421,22.679564622245486,10.550957290889336
36.66605909718578,22.679564622245486,7.239831232744017
36.66605909718578,22.679564622245486,8.5261459545134
36.66605909718578,22.679564622245486,8.5261459545134
37.601330659417336,22.679564622245486,8.412303399339997
36.66605909718578,22.679564622245486,8.5261459545134
51.306215083526496,22.679564622245486,0.1
30.228866072806696,5.738059853161229,10.0
37.601330659417336,3.169366821019377,9.294374084371292
37.601330659417336,41.5873221420045,5.15358203973601
5.428720406141316,22.679564622245486,7.459936163841029
37.00824373702421,22.679564622245486,10.550957290889336
40.77696203852261,19.462527257316715,6.107979607138042
33.63427797488749,22.679564622245486,8.88411743039013
3.419529737392512,22.679564622245486,6.040335866447558
5.428720406141316,22.679564622245486,7.459936163841029
3.419529737392512,22.679564622245486,6.040335866447558
37.601330659417336,6.639449853024509,9.092834860444327
37.601330659417336,22.679564622245486,9.022537253209162
30.228866072806696,5.738059853161229,10.0
37.601330659417336,22.679564622245486,8.507573969569389
36.66605909718578,22.679564622245486,8.5261459545134
37.00824373702421,22.679564622245486,8.521384101554755
36.66605909718578,22.679564622245486,8.5261459545134
52.51684017274064,22.679564622245486,9.326256951193407
9.219031798918754,22.679564622245486,2.246569908569424
50.95706730275536,22.679564622245486,6.742773687272157
19.72672446330878,13.14290278565347,6.752125338038246
9.350839817573398,22.679564622245486,0.1
37.601330659417336,6.639449853024509,9.092834860444327
37.00824373702421,22.679564622245486,8.521384101554755
36.66605909718578,22.679564622245486,8.5261459545134
5.428720406141316,22.679564622245486,7.459936163841029
36.66605909718578,22.679564622245486,8.5261459545134
37.601330659417336,6.639449853024509,9.092834860444327
26.406087870456894,45.11978817895954,8.412303399339997
37.601330659417336,22.679564622245486,8.412303399339997
37.00824373702421,22.679564622245486,10.764457866734968
36.66605909718578,22.679564622245486,8.5261459545134
37.601330659417336,22.679564622245486,9.022537253209162
43.11012260150608,6.639449853024509,8.648131103592288
3.419529737392512,22.679564622245486,6.040335866447558
37.601330659417336,22.679564622245486,8.507573969569389
38.211143419165815,22.679564622245486,8.486088968392774
37.601330659417336,41.5873221420045,5.15358203973601
36.66605909718578,22.679564622245486,8.5261459545134
3.419529737392512,22.679564622245486,6.040335866447558
25.672979916892302,5.451181900428198,10.0
37.601330659417336,22.679564622245486,8.412303399339997
26.406087870456894,45.11978817895954,8.412303399339997
23.93818908198655,22.679564622245486,7.459936163841029
36.66605909718578,22.679564622245486,8.5261459545134
36.66605909718578,22.679564622245486,8.5261459545134
26.406087870456894,45.11978817895954,8.412303399339997
37.601330659417336,22.679564622245486,8.412303399339997
23.93818908198655,43.091330231247724,6.05998797730029
40.06338863994938,22.679564622245486,8.376680619894842
3.419529737392512,22.679564622245486,6.040335866447558
36.66605909718578,22.679564622245486,8.5261459545134
37.00824373702421,22.679564622245486,8.521384101554755
5.428720406141316,22.679564622245486,7.459936163841029
23.93818908198655,22.679564622245486,7.459936163841029
37.601330659417336,22.679564622245486,8.507573969569389
36.66605909718578,22.679564622245486,8.5261459545134
50.95706730275536,22.679564622245486,6.742773687272157
19.72672446330878,13.14290278565347,6.752125338038246
37.601330659417336,3.169366821019377,9.294374084371292
37.601330659417336,3.169366821019377,9.294374084371292
37.601330659417336,41.5873221420045,5.15358203973601
37.601330659417336,22.679564622245486,8.412303399339997
23.93818908198655,22.679564622245486,6.647870276951302
37.601330659417336,22.679564622245486,8.507573969569389
49.34856891172486,22.679564622245486,6.456634799823543
37.00824373702421,22.679564622245486,10.550957290889336
67.96392814939556,22.679564622245486,0.1
9.350839817573398,22.679564622245486,0.1
37.00824373702421,22.679564622245486,10.123635392331535
23.93818908198655,43.091330231247724,5.858348147588076
69.69406224101249,58.23867125563389,7.68603920324689
37.00824373702421,22.679564622245486,10.764457866734968
37.601330659417336,3.169366821019377,9.294374084371292
37.00824373702421,22.679564622245486,8.521384101554755
67.96392814939556,22.679564622245486,0.1
25.672979916892302,5.451181900428198,10.0
3.1130596996461968,22.679564622245486,10.0
67.96392814939556,22.679564622245486,0.1
3.1130596996461968,22.679564622245486,10.0
37.00824373702421,22.679564622245486,8.521384101554755
50.95706730275536,22.679564622245486,6.742773687272157
37.00824373702421,22.679564622245486,8.521384101554755
36.66605909718578,22.679564622245486,8.5261459545134
37.00824373702421,22.679564622245486,10.550957290889336
26.406087870456894,45.11978817895954,8.412303399339997
36.66605909718578,22.679564622245486,8.5261459545134
37.601330659417336,22.679564622245486,8.507573969569389
38.211143419165815,22.679564622245486,8.486088968392774
3.1130596996461968,22.679564622245486,10.0
37.601330659417336,41.5873221420045,5.15358203973601
37.00824373702421,22.679564622245486,8.521384101554755
36.66605909718578,22.679564622245486,8.5261459545134
37.601330659417336,22.679564622245486,8.507573969569389
37.601330659417336,15.072937494503659,7.310284476264682
3.1130596996461968,22.679564622245486,10.0
37.00824373702421,44.67832888166562,7.1918284009523
37.601330659417336,6.639449853024509,9.092834860444327
37.00824373702421,22.679564622245486,8.521384101554755
37.601330659417336,22.679564622245486,8.507573969569389
3.1130596996461968,22.679564622245486,10.0
36.66605909718578,22.679564622245486,8.5261459545134
40.77696203852261,19.462527257316715,6.107979607138042
36.66605909718578,22.679564622245486,8.5261459545134
37.601330659417336,41.5873221420045,5.15358203973601
33.63427797488749,22.679564622245486,8.88411743039013
36.66605909718578,22.679564622245486,8.5261459545134
37.601330659417336,22.679564622245486,8.412303399339997
36.66605909718578,22.679564622245486,8.5261459545134
36.66605909718578,22.679564622245486,8.5261459545134
59.30172747328275,22.679564622245486,8.412303399339997
37.00824373702421,44.67832888166562,7.1918284009523
23.93818908198655,22.679564622245486,7.459936163841029
36.66605909718578,22.679564622245486,8.5261459545134
36.66605909718578,22.679564622245486,8.5261459545134
26.406087870456894,45.11978817895954,8.412303399339997
37.00824373702421,22.679564622245486,10.764457866734968
37.00824373702421,22.679564622245486,8.521384101554755
37.601330659417336,22.679564622245486,8.507573969569389
23.93818908198655,4.595432930378401,10.0
50.95706730275536,22.679564622245486,6.742773687272157
37.00824373702421,22.679564622245486,10.764457866734968
30.228866072806696,5.738059853161229,10.0
59.30172747328275,22.679564622245486,8.412303399339997
37.601330659417336,22.679564622245486,8.507573969569389
26.406087870456894,45.11978817895954,8.412303399339997
36.66605909718578,22.679564622245486,8.5261459545134
73.98683263321013,22.679564622245486,10.0
37.601330659417336,22.679564622245486,8.412303399339997
36.66605909718578,22.679564622245486,8.5261459545134
37.601330659417336,22.679564622245486,8.507573969569389
37.601330659417336,22.679564622245486,8.507573969569389
40.77696203852261,19.462527257316715,6.107979607138042
52.51684017274064,22.679564622245486,9.326256951193407
37.00824373702421,22.679564622245486,8.521384101554755
40.77696203852261,19.462527257316715,6.107979607138042
37.601330659417336,6.639449853024509,9.092834860444327
5.428720406141316,22.679564622245486,7.459936163841029
26.406087870456894,45.11978817895954,8.412303399339997
40.77696203852261,19.462527257316715,6.107979607138042
69.38832549255528,6.639449853024509,8.100513063326858
23.93818908198655,22.679564622245486,7.459936163841029
37.601330659417336,22.679564622245486,10.838877546238612
23.93818908198655,22.679564622245486,6.647870276951302
50.95706730275536,22.679564622245486,6.742773687272157
37.601330659417336,15.072937494503659,7.310284476264682
37.601330659417336,22.679564622245486,8.412303399339997
33.63427797488749,22.679564622245486,8.88411743039013
23.93818908198655,22.679564622245486,7.459936163841029
43.11012260150608,6.639449853024509,8.648131103592288
36.66605909718578,22.679564622245486,8.5261459545134
50.95706730275536,22.679564622245486,6.742773687272157
37.00824373702421,22.679564622245486,8.521384101554755
5.428720406141316,22.679564622245486,7.459936163841029
36.66605909718578,22.679564622245486,8.5261459545134
23.93818908198655,22.679564622245486,7.459936163841029
37.601330659417336,6.639449853024509,9.092834860444327
37.00824373702421,22.679564622245486,8.521384101554755
3.419529737392512,22.679564622245486,6.040335866447558
37.601330659417336,15.072937494503659,7.310284476264682
51.306215083526496,22.679564622245486,0.1
37.00824373702421,22.679564622245486,8.521384101554755
37.601330659417336,6.639449853024509,9.092834860444327
26.406087870456894,45.11978817895954,8.412303399339997
37.601330659417336,6.639449853024509,9.092834860444327
3.419529737392512,22.679564622245486,6.040335866447558
36.66605909718578,22.679564622245486,8.5261459545134
37.601330659417336,22.679564622245486,8.507573969569389
23.93818908198655,43.091330231247724,5.858348147588076
26.406087870456894,45.11978817895954,8.412303399339997
37.601330659417336,15.072937494503659,7.310284476264682
37.601330659417336,22.679564622245486,8.412303399339997
59.30172747328275,22.679564622245486,8.412303399339997
37.00824373702421,22.679564622245486,8.521384101554755
9.219031798918754,22.679564622245486,2.246569908569424
4.961899331332254,22.679564622245486,0.1
36.66605909718578,22.679564622245486,8.5261459545134
37.601330659417336,22.679564622245486,9.022537253209162
36.66605909718578,22.679564622245486,8.5261459545134
23.93818908198655,22.679564622245486,7.459936163841029
37.00824373702421,22.679564622245486,8.521384101554755
37.601330659417336,22.679564622245486,8.507573969569389
37.00824373702421,22.679564622245486,8.521384101554755
23.93818908198655,22.679564622245486,7.459936163841029
3.1130596996461968,22.679564622245486,10.0
37.00824373702421,22.679564622245486,8.521384101554755
73.98683263321013,22.679564622245486,10.0
23.93818908198655,22.679564622245486,7.459936163841029
49.34856891172486,22.679564622245486,6.456634799823543
37.601330659417336,22.679564622245486,10.838877546238612
37.601330659417336,22.679564622245486,8.412303399339997
37.00824373702421,44.67832888166562,7.1918284009523
51.306215083526496,22.679564622245486,0.1
37.601330659417336,22.679564622245486,8.507573969569389
59.30172747328275,22.679564622245486,8.412303399339997
36.66605909718578,22.679564622245486,8.5261459545134
9.350839817573398,22.679564622245486,0.1
36.66605909718578,22.679564622245486,8.5261459545134
38.211143419165815,22.679564622245486,8.486088968392774
23.93818908198655,22.679564622245486,7.459936163841029
3.1130596996461968,22.679564622245486,10.0
36.66605909718578,22.679564622245486,8.5261459545134
40.06338863994938,22.679564622245486,8.376680619894842
23.93818908198655,22.679564622245486,7.459936163841029
59.30172747328275,22.679564622245486,8.412303399339997
32.720909039615435,22.679564622245486,10.0
37.00824373702421,22.679564622245486,10.764457866734968
36.66605909718578,22.679564622245486,8.5261459545134
36.66605909718578,22.679564622245486,8.5261459545134
37.00824373702421,44.67832888166562,7.1918284009523
37.601330659417336,3.169366821019377,9.294374084371292
36.66605909718578,22.679564622245486,8.5261459545134
49.34856891172486,22.679564622245486,6.456634799823543
19.72672446330878,13.14290278565347,6.752125338038246
37.00824373702421,22.679564622245486,8.521384101554755
37.601330659417336,22.679564622245486,10.838877546238612
36.66605909718578,22.679564622245486,8.5261459545134
49.34856891172486,22.679564622245486,6.456634799823543
37.601330659417336,22.679564622245486,8.507573969569389
37.601330659417336,22.679564622245486,9.022537253209162
36.66605909718578,22.679564622245486,7.239831232744017
4.961899331332254,22.679564622245486,0.1
73.98683263321013,22.679564622245486,10.0
26.406087870456894,45.11978817895954,8.412303399339997
36.66605909718578,22.679564622245486,8.5261459545134
36.66605909718578,22.679564622245486,8.5261459545134
37.00824373702421,22.679564622245486,8.521384101554755
37.601330659417336,9.681943582948602,9.051004147790318
37.601330659417336,15.072937494503659,7.310284476264682
37.601330659417336,6.639449853024509,9.092834860444327
43.11012260150608,6.639449853024509,8.648131103592288
3.419529737392512,22.679564622245486,6.040335866447558
23.93818908198655,43.091330231247724,6.05998797730029
40.77696203852261,19.462527257316715,6.107979607138042
37.601330659417336,22.679564622245486,8.507573969569389
36.66605909718578,22.679564622245486,8.5261459545134
23.93818908198655,43.091330231247724,5.858348147588076
36.66605909718578,6.639449853024509,9.111406845388338
36.66605909718578,22.679564622245486,8.5261459545134
37.601330659417336,15.072937494503659,7.310284476264682
52.51684017274064,22.679564622245486,9.326256951193407
3.419529737392512,22.679564622245486,6.040335866447558
36.66605909718578,22.679564622245486,8.5261459545134
23.93818908198655,22.679564622245486,6.647870276951302
40.06338863994938,22.679564622245486,8.376680619894842
9.219031798918754,22.679564622245486,2.246569908569424
9.350839817573398,22.679564622245486,0.1
37.00824373702421,22.679564622245486,8.521384101554755
36.66605909718578,22.679564622245486,8.5261459545134
37.601330659417336,3.169366821019377,9.294374084371292
43.11012260150608,6.639449853024509,8.648131103592288
33.63427797488749,22.679564622245486,8.88411743039013
23.93818908198655,22.679564622245486,7.459936163841029
3.419529737392512,22.679564622245486,6.040335866447558
37.00824373702421,22.679564622245486,8.521384101554755
23.93818908198655,22.679564622245486,7.459936163841029
59.30172747328275,22.679564622245486,8.412303399339997
37.00824373702421,4.484278700918427,9.121426560130203
36.66605909718578,22.679564622245486,8.5261459545134
3.419529737392512,22.679564622245486,6.040335866447558
37.601330659417336,22.679564622245486,8.412303399339997
37.00824373702421,22.679564622245486,8.521384101554755
37.00824373702421,4.484278700918427,9.121426560130203
9.350839817573398,22.679564622245486,0.1
50.95706730275536,22.679564622245486,6.742773687272157
50.95706730275536,22.679564622245486,6.742773687272157
19.72672446330878,13.14290278565347,6.752125338038246
36.66605909718578,22.679564622245486,8.5261459545134
37.601330659417336,15.072937494503659,7.310284476264682
73.98683263321013,22.679564622245486,10.0
37.601330659417336,15.072937494503659,7.310284476264682
37.601330659417336,15.072937494503659,7.310284476264682
52.51684017274064,22.679564622245486,9.326256951193407
37.601330659417336,22.679564622245486,10.838877546238612
36.66605909718578,22.679564622245486,8.5261459545134
3.1130596996461968,22.679564622245486,10.0
5.428720406141316,22.679564622245486,7.459936163841029
21.58326307691633,26.343114447964005,6.3130860578983325
37.601330659417336,22.679564622245486,8.507573969569389
37.601330659417336,22.679564622245486,8.507573969569389
3.419529737392512,22.679564622245486,6.040335866447558
36.66605909718578,22.679564622245486,8.5261459545134
37.601330659417336,6.639449853024509,9.092834860444327
37.601330659417336,22.679564622245486,8.507573969569389
36.66605909718578,22.679564622245486,8.5261459545134
40.77696203852261,19.462527257316715,6.107979607138042
37.00824373702421,22.679564622245486,8.521384101554755
37.601330659417336,9.681943582948602,9.051004147790318
37.601330659417336,22.679564622245486,8.507573969569389
37.00824373702421,22.679564622245486,8.521384101554755
36.66605909718578,22.679564622245486,8.5261459545134
23.93818908198655,43.091330231247724,6.05998797730029
3.419529737392512,22.679564622245486,6.040335866447558
36.66605909718578,22.679564622245486,8.5261459545134
37.00824373702421,4.484278700918427,9.121426560130203
69.69406224101249,58.23867125563389,7.68603920324689
49.34856891172486,22.679564622245486,6.456634799823543
36.66605909718578,22.679564622245486,8.5261459545134
4.961899331332254,22.679564622245486,0.1
3.1130596996461968,22.679564622245486,10.0
37.601330659417336,15.072937494503659,7.310284476264682
33.63427797488749,22.679564622245486,8.88411743039013
36.66605909718578,6.639449853024509,9.111406845388338
37.601330659417336,6.639449853024509,9.092834860444327
36.66605909718578,22.679564622245486,7.239831232744017
4.961899331332254,22.679564622245486,0.1
21.58326307691633,26.343114447964005,6.3130860578983325
37.00824373702421,22.679564622245486,8.521384101554755
37.601330659417336,22.679564622245486,8.507573969569389
37.00824373702421,22.679564622245486,8.521384101554755
43.11012260150608,6.639449853024509,8.648131103592288
37.601330659417336,41.5873221420045,5.15358203973601
36.66605909718578,22.679564622245486,8.5261459545134
49.34856891172486,22.679564622245486,6.456634799823543
51.306215083526496,22.679564622245486,0.1
23.93818908198655,22.679564622245486,7.459936163841029
36.66605909718578,22.679564622245486,8.5261459545134
51.306215083526496,22.679564622245486,0.1
37.601330659417336,22.679564622245486,9.022537253209162
3.419529737392512,22.679564622245486,6.040335866447558
36.66605909718578,22.679564622245486,8.5261459545134
37.601330659417336,22.679564622245486,9.022537253209162
26.406087870456894,45.11978817895954,8.412303399339997
37.601330659417336,22.679564622245486,8.507573969569389
36.66605909718578,22.679564622245486,8.5261459545134
37.00824373702421,22.679564622245486,8.521384101554755
50.95706730275536,22.679564622245486,6.742773687272157
51.306215083526496,22.679564622245486,0.1
3.419529737392512,22.679564622245486,6.040335866447558
5.428720406141316,22.679564622245486,7.459936163841029
36.66605909718578,22.679564622245486,8.5261459545134
67.96392814939556,22.679564622245486,0.1
37.601330659417336,22.679564622245486,10.838877546238612
50.95706730275536,22.679564622245486,6.742773687272157
37.601330659417336,22.679564622245486,8.507573969569389
51.306215083526496,22.679564622245486,0.1
36.66605909718578,22.679564622245486,8.5261459545134
37.601330659417336,6.639449853024509,9.092834860444327
37.601330659417336,22.679564622245486,8.507573969569389
19.72672446330878,13.14290278565347,6.752125338038246
37.601330659417336,22.679564622245486,8.507573969569389
23.93818908198655,22.679564622245486,7.459936163841029
37.601330659417336,22.679564622245486,8.507573969569389
36.66605909718578,22.679564622245486,8.5261459545134
23.93818908198655,22.679564622245486,6.647870276951302
23.93818908198655,22.679564622245486,7.459936163841029
23.93818908198655,22.679564622245486,7.459936163841029
73.98683263321013,22.679564622245486,10.0
33.63427797488749,22.679564622245486,8.88411743039013
34.328680742949075,22.679564622245486,10.0
34.328680742949075,22.679564622245486,10.0
37.00824373702421,22.679564622245486,8.521384101554755
37.601330659417336,22.679564622245486,8.507573969569389
37.00824373702421,4.484278700918427,9.121426560130203
9.350839817573398,22.679564622245486,0.1
69.69406224101249,58.23867125563389,7.68603920324689
37.00824373702421,22.679564622245486,8.521384101554755
37.00824373702421,44.67832888166562,7.1918284009523
37.601330659417336,6.639449853024509,9.092834860444327
36.66605909718578,22.679564622245486,7.239831232744017
37.601330659417336,6.639449853024509,9.092834860444327
37.00824373702421,22.679564622245486,8.521384101554755
36.66605909718578,22.679564622245486,8.5261459545134
23.93818908198655,43.091330231247724,5.858348147588076
36.66605909718578,22.679564622245486,7.239831232744017
23.93818908198655,43.091330231247724,5.858348147588076
69.69406224101249,58.23867125563389,7.68603920324689
49.34856891172486,22.679564622245486,6.456634799823543
38.211143419165815,22.679564622245486,8.486088968392774
69.69406224101249,58.23867125563389,7.68603920324689
36.66605909718578,22.679564622245486,7.239831232744017
36.66605909718578,22.679564622245486,8.5261459545134
23.93818908198655,22.679564622245486,7.459936163841029
37.601330659417336,22.679564622245486,8.412303399339997
37.00824373702421,22.679564622245486,8.521384101554755
37.00824373702421,22.679564622245486,8.521384101554755
19.72672446330878,13.14290278565347,6.752125338038246
37.601330659417336,3.169366821019377,9.294374084371292
23.93818908198655,4.595432930378401,10.0
36.66605909718578,22.679564622245486,8.5261459545134
49.34856891172486,22.679564622245486,6.456634799823543
36.66605909718578,22.679564622245486,8.5261459545134
37.00824373702421,22.679564622245486,8.521384101554755
34.328680742949075,22.679564622245486,10.0
3.419529737392512,22.679564622245486,6.040335866447558
23.93818908198655,22.679564622245486,7.459936163841029
37.601330659417336,41.5873221420045,5.15358203973601
69.38832549255528,6.639449853024509,8.100513063326858
50.95706730275536,22.679564622245486,6.742773687272157
37.00824373702421,22.679564622245486,10.123635392331535
37.601330659417336,6.639449853024509,9.092834860444327
25.672979916892302,5.451181900428198,10.0
37.00824373702421,22.679564622245486,8.521384101554755
37.00824373702421,22.679564622245486,8.521384101554755
36.66605909718578,22.679564622245486,8.5261459545134
37.00824373702421,22.679564622245486,8.521384101554755
37.00824373702421,4.484278700918427,9.121426560130203
37.601330659417336,22.679564622245486,8.507573969569389
37.00824373702421,4.484278700918427,9.121426560130203
43.11012260150608,6.639449853024509,8.648131103592288
36.66605909718578,22.679564622245486,8.5261459545134
36.66605909718578,22.679564622245486,8.5261459545134
37.00824373702421,22.679564622245486,8.521384101554755
36.66605909718578,22.679564622245486,8.5261459545134
23.93818908198655,22.679564622245486,6.647870276951302
37.601330659417336,22.679564622245486,8.507573969569389
36.66605909718578,22.679564622245486,8.5261459545134
49.34856891172486,22.679564622245486,6.456634799823543
23.93818908198655,22.679564622245486,7.459936163841029
50.95706730275536,22.679564622245486,6.742773687272157
36.66605909718578,22.679564622245486,8.5261459545134
37.601330659417336,22.679564622245486,8.507573969569389
37.00824373702421,22.679564622245486,8.521384101554755
21.58326307691633,26.343114447964005,6.3130860578983325
9.219031798918754,22.679564622245486,2.246569908569424
23.93818908198655,22.679564622245486,6.647870276951302
36.66605909718578,22.679564622245486,8.5261459545134
36.66605909718578,22.679564622245486,8.5261459545134
23.93818908198655,43.091330231247724,5.858348147588076
4.961899331332254,22.679564622245486,0.1
37.601330659417336,15.072937494503659,7.310284476264682
37.601330659417336,6.639449853024509,9.092834860444327
37.601330659417336,22.679564622245486,8.507573969569389
50.95706730275536,22.679564622245486,6.742773687272157
59.30172747328275,22.679564622245486,8.412303399339997
36.66605909718578,22.679564622245486,8.5261459545134
36.66605909718578,22.679564622245486,8.5261459545134
37.00824373702421,22.679564622245486,8.521384101554755
36.66605909718578,22.679564622245486,8.5261459545134
37.00824373702421,4.484278700918427,9.121426560130203
37.601330659417336,22.679564622245486,8.507573969569389
37.00824373702421,22.679564622245486,8.521384101554755
9.219031798918754,22.679564622245486,2.246569908569424
36.66605909718578,22.679564622245486,8.5261459545134
23.93818908198655,43.091330231247724,6.05998797730029
37.601330659417336,22.679564622245486,10.838877546238612
25.672979916892302,5.451181900428198,10.0
36.66605909718578,6.639449853024509,9.111406845388338
37.00824373702421,22.679564622245486,10.550957290889336
37.601330659417336,6.639449853024509,9.092834860444327
37.00824373702421,22.679564622245486,8.521384101554755
37.00824373702421,44.67832888166562,7.1918284009523
36.66605909718578,22.679564622245486,8.5261459545134
9.219031798918754,22.679564622245486,2.246569908569424
37.601330659417336,22.679564622245486,8.507573969569389
37.00824373702421,22.679564622245486,8.521384101554755
37.00824373702421,22.679564622245486,8.521384101554755
37.601330659417336,3.169366821019377,9.294374084371292
23.93818908198655,22.679564622245486,7.459936163841029
37.601330659417336,15.072937494503659,7.310284476264682
33.63427797488749,22.679564622245486,8.88411743039013
36.66605909718578,22.679564622245486,8.5261459545134
36.66605909718578,22.679564622245486,8.5261459545134
37.601330659417336,22.679564622245486,8.412303399339997
37.00824373702421,22.679564622245486,8.521384101554755
19.72672446330878,13.14290278565347,6.752125338038246
73.98683263321013,22.679564622245486,10.0
33.63427797488749,22.679564622245486,8.88411743039013
37.00824373702421,22.679564622245486,8.521384101554755
9.350839817573398,22.679564622245486,0.1
69.69406224101249,58.23867125563389,7.68603920324689
36.66605909718578,6.639449853024509,9.111406845388338
69.38832549255528,6.639449853024509,8.100513063326858
38.211143419165815,22.679564622245486,8.486088968392774
52.51684017274064,22.679564622245486,9.326256951193407
36.66605909718578,22.679564622245486,8.5261459545134
37.601330659417336,3.169366821019377,9.294374084371292
32.720909039615435,22.679564622245486,10.0
37.601330659417336,22.679564622245486,8.507573969569389
37.00824373702421,22.679564622245486,10.550957290889336
19.72672446330878,13.14290278565347,6.752125338038246
36.66605909718578,22.679564622245486,8.5261459545134
21.58326307691633,26.343114447964005,6.3130860578983325
37.601330659417336,15.072937494503659,7.310284476264682
40.77696203852261,19.462527257316715,6.107979607138042
50.95706730275536,22.679564622245486,6.742773687272157
33.63427797488749,22.679564622245486,8.88411743039013
37.601330659417336,22.679564622245486,8.412303399339997
37.601330659417336,22.679564622245486,10.838877546238612
26.406087870456894,45.11978817895954,8.412303399339997
36.66605909718578,22.679564622245486,8.5261459545134
36.66605909718578,22.679564622245486,8.5261459545134
38.211143419165815,22.679564622245486,8.486088968392774
36.66605909718578,22.679564622245486,8.5261459545134
38.211143419165815,22.679564622245486,8.486088968392774
37.601330659417336,6.639449853024509,9.092834860444327
30.228866072806696,5.738059853161229,10.0
36.66605909718578,22.679564622245486,8.5261459545134
32.720909039615435,22.679564622245486,10.0
69.38832549255528,6.639449853024509,8.100513063326858
37.00824373702421,44.67832888166562,7.1918284009523
3.419529737392512,22.679564622245486,6.040335866447558
37.601330659417336,22.679564622245486,8.507573969569389
37.601330659417336,9.681943582948602,9.051004147790318
9.350839817573398,22.679564622245486,0.1
36.66605909718578,22.679564622245486,8.5261459545134
37.00824373702421,22.679564622245486,8.521384101554755
36.66605909718578,6.639449853024509,9.111406845388338
37.601330659417336,22.679564622245486,10.838877546238612
37.00824373702421,22.679564622245486,8.521384101554755
5.428720406141316,22.679564622245486,7.459936163841029
37.00824373702421,22.679564622245486,10.123635392331535
37.00824373702421,22.679564622245486,10.764457866734968
37.601330659417336,22.679564622245486,8.507573969569389
37.601330659417336,6.639449853024509,9.092834860444327
51.306215083526496,22.679564622245486,0.1
36.66605909718578,22.679564622245486,8.5261459545134
43.11012260150608,6.639449853024509,8.648131103592288
9.219031798918754,22.679564622245486,2.246569908569424
36.66605909718578,22.679564622245486,8.5261459545134
37.601330659417336,6.639449853024509,9.092834860444327
37.601330659417336,22.679564622245486,10.838877546238612
23.93818908198655,22.679564622245486,7.459936163841029
3.419529737392512,22.679564622245486,6.040335866447558
37.00824373702421,22.679564622245486,8.521384101554755
40.77696203852261,19.462527257316715,6.107979607138042
36.66605909718578,22.679564622245486,8.5261459545134
32.720909039615435,22.679564622245486,10.0
37.00824373702421,22.679564622245486,8.521384101554755
26.406087870456894,45.11978817895954,8.412303399339997
52.51684017274064,22.679564622245486,9.326256951193407
19.72672446330878,13.14290278565347,6.752125338038246
37.601330659417336,22.679564622245486,8.507573969569389
67.96392814939556,22.679564622245486,0.1
37.00824373702421,22.679564622245486,8.521384101554755
37.601330659417336,22.679564622245486,8.507573969569389
50.95706730275536,22.679564622245486,6.742773687272157
25.672979916892302,5.451181900428198,10.0
36.66605909718578,22.679564622245486,8.5261459545134
73.98683263321013,22.679564622245486,10.0
37.601330659417336,41.5873221420045,5.15358203973601
3.1130596996461968,22.679564622245486,10.0
32.720909039615435,22.679564622245486,10.0
3.419529737392512,22.679564622245486,6.040335866447558
37.601330659417336,22.679564622245486,10.838877546238612
36.66605909718578,22.679564622245486,8.5261459545134
38.211143419165815,22.679564622245486,8.486088968392774
36.66605909718578,6.639449853024509,9.111406845388338
23.93818908198655,22.679564622245486,7.459936163841029
40.06338863994938,22.679564622245486,8.376680619894842
36.66605909718578,22.679564622245486,8.5261459545134
36.66605909718578,22.679564622245486,8.5261459545134
37.601330659417336,22.679564622245486,8.507573969569389
36.66605909718578,22.679564622245486,7.239831232744017
34.328680742949075,22.679564622245486,10.0
50.95706730275536,22.679564622245486,6.742773687272157
36.66605909718578,22.679564622245486,8.5261459545134
37.00824373702421,44.67832888166562,7.1918284009523
37.601330659417336,22.679564622245486,8.412303399339997
26.406087870456894,45.11978817895954,8.412303399339997
67.96392814939556,22.679564622245486,0.1
23.93818908198655,22.679564622245486,7.459936163841029
52.51684017274064,22.679564622245486,9.326256951193407
37.601330659417336,6.639449853024509,9.092834860444327
37.601330659417336,15.072937494503659,7.310284476264682
36.66605909718578,22.679564622245486,8.5261459545134
36.66605909718578,22.679564622245486,8.5261459545134
36.66605909718578,22.679564622245486,8.5261459545134
52.51684017274064,22.679564622245486,9.326256951193407
36.66605909718578,22.679564622245486,8.5261459545134
37.601330659417336,3.169366821019377,9.294374084371292
37.00824373702421,22.679564622245486,8.521384101554755
36.66605909718578,22.679564622245486,8.5261459545134
37.601330659417336,22.679564622245486,8.412303399339997
37.00824373702421,22.679564622245486,10.764457866734968
3.419529737392512,22.679564622245486,6.040335866447558
25.672979916892302,5.451181900428198,10.0
37.00824373702421,22.679564622245486,8.521384101554755
69.38832549255528,6.639449853024509,8.100513063326858
30.228866072806696,5.738059853161229,10.0
33.63427797488749,22.679564622245486,8.88411743039013
32.720909039615435,22.679564622245486,10.0
37.601330659417336,41.5873221420045,5.15358203973601
37.00824373702421,22.679564622245486,10.123635392331535
23.93818908198655,22.679564622245486,7.459936163841029
36.66605909718578,22.679564622245486,8.5261459545134
52.51684017274064,22.679564622245486,9.326256951193407
21.58326307691633,26.343114447964005,6.3130860578983325
32.720909039615435,22.679564622245486,10.0
36.66605909718578,22.679564622245486,7.239831232744017
43.11012260150608,6.639449853024509,8.648131103592288
37.00824373702421,44.67832888166562,7.1918284009523
40.06338863994938,22.679564622245486,8.376680619894842
3.1130596996461968,22.679564622245486,10.0
37.00824373702421,22.679564622245486,8.521384101554755
36.66605909718578,22.679564622245486,8.5261459545134
33.63427797488749,22.679564622245486,8.88411743039013
37.601330659417336,6.639449853024509,9.092834860444327
19.72672446330878,13.14290278565347,6.752125338038246
52.51684017274064,22.679564622245486,9.326256951193407
37.00824373702421,22.679564622245486,10.123635392331535
37.00824373702421,22.679564622245486,10.764457866734968
37.00824373702421,22.679564622245486,8.521384101554755
37.601330659417336,3.169366821019377,9.294374084371292
37.00824373702421,22.679564622245486,8.521384101554755
36.66605909718578,22.679564622245486,8.5261459545134
37.601330659417336,9.681943582948602,9.051004147790318
23.93818908198655,22.679564622245486,7.459936163841029
36.66605909718578,22.679564622245486,8.5261459545134
37.601330659417336,6.639449853024509,9.092834860444327
37.601330659417336,9.681943582948602,9.051004147790318
23.93818908198655,22.679564622245486,7.459936163841029
4.961899331332254,22.679564622245486,0.1
49.34856891172486,22.679564622245486,6.456634799823543
37.601330659417336,22.679564622245486,8.412303399339997
36.66605909718578,22.679564622245486,8.5261459545134
25.672979916892302,5.451181900428198,10.0
9.350839817573398,22.679564622245486,0.1
36.66605909718578,22.679564622245486,8.5261459545134
37.00824373702421,44.67832888166562,7.1918284009523
37.00824373702421,22.679564622245486,10.550957290889336
37.00824373702421,22.679564622245486,10.123635392331535
30.228866072806696,5.738059853161229,10.0
36.66605909718578,22.679564622245486,7.239831232744017
36.66605909718578,22.679564622245486,8.5261459545134
3.419529737392512,22.679564622245486,6.040335866447558
37.00824373702421,22.679564622245486,8.521384101554755
32.720909039615435,22.679564622245486,10.0
9.350839817573398,22.679564622245486,0.1
37.00824373702421,22.679564622245486,10.550957290889336
37.601330659417336,9.681943582948602,9.051004147790318
49.34856891172486,22.679564622245486,6.456634799823543
25.672979916892302,5.451181900428198,10.0
25.672979916892302,5.451181900428198,10.0
9.219031798918754,22.679564622245486,2.246569908569424
50.95706730275536,22.679564622245486,6.742773687272157
23.93818908198655,22.679564622245486,7.459936163841029
26.406087870456894,45.11978817895954,8.412303399339997
37.00824373702421,22.679564622245486,8.521384101554755
30.228866072806696,5.738059853161229,10.0
37.601330659417336,22.679564622245486,8.507573969569389
36.66605909718578,22.679564622245486,8.5261459545134
23.93818908198655,22.679564622245486,7.459936163841029
36.66605909718578,22.679564622245486,7.239831232744017
37.601330659417336,22.679564622245486,9.022537253209162
67.96392814939556,22.679564622245486,0.1
73.98683263321013,22.679564622245486,10.0
3.419529737392512,22.679564622245486,6.040335866447558
23.93818908198655,22.679564622245486,6.647870276951302
40.06338863994938,22.679564622245486,8.376680619894842
23.93818908198655,22.679564622245486,7.459936163841029
37.00824373702421,22.679564622245486,10.550957290889336
9.350839817573398,22.679564622245486,0.1
3.419529737392512,22.679564622245486,6.040335866447558
36.66605909718578,6.639449853024509,9.111406845388338
25.672979916892302,5.451181900428198,10.0
37.601330659417336,9.681943582948602,9.051004147790318
37.601330659417336,6.639449853024509,9.092834860444327
37.601330659417336,22.679564622245486,8.412303399339997
37.601330659417336,22.679564622245486,8.507573969569389
23.93818908198655,22.679564622245486,7.459936163841029
3.419529737392512,22.679564622245486,6.040335866447558
36.66605909718578,22.679564622245486,8.5261459545134
49.34856891172486,22.679564622245486,6.456634799823543
37.00824373702421,22.679564622245486,8.521384101554755
23.93818908198655,43.091330231247724,6.05998797730029
30.228866072806696,5.738059853161229,10.0
36.66605909718578,22.679564622245486,8.5261459545134
5.428720406141316,22.679564622245486,7.459936163841029
23.93818908198655,22.679564622245486,7.459936163841029
37.00824373702421,22.679564622245486,8.521384101554755
37.601330659417336,22.679564622245486,8.412303399339997
37.00824373702421,22.679564622245486,8.521384101554755
37.00824373702421,22.679564622245486,10.550957290889336
59.30172747328275,22.679564622245486,8.412303399339997
23.93818908198655,4.595432930378401,10.0
37.00824373702421,22.679564622245486,8.521384101554755
59.30172747328275,22.679564622245486,8.412303399339997
34.328680742949075,22.679564622245486,10.0
37.601330659417336,9.681943582948602,9.051004147790318
33.63427797488749,22.679564622245486,8.88411743039013
36.66605909718578,22.679564622245486,8.5261459545134
37.00824373702421,22.679564622245486,8.521384101554755
36.66605909718578,22.679564622245486,8.5261459545134
37.00824373702421,22.679564622245486,8.521384101554755
37.601330659417336,22.679564622245486,8.507573969569389
3.419529737392512,22.679564622245486,6.040335866447558
37.00824373702421,44.67832888166562,7.1918284009523
37.601330659417336,9.681943582948602,9.051004147790318
37.00824373702421,22.679564622245486,8.521384101554755
37.601330659417336,22.679564622245486,8.507573969569389
3.419529737392512,22.679564622245486,6.040335866447558
37.00824373702421,22.679564622245486,8.521384101554755
36.66605909718578,22.679564622245486,8.5261459545134
23.93818908198655,43.091330231247724,5.858348147588076
37.601330659417336,6.639449853024509,9.092834860444327
37.00824373702421,22.679564622245486,10.764457866734968
37.601330659417336,22.679564622245486,10.838877546238612
36.66605909718578,22.679564622245486,8.5261459545134
37.601330659417336,22.679564622245486,8.507573969569389
37.601330659417336,22.679564622245486,8.507573969569389
3.419529737392512,22.679564622245486,6.040335866447558
37.601330659417336,6.639449853024509,9.092834860444327
37.00824373702421,4.484278700918427,9.121426560130203
37.601330659417336,22.679564622245486,8.507573969569389
43.11012260150608,6.639449853024509,8.648131103592288
73.98683263321013,22.679564622245486,10.0
37.601330659417336,6.639449853024509,9.092834860444327
37.00824373702421,44.67832888166562,7.1918284009523
36.66605909718578,22.679564622245486,8.5261459545134
43.11012260150608,6.639449853024509,8.648131103592288
19.72672446330878,13.14290278565347,6.752125338038246
37.601330659417336,6.639449853024509,9.092834860444327
36.66605909718578,22.679564622245486,8.5261459545134
36.66605909718578,6.639449853024509,9.111406845388338
69.38832549255528,6.639449853024509,8.100513063326858
33.63427797488749,22.679564622245486,8.88411743039013
37.00824373702421,22.679564622245486,10.550957290889336
37.00824373702421,22.679564622245486,10.550957290889336
38.211143419165815,22.679564622245486,8.486088968392774
37.00824373702421,22.679564622245486,8.521384101554755
23.93818908198655,43.091330231247724,5.858348147588076
36.66605909718578,22.679564622245486,8.5261459545134
37.00824373702421,44.67832888166562,7.1918284009523
36.66605909718578,22.679564622245486,8.5261459545134
36.66605909718578,22.679564622245486,8.5261459545134
37.00824373702421,22.679564622245486,8.521384101554755
37.00824373702421,22.679564622245486,10.764457866734968
36.66605909718578,22.679564622245486,8.5261459545134
40.06338863994938,22.679564622245486,8.376680619894842
36.66605909718578,22.679564622245486,8.5261459545134
36.66605909718578,22.679564622245486,8.5261459545134
37.00824373702421,4.484278700918427,9.121426560130203
37.00824373702421,22.679564622245486,8.521384101554755
36.66605909718578,22.679564622245486,8.5261459545134
37.00824373702421,22.679564622245486,8.521384101554755
36.66605909718578,22.679564622245486,8.5261459545134
36.66605909718578,22.679564622245486,8.5261459545134
37.00824373702421,22.679564622245486,8.521384101554755
37.00824373702421,22.679564622245486,8.521384101554755
36.66605909718578,22.679564622245486,8.5261459545134
36.66605909718578,22.679564622245486,8.5261459545134
37.00824373702421,22.679564622245486,8.521384101554755
37.00824373702421,22.679564622245486,8.521384101554755
36.66605909718578,22.679564622245486,8.5261459545134
37.00824373702421,22.679564622245486,8.521384101554755
36.66605909718578,22.679564622245486,8.5261459545134
36.66605909718578,22.679564622245486,8.5261459545134
36.66605909718578,22.679564622245486,8.5261459545134
50.95706730275536,22.679564622245486,6.742773687272157
38.211143419165815,22.679564622245486,8.486088968392774
36.66605909718578,22.679564622245486,8.5261459545134
37.00824373702421,22.679564622245486,8.521384101554755
36.66605909718578,22.679564622245486,8.5261459545134
