23.363697812888546,6.652894266980313,0.10548016748751339
23.363697812888546,6.652894266980313,0.10548016748751339
23.363697812888546,6.652894266980313,0.09276893478028216
45.84131748536357,6.652894266980313,0.1021068619093853
45.84131748536357,6.652894266980313,0.10104051616367045
23.363697812888546,6.652894266980313,0.10548016748751339
14.231733237386878,6.652894266980313,6.472256063707834
23.363697812888546,6.652894266980313,0.10489605450460403
14.231733237386878,13.469145386172588,5.715070077503288
22.801170231297018,14.119562390489774,8.74857192304539
22.801170231297018,26.61496381261964,5.359317908904622
23.942890053728863,14.119562390489774,9.64448608282652
14.231733237386878,6.652894266980313,7.7292702382312
23.363697812888546,6.652894266980313,0.10548016748751339
