37.00824373702421,22.679564622245486,10.134073781732015
37.00824373702421,22.679564622245486,10.134073781732015
2.230392082220021,29.77245429496449,0.4133598856526096
2.230392082220021,29.77245429496449,0.46457021491037004
1.9859327493106924,21.592656706810335,0.576672675527057
0.15190080435184505,22.679564622245486,0.6438165121947402
2.230392082220021,29.77245429496449,0.4133598856526096
58.423630379462175,29.77245429496449,7.717681540499806
41.97630898023807,22.679564622245486,9.115811051320456
58.423630379462175,25.938115254193868,6.149629988542555
41.97630898023807,31.985610276498306,7.443698985495632
37.00824373702421,22.679564622245486,10.134073781732015
37.00824373702421,22.679564622245486,10.727162326909214
37.00824373702421,22.679564622245486,10.657862994105178
37.00824373702421,22.679564622245486,10.254564210183409
