31.693331176956633,16.54152854742358,7.1561752184266165
23.942890053728863,6.652894266980313,0.1
26.286364228995286,11.815636676902827,6.537731945674162
40.07404067472095,10.360747759313469,2.7809461810888543
34.25309257090476,14.119562390489774,7.690469332421891
28.38553886233131,23.25990969473402,7.826194176112492
23.363697812888546,6.652894266980313,0.1
15.023340035059164,11.815636676902827,4.784055579341166
25.017909428778246,11.815636676902827,5.345382017144832
31.693331176956633,16.03888262359303,6.8663740494286944
15.023340035059164,16.54152854742358,6.813002309514511
15.023340035059164,11.815636676902827,1.1718033041029208
26.073959722834232,16.54152854742358,7.3103512628496805
31.693331176956633,16.54152854742358,9.047326760566355
43.221033219677395,20.62412470153646,2.9807613383919582
23.942890053728863,16.54152854742358,7.42531756578337
1.3763032127962767,6.652894266980313,0.1
27.471209724558864,6.007273553756415,4.791858277919002
20.83190270492918,11.538809406646811,6.514373070591198
23.363697812888546,6.652894266980313,0.1
31.693331176956633,16.54152854742358,7.1561752184266165
26.286364228995286,17.322338596124585,6.710164403247715
23.363697812888546,6.652894266980313,0.1
1.5203173195285284,11.815636676902827,0.1
15.023340035059164,14.820760274752766,1.1718033041029208
18.22275381123522,16.54152854742358,7.324751601968792
23.363697812888546,6.652894266980313,0.1
15.023340035059164,11.815636676902827,4.784055579341166
31.693331176956633,11.815636676902827,4.402229127121943
15.023340035059164,11.815636676902827,4.784055579341166
26.286364228995286,26.244982938805617,6.143088744066354
23.942890053728863,14.119562390489774,8.66429629053108
31.693331176956633,11.815636676902827,3.8737993185236537
23.942890053728863,6.652894266980313,0.1
15.023340035059164,11.815636676902827,1.1718033041029208
23.942890053728863,14.119562390489774,9.436735503257925
31.693331176956633,11.815636676902827,4.402229127121943
36.20697383209871,15.826612017305857,7.697048511274598
10.15083171153083,16.54152854742358,3.605454848711198
23.942890053728863,14.119562390489774,8.66429629053108
31.693331176956633,16.54152854742358,7.1561752184266165
26.286364228995286,17.322338596124585,9.705418319694234
15.023340035059164,14.119562390489774,8.051981034262221
15.023340035059164,14.119562390489774,8.051981034262221
31.693331176956633,11.815636676902827,4.402229127121943
23.942890053728863,14.119562390489774,8.66429629053108
11.264443048528886,12.716836325449,5.628922309284354
31.693331176956633,11.815636676902827,4.761808571342055
23.363697812888546,14.119562390489774,8.68498212477628
9.189082890410056,17.322338596124585,9.705418319694234
31.693331176956633,16.54152854742358,6.7907553015154
27.471209724558864,14.119562390489774,8.4466622700525
4.6713001358242,12.716836325449,8.286868877401261
31.693331176956633,30.696005317062514,7.1561752184266165
15.023340035059164,19.516690829202723,5.333219726864295
23.942890053728863,14.119562390489774,8.66429629053108
58.180615261861305,11.224886985908025,4.73536225358534
15.686943047516525,15.728867613410895,4.771257041711358
45.65280207527809,14.119562390489774,4.152898609237749
15.023340035059164,11.815636676902827,4.784055579341166
15.023340035059164,16.03888262359303,3.6359482264096723
43.028327200890644,11.815636676902827,0.10491029791795747
23.942890053728863,14.119562390489774,8.66429629053108
23.942890053728863,14.119562390489774,10.377490001292625
23.363697812888546,14.119562390489774,8.68498212477628
23.942890053728863,6.652894266980313,0.1
15.023340035059164,11.815636676902827,4.784055579341166
15.023340035059164,16.54152854742358,6.813002309514511
14.754234072732789,2.373299549772778,1.1718033041029208
15.023340035059164,16.54152854742358,5.848384830896601
31.693331176956633,16.54152854742358,6.7907553015154
15.023340035059164,11.815636676902827,4.784055579341166
31.693331176956633,0.9972881160256755,0.1
43.11603344617661,11.815636676902827,2.224474471304107
31.693331176956633,18.26481819809168,5.641345250985363
31.693331176956633,14.119562390489774,6.551253519393344
15.023340035059164,16.54152854742358,6.813002309514511
15.023340035059164,16.54152854742358,6.813002309514511
23.363697812888546,6.652894266980313,4.109689236949141
15.023340035059164,14.119562390489774,8.051981034262221
