23.363697812888546,6.652894266980313,0.09542654916693764
23.942890053728863,21.182550237636022,9.551038696661893
23.942890053728863,21.182550237636022,9.551038696661893
44.88244853989256,14.119562390489774,0.8903978897887587
23.363697812888546,6.652894266980313,0.09542654916693764
44.88244853989256,14.119562390489774,0.8903978897887587
33.346831277635545,11.643729466445262,2.929145408358595
45.84131748536357,6.652894266980313,0.09349123895499462
45.69014207742582,6.652894266980313,0.10015172571580784
23.363697812888546,6.652894266980313,0.09276893478028216
45.84131748536357,6.652894266980313,0.1021068619093853
45.84131748536357,6.652894266980313,0.10104051616367045
45.84131748536357,6.652894266980313,0.10941749242070294
23.363697812888546,6.652894266980313,0.10928984456218063
45.84131748536357,6.652894266980313,0.09253582649190054
23.363697812888546,6.652894266980313,0.09542654916693764
