45.84131748536357,6.652894266980313,0.09309799663845252
22.801170231297018,26.61496381261964,5.102979591307135
14.231733237386878,14.119562390489774,5.837291962670462
10.656692594313359,21.182550237636022,3.1825331386774405
45.84131748536357,6.652894266980313,0.09309799663845252
14.231733237386878,5.451181900428198,4.265533364711068
14.231733237386878,6.652894266980313,6.963397509331079
23.942890053728863,5.451181900428198,0.09257080433142714
26.308695029093755,14.119562390489774,9.159971029868126
36.11985905630256,5.451181900428198,0.10725253171791582
14.231733237386878,5.451181900428198,4.179878100023458
22.801170231297018,26.61496381261964,5.102979591307135
36.11985905630256,5.451181900428198,0.10250614541687407
14.231733237386878,5.451181900428198,4.703884856283814
14.231733237386878,5.451181900428198,4.684780324023356
23.942890053728863,5.451181900428198,0.09257080433142714
