65.40663209913978,22.679564622245486,9.671217504348615
37.00824373702421,22.679564622245486,10.74035321048028
55.19060028956437,22.426497147989945,10.772692713424757
37.00824373702421,22.679564622245486,9.713768891545326
59.70940709751987,22.679564622245486,4.047456636259556
59.70940709751987,1.9538911407685404,3.8914214102383364
59.70940709751987,22.679564622245486,4.264097703433548
37.00824373702421,22.679564622245486,10.519257654277423
37.00824373702421,22.679564622245486,9.282964154492326
37.00824373702421,22.679564622245486,9.79763006339659
37.00824373702421,22.679564622245486,10.401798372444528
37.00824373702421,22.679564622245486,9.671540482516988
59.70940709751987,22.679564622245486,4.047456636259556
32.740624628245925,22.679564622245486,9.319225424335462
