36.66605909718578,22.679564622245486,8.470938408377101
36.66605909718578,22.679564622245486,10.125453786742789
14.231733237386878,15.748116469531174,5.2322385449311835
14.231733237386878,9.78666788902892,8.404900477849376
36.66605909718578,15.748116469531174,6.423006440789548
36.66605909718578,15.748116469531174,7.09341676561224
36.66605909718578,2.161379654628666,0.1
25.672979916892302,5.451181900428198,4.697136493889545
14.231733237386878,14.119562390489774,6.384905946929953
36.66605909718578,0.22894161542430602,4.788925810675199
19.979521271818523,14.119562390489774,3.66439522348686
33.23312215177643,9.78666788902892,3.6020874014503974
33.23312215177643,9.78666788902892,3.6020874014503974
19.979521271818523,5.073921238002034,2.513620305792319
19.979521271818523,5.248875274396167,0.10064364352421917
19.979521271818523,32.462929024807096,5.922501937919289
33.23312215177643,22.679564622245486,5.18163952385823
25.672979916892302,0.5666287645221093,0.1
36.66605909718578,9.78666788902892,6.8913862859692685
21.58326307691633,9.78666788902892,5.901238840934575
19.979521271818523,14.119562390489774,3.66439522348686
25.672979916892302,15.748116469531174,6.775836510402378
33.23312215177643,9.78666788902892,0.09064074096716547
21.58326307691633,9.78666788902892,5.901238840934575
19.374397758415853,7.011217081793904,6.122307290057966
33.23312215177643,9.78666788902892,3.6020874014503974
21.58326307691633,9.78666788902892,5.901238840934575
14.231733237386878,14.119562390489774,6.384905946929953
36.66605909718578,22.679564622245486,8.470938408377101
47.82045345922637,15.748116469531174,5.4215166869701354
21.58326307691633,9.78666788902892,5.901238840934575
19.979521271818523,15.616979372990437,7.0345257260392655
21.58326307691633,9.78666788902892,5.901238840934575
36.66605909718578,22.679564622245486,8.470938408377101
19.979521271818523,5.073921238002034,2.513620305792319
36.66605909718578,22.679564622245486,9.958160762350571
14.231733237386878,14.119562390489774,6.384905946929953
21.58326307691633,8.563736647376457,6.580428311280762
54.571787415306346,23.09119215166804,5.604336419604925
21.58326307691633,9.78666788902892,5.901238840934575
36.66605909718578,5.451181900428198,5.0147167490994065
21.58326307691633,9.78666788902892,5.901238840934575
36.66605909718578,15.748116469531174,7.09341676561224
19.979521271818523,14.119562390489774,3.66439522348686
14.231733237386878,9.78666788902892,8.404900477849376
33.23312215177643,22.679564622245486,5.18163952385823
36.66605909718578,15.748116469531174,7.09341676561224
54.571787415306346,23.09119215166804,5.604336419604925
14.231733237386878,15.748116469531174,4.998640028907692
36.66605909718578,15.748116469531174,7.09341676561224
19.979521271818523,15.748116469531174,5.492790032272577
25.672979916892302,6.701622566058832,6.906790487112481
36.66605909718578,15.748116469531174,7.09341676561224
36.66605909718578,22.679564622245486,10.125453786742789
21.58326307691633,9.78666788902892,5.901238840934575
21.58326307691633,9.78666788902892,5.901238840934575
14.231733237386878,15.748116469531174,4.998640028907692
21.58326307691633,9.78666788902892,5.901238840934575
14.231733237386878,15.748116469531174,5.2322385449311835
30.60019132301813,5.451181900428198,4.300999515924921
21.58326307691633,9.78666788902892,5.901238840934575
25.672979916892302,15.748116469531174,6.775836510402378
19.979521271818523,15.748116469531174,5.492790032272577
36.66605909718578,22.679564622245486,8.470938408377101
36.66605909718578,15.748116469531174,6.423006440789548
14.231733237386878,14.119562390489774,6.384905946929953
19.979521271818523,9.78666788902892,4.207584679905285
14.231733237386878,14.119562390489774,3.8353116886672645
19.374397758415853,7.011217081793904,6.122307290057966
19.979521271818523,15.616979372990437,7.0345257260392655
21.58326307691633,9.78666788902892,5.901238840934575
33.23312215177643,9.78666788902892,0.09064074096716547
19.979521271818523,9.78666788902892,4.207584679905285
47.82045345922637,15.748116469531174,5.4215166869701354
21.58326307691633,9.78666788902892,5.901238840934575
36.66605909718578,9.78666788902892,5.332115267093624
37.601330659417336,22.679564622245486,10.0
33.23312215177643,9.78666788902892,3.6020874014503974
36.66605909718578,14.119562390489774,4.286711264454078
36.66605909718578,0.22894161542430602,4.788925810675199
25.672979916892302,5.451181900428198,4.697136493889545
14.231733237386878,9.78666788902892,4.378501145085689
33.23312215177643,22.679564622245486,5.18163952385823
36.66605909718578,22.679564622245486,8.470938408377101
19.979521271818523,22.679564622245486,5.922501937919289
21.58326307691633,9.78666788902892,5.901238840934575
33.23312215177643,9.78666788902892,0.09064074096716547
21.58326307691633,9.78666788902892,5.901238840934575
19.979521271818523,5.073921238002034,2.513620305792319
36.66605909718578,22.679564622245486,8.470938408377101
19.979521271818523,22.679564622245486,5.922501937919289
33.23312215177643,13.13482649074909,2.2256494417341557
21.58326307691633,22.679564622245486,7.4807909633424075
21.58326307691633,9.78666788902892,5.901238840934575
36.66605909718578,9.78666788902892,6.8913862859692685
21.58326307691633,19.15474382829155,10.0
25.672979916892302,22.679564622245486,6.443776043920798
21.58326307691633,9.78666788902892,5.901238840934575
19.979521271818523,9.78666788902892,4.207584679905285
21.58326307691633,22.679564622245486,7.4807909633424075
33.23312215177643,13.13482649074909,2.2256494417341557
26.308695029093755,11.771688103177926,5.376533900426846
14.231733237386878,14.119562390489774,6.384905946929953
21.58326307691633,9.78666788902892,5.901238840934575
25.672979916892302,15.748116469531174,6.775836510402378
25.672979916892302,6.701622566058832,6.906790487112481
33.23312215177643,9.78666788902892,3.6020874014503974
33.23312215177643,9.78666788902892,3.6020874014503974
14.231733237386878,14.119562390489774,3.8353116886672645
33.23312215177643,9.78666788902892,3.6020874014503974
33.23312215177643,9.78666788902892,3.6020874014503974
33.23312215177643,9.78666788902892,3.6020874014503974
25.672979916892302,6.701622566058832,6.906790487112481
21.58326307691633,9.78666788902892,5.901238840934575
22.92511725647903,9.78666788902892,4.730205611094082
33.23312215177643,9.78666788902892,0.09064074096716547
25.672979916892302,5.451181900428198,4.697136493889545
21.58326307691633,9.78666788902892,5.901238840934575
25.672979916892302,5.451181900428198,4.697136493889545
36.66605909718578,22.679564622245486,10.125453786742789
36.66605909718578,22.679564622245486,8.470938408377101
33.23312215177643,9.78666788902892,3.6020874014503974
19.979521271818523,22.679564622245486,5.922501937919289
14.231733237386878,14.119562390489774,6.384905946929953
21.58326307691633,9.78666788902892,5.901238840934575
19.979521271818523,9.78666788902892,7.111525607667415
21.58326307691633,9.78666788902892,5.901238840934575
14.231733237386878,14.119562390489774,6.384905946929953
19.979521271818523,14.119562390489774,3.66439522348686
19.979521271818523,14.119562390489774,3.66439522348686
33.23312215177643,9.78666788902892,3.6020874014503974
36.66605909718578,5.451181900428198,5.0147167490994065
21.58326307691633,9.78666788902892,5.901238840934575
19.979521271818523,9.78666788902892,7.806574821356954
21.58326307691633,9.78666788902892,5.901238840934575
26.308695029093755,11.771688103177926,5.376533900426846
25.672979916892302,15.748116469531174,6.775836510402378
36.66605909718578,9.78666788902892,5.332115267093624
25.672979916892302,0.5666287645221093,0.1
33.23312215177643,13.13482649074909,2.2256494417341557
36.66605909718578,22.679564622245486,10.125453786742789
21.58326307691633,9.78666788902892,5.901238840934575
36.66605909718578,15.748116469531174,7.09341676561224
36.66605909718578,5.451181900428198,5.0147167490994065
21.58326307691633,9.78666788902892,5.901238840934575
19.979521271818523,5.073921238002034,2.513620305792319
21.58326307691633,9.78666788902892,5.901238840934575
33.23312215177643,9.78666788902892,3.6020874014503974
33.23312215177643,9.78666788902892,3.6020874014503974
19.979521271818523,9.78666788902892,4.207584679905285
25.672979916892302,6.701622566058832,6.906790487112481
21.58326307691633,9.78666788902892,5.901238840934575
36.66605909718578,22.679564622245486,8.470938408377101
25.672979916892302,15.748116469531174,6.775836510402378
36.66605909718578,5.451181900428198,5.0147167490994065
36.66605909718578,22.679564622245486,8.470938408377101
36.66605909718578,22.679564622245486,10.125453786742789
33.23312215177643,22.679564622245486,5.18163952385823
19.979521271818523,14.119562390489774,3.66439522348686
19.979521271818523,14.119562390489774,3.66439522348686
14.231733237386878,9.78666788902892,4.378501145085689
36.66605909718578,5.451181900428198,5.0147167490994065
36.66605909718578,22.679564622245486,8.470938408377101
21.58326307691633,9.78666788902892,5.901238840934575
36.66605909718578,9.78666788902892,6.8913862859692685
19.979521271818523,15.616979372990437,7.0345257260392655
36.66605909718578,22.679564622245486,8.470938408377101
30.60019132301813,5.451181900428198,4.300999515924921
36.66605909718578,5.451181900428198,5.0147167490994065
36.66605909718578,22.679564622245486,8.470938408377101
36.66605909718578,15.748116469531174,6.423006440789548
19.979521271818523,32.462929024807096,5.922501937919289
25.672979916892302,5.451181900428198,4.697136493889545
21.58326307691633,9.78666788902892,5.901238840934575
19.374397758415853,7.011217081793904,6.122307290057966
21.58326307691633,9.78666788902892,5.901238840934575
33.23312215177643,13.13482649074909,2.2256494417341557
21.58326307691633,9.78666788902892,5.901238840934575
19.979521271818523,14.119562390489774,3.66439522348686
21.58326307691633,9.78666788902892,5.901238840934575
21.58326307691633,9.78666788902892,5.901238840934575
36.66605909718578,22.679564622245486,8.470938408377101
36.66605909718578,15.748116469531174,7.09341676561224
19.374397758415853,7.011217081793904,6.122307290057966
14.231733237386878,15.748116469531174,4.998640028907692
25.672979916892302,6.701622566058832,6.906790487112481
54.571787415306346,23.09119215166804,5.604336419604925
33.23312215177643,9.78666788902892,3.6020874014503974
36.66605909718578,2.161379654628666,0.1
21.58326307691633,19.15474382829155,10.0
19.979521271818523,32.462929024807096,5.922501937919289
14.231733237386878,9.78666788902892,8.404900477849376
14.231733237386878,14.119562390489774,3.8353116886672645
19.979521271818523,15.748116469531174,5.492790032272577
25.672979916892302,0.5666287645221093,0.1
25.672979916892302,15.748116469531174,6.775836510402378
25.672979916892302,22.679564622245486,6.443776043920798
22.92511725647903,9.78666788902892,4.730205611094082
21.58326307691633,9.78666788902892,5.901238840934575
33.23312215177643,9.78666788902892,3.6020874014503974
26.308695029093755,11.771688103177926,5.376533900426846
21.58326307691633,9.78666788902892,5.901238840934575
14.231733237386878,14.119562390489774,6.384905946929953
36.66605909718578,9.78666788902892,6.8913862859692685
36.66605909718578,2.161379654628666,0.1
14.231733237386878,9.78666788902892,8.404900477849376
36.66605909718578,22.679564622245486,8.470938408377101
36.66605909718578,15.748116469531174,6.423006440789548
36.66605909718578,22.679564622245486,8.470938408377101
14.231733237386878,14.119562390489774,6.384905946929953
19.979521271818523,9.78666788902892,4.207584679905285
21.58326307691633,9.78666788902892,5.901238840934575
36.66605909718578,22.679564622245486,10.125453786742789
33.23312215177643,9.78666788902892,3.6020874014503974
25.672979916892302,0.5666287645221093,0.1
14.231733237386878,14.119562390489774,6.384905946929953
19.979521271818523,14.119562390489774,3.66439522348686
36.66605909718578,9.78666788902892,5.332115267093624
19.979521271818523,5.073921238002034,2.513620305792319
21.58326307691633,22.679564622245486,7.4807909633424075
33.23312215177643,9.78666788902892,0.09064074096716547
25.672979916892302,5.451181900428198,4.697136493889545
36.66605909718578,22.679564622245486,8.470938408377101
37.601330659417336,22.679564622245486,10.0
25.672979916892302,15.748116469531174,6.775836510402378
33.23312215177643,9.78666788902892,0.09064074096716547
33.23312215177643,9.78666788902892,3.6020874014503974
25.672979916892302,22.679564622245486,6.443776043920798
13.974198036582298,15.748116469531174,6.971159678215237
21.58326307691633,9.78666788902892,5.901238840934575
19.979521271818523,9.78666788902892,4.207584679905285
19.979521271818523,15.748116469531174,5.492790032272577
47.82045345922637,15.748116469531174,5.4215166869701354
33.23312215177643,9.78666788902892,3.6020874014503974
33.23312215177643,9.78666788902892,3.6020874014503974
54.571787415306346,23.09119215166804,5.604336419604925
21.58326307691633,9.78666788902892,5.901238840934575
36.66605909718578,22.679564622245486,8.470938408377101
37.601330659417336,22.679564622245486,10.0
33.23312215177643,9.78666788902892,3.6020874014503974
36.66605909718578,22.679564622245486,8.470938408377101
36.66605909718578,22.679564622245486,8.470938408377101
21.58326307691633,9.78666788902892,5.901238840934575
33.23312215177643,13.13482649074909,2.2256494417341557
19.979521271818523,9.78666788902892,7.111525607667415
19.979521271818523,5.073921238002034,2.513620305792319
19.979521271818523,5.248875274396167,0.10064364352421917
19.374397758415853,7.011217081793904,6.122307290057966
14.231733237386878,14.119562390489774,6.384905946929953
21.58326307691633,19.15474382829155,10.0
33.23312215177643,9.78666788902892,3.6020874014503974
21.58326307691633,8.563736647376457,6.580428311280762
14.231733237386878,14.119562390489774,3.8353116886672645
36.66605909718578,22.679564622245486,10.125453786742789
33.23312215177643,9.78666788902892,3.6020874014503974
36.66605909718578,22.679564622245486,9.958160762350571
36.66605909718578,22.679564622245486,8.470938408377101
21.58326307691633,9.78666788902892,5.901238840934575
21.58326307691633,9.78666788902892,5.901238840934575
19.979521271818523,22.679564622245486,5.922501937919289
21.58326307691633,9.78666788902892,5.901238840934575
21.58326307691633,9.78666788902892,5.901238840934575
36.66605909718578,22.679564622245486,10.125453786742789
21.58326307691633,8.563736647376457,6.580428311280762
21.58326307691633,9.78666788902892,5.901238840934575
33.23312215177643,9.78666788902892,3.6020874014503974
14.231733237386878,14.119562390489774,3.8353116886672645
36.66605909718578,22.679564622245486,8.470938408377101
14.231733237386878,15.748116469531174,5.2322385449311835
36.66605909718578,15.748116469531174,6.423006440789548
36.66605909718578,0.22894161542430602,4.788925810675199
14.231733237386878,14.119562390489774,3.8353116886672645
14.231733237386878,14.119562390489774,3.8353116886672645
19.979521271818523,9.78666788902892,7.111525607667415
25.672979916892302,0.5666287645221093,0.1
36.66605909718578,15.748116469531174,7.09341676561224
19.979521271818523,9.78666788902892,7.806574821356954
14.231733237386878,14.119562390489774,6.384905946929953
19.979521271818523,14.119562390489774,3.66439522348686
33.23312215177643,9.78666788902892,3.6020874014503974
36.66605909718578,22.679564622245486,8.470938408377101
19.979521271818523,9.78666788902892,4.207584679905285
36.66605909718578,9.78666788902892,5.332115267093624
14.231733237386878,14.119562390489774,3.8353116886672645
47.82045345922637,15.748116469531174,5.4215166869701354
19.979521271818523,15.748116469531174,5.492790032272577
36.66605909718578,14.119562390489774,4.286711264454078
33.23312215177643,9.78666788902892,3.6020874014503974
47.82045345922637,15.748116469531174,5.4215166869701354
14.231733237386878,14.119562390489774,6.384905946929953
36.66605909718578,0.22894161542430602,4.788925810675199
25.672979916892302,5.451181900428198,4.697136493889545
19.979521271818523,9.78666788902892,4.207584679905285
21.58326307691633,9.78666788902892,5.901238840934575
19.979521271818523,9.78666788902892,4.207584679905285
36.66605909718578,9.78666788902892,6.8913862859692685
33.23312215177643,9.78666788902892,3.6020874014503974
21.58326307691633,9.78666788902892,5.901238840934575
14.231733237386878,9.78666788902892,4.378501145085689
13.974198036582298,15.748116469531174,6.971159678215237
26.308695029093755,11.771688103177926,5.376533900426846
36.66605909718578,15.748116469531174,7.09341676561224
21.58326307691633,9.78666788902892,5.901238840934575
54.571787415306346,23.09119215166804,5.604336419604925
25.672979916892302,5.451181900428198,4.697136493889545
47.82045345922637,15.748116469531174,5.4215166869701354
25.672979916892302,0.5666287645221093,0.1
33.23312215177643,9.78666788902892,3.6020874014503974
25.672979916892302,15.748116469531174,6.775836510402378
21.58326307691633,9.78666788902892,5.901238840934575
25.672979916892302,15.748116469531174,6.775836510402378
21.58326307691633,9.78666788902892,5.901238840934575
21.58326307691633,9.78666788902892,5.901238840934575
21.58326307691633,9.78666788902892,5.901238840934575
25.672979916892302,15.748116469531174,6.775836510402378
19.979521271818523,9.78666788902892,4.207584679905285
36.66605909718578,22.679564622245486,8.470938408377101
37.601330659417336,22.679564622245486,10.0
14.231733237386878,15.748116469531174,5.2322385449311835
21.58326307691633,9.78666788902892,5.901238840934575
21.58326307691633,9.78666788902892,5.901238840934575
14.231733237386878,14.119562390489774,3.8353116886672645
14.231733237386878,14.119562390489774,6.384905946929953
36.66605909718578,15.748116469531174,6.423006440789548
36.66605909718578,15.748116469531174,7.09341676561224
19.979521271818523,14.119562390489774,3.66439522348686
25.672979916892302,5.451181900428198,4.697136493889545
19.979521271818523,15.748116469531174,5.492790032272577
21.58326307691633,9.78666788902892,5.901238840934575
14.231733237386878,14.119562390489774,6.384905946929953
19.374397758415853,7.011217081793904,6.122307290057966
14.231733237386878,14.119562390489774,6.384905946929953
22.92511725647903,9.78666788902892,4.730205611094082
33.23312215177643,9.78666788902892,3.6020874014503974
36.66605909718578,22.679564622245486,8.470938408377101
19.979521271818523,5.248875274396167,0.10064364352421917
21.58326307691633,8.563736647376457,6.580428311280762
36.66605909718578,2.161379654628666,0.1
36.66605909718578,5.451181900428198,5.0147167490994065
25.672979916892302,5.451181900428198,4.697136493889545
33.23312215177643,9.78666788902892,3.6020874014503974
14.231733237386878,15.748116469531174,5.2322385449311835
36.66605909718578,5.451181900428198,5.0147167490994065
19.979521271818523,9.78666788902892,4.207584679905285
36.66605909718578,22.679564622245486,8.470938408377101
21.58326307691633,9.78666788902892,5.901238840934575
36.66605909718578,22.679564622245486,9.958160762350571
25.672979916892302,5.451181900428198,4.697136493889545
14.231733237386878,14.119562390489774,6.384905946929953
36.66605909718578,22.679564622245486,8.470938408377101
14.231733237386878,15.748116469531174,4.998640028907692
19.979521271818523,5.248875274396167,0.10064364352421917
13.974198036582298,15.748116469531174,6.971159678215237
36.66605909718578,5.451181900428198,5.0147167490994065
21.58326307691633,9.78666788902892,5.901238840934575
25.672979916892302,5.451181900428198,4.697136493889545
19.979521271818523,5.073921238002034,2.513620305792319
54.571787415306346,23.09119215166804,5.604336419604925
21.58326307691633,19.15474382829155,10.0
21.58326307691633,8.563736647376457,6.580428311280762
33.23312215177643,9.78666788902892,3.6020874014503974
30.60019132301813,5.451181900428198,4.300999515924921
19.979521271818523,32.462929024807096,5.922501937919289
14.231733237386878,14.119562390489774,6.384905946929953
33.23312215177643,9.78666788902892,3.6020874014503974
54.571787415306346,23.09119215166804,5.604336419604925
33.23312215177643,22.679564622245486,5.18163952385823
25.672979916892302,6.701622566058832,6.906790487112481
13.974198036582298,15.748116469531174,6.971159678215237
22.92511725647903,9.78666788902892,4.730205611094082
14.231733237386878,15.748116469531174,4.998640028907692
30.60019132301813,5.451181900428198,4.300999515924921
30.60019132301813,5.451181900428198,4.300999515924921
19.979521271818523,15.748116469531174,5.492790032272577
21.58326307691633,9.78666788902892,5.901238840934575
19.979521271818523,15.616979372990437,7.0345257260392655
33.23312215177643,9.78666788902892,3.6020874014503974
33.23312215177643,9.78666788902892,3.6020874014503974
36.66605909718578,22.679564622245486,8.470938408377101
36.66605909718578,15.748116469531174,7.09341676561224
19.979521271818523,9.78666788902892,4.207584679905285
33.23312215177643,9.78666788902892,3.6020874014503974
19.979521271818523,5.073921238002034,2.513620305792319
21.58326307691633,22.679564622245486,7.4807909633424075
36.66605909718578,0.22894161542430602,4.788925810675199
21.58326307691633,8.563736647376457,6.580428311280762
14.231733237386878,15.748116469531174,4.998640028907692
36.66605909718578,5.451181900428198,5.0147167490994065
25.672979916892302,0.5666287645221093,0.1
19.979521271818523,15.616979372990437,7.0345257260392655
36.66605909718578,22.679564622245486,8.470938408377101
36.66605909718578,22.679564622245486,8.470938408377101
30.60019132301813,5.451181900428198,4.300999515924921
27.363948656556282,14.119562390489774,6.384905946929953
25.672979916892302,22.679564622245486,6.443776043920798
14.231733237386878,14.119562390489774,3.8353116886672645
19.979521271818523,5.248875274396167,0.10064364352421917
25.672979916892302,5.451181900428198,4.697136493889545
36.66605909718578,22.679564622245486,8.470938408377101
14.231733237386878,14.119562390489774,6.384905946929953
36.66605909718578,15.748116469531174,7.09341676561224
26.308695029093755,11.771688103177926,5.376533900426846
19.979521271818523,9.78666788902892,4.207584679905285
25.672979916892302,5.451181900428198,4.697136493889545
25.672979916892302,22.679564622245486,6.443776043920798
21.58326307691633,19.15474382829155,10.0
30.60019132301813,5.451181900428198,4.300999515924921
19.979521271818523,5.073921238002034,2.513620305792319
14.231733237386878,14.119562390489774,3.8353116886672645
19.979521271818523,15.748116469531174,5.492790032272577
13.974198036582298,15.748116469531174,6.971159678215237
36.66605909718578,5.451181900428198,5.0147167490994065
19.979521271818523,9.78666788902892,4.207584679905285
36.66605909718578,22.679564622245486,8.470938408377101
14.231733237386878,15.748116469531174,4.998640028907692
14.231733237386878,9.78666788902892,8.404900477849376
14.231733237386878,15.748116469531174,4.998640028907692
21.58326307691633,9.78666788902892,5.901238840934575
13.974198036582298,15.748116469531174,6.971159678215237
36.66605909718578,2.161379654628666,0.1
36.66605909718578,15.748116469531174,6.423006440789548
14.231733237386878,15.748116469531174,5.2322385449311835
36.66605909718578,22.679564622245486,8.470938408377101
19.374397758415853,7.011217081793904,6.122307290057966
36.66605909718578,5.451181900428198,5.0147167490994065
36.66605909718578,22.679564622245486,8.470938408377101
19.979521271818523,15.748116469531174,5.492790032272577
36.66605909718578,0.22894161542430602,4.788925810675199
21.58326307691633,9.78666788902892,5.901238840934575
19.979521271818523,32.462929024807096,5.922501937919289
19.979521271818523,9.78666788902892,7.111525607667415
19.979521271818523,9.78666788902892,7.111525607667415
21.58326307691633,22.679564622245486,7.4807909633424075
19.979521271818523,9.78666788902892,4.207584679905285
36.66605909718578,14.119562390489774,4.286711264454078
14.231733237386878,14.119562390489774,3.8353116886672645
36.66605909718578,22.679564622245486,8.470938408377101
19.979521271818523,9.78666788902892,4.207584679905285
19.979521271818523,5.073921238002034,2.513620305792319
36.66605909718578,22.679564622245486,8.470938408377101
25.672979916892302,5.451181900428198,4.697136493889545
36.66605909718578,9.78666788902892,6.8913862859692685
25.672979916892302,6.701622566058832,6.906790487112481
36.66605909718578,22.679564622245486,8.470938408377101
25.672979916892302,5.451181900428198,4.697136493889545
36.66605909718578,9.78666788902892,5.332115267093624
33.23312215177643,9.78666788902892,3.6020874014503974
26.308695029093755,11.771688103177926,5.376533900426846
19.979521271818523,5.073921238002034,2.513620305792319
21.58326307691633,9.78666788902892,5.901238840934575
25.672979916892302,5.451181900428198,4.697136493889545
36.66605909718578,22.679564622245486,8.470938408377101
25.672979916892302,5.451181900428198,4.697136493889545
13.974198036582298,15.748116469531174,6.971159678215237
21.58326307691633,9.78666788902892,5.901238840934575
36.66605909718578,0.22894161542430602,4.788925810675199
36.66605909718578,22.679564622245486,9.958160762350571
21.58326307691633,9.78666788902892,5.901238840934575
33.23312215177643,9.78666788902892,3.6020874014503974
25.672979916892302,0.5666287645221093,0.1
37.601330659417336,22.679564622245486,10.0
54.571787415306346,23.09119215166804,5.604336419604925
36.66605909718578,22.679564622245486,8.470938408377101
36.66605909718578,5.451181900428198,5.0147167490994065
30.60019132301813,5.451181900428198,4.300999515924921
36.66605909718578,15.748116469531174,6.423006440789548
30.60019132301813,5.451181900428198,4.300999515924921
14.231733237386878,9.78666788902892,4.378501145085689
36.66605909718578,22.679564622245486,8.470938408377101
14.231733237386878,14.119562390489774,3.8353116886672645
33.23312215177643,9.78666788902892,3.6020874014503974
14.231733237386878,15.748116469531174,4.998640028907692
25.672979916892302,5.451181900428198,4.697136493889545
21.58326307691633,9.78666788902892,5.901238840934575
14.231733237386878,14.119562390489774,3.8353116886672645
19.374397758415853,7.011217081793904,6.122307290057966
14.231733237386878,15.748116469531174,4.998640028907692
21.58326307691633,9.78666788902892,5.901238840934575
36.66605909718578,14.119562390489774,4.286711264454078
21.58326307691633,8.563736647376457,6.580428311280762
36.66605909718578,15.748116469531174,6.423006440789548
19.979521271818523,14.119562390489774,3.66439522348686
21.58326307691633,9.78666788902892,5.901238840934575
33.23312215177643,9.78666788902892,3.6020874014503974
33.23312215177643,9.78666788902892,3.6020874014503974
21.58326307691633,9.78666788902892,5.901238840934575
27.363948656556282,14.119562390489774,6.384905946929953
25.672979916892302,5.451181900428198,4.697136493889545
33.23312215177643,9.78666788902892,3.6020874014503974
36.66605909718578,0.22894161542430602,4.788925810675199
36.66605909718578,22.679564622245486,8.470938408377101
14.231733237386878,9.78666788902892,4.378501145085689
13.974198036582298,15.748116469531174,6.971159678215237
14.231733237386878,15.748116469531174,5.2322385449311835
25.672979916892302,22.679564622245486,6.443776043920798
21.58326307691633,9.78666788902892,5.901238840934575
25.672979916892302,5.451181900428198,4.697136493889545
14.231733237386878,9.78666788902892,8.404900477849376
36.66605909718578,15.748116469531174,7.09341676561224
14.231733237386878,15.748116469531174,5.2322385449311835
21.58326307691633,9.78666788902892,5.901238840934575
21.58326307691633,9.78666788902892,5.901238840934575
36.66605909718578,22.679564622245486,9.958160762350571
25.672979916892302,0.5666287645221093,0.1
25.672979916892302,22.679564622245486,6.443776043920798
36.66605909718578,15.748116469531174,7.09341676561224
33.23312215177643,9.78666788902892,3.6020874014503974
26.308695029093755,11.771688103177926,5.376533900426846
19.979521271818523,15.748116469531174,5.492790032272577
21.58326307691633,9.78666788902892,5.901238840934575
33.23312215177643,22.679564622245486,5.18163952385823
27.363948656556282,14.119562390489774,6.384905946929953
36.66605909718578,5.451181900428198,5.0147167490994065
36.66605909718578,22.679564622245486,8.470938408377101
21.58326307691633,8.563736647376457,6.580428311280762
25.672979916892302,6.701622566058832,6.906790487112481
36.66605909718578,5.451181900428198,5.0147167490994065
36.66605909718578,15.748116469531174,7.09341676561224
21.58326307691633,9.78666788902892,5.901238840934575
36.66605909718578,22.679564622245486,8.470938408377101
33.23312215177643,9.78666788902892,3.6020874014503974
19.979521271818523,14.119562390489774,3.66439522348686
19.979521271818523,9.78666788902892,4.207584679905285
21.58326307691633,9.78666788902892,5.901238840934575
33.23312215177643,9.78666788902892,3.6020874014503974
36.66605909718578,9.78666788902892,6.8913862859692685
19.979521271818523,9.78666788902892,7.111525607667415
25.672979916892302,5.451181900428198,4.697136493889545
19.979521271818523,5.073921238002034,2.513620305792319
36.66605909718578,22.679564622245486,9.958160762350571
21.58326307691633,9.78666788902892,5.901238840934575
19.979521271818523,9.78666788902892,4.207584679905285
36.66605909718578,22.679564622245486,8.470938408377101
27.363948656556282,14.119562390489774,6.384905946929953
21.58326307691633,9.78666788902892,5.901238840934575
21.58326307691633,9.78666788902892,5.901238840934575
19.979521271818523,15.616979372990437,7.0345257260392655
36.66605909718578,15.748116469531174,7.09341676561224
25.672979916892302,22.679564622245486,6.443776043920798
19.979521271818523,15.748116469531174,5.492790032272577
21.58326307691633,22.679564622245486,7.4807909633424075
36.66605909718578,15.748116469531174,7.09341676561224
36.66605909718578,15.748116469531174,7.09341676561224
19.979521271818523,5.248875274396167,0.10064364352421917
33.23312215177643,9.78666788902892,3.6020874014503974
33.23312215177643,9.78666788902892,3.6020874014503974
21.58326307691633,9.78666788902892,5.901238840934575
33.23312215177643,9.78666788902892,3.6020874014503974
36.66605909718578,22.679564622245486,8.470938408377101
21.58326307691633,9.78666788902892,5.901238840934575
21.58326307691633,22.679564622245486,7.4807909633424075
21.58326307691633,8.563736647376457,6.580428311280762
14.231733237386878,15.748116469531174,5.2322385449311835
33.23312215177643,9.78666788902892,3.6020874014503974
36.66605909718578,22.679564622245486,8.470938408377101
36.66605909718578,22.679564622245486,8.470938408377101
36.66605909718578,0.22894161542430602,4.788925810675199
25.672979916892302,0.5666287645221093,0.1
54.571787415306346,23.09119215166804,5.604336419604925
14.231733237386878,14.119562390489774,3.8353116886672645
19.979521271818523,9.78666788902892,4.207584679905285
19.979521271818523,15.748116469531174,5.492790032272577
27.363948656556282,14.119562390489774,6.384905946929953
19.979521271818523,9.78666788902892,7.111525607667415
21.58326307691633,19.15474382829155,10.0
36.66605909718578,2.161379654628666,0.1
19.979521271818523,9.78666788902892,4.207584679905285
36.66605909718578,22.679564622245486,8.470938408377101
36.66605909718578,22.679564622245486,8.470938408377101
54.571787415306346,23.09119215166804,5.604336419604925
19.979521271818523,32.462929024807096,5.922501937919289
36.66605909718578,9.78666788902892,5.332115267093624
30.60019132301813,5.451181900428198,4.300999515924921
21.58326307691633,9.78666788902892,5.901238840934575
36.66605909718578,22.679564622245486,8.470938408377101
19.979521271818523,9.78666788902892,4.207584679905285
21.58326307691633,9.78666788902892,5.901238840934575
21.58326307691633,9.78666788902892,5.901238840934575
14.231733237386878,14.119562390489774,6.384905946929953
37.601330659417336,22.679564622245486,10.0
36.66605909718578,0.22894161542430602,4.788925810675199
25.672979916892302,22.679564622245486,6.443776043920798
36.66605909718578,15.748116469531174,7.09341676561224
19.979521271818523,9.78666788902892,7.111525607667415
36.66605909718578,5.451181900428198,5.0147167490994065
33.23312215177643,9.78666788902892,3.6020874014503974
25.672979916892302,5.451181900428198,4.697136493889545
36.66605909718578,9.78666788902892,5.332115267093624
36.66605909718578,5.451181900428198,5.0147167490994065
14.231733237386878,14.119562390489774,3.8353116886672645
21.58326307691633,9.78666788902892,5.901238840934575
33.23312215177643,9.78666788902892,3.6020874014503974
14.231733237386878,9.78666788902892,4.378501145085689
33.23312215177643,9.78666788902892,3.6020874014503974
19.979521271818523,5.248875274396167,0.10064364352421917
14.231733237386878,15.748116469531174,5.2322385449311835
21.58326307691633,19.15474382829155,10.0
25.672979916892302,22.679564622245486,6.443776043920798
21.58326307691633,22.679564622245486,7.4807909633424075
21.58326307691633,9.78666788902892,5.901238840934575
36.66605909718578,15.748116469531174,6.423006440789548
36.66605909718578,5.451181900428198,5.0147167490994065
19.979521271818523,9.78666788902892,7.806574821356954
25.672979916892302,6.701622566058832,6.906790487112481
14.231733237386878,14.119562390489774,6.384905946929953
21.58326307691633,9.78666788902892,5.901238840934575
33.23312215177643,9.78666788902892,3.6020874014503974
19.979521271818523,15.616979372990437,7.0345257260392655
19.979521271818523,5.073921238002034,2.513620305792319
21.58326307691633,9.78666788902892,5.901238840934575
36.66605909718578,15.748116469531174,6.423006440789548
33.23312215177643,9.78666788902892,3.6020874014503974
19.979521271818523,14.119562390489774,3.66439522348686
14.231733237386878,14.119562390489774,6.384905946929953
33.23312215177643,22.679564622245486,5.18163952385823
25.672979916892302,5.451181900428198,4.697136493889545
33.23312215177643,9.78666788902892,3.6020874014503974
21.58326307691633,9.78666788902892,5.901238840934575
14.231733237386878,14.119562390489774,6.384905946929953
14.231733237386878,15.748116469531174,5.2322385449311835
21.58326307691633,8.563736647376457,6.580428311280762
25.672979916892302,5.451181900428198,4.697136493889545
21.58326307691633,9.78666788902892,5.901238840934575
21.58326307691633,9.78666788902892,5.901238840934575
19.979521271818523,5.248875274396167,0.10064364352421917
37.601330659417336,22.679564622245486,10.0
14.231733237386878,9.78666788902892,8.404900477849376
33.23312215177643,9.78666788902892,0.09064074096716547
36.66605909718578,5.451181900428198,5.0147167490994065
21.58326307691633,19.15474382829155,10.0
19.979521271818523,15.616979372990437,7.0345257260392655
14.231733237386878,9.78666788902892,4.378501145085689
13.974198036582298,15.748116469531174,6.971159678215237
33.23312215177643,9.78666788902892,3.6020874014503974
36.66605909718578,0.22894161542430602,4.788925810675199
33.23312215177643,9.78666788902892,3.6020874014503974
21.58326307691633,9.78666788902892,5.901238840934575
36.66605909718578,22.679564622245486,8.470938408377101
33.23312215177643,9.78666788902892,3.6020874014503974
13.974198036582298,15.748116469531174,6.971159678215237
36.66605909718578,22.679564622245486,10.125453786742789
19.979521271818523,15.616979372990437,7.0345257260392655
36.66605909718578,2.161379654628666,0.1
14.231733237386878,14.119562390489774,3.8353116886672645
19.979521271818523,15.616979372990437,7.0345257260392655
36.66605909718578,9.78666788902892,6.8913862859692685
21.58326307691633,9.78666788902892,5.901238840934575
19.979521271818523,9.78666788902892,7.111525607667415
36.66605909718578,15.748116469531174,7.09341676561224
36.66605909718578,22.679564622245486,8.470938408377101
36.66605909718578,22.679564622245486,8.470938408377101
36.66605909718578,2.161379654628666,0.1
25.672979916892302,0.5666287645221093,0.1
14.231733237386878,14.119562390489774,6.384905946929953
21.58326307691633,9.78666788902892,5.901238840934575
36.66605909718578,15.748116469531174,7.09341676561224
19.979521271818523,9.78666788902892,4.207584679905285
33.23312215177643,22.679564622245486,5.18163952385823
36.66605909718578,15.748116469531174,7.09341676561224
21.58326307691633,9.78666788902892,5.901238840934575
19.979521271818523,5.248875274396167,0.10064364352421917
21.58326307691633,9.78666788902892,5.901238840934575
19.979521271818523,32.462929024807096,5.922501937919289
25.672979916892302,15.748116469531174,6.775836510402378
19.979521271818523,14.119562390489774,3.66439522348686
33.23312215177643,13.13482649074909,2.2256494417341557
21.58326307691633,9.78666788902892,5.901238840934575
30.60019132301813,5.451181900428198,4.300999515924921
36.66605909718578,22.679564622245486,8.470938408377101
25.672979916892302,15.748116469531174,6.775836510402378
36.66605909718578,22.679564622245486,9.958160762350571
26.308695029093755,11.771688103177926,5.376533900426846
36.66605909718578,5.451181900428198,5.0147167490994065
21.58326307691633,9.78666788902892,5.901238840934575
14.231733237386878,9.78666788902892,8.404900477849376
33.23312215177643,9.78666788902892,0.09064074096716547
13.974198036582298,15.748116469531174,6.971159678215237
25.672979916892302,0.5666287645221093,0.1
47.82045345922637,15.748116469531174,5.4215166869701354
19.979521271818523,14.119562390489774,3.66439522348686
33.23312215177643,9.78666788902892,3.6020874014503974
33.23312215177643,22.679564622245486,5.18163952385823
33.23312215177643,9.78666788902892,3.6020874014503974
21.58326307691633,9.78666788902892,5.901238840934575
36.66605909718578,22.679564622245486,8.470938408377101
19.979521271818523,5.073921238002034,2.513620305792319
19.979521271818523,9.78666788902892,4.207584679905285
19.979521271818523,15.748116469531174,5.492790032272577
33.23312215177643,9.78666788902892,3.6020874014503974
14.231733237386878,14.119562390489774,6.384905946929953
19.979521271818523,32.462929024807096,5.922501937919289
47.82045345922637,15.748116469531174,5.4215166869701354
19.979521271818523,15.616979372990437,7.0345257260392655
36.66605909718578,9.78666788902892,6.8913862859692685
36.66605909718578,22.679564622245486,8.470938408377101
21.58326307691633,9.78666788902892,5.901238840934575
25.672979916892302,15.748116469531174,6.775836510402378
19.979521271818523,9.78666788902892,7.111525607667415
30.60019132301813,5.451181900428198,4.300999515924921
33.23312215177643,9.78666788902892,3.6020874014503974
25.672979916892302,6.701622566058832,6.906790487112481
54.571787415306346,23.09119215166804,5.604336419604925
36.66605909718578,22.679564622245486,8.470938408377101
33.23312215177643,9.78666788902892,3.6020874014503974
19.979521271818523,14.119562390489774,3.66439522348686
19.979521271818523,14.119562390489774,3.66439522348686
27.363948656556282,14.119562390489774,6.384905946929953
36.66605909718578,22.679564622245486,8.470938408377101
25.672979916892302,5.451181900428198,4.697136493889545
36.66605909718578,9.78666788902892,6.8913862859692685
33.23312215177643,9.78666788902892,3.6020874014503974
14.231733237386878,14.119562390489774,6.384905946929953
33.23312215177643,9.78666788902892,3.6020874014503974
14.231733237386878,14.119562390489774,3.8353116886672645
36.66605909718578,5.451181900428198,5.0147167490994065
21.58326307691633,9.78666788902892,5.901238840934575
21.58326307691633,9.78666788902892,5.901238840934575
14.231733237386878,14.119562390489774,3.8353116886672645
25.672979916892302,0.5666287645221093,0.1
19.979521271818523,14.119562390489774,3.66439522348686
33.23312215177643,13.13482649074909,2.2256494417341557
25.672979916892302,5.451181900428198,4.697136493889545
36.66605909718578,22.679564622245486,8.470938408377101
25.672979916892302,15.748116469531174,6.775836510402378
19.979521271818523,14.119562390489774,3.66439522348686
25.672979916892302,5.451181900428198,4.697136493889545
36.66605909718578,9.78666788902892,6.8913862859692685
14.231733237386878,14.119562390489774,3.8353116886672645
21.58326307691633,9.78666788902892,5.901238840934575
14.231733237386878,15.748116469531174,4.998640028907692
36.66605909718578,22.679564622245486,8.470938408377101
37.601330659417336,22.679564622245486,10.0
21.58326307691633,9.78666788902892,5.901238840934575
25.672979916892302,5.451181900428198,4.697136493889545
21.58326307691633,9.78666788902892,5.901238840934575
25.672979916892302,15.748116469531174,6.775836510402378
14.231733237386878,9.78666788902892,8.404900477849376
54.571787415306346,23.09119215166804,5.604336419604925
36.66605909718578,22.679564622245486,8.470938408377101
21.58326307691633,19.15474382829155,10.0
30.60019132301813,5.451181900428198,4.300999515924921
14.231733237386878,15.748116469531174,5.2322385449311835
36.66605909718578,15.748116469531174,6.423006440789548
36.66605909718578,2.161379654628666,0.1
25.672979916892302,15.748116469531174,6.775836510402378
19.979521271818523,5.248875274396167,0.10064364352421917
36.66605909718578,22.679564622245486,8.470938408377101
25.672979916892302,15.748116469531174,6.775836510402378
21.58326307691633,9.78666788902892,5.901238840934575
21.58326307691633,9.78666788902892,5.901238840934575
19.979521271818523,32.462929024807096,5.922501937919289
33.23312215177643,9.78666788902892,3.6020874014503974
25.672979916892302,15.748116469531174,6.775836510402378
19.979521271818523,5.248875274396167,0.10064364352421917
33.23312215177643,9.78666788902892,3.6020874014503974
21.58326307691633,9.78666788902892,5.901238840934575
36.66605909718578,22.679564622245486,10.125453786742789
14.231733237386878,14.119562390489774,6.384905946929953
19.979521271818523,22.679564622245486,5.922501937919289
14.231733237386878,9.78666788902892,8.404900477849376
19.374397758415853,7.011217081793904,6.122307290057966
36.66605909718578,5.451181900428198,5.0147167490994065
33.23312215177643,9.78666788902892,3.6020874014503974
36.66605909718578,5.451181900428198,5.0147167490994065
21.58326307691633,9.78666788902892,5.901238840934575
54.571787415306346,23.09119215166804,5.604336419604925
47.82045345922637,15.748116469531174,5.4215166869701354
36.66605909718578,22.679564622245486,8.470938408377101
36.66605909718578,9.78666788902892,5.332115267093624
14.231733237386878,9.78666788902892,8.404900477849376
33.23312215177643,9.78666788902892,3.6020874014503974
21.58326307691633,9.78666788902892,5.901238840934575
21.58326307691633,9.78666788902892,5.901238840934575
33.23312215177643,22.679564622245486,5.18163952385823
36.66605909718578,15.748116469531174,7.09341676561224
13.974198036582298,15.748116469531174,6.971159678215237
25.672979916892302,15.748116469531174,6.775836510402378
36.66605909718578,15.748116469531174,7.09341676561224
21.58326307691633,9.78666788902892,5.901238840934575
36.66605909718578,15.748116469531174,7.09341676561224
19.979521271818523,15.748116469531174,5.492790032272577
33.23312215177643,9.78666788902892,3.6020874014503974
37.601330659417336,22.679564622245486,10.0
25.672979916892302,5.451181900428198,4.697136493889545
36.66605909718578,22.679564622245486,8.470938408377101
25.672979916892302,5.451181900428198,4.697136493889545
19.979521271818523,14.119562390489774,3.66439522348686
36.66605909718578,0.22894161542430602,4.788925810675199
19.979521271818523,9.78666788902892,4.207584679905285
36.66605909718578,15.748116469531174,7.09341676561224
27.363948656556282,14.119562390489774,6.384905946929953
14.231733237386878,9.78666788902892,4.378501145085689
21.58326307691633,9.78666788902892,5.901238840934575
36.66605909718578,14.119562390489774,4.286711264454078
33.23312215177643,9.78666788902892,3.6020874014503974
33.23312215177643,9.78666788902892,0.09064074096716547
25.672979916892302,5.451181900428198,4.697136493889545
33.23312215177643,22.679564622245486,5.18163952385823
36.66605909718578,22.679564622245486,8.470938408377101
21.58326307691633,19.15474382829155,10.0
36.66605909718578,22.679564622245486,8.470938408377101
33.23312215177643,9.78666788902892,3.6020874014503974
36.66605909718578,14.119562390489774,4.286711264454078
36.66605909718578,5.451181900428198,5.0147167490994065
14.231733237386878,14.119562390489774,6.384905946929953
14.231733237386878,9.78666788902892,8.404900477849376
30.60019132301813,5.451181900428198,4.300999515924921
25.672979916892302,5.451181900428198,4.697136493889545
36.66605909718578,15.748116469531174,6.423006440789548
19.979521271818523,9.78666788902892,7.806574821356954
37.601330659417336,22.679564622245486,10.0
25.672979916892302,5.451181900428198,4.697136493889545
21.58326307691633,8.563736647376457,6.580428311280762
33.23312215177643,22.679564622245486,5.18163952385823
30.60019132301813,5.451181900428198,4.300999515924921
36.66605909718578,15.748116469531174,6.423006440789548
21.58326307691633,9.78666788902892,5.901238840934575
19.979521271818523,15.616979372990437,7.0345257260392655
36.66605909718578,15.748116469531174,7.09341676561224
21.58326307691633,9.78666788902892,5.901238840934575
47.82045345922637,15.748116469531174,5.4215166869701354
25.672979916892302,15.748116469531174,6.775836510402378
33.23312215177643,9.78666788902892,3.6020874014503974
21.58326307691633,9.78666788902892,5.901238840934575
36.66605909718578,9.78666788902892,6.8913862859692685
19.979521271818523,9.78666788902892,7.806574821356954
36.66605909718578,22.679564622245486,8.470938408377101
36.66605909718578,2.161379654628666,0.1
25.672979916892302,0.5666287645221093,0.1
25.672979916892302,0.5666287645221093,0.1
19.979521271818523,9.78666788902892,4.207584679905285
36.66605909718578,22.679564622245486,8.470938408377101
33.23312215177643,9.78666788902892,3.6020874014503974
36.66605909718578,5.451181900428198,5.0147167490994065
22.92511725647903,9.78666788902892,4.730205611094082
37.601330659417336,22.679564622245486,10.0
14.231733237386878,14.119562390489774,3.8353116886672645
25.672979916892302,5.451181900428198,4.697136493889545
19.979521271818523,5.248875274396167,0.10064364352421917
14.231733237386878,14.119562390489774,6.384905946929953
14.231733237386878,15.748116469531174,5.2322385449311835
25.672979916892302,6.701622566058832,6.906790487112481
37.601330659417336,22.679564622245486,10.0
14.231733237386878,15.748116469531174,5.2322385449311835
36.66605909718578,22.679564622245486,8.470938408377101
36.66605909718578,22.679564622245486,8.470938408377101
33.23312215177643,9.78666788902892,3.6020874014503974
19.979521271818523,14.119562390489774,3.66439522348686
33.23312215177643,13.13482649074909,2.2256494417341557
14.231733237386878,9.78666788902892,8.404900477849376
33.23312215177643,13.13482649074909,2.2256494417341557
36.66605909718578,5.451181900428198,5.0147167490994065
14.231733237386878,14.119562390489774,6.384905946929953
36.66605909718578,2.161379654628666,0.1
14.231733237386878,9.78666788902892,4.378501145085689
14.231733237386878,15.748116469531174,5.2322385449311835
36.66605909718578,15.748116469531174,7.09341676561224
14.231733237386878,14.119562390489774,6.384905946929953
33.23312215177643,9.78666788902892,3.6020874014503974
21.58326307691633,9.78666788902892,5.901238840934575
25.672979916892302,5.451181900428198,4.697136493889545
27.363948656556282,14.119562390489774,6.384905946929953
13.974198036582298,15.748116469531174,6.971159678215237
36.66605909718578,5.451181900428198,5.0147167490994065
33.23312215177643,9.78666788902892,3.6020874014503974
14.231733237386878,9.78666788902892,4.378501145085689
36.66605909718578,22.679564622245486,9.958160762350571
14.231733237386878,15.748116469531174,4.998640028907692
19.979521271818523,5.073921238002034,2.513620305792319
36.66605909718578,0.22894161542430602,4.788925810675199
25.672979916892302,5.451181900428198,4.697136493889545
25.672979916892302,15.748116469531174,6.775836510402378
36.66605909718578,5.451181900428198,5.0147167490994065
14.231733237386878,15.748116469531174,5.2322385449311835
36.66605909718578,14.119562390489774,4.286711264454078
21.58326307691633,9.78666788902892,5.901238840934575
33.23312215177643,9.78666788902892,3.6020874014503974
21.58326307691633,9.78666788902892,5.901238840934575
47.82045345922637,15.748116469531174,5.4215166869701354
25.672979916892302,6.701622566058832,6.906790487112481
36.66605909718578,14.119562390489774,4.286711264454078
19.979521271818523,5.073921238002034,2.513620305792319
33.23312215177643,13.13482649074909,2.2256494417341557
25.672979916892302,0.5666287645221093,0.1
33.23312215177643,9.78666788902892,3.6020874014503974
36.66605909718578,0.22894161542430602,4.788925810675199
25.672979916892302,22.679564622245486,6.443776043920798
36.66605909718578,9.78666788902892,6.8913862859692685
33.23312215177643,22.679564622245486,5.18163952385823
22.92511725647903,9.78666788902892,4.730205611094082
19.979521271818523,9.78666788902892,4.207584679905285
33.23312215177643,13.13482649074909,2.2256494417341557
14.231733237386878,14.119562390489774,6.384905946929953
14.231733237386878,14.119562390489774,6.384905946929953
21.58326307691633,9.78666788902892,5.901238840934575
36.66605909718578,15.748116469531174,7.09341676561224
36.66605909718578,5.451181900428198,5.0147167490994065
25.672979916892302,15.748116469531174,6.775836510402378
47.82045345922637,15.748116469531174,5.4215166869701354
33.23312215177643,9.78666788902892,3.6020874014503974
21.58326307691633,9.78666788902892,5.901238840934575
21.58326307691633,9.78666788902892,5.901238840934575
36.66605909718578,5.451181900428198,5.0147167490994065
36.66605909718578,15.748116469531174,6.423006440789548
36.66605909718578,9.78666788902892,6.8913862859692685
21.58326307691633,9.78666788902892,5.901238840934575
21.58326307691633,9.78666788902892,5.901238840934575
36.66605909718578,22.679564622245486,8.470938408377101
25.672979916892302,15.748116469531174,6.775836510402378
21.58326307691633,9.78666788902892,5.901238840934575
21.58326307691633,9.78666788902892,5.901238840934575
30.60019132301813,5.451181900428198,4.300999515924921
33.23312215177643,9.78666788902892,3.6020874014503974
33.23312215177643,9.78666788902892,0.09064074096716547
19.979521271818523,22.679564622245486,5.922501937919289
37.601330659417336,22.679564622245486,10.0
25.672979916892302,22.679564622245486,6.443776043920798
33.23312215177643,9.78666788902892,3.6020874014503974
19.979521271818523,9.78666788902892,7.806574821356954
36.66605909718578,5.451181900428198,5.0147167490994065
25.672979916892302,5.451181900428198,4.697136493889545
19.979521271818523,9.78666788902892,4.207584679905285
36.66605909718578,9.78666788902892,6.8913862859692685
21.58326307691633,9.78666788902892,5.901238840934575
27.363948656556282,14.119562390489774,6.384905946929953
19.979521271818523,14.119562390489774,3.66439522348686
33.23312215177643,9.78666788902892,3.6020874014503974
36.66605909718578,22.679564622245486,8.470938408377101
14.231733237386878,14.119562390489774,3.8353116886672645
21.58326307691633,9.78666788902892,5.901238840934575
36.66605909718578,15.748116469531174,7.09341676561224
25.672979916892302,6.701622566058832,6.906790487112481
36.66605909718578,9.78666788902892,5.332115267093624
19.979521271818523,15.616979372990437,7.0345257260392655
36.66605909718578,0.22894161542430602,4.788925810675199
19.979521271818523,15.616979372990437,7.0345257260392655
25.672979916892302,15.748116469531174,6.775836510402378
36.66605909718578,9.78666788902892,5.332115267093624
30.60019132301813,5.451181900428198,4.300999515924921
21.58326307691633,9.78666788902892,5.901238840934575
33.23312215177643,9.78666788902892,3.6020874014503974
14.231733237386878,15.748116469531174,5.2322385449311835
14.231733237386878,14.119562390489774,6.384905946929953
14.231733237386878,9.78666788902892,8.404900477849376
21.58326307691633,8.563736647376457,6.580428311280762
33.23312215177643,22.679564622245486,5.18163952385823
14.231733237386878,9.78666788902892,8.404900477849376
33.23312215177643,13.13482649074909,2.2256494417341557
22.92511725647903,9.78666788902892,4.730205611094082
33.23312215177643,9.78666788902892,3.6020874014503974
25.672979916892302,15.748116469531174,6.775836510402378
37.601330659417336,22.679564622245486,10.0
19.979521271818523,5.248875274396167,0.10064364352421917
21.58326307691633,9.78666788902892,5.901238840934575
19.979521271818523,9.78666788902892,4.207584679905285
36.66605909718578,5.451181900428198,5.0147167490994065
36.66605909718578,22.679564622245486,8.470938408377101
19.979521271818523,14.119562390489774,3.66439522348686
36.66605909718578,2.161379654628666,0.1
25.672979916892302,6.701622566058832,6.906790487112481
14.231733237386878,15.748116469531174,5.2322385449311835
21.58326307691633,9.78666788902892,5.901238840934575
19.374397758415853,7.011217081793904,6.122307290057966
33.23312215177643,9.78666788902892,3.6020874014503974
33.23312215177643,22.679564622245486,5.18163952385823
36.66605909718578,5.451181900428198,5.0147167490994065
33.23312215177643,22.679564622245486,5.18163952385823
21.58326307691633,22.679564622245486,7.4807909633424075
36.66605909718578,9.78666788902892,6.8913862859692685
19.979521271818523,14.119562390489774,3.66439522348686
25.672979916892302,5.451181900428198,4.697136493889545
19.374397758415853,7.011217081793904,6.122307290057966
33.23312215177643,13.13482649074909,2.2256494417341557
14.231733237386878,15.748116469531174,5.2322385449311835
36.66605909718578,22.679564622245486,8.470938408377101
19.979521271818523,9.78666788902892,7.806574821356954
14.231733237386878,14.119562390489774,6.384905946929953
30.60019132301813,5.451181900428198,4.300999515924921
25.672979916892302,5.451181900428198,4.697136493889545
36.66605909718578,0.22894161542430602,4.788925810675199
36.66605909718578,22.679564622245486,8.470938408377101
36.66605909718578,9.78666788902892,5.332115267093624
21.58326307691633,9.78666788902892,5.901238840934575
33.23312215177643,9.78666788902892,3.6020874014503974
26.308695029093755,11.771688103177926,5.376533900426846
25.672979916892302,15.748116469531174,6.775836510402378
19.979521271818523,32.462929024807096,5.922501937919289
21.58326307691633,9.78666788902892,5.901238840934575
30.60019132301813,5.451181900428198,4.300999515924921
19.979521271818523,5.073921238002034,2.513620305792319
33.23312215177643,22.679564622245486,5.18163952385823
21.58326307691633,8.563736647376457,6.580428311280762
21.58326307691633,9.78666788902892,5.901238840934575
21.58326307691633,8.563736647376457,6.580428311280762
33.23312215177643,9.78666788902892,3.6020874014503974
36.66605909718578,9.78666788902892,6.8913862859692685
26.308695029093755,11.771688103177926,5.376533900426846
19.979521271818523,9.78666788902892,7.806574821356954
25.672979916892302,15.748116469531174,6.775836510402378
14.231733237386878,15.748116469531174,5.2322385449311835
25.672979916892302,5.451181900428198,4.697136493889545
19.979521271818523,9.78666788902892,7.111525607667415
19.979521271818523,14.119562390489774,3.66439522348686
21.58326307691633,22.679564622245486,7.4807909633424075
25.672979916892302,5.451181900428198,4.697136493889545
33.23312215177643,9.78666788902892,3.6020874014503974
36.66605909718578,22.679564622245486,8.470938408377101
36.66605909718578,22.679564622245486,8.470938408377101
21.58326307691633,9.78666788902892,5.901238840934575
21.58326307691633,9.78666788902892,5.901238840934575
33.23312215177643,13.13482649074909,2.2256494417341557
33.23312215177643,9.78666788902892,3.6020874014503974
36.66605909718578,22.679564622245486,8.470938408377101
36.66605909718578,9.78666788902892,5.332115267093624
14.231733237386878,14.119562390489774,6.384905946929953
25.672979916892302,15.748116469531174,6.775836510402378
36.66605909718578,9.78666788902892,6.8913862859692685
19.979521271818523,22.679564622245486,5.922501937919289
36.66605909718578,9.78666788902892,6.8913862859692685
33.23312215177643,9.78666788902892,0.09064074096716547
36.66605909718578,5.451181900428198,5.0147167490994065
19.979521271818523,32.462929024807096,5.922501937919289
25.672979916892302,15.748116469531174,6.775836510402378
22.92511725647903,9.78666788902892,4.730205611094082
19.374397758415853,7.011217081793904,6.122307290057966
36.66605909718578,9.78666788902892,5.332115267093624
36.66605909718578,22.679564622245486,8.470938408377101
36.66605909718578,15.748116469531174,7.09341676561224
25.672979916892302,5.451181900428198,4.697136493889545
36.66605909718578,0.22894161542430602,4.788925810675199
36.66605909718578,22.679564622245486,8.470938408377101
36.66605909718578,22.679564622245486,10.125453786742789
14.231733237386878,9.78666788902892,4.378501145085689
36.66605909718578,14.119562390489774,4.286711264454078
22.92511725647903,9.78666788902892,4.730205611094082
47.82045345922637,15.748116469531174,5.4215166869701354
36.66605909718578,22.679564622245486,8.470938408377101
21.58326307691633,9.78666788902892,5.901238840934575
33.23312215177643,9.78666788902892,3.6020874014503974
21.58326307691633,9.78666788902892,5.901238840934575
25.672979916892302,5.451181900428198,4.697136493889545
21.58326307691633,22.679564622245486,7.4807909633424075
25.672979916892302,5.451181900428198,4.697136493889545
25.672979916892302,15.748116469531174,6.775836510402378
25.672979916892302,15.748116469531174,6.775836510402378
19.979521271818523,32.462929024807096,5.922501937919289
36.66605909718578,9.78666788902892,5.332115267093624
21.58326307691633,9.78666788902892,5.901238840934575
54.571787415306346,23.09119215166804,5.604336419604925
36.66605909718578,5.451181900428198,5.0147167490994065
30.60019132301813,5.451181900428198,4.300999515924921
33.23312215177643,9.78666788902892,3.6020874014503974
33.23312215177643,9.78666788902892,3.6020874014503974
36.66605909718578,15.748116469531174,6.423006440789548
25.672979916892302,0.5666287645221093,0.1
36.66605909718578,2.161379654628666,0.1
14.231733237386878,14.119562390489774,6.384905946929953
25.672979916892302,15.748116469531174,6.775836510402378
21.58326307691633,9.78666788902892,5.901238840934575
33.23312215177643,9.78666788902892,3.6020874014503974
19.374397758415853,7.011217081793904,6.122307290057966
14.231733237386878,9.78666788902892,8.404900477849376
33.23312215177643,9.78666788902892,3.6020874014503974
14.231733237386878,9.78666788902892,8.404900477849376
36.66605909718578,22.679564622245486,8.470938408377101
21.58326307691633,22.679564622245486,7.4807909633424075
36.66605909718578,15.748116469531174,7.09341676561224
36.66605909718578,22.679564622245486,8.470938408377101
30.60019132301813,5.451181900428198,4.300999515924921
36.66605909718578,22.679564622245486,8.470938408377101
33.23312215177643,13.13482649074909,2.2256494417341557
54.571787415306346,23.09119215166804,5.604336419604925
36.66605909718578,5.451181900428198,5.0147167490994065
14.231733237386878,9.78666788902892,8.404900477849376
19.979521271818523,32.462929024807096,5.922501937919289
36.66605909718578,22.679564622245486,8.470938408377101
47.82045345922637,15.748116469531174,5.4215166869701354
19.979521271818523,9.78666788902892,7.806574821356954
19.979521271818523,15.616979372990437,7.0345257260392655
14.231733237386878,9.78666788902892,8.404900477849376
33.23312215177643,9.78666788902892,3.6020874014503974
33.23312215177643,9.78666788902892,3.6020874014503974
25.672979916892302,22.679564622245486,6.443776043920798
54.571787415306346,23.09119215166804,5.604336419604925
14.231733237386878,9.78666788902892,8.404900477849376
14.231733237386878,14.119562390489774,6.384905946929953
19.979521271818523,5.073921238002034,2.513620305792319
14.231733237386878,14.119562390489774,3.8353116886672645
19.979521271818523,32.462929024807096,5.922501937919289
33.23312215177643,22.679564622245486,5.18163952385823
47.82045345922637,15.748116469531174,5.4215166869701354
36.66605909718578,22.679564622245486,10.125453786742789
21.58326307691633,9.78666788902892,5.901238840934575
36.66605909718578,22.679564622245486,8.470938408377101
19.979521271818523,9.78666788902892,4.207584679905285
33.23312215177643,9.78666788902892,3.6020874014503974
33.23312215177643,9.78666788902892,3.6020874014503974
25.672979916892302,6.701622566058832,6.906790487112481
21.58326307691633,9.78666788902892,5.901238840934575
36.66605909718578,22.679564622245486,8.470938408377101
14.231733237386878,14.119562390489774,6.384905946929953
21.58326307691633,9.78666788902892,5.901238840934575
21.58326307691633,9.78666788902892,5.901238840934575
36.66605909718578,15.748116469531174,7.09341676561224
21.58326307691633,22.679564622245486,7.4807909633424075
14.231733237386878,14.119562390489774,6.384905946929953
26.308695029093755,11.771688103177926,5.376533900426846
19.979521271818523,9.78666788902892,4.207584679905285
21.58326307691633,9.78666788902892,5.901238840934575
36.66605909718578,22.679564622245486,8.470938408377101
14.231733237386878,14.119562390489774,6.384905946929953
21.58326307691633,9.78666788902892,5.901238840934575
36.66605909718578,9.78666788902892,5.332115267093624
36.66605909718578,22.679564622245486,8.470938408377101
54.571787415306346,23.09119215166804,5.604336419604925
33.23312215177643,9.78666788902892,0.09064074096716547
19.979521271818523,5.073921238002034,2.513620305792319
19.979521271818523,9.78666788902892,7.111525607667415
14.231733237386878,15.748116469531174,5.2322385449311835
19.979521271818523,5.073921238002034,2.513620305792319
33.23312215177643,9.78666788902892,3.6020874014503974
21.58326307691633,9.78666788902892,5.901238840934575
36.66605909718578,22.679564622245486,8.470938408377101
19.979521271818523,5.073921238002034,2.513620305792319
14.231733237386878,15.748116469531174,4.998640028907692
27.363948656556282,14.119562390489774,6.384905946929953
21.58326307691633,19.15474382829155,10.0
21.58326307691633,9.78666788902892,5.901238840934575
21.58326307691633,22.679564622245486,7.4807909633424075
19.979521271818523,15.616979372990437,7.0345257260392655
36.66605909718578,22.679564622245486,10.125453786742789
33.23312215177643,22.679564622245486,5.18163952385823
33.23312215177643,9.78666788902892,3.6020874014503974
19.979521271818523,22.679564622245486,5.922501937919289
25.672979916892302,6.701622566058832,6.906790487112481
21.58326307691633,22.679564622245486,7.4807909633424075
21.58326307691633,9.78666788902892,5.901238840934575
21.58326307691633,9.78666788902892,5.901238840934575
36.66605909718578,22.679564622245486,8.470938408377101
33.23312215177643,9.78666788902892,3.6020874014503974
36.66605909718578,22.679564622245486,8.470938408377101
14.231733237386878,15.748116469531174,5.2322385449311835
36.66605909718578,9.78666788902892,6.8913862859692685
19.979521271818523,15.616979372990437,7.0345257260392655
33.23312215177643,9.78666788902892,3.6020874014503974
36.66605909718578,15.748116469531174,7.09341676561224
36.66605909718578,22.679564622245486,8.470938408377101
36.66605909718578,22.679564622245486,8.470938408377101
36.66605909718578,22.679564622245486,8.470938408377101
22.92511725647903,9.78666788902892,4.730205611094082
21.58326307691633,9.78666788902892,5.901238840934575
19.979521271818523,9.78666788902892,7.806574821356954
25.672979916892302,0.5666287645221093,0.1
36.66605909718578,22.679564622245486,8.470938408377101
19.979521271818523,15.616979372990437,7.0345257260392655
36.66605909718578,22.679564622245486,10.125453786742789
19.979521271818523,9.78666788902892,4.207584679905285
36.66605909718578,22.679564622245486,8.470938408377101
19.979521271818523,14.119562390489774,3.66439522348686
19.979521271818523,15.748116469531174,5.492790032272577
14.231733237386878,14.119562390489774,6.384905946929953
36.66605909718578,9.78666788902892,6.8913862859692685
36.66605909718578,0.22894161542430602,4.788925810675199
19.979521271818523,14.119562390489774,3.66439522348686
14.231733237386878,15.748116469531174,5.2322385449311835
37.601330659417336,22.679564622245486,10.0
36.66605909718578,22.679564622245486,8.470938408377101
33.23312215177643,9.78666788902892,3.6020874014503974
14.231733237386878,9.78666788902892,8.404900477849376
36.66605909718578,22.679564622245486,8.470938408377101
21.58326307691633,9.78666788902892,5.901238840934575
19.979521271818523,14.119562390489774,3.66439522348686
36.66605909718578,5.451181900428198,5.0147167490994065
21.58326307691633,19.15474382829155,10.0
36.66605909718578,9.78666788902892,5.332115267093624
33.23312215177643,9.78666788902892,3.6020874014503974
33.23312215177643,9.78666788902892,3.6020874014503974
33.23312215177643,9.78666788902892,0.09064074096716547
19.979521271818523,9.78666788902892,4.207584679905285
33.23312215177643,13.13482649074909,2.2256494417341557
33.23312215177643,9.78666788902892,3.6020874014503974
36.66605909718578,0.22894161542430602,4.788925810675199
36.66605909718578,5.451181900428198,5.0147167490994065
27.363948656556282,14.119562390489774,6.384905946929953
14.231733237386878,9.78666788902892,8.404900477849376
14.231733237386878,14.119562390489774,3.8353116886672645
36.66605909718578,14.119562390489774,4.286711264454078
33.23312215177643,9.78666788902892,3.6020874014503974
19.979521271818523,9.78666788902892,4.207584679905285
19.979521271818523,5.248875274396167,0.10064364352421917
14.231733237386878,14.119562390489774,6.384905946929953
21.58326307691633,9.78666788902892,5.901238840934575
21.58326307691633,9.78666788902892,5.901238840934575
33.23312215177643,9.78666788902892,3.6020874014503974
25.672979916892302,15.748116469531174,6.775836510402378
25.672979916892302,5.451181900428198,4.697136493889545
36.66605909718578,5.451181900428198,5.0147167490994065
25.672979916892302,5.451181900428198,4.697136493889545
36.66605909718578,15.748116469531174,7.09341676561224
21.58326307691633,19.15474382829155,10.0
14.231733237386878,14.119562390489774,3.8353116886672645
36.66605909718578,5.451181900428198,5.0147167490994065
19.979521271818523,9.78666788902892,7.806574821356954
36.66605909718578,9.78666788902892,6.8913862859692685
25.672979916892302,5.451181900428198,4.697136493889545
19.979521271818523,15.748116469531174,5.492790032272577
21.58326307691633,9.78666788902892,5.901238840934575
36.66605909718578,22.679564622245486,8.470938408377101
36.66605909718578,22.679564622245486,8.470938408377101
33.23312215177643,13.13482649074909,2.2256494417341557
36.66605909718578,22.679564622245486,8.470938408377101
19.979521271818523,9.78666788902892,4.207584679905285
19.979521271818523,15.616979372990437,7.0345257260392655
33.23312215177643,9.78666788902892,3.6020874014503974
19.979521271818523,22.679564622245486,5.922501937919289
21.58326307691633,8.563736647376457,6.580428311280762
14.231733237386878,9.78666788902892,4.378501145085689
19.979521271818523,5.073921238002034,2.513620305792319
54.571787415306346,23.09119215166804,5.604336419604925
25.672979916892302,15.748116469531174,6.775836510402378
25.672979916892302,0.5666287645221093,0.1
14.231733237386878,14.119562390489774,3.8353116886672645
25.672979916892302,6.701622566058832,6.906790487112481
19.979521271818523,15.616979372990437,7.0345257260392655
19.979521271818523,9.78666788902892,7.111525607667415
36.66605909718578,9.78666788902892,6.8913862859692685
25.672979916892302,5.451181900428198,4.697136493889545
21.58326307691633,9.78666788902892,5.901238840934575
36.66605909718578,14.119562390489774,4.286711264454078
19.979521271818523,14.119562390489774,3.66439522348686
33.23312215177643,9.78666788902892,3.6020874014503974
21.58326307691633,9.78666788902892,5.901238840934575
36.66605909718578,0.22894161542430602,4.788925810675199
25.672979916892302,15.748116469531174,6.775836510402378
19.979521271818523,22.679564622245486,5.922501937919289
33.23312215177643,22.679564622245486,5.18163952385823
19.979521271818523,14.119562390489774,3.66439522348686
21.58326307691633,8.563736647376457,6.580428311280762
25.672979916892302,22.679564622245486,6.443776043920798
33.23312215177643,9.78666788902892,3.6020874014503974
19.979521271818523,9.78666788902892,4.207584679905285
33.23312215177643,22.679564622245486,5.18163952385823
21.58326307691633,9.78666788902892,5.901238840934575
22.92511725647903,9.78666788902892,4.730205611094082
36.66605909718578,9.78666788902892,5.332115267093624
36.66605909718578,22.679564622245486,8.470938408377101
33.23312215177643,22.679564622245486,5.18163952385823
33.23312215177643,9.78666788902892,3.6020874014503974
21.58326307691633,22.679564622245486,7.4807909633424075
21.58326307691633,22.679564622245486,7.4807909633424075
25.672979916892302,5.451181900428198,4.697136493889545
14.231733237386878,14.119562390489774,3.8353116886672645
19.979521271818523,15.616979372990437,7.0345257260392655
21.58326307691633,9.78666788902892,5.901238840934575
19.979521271818523,15.616979372990437,7.0345257260392655
19.979521271818523,15.616979372990437,7.0345257260392655
19.979521271818523,9.78666788902892,7.111525607667415
21.58326307691633,19.15474382829155,10.0
25.672979916892302,5.451181900428198,4.697136493889545
14.231733237386878,9.78666788902892,8.404900477849376
21.58326307691633,9.78666788902892,5.901238840934575
36.66605909718578,22.679564622245486,9.958160762350571
21.58326307691633,9.78666788902892,5.901238840934575
33.23312215177643,9.78666788902892,0.09064074096716547
21.58326307691633,8.563736647376457,6.580428311280762
36.66605909718578,22.679564622245486,8.470938408377101
33.23312215177643,9.78666788902892,3.6020874014503974
19.979521271818523,9.78666788902892,7.806574821356954
25.672979916892302,6.701622566058832,6.906790487112481
19.979521271818523,5.073921238002034,2.513620305792319
36.66605909718578,22.679564622245486,8.470938408377101
19.979521271818523,9.78666788902892,4.207584679905285
37.601330659417336,22.679564622245486,10.0
25.672979916892302,22.679564622245486,6.443776043920798
14.231733237386878,14.119562390489774,3.8353116886672645
14.231733237386878,9.78666788902892,4.378501145085689
22.92511725647903,9.78666788902892,4.730205611094082
33.23312215177643,13.13482649074909,2.2256494417341557
33.23312215177643,22.679564622245486,5.18163952385823
36.66605909718578,2.161379654628666,0.1
36.66605909718578,5.451181900428198,5.0147167490994065
36.66605909718578,22.679564622245486,8.470938408377101
19.979521271818523,15.748116469531174,5.492790032272577
14.231733237386878,9.78666788902892,8.404900477849376
19.979521271818523,15.616979372990437,7.0345257260392655
33.23312215177643,22.679564622245486,5.18163952385823
14.231733237386878,14.119562390489774,3.8353116886672645
33.23312215177643,9.78666788902892,3.6020874014503974
25.672979916892302,5.451181900428198,4.697136493889545
19.979521271818523,15.748116469531174,5.492790032272577
36.66605909718578,22.679564622245486,9.958160762350571
21.58326307691633,9.78666788902892,5.901238840934575
37.601330659417336,22.679564622245486,10.0
36.66605909718578,22.679564622245486,8.470938408377101
19.979521271818523,22.679564622245486,5.922501937919289
19.979521271818523,32.462929024807096,5.922501937919289
25.672979916892302,5.451181900428198,4.697136493889545
36.66605909718578,5.451181900428198,5.0147167490994065
33.23312215177643,9.78666788902892,3.6020874014503974
36.66605909718578,15.748116469531174,7.09341676561224
21.58326307691633,9.78666788902892,5.901238840934575
33.23312215177643,9.78666788902892,3.6020874014503974
36.66605909718578,9.78666788902892,6.8913862859692685
36.66605909718578,9.78666788902892,6.8913862859692685
21.58326307691633,9.78666788902892,5.901238840934575
36.66605909718578,9.78666788902892,6.8913862859692685
36.66605909718578,22.679564622245486,8.470938408377101
37.601330659417336,22.679564622245486,10.0
36.66605909718578,22.679564622245486,8.470938408377101
21.58326307691633,9.78666788902892,5.901238840934575
21.58326307691633,22.679564622245486,7.4807909633424075
33.23312215177643,9.78666788902892,3.6020874014503974
21.58326307691633,8.563736647376457,6.580428311280762
21.58326307691633,9.78666788902892,5.901238840934575
21.58326307691633,9.78666788902892,5.901238840934575
33.23312215177643,9.78666788902892,3.6020874014503974
21.58326307691633,19.15474382829155,10.0
21.58326307691633,22.679564622245486,7.4807909633424075
21.58326307691633,9.78666788902892,5.901238840934575
33.23312215177643,9.78666788902892,3.6020874014503974
21.58326307691633,9.78666788902892,5.901238840934575
36.66605909718578,22.679564622245486,8.470938408377101
21.58326307691633,9.78666788902892,5.901238840934575
25.672979916892302,5.451181900428198,4.697136493889545
33.23312215177643,9.78666788902892,0.09064074096716547
33.23312215177643,9.78666788902892,3.6020874014503974
21.58326307691633,9.78666788902892,5.901238840934575
33.23312215177643,13.13482649074909,2.2256494417341557
21.58326307691633,9.78666788902892,5.901238840934575
33.23312215177643,9.78666788902892,3.6020874014503974
36.66605909718578,15.748116469531174,7.09341676561224
21.58326307691633,9.78666788902892,5.901238840934575
33.23312215177643,22.679564622245486,5.18163952385823
13.974198036582298,15.748116469531174,6.971159678215237
13.974198036582298,15.748116469531174,6.971159678215237
21.58326307691633,9.78666788902892,5.901238840934575
21.58326307691633,9.78666788902892,5.901238840934575
33.23312215177643,22.679564622245486,5.18163952385823
33.23312215177643,9.78666788902892,3.6020874014503974
36.66605909718578,2.161379654628666,0.1
36.66605909718578,22.679564622245486,8.470938408377101
33.23312215177643,9.78666788902892,3.6020874014503974
33.23312215177643,9.78666788902892,3.6020874014503974
25.672979916892302,5.451181900428198,4.697136493889545
33.23312215177643,9.78666788902892,3.6020874014503974
25.672979916892302,22.679564622245486,6.443776043920798
25.672979916892302,6.701622566058832,6.906790487112481
25.672979916892302,0.5666287645221093,0.1
25.672979916892302,5.451181900428198,4.697136493889545
25.672979916892302,0.5666287645221093,0.1
36.66605909718578,2.161379654628666,0.1
36.66605909718578,5.451181900428198,5.0147167490994065
36.66605909718578,5.451181900428198,5.0147167490994065
36.66605909718578,2.161379654628666,0.1
25.672979916892302,5.451181900428198,4.697136493889545
36.66605909718578,22.679564622245486,8.470938408377101
36.66605909718578,15.748116469531174,7.09341676561224
36.66605909718578,22.679564622245486,10.125453786742789
36.66605909718578,15.748116469531174,7.09341676561224
25.672979916892302,22.679564622245486,6.443776043920798
25.672979916892302,5.451181900428198,4.697136493889545
25.672979916892302,15.748116469531174,6.775836510402378
36.66605909718578,15.748116469531174,7.09341676561224
25.672979916892302,15.748116469531174,6.775836510402378
36.66605909718578,5.451181900428198,5.0147167490994065
25.672979916892302,5.451181900428198,4.697136493889545
36.66605909718578,22.679564622245486,8.470938408377101
13.974198036582298,15.748116469531174,6.971159678215237
