69.8521763253046,3.380956791764863,0.4724363540830766
73.98683263321013,22.679564622245486,0.4477143654943794
48.49524779024122,22.679564622245486,7.714701475850846
48.49524779024122,9.234477492320847,0.10577897324125703
37.00824373702421,22.679564622245486,9.626704492489996
37.00824373702421,22.679564622245486,9.804543040551009
39.042403456004834,22.679564622245486,9.935131095203696
73.98683263321013,44.85689478501521,9.245836973999078
37.00824373702421,22.679564622245486,9.041814064862102
3.806180324135113,22.679564622245486,0.9427732295072125
37.00824373702421,22.679564622245486,9.907601136005837
37.00824373702421,22.679564622245486,10.080069362482474
37.00824373702421,22.679564622245486,9.73717490446047
37.00824373702421,22.679564622245486,9.669807347495878
