21.23904428359227,3.778417793202001,9.682065616506671
21.23904428359227,3.778417793202001,9.682065616506671
19.83209016172236,11.9301002764115,9.972149811357246
21.23904428359227,3.778417793202001,9.682065616506671
19.83209016172236,11.9301002764115,9.972149811357246
19.83209016172236,11.9301002764115,9.972149811357246
15.1887044547603,7.703870575240268,9.535497723536091
15.1887044547603,7.703870575240268,9.535497723536091
15.1887044547603,7.703870575240268,9.535497723536091
15.1887044547603,7.703870575240268,9.535497723536091
19.83209016172236,11.9301002764115,9.972149811357246
21.23904428359227,3.778417793202001,9.682065616506671
15.1887044547603,7.703870575240268,9.535497723536091
21.23904428359227,3.778417793202001,9.682065616506671
19.83209016172236,11.9301002764115,9.972149811357246
21.23904428359227,3.778417793202001,9.682065616506671
15.1887044547603,7.703870575240268,9.535497723536091
26.081465594699345,19.91486877749771,7.856315992629971
19.887366913430817,10.444388967743873,8.577566214668382
19.887366913430817,10.444388967743873,8.577566214668382
20.03121377348645,11.9301002764115,9.927725064598965
30.65167285940321,11.487973219826836,8.233681896414902
19.887366913430817,11.9301002764115,9.999944564438083
19.887366913430817,11.9301002764115,9.999944564438083
15.1887044547603,7.703870575240268,9.535497723536091
30.65167285940321,11.487973219826836,8.233681896414902
21.23904428359227,3.778417793202001,9.682065616506671
15.180324724933035,16.415238063509456,9.881154345805495
20.03121377348645,11.9301002764115,9.927725064598965
19.887366913430817,11.9301002764115,9.999944564438083
19.887366913430817,11.9301002764115,9.999944564438083
30.65167285940321,11.487973219826836,8.233681896414902
21.23904428359227,3.778417793202001,9.682065616506671
20.03121377348645,11.9301002764115,9.927725064598965
17.052609184312068,11.9301002764115,8.574546206365067
15.1887044547603,7.703870575240268,9.535497723536091
15.180324724933035,16.415238063509456,9.881154345805495
17.052609184312068,11.9301002764115,8.574546206365067
19.887366913430817,10.444388967743873,8.577566214668382
19.83209016172236,11.9301002764115,9.972149811357246
26.081465594699345,19.91486877749771,7.856315992629971
8.394116239657757,11.9301002764115,9.999944564438083
20.03121377348645,11.9301002764115,9.927725064598965
19.83209016172236,11.9301002764115,9.972149811357246
19.887366913430817,11.9301002764115,9.999944564438083
5.12012301445167,23.77702066165523,9.999944564438083
21.23904428359227,3.778417793202001,9.682065616506671
19.887366913430817,10.444388967743873,8.577566214668382
19.887366913430817,11.9301002764115,9.999944564438083
8.394116239657757,11.9301002764115,9.999944564438083
30.65167285940321,11.487973219826836,8.233681896414902
19.83209016172236,10.332689549505078,9.89325715119199
26.081465594699345,19.91486877749771,7.856315992629971
8.0677466594963,0.047029082825851276,9.999944564438083
19.1924003639228,16.25101793707595,7.084563954956212
15.1887044547603,7.703870575240268,9.535497723536091
3.1631214063991244,11.9301002764115,9.972149811357246
15.180324724933035,16.415238063509456,9.881154345805495
15.246300925442487,11.9301002764115,7.666282053870162
8.394116239657757,11.9301002764115,9.999944564438083
3.1631214063991244,11.9301002764115,9.972149811357246
15.180324724933035,16.415238063509456,9.881154345805495
8.394116239657757,11.9301002764115,9.999944564438083
19.887366913430817,11.9301002764115,9.999944564438083
19.1924003639228,16.25101793707595,7.084563954956212
19.887366913430817,11.9301002764115,9.999944564438083
19.83209016172236,10.332689549505078,9.89325715119199
26.081465594699345,19.91486877749771,7.856315992629971
17.052609184312068,11.9301002764115,8.574546206365067
3.1631214063991244,11.9301002764115,9.972149811357246
26.081465594699345,19.91486877749771,7.856315992629971
15.1887044547603,7.703870575240268,9.535497723536091
19.887366913430817,11.9301002764115,9.999944564438083
19.1924003639228,16.25101793707595,7.084563954956212
17.052609184312068,11.9301002764115,8.574546206365067
15.246300925442487,11.9301002764115,7.666282053870162
30.65167285940321,11.487973219826836,8.233681896414902
8.0677466594963,0.047029082825851276,9.999944564438083
19.83209016172236,14.076624073294,8.451511285763186
19.887366913430817,12.59934565966654,9.46877279462304
21.23904428359227,3.778417793202001,9.682065616506671
19.83209016172236,10.332689549505078,9.89325715119199
19.887366913430817,10.444388967743873,8.577566214668382
15.180324724933035,16.415238063509456,9.881154345805495
19.887366913430817,11.9301002764115,9.999944564438083
19.83209016172236,11.9301002764115,9.972149811357246
20.03121377348645,11.9301002764115,9.927725064598965
21.23904428359227,3.778417793202001,9.682065616506671
19.887366913430817,11.25095871150309,9.396428831408953
3.1631214063991244,11.9301002764115,9.972149811357246
19.887366913430817,11.9301002764115,9.999944564438083
8.0677466594963,0.047029082825851276,9.999944564438083
23.97580295349667,11.9301002764115,7.944271282039892
19.887366913430817,10.444388967743873,8.577566214668382
8.394116239657757,11.9301002764115,9.999944564438083
30.65167285940321,11.487973219826836,8.233681896414902
19.887366913430817,10.444388967743873,8.577566214668382
8.394116239657757,11.9301002764115,9.999944564438083
19.887366913430817,12.59934565966654,9.46877279462304
21.23904428359227,3.778417793202001,9.682065616506671
19.83209016172236,14.076624073294,8.451511285763186
32.448250272252054,16.70421678611318,8.347219506811685
15.180324724933035,16.415238063509456,9.881154345805495
5.12012301445167,23.77702066165523,9.999944564438083
19.83209016172236,10.332689549505078,9.89325715119199
23.97580295349667,11.9301002764115,7.944271282039892
19.887366913430817,19.881362737864936,6.000611878837141
17.052609184312068,11.9301002764115,8.574546206365067
26.081465594699345,19.91486877749771,7.856315992629971
8.394116239657757,11.9301002764115,9.999944564438083
23.97580295349667,11.9301002764115,7.944271282039892
8.0677466594963,0.047029082825851276,9.999944564438083
20.03121377348645,11.9301002764115,9.927725064598965
19.83209016172236,11.9301002764115,9.972149811357246
20.03121377348645,11.9301002764115,9.927725064598965
15.246300925442487,11.9301002764115,7.666282053870162
3.1631214063991244,11.9301002764115,9.972149811357246
20.03121377348645,11.9301002764115,9.927725064598965
30.65167285940321,11.487973219826836,8.233681896414902
19.887366913430817,11.9301002764115,9.999944564438083
19.83209016172236,14.076624073294,8.451511285763186
19.1924003639228,16.25101793707595,7.084563954956212
20.03121377348645,11.9301002764115,9.927725064598965
15.180324724933035,16.415238063509456,9.881154345805495
17.052609184312068,11.9301002764115,8.574546206365067
19.83209016172236,11.9301002764115,9.972149811357246
20.03121377348645,11.9301002764115,9.927725064598965
19.887366913430817,11.25095871150309,9.396428831408953
19.887366913430817,11.9301002764115,9.999944564438083
19.887366913430817,10.444388967743873,8.577566214668382
15.246300925442487,11.9301002764115,7.666282053870162
19.83209016172236,2.1110448742198447,0.1
30.65167285940321,11.487973219826836,8.233681896414902
19.83209016172236,11.9301002764115,9.972149811357246
20.03121377348645,11.9301002764115,9.927725064598965
20.03121377348645,11.9301002764115,9.927725064598965
19.83209016172236,11.9301002764115,9.972149811357246
20.03121377348645,11.9301002764115,9.927725064598965
19.887366913430817,11.9301002764115,9.999944564438083
17.052609184312068,11.9301002764115,8.574546206365067
19.1924003639228,16.25101793707595,7.084563954956212
30.65167285940321,11.487973219826836,8.233681896414902
19.83209016172236,11.9301002764115,9.972149811357246
20.03121377348645,11.9301002764115,9.927725064598965
19.83209016172236,22.787937439578393,5.220689565974649
19.83209016172236,11.9301002764115,9.972149811357246
38.19355825307896,11.9301002764115,0.7951717835763539
15.505290071934365,11.259152446891333,8.261113635576223
19.83209016172236,11.9301002764115,9.972149811357246
19.83209016172236,13.282440323181552,8.95684409838879
20.03121377348645,11.9301002764115,9.927725064598965
19.887366913430817,12.59934565966654,9.46877279462304
20.03121377348645,11.9301002764115,9.927725064598965
5.658576602535971,14.225111479262402,2.386249888485212
19.83209016172236,11.9301002764115,9.972149811357246
19.83209016172236,11.9301002764115,9.972149811357246
20.03121377348645,11.9301002764115,9.927725064598965
38.19355825307896,11.9301002764115,0.7951717835763539
20.03121377348645,20.98050286514416,5.727377020621991
19.887366913430817,11.9301002764115,9.999944564438083
19.887366913430817,19.881362737864936,6.000611878837141
19.887366913430817,11.25095871150309,9.396428831408953
5.658576602535971,14.225111479262402,2.386249888485212
19.887366913430817,11.9301002764115,9.999944564438083
19.83209016172236,11.9301002764115,9.972149811357246
19.83209016172236,11.9301002764115,9.972149811357246
23.97580295349667,11.9301002764115,7.944271282039892
19.887366913430817,11.9301002764115,9.999944564438083
20.03121377348645,11.9301002764115,9.927725064598965
19.83209016172236,11.9301002764115,9.972149811357246
20.03121377348645,11.9301002764115,9.927725064598965
20.03121377348645,11.9301002764115,9.927725064598965
26.081465594699345,19.91486877749771,7.856315992629971
20.03121377348645,11.9301002764115,9.927725064598965
19.83209016172236,2.1110448742198447,0.1
20.03121377348645,11.9301002764115,9.927725064598965
20.03121377348645,11.9301002764115,9.927725064598965
19.83209016172236,22.787937439578393,5.220689565974649
