20.03121377348645,11.9301002764115,8.93705971134178
19.83209016172236,11.9301002764115,8.929948831045946
19.887366913430817,12.851779130818267,9.081840198210461
19.83209016172236,11.9301002764115,8.969553554630064
19.83209016172236,10.332689549505078,8.486178100009942
19.887366913430817,10.444388967743873,8.577566214668382
19.83209016172236,14.992036845356678,7.9354625690996
19.83209016172236,9.742737217428814,7.78898121073548
19.83209016172236,11.9301002764115,8.91899232973594
19.887366913430817,11.9301002764115,8.92417481180629
19.83209016172236,11.9301002764115,8.969553554630064
35.80048593129064,11.9301002764115,7.8399026076916964
19.83209016172236,11.9301002764115,8.91899232973594
19.83209016172236,11.9301002764115,8.929948831045946
19.83209016172236,11.9301002764115,9.972149811357246
23.88075753246394,11.9301002764115,9.200944733015765
19.83209016172236,1.9384918709535413,0.1
19.416925173846966,12.851779130818267,9.03367608925577
19.887366913430817,11.9301002764115,8.92417481180629
19.83209016172236,11.9301002764115,8.91899232973594
9.422868258580133,21.00567782237326,7.369586557430794
32.448250272252054,16.70421678611318,8.347219506811685
19.887366913430817,11.9301002764115,9.999944564438083
18.778985416906696,11.9301002764115,8.796357400399657
19.83209016172236,11.9301002764115,9.075726261803691
19.887366913430817,11.9301002764115,8.92417481180629
19.83209016172236,11.9301002764115,8.91899232973594
23.35309749709654,11.9301002764115,8.991585749223722
34.791053776280776,15.430294160636066,9.201111868874992
19.416925173846966,12.851779130818267,9.03367608925577
19.887366913430817,11.9301002764115,9.999944564438083
19.83209016172236,11.9301002764115,9.972149811357246
19.887366913430817,11.9301002764115,8.92417481180629
19.83209016172236,11.9301002764115,8.91899232973594
19.83209016172236,1.9384918709535413,0.1
4.208417957880841,3.7885155430705826,9.972149811357246
19.83209016172236,11.9301002764115,8.969553554630064
19.83209016172236,11.9301002764115,8.91899232973594
9.422868258580133,21.00567782237326,7.369586557430794
19.83209016172236,12.851779130818267,9.256986601614221
20.03121377348645,11.9301002764115,9.927725064598965
19.887366913430817,12.851779130818267,9.081840198210461
20.03121377348645,19.964522906967815,9.423278625331768
20.03121377348645,11.9301002764115,8.93705971134178
19.83209016172236,13.282440323181552,9.143799548415656
15.505290071934365,11.259152446891333,8.261113635576223
21.23904428359227,11.9301002764115,9.320392872415281
19.83209016172236,12.851779130818267,9.256986601614221
19.887366913430817,11.9301002764115,8.92417481180629
19.83209016172236,12.851779130818267,9.256986601614221
20.03121377348645,16.50792373129259,9.927725064598965
19.83209016172236,11.9301002764115,8.929948831045946
19.83209016172236,11.9301002764115,8.91899232973594
19.83209016172236,11.9301002764115,8.969553554630064
24.30712691561893,11.9301002764115,7.777671989709491
19.416925173846966,12.851779130818267,9.03367608925577
19.887366913430817,11.9301002764115,8.92417481180629
17.052609184312068,11.9301002764115,8.574546206365067
19.83209016172236,11.9301002764115,9.972149811357246
19.83209016172236,11.9301002764115,8.91899232973594
19.83209016172236,11.9301002764115,8.91899232973594
19.83209016172236,11.9301002764115,9.972149811357246
19.83209016172236,1.9384918709535413,0.1
9.422868258580133,21.00567782237326,7.369586557430794
20.03121377348645,11.9301002764115,9.927725064598965
19.83209016172236,13.282440323181552,9.143799548415656
20.03121377348645,19.964522906967815,9.423278625331768
20.03121377348645,11.9301002764115,8.93705971134178
33.13642091871417,20.933557010433198,9.927725064598965
19.887366913430817,11.9301002764115,9.999944564438083
23.35309749709654,11.9301002764115,8.991585749223722
20.03121377348645,11.9301002764115,9.927725064598965
20.03121377348645,11.9301002764115,9.927725064598965
15.505290071934365,11.259152446891333,8.261113635576223
19.887366913430817,10.444388967743873,8.577566214668382
24.30712691561893,11.9301002764115,7.777671989709491
19.83209016172236,11.9301002764115,8.91899232973594
34.791053776280776,15.430294160636066,9.201111868874992
19.887366913430817,11.9301002764115,8.92417481180629
19.83209016172236,11.9301002764115,8.91899232973594
20.03121377348645,13.253078284801079,9.066818093780247
19.416925173846966,12.851779130818267,9.03367608925577
19.887366913430817,11.9301002764115,8.92417481180629
19.83209016172236,11.9301002764115,8.91899232973594
19.83209016172236,11.9301002764115,8.91899232973594
33.13642091871417,20.933557010433198,9.927725064598965
19.83209016172236,14.992036845356678,8.022116292818351
19.887366913430817,20.679242447860705,9.999944564438083
19.83209016172236,1.9384918709535413,0.1
35.80048593129064,11.9301002764115,7.8399026076916964
19.83209016172236,11.9301002764115,9.972149811357246
19.887366913430817,11.946394506611743,8.927123809125263
9.422868258580133,21.00567782237326,7.369586557430794
20.03121377348645,19.964522906967815,9.423278625331768
12.96658520894878,11.9301002764115,7.582492117450007
20.03121377348645,11.9301002764115,8.93705971134178
19.83209016172236,11.9301002764115,8.969553554630064
21.23904428359227,11.9301002764115,9.320392872415281
19.83209016172236,11.9301002764115,8.929948831045946
19.887366913430817,11.9301002764115,8.92417481180629
19.83209016172236,14.992036845356678,8.022116292818351
19.887366913430817,11.9301002764115,8.92417481180629
19.83209016172236,11.9301002764115,8.91899232973594
19.416925173846966,12.851779130818267,9.03367608925577
19.887366913430817,10.444388967743873,8.577566214668382
20.03121377348645,11.9301002764115,9.927725064598965
15.505290071934365,11.259152446891333,8.261113635576223
19.887366913430817,11.9301002764115,8.92417481180629
19.887366913430817,11.9301002764115,9.999944564438083
19.83209016172236,11.9301002764115,8.91899232973594
19.83209016172236,3.1091420019896354,0.1
19.83209016172236,11.9301002764115,8.91899232973594
20.03121377348645,19.964522906967815,9.423278625331768
32.448250272252054,16.70421678611318,8.347219506811685
19.83209016172236,1.9384918709535413,0.1
19.887366913430817,11.9301002764115,9.999944564438083
9.422868258580133,21.00567782237326,7.369586557430794
20.03121377348645,11.9301002764115,8.93705971134178
19.83209016172236,12.851779130818267,9.256986601614221
20.03121377348645,11.9301002764115,9.927725064598965
19.83209016172236,11.9301002764115,8.91899232973594
19.887366913430817,11.9301002764115,8.92417481180629
26.986746971941777,11.9301002764115,6.430281350535013
20.03121377348645,11.9301002764115,9.927725064598965
20.03121377348645,11.9301002764115,8.93705971134178
23.143645897309117,11.903789622606286,9.46877279462304
19.83209016172236,11.9301002764115,8.91899232973594
19.416925173846966,12.851779130818267,9.03367608925577
19.887366913430817,11.9301002764115,8.92417481180629
19.83209016172236,14.992036845356678,7.9354625690996
20.03121377348645,13.253078284801079,9.066818093780247
19.83209016172236,11.9301002764115,8.91899232973594
19.83209016172236,1.9384918709535413,0.1
9.422868258580133,21.00567782237326,7.369586557430794
20.03121377348645,11.9301002764115,9.927725064598965
20.03121377348645,11.9301002764115,9.927725064598965
20.03121377348645,19.964522906967815,9.423278625331768
20.03121377348645,3.0644877688312633,0.1
33.13642091871417,20.933557010433198,9.927725064598965
19.887366913430817,11.9301002764115,9.999944564438083
19.83209016172236,12.851779130818267,9.256986601614221
19.83209016172236,11.9301002764115,8.91899232973594
23.35309749709654,11.9301002764115,8.991585749223722
19.83209016172236,12.851779130818267,9.256986601614221
19.887366913430817,11.9301002764115,8.92417481180629
20.03121377348645,11.9301002764115,9.927725064598965
19.83209016172236,11.9301002764115,8.91899232973594
6.373175363976507,7.703870575240268,4.962623077489349
20.03121377348645,13.253078284801079,9.066818093780247
19.83209016172236,11.9301002764115,8.91899232973594
19.416925173846966,12.851779130818267,9.03367608925577
19.887366913430817,11.9301002764115,9.999944564438083
19.887366913430817,11.9301002764115,8.92417481180629
19.83209016172236,11.9301002764115,8.969553554630064
19.83209016172236,11.9301002764115,8.91899232973594
19.83209016172236,11.9301002764115,8.91899232973594
19.83209016172236,1.9384918709535413,0.1
19.83209016172236,11.9301002764115,8.929948831045946
9.422868258580133,21.00567782237326,7.369586557430794
20.03121377348645,19.964522906967815,9.423278625331768
20.03121377348645,11.9301002764115,8.93705971134178
30.65167285940321,10.454949366188176,8.233681896414902
20.03121377348645,11.9301002764115,9.076881179368744
19.83209016172236,12.851779130818267,9.256986601614221
20.03121377348645,11.9301002764115,9.927725064598965
23.35309749709654,11.9301002764115,8.991585749223722
19.83209016172236,12.851779130818267,9.256986601614221
19.83209016172236,11.9301002764115,8.91899232973594
19.83209016172236,11.9301002764115,9.972149811357246
19.887366913430817,11.9301002764115,8.92417481180629
19.83209016172236,11.9301002764115,8.91899232973594
19.83209016172236,11.9301002764115,8.91899232973594
19.887366913430817,11.9301002764115,8.92417481180629
19.416925173846966,12.851779130818267,9.03367608925577
19.83209016172236,11.9301002764115,8.91899232973594
34.791053776280776,15.430294160636066,9.201111868874992
19.83209016172236,11.9301002764115,8.91899232973594
19.83209016172236,1.9384918709535413,0.1
19.83209016172236,3.1091420019896354,0.1
19.83209016172236,11.9301002764115,8.929948831045946
19.83209016172236,11.9301002764115,9.972149811357246
9.422868258580133,21.00567782237326,7.369586557430794
20.03121377348645,11.9301002764115,9.927725064598965
20.03121377348645,11.9301002764115,8.93705971134178
20.03121377348645,19.964522906967815,9.423278625331768
19.887366913430817,11.9301002764115,9.999944564438083
19.887366913430817,11.9301002764115,9.999944564438083
23.35309749709654,11.9301002764115,8.991585749223722
19.887366913430817,12.851779130818267,9.081840198210461
19.83209016172236,12.851779130818267,9.256986601614221
20.03121377348645,11.9301002764115,9.927725064598965
19.83209016172236,12.851779130818267,9.256986601614221
19.887366913430817,10.444388967743873,8.577566214668382
19.83209016172236,11.9301002764115,9.972149811357246
19.887366913430817,11.9301002764115,8.92417481180629
19.83209016172236,1.9384918709535413,0.1
19.887366913430817,11.9301002764115,8.92417481180629
23.88075753246394,11.9301002764115,9.200944733015765
19.83209016172236,11.9301002764115,8.91899232973594
19.416925173846966,12.851779130818267,9.03367608925577
19.83209016172236,11.9301002764115,8.91899232973594
19.83209016172236,11.9301002764115,8.91899232973594
19.83209016172236,13.282440323181552,9.143799548415656
9.422868258580133,21.00567782237326,7.369586557430794
20.03121377348645,11.9301002764115,9.927725064598965
20.03121377348645,19.964522906967815,9.423278625331768
20.03121377348645,11.9301002764115,8.93705971134178
19.887366913430817,11.9301002764115,9.999944564438083
19.83209016172236,12.851779130818267,9.256986601614221
20.03121377348645,16.50792373129259,9.927725064598965
21.23904428359227,11.9301002764115,9.320392872415281
20.03121377348645,11.9301002764115,9.927725064598965
19.83209016172236,14.992036845356678,8.022116292818351
20.03121377348645,13.253078284801079,9.066818093780247
19.83209016172236,11.9301002764115,8.91899232973594
3.9843868683430337,14.076624073294,8.451511285763186
19.83209016172236,11.9301002764115,8.91899232973594
19.887366913430817,11.9301002764115,8.92417481180629
20.03121377348645,13.253078284801079,9.066818093780247
19.887366913430817,11.9301002764115,8.92417481180629
30.65167285940321,10.454949366188176,8.233681896414902
19.83209016172236,12.851779130818267,9.256986601614221
19.83209016172236,11.9301002764115,9.972149811357246
19.83209016172236,11.9301002764115,8.969553554630064
19.887366913430817,11.9301002764115,8.92417481180629
19.83209016172236,11.9301002764115,8.91899232973594
19.416925173846966,12.851779130818267,9.03367608925577
19.83209016172236,11.9301002764115,8.91899232973594
19.83209016172236,11.9301002764115,8.91899232973594
19.83209016172236,1.9384918709535413,0.1
19.83209016172236,11.9301002764115,9.972149811357246
9.422868258580133,21.00567782237326,7.369586557430794
20.03121377348645,11.9301002764115,9.927725064598965
20.03121377348645,19.964522906967815,9.423278625331768
20.03121377348645,11.9301002764115,8.93705971134178
26.498638082523378,14.992036845356678,7.9354625690996
19.887366913430817,11.9301002764115,9.999944564438083
19.83209016172236,12.851779130818267,9.256986601614221
20.03121377348645,11.9301002764115,9.927725064598965
23.35309749709654,11.9301002764115,8.991585749223722
19.83209016172236,12.851779130818267,9.256986601614221
19.887366913430817,11.9301002764115,9.999944564438083
4.208417957880841,3.7885155430705826,9.972149811357246
20.03121377348645,11.9301002764115,9.927725064598965
20.03121377348645,11.9301002764115,9.927725064598965
19.887366913430817,11.9301002764115,8.92417481180629
19.83209016172236,11.9301002764115,8.91899232973594
19.416925173846966,12.851779130818267,9.03367608925577
20.03121377348645,11.9301002764115,8.93705971134178
19.83209016172236,14.992036845356678,8.022116292818351
19.887366913430817,11.9301002764115,8.92417481180629
19.83209016172236,11.9301002764115,9.972149811357246
19.83209016172236,11.9301002764115,8.91899232973594
19.83209016172236,11.9301002764115,8.91899232973594
19.83209016172236,1.9384918709535413,0.1
19.83209016172236,11.9301002764115,8.91899232973594
9.422868258580133,21.00567782237326,7.369586557430794
20.03121377348645,11.9301002764115,9.927725064598965
20.03121377348645,19.964522906967815,9.423278625331768
19.887366913430817,11.9301002764115,9.999944564438083
20.03121377348645,11.9301002764115,9.927725064598965
19.83209016172236,11.9301002764115,8.91899232973594
23.35309749709654,11.9301002764115,8.991585749223722
19.83209016172236,12.851779130818267,9.256986601614221
21.23904428359227,11.9301002764115,9.320392872415281
32.448250272252054,16.70421678611318,8.347219506811685
19.83209016172236,11.98723088300087,9.924622991086283
19.887366913430817,11.9301002764115,9.999944564438083
19.887366913430817,11.9301002764115,8.92417481180629
19.887366913430817,11.9301002764115,9.999944564438083
19.83209016172236,11.9301002764115,8.91899232973594
19.416925173846966,12.851779130818267,9.03367608925577
19.887366913430817,11.9301002764115,8.92417481180629
19.83209016172236,11.9301002764115,8.91899232973594
19.83209016172236,11.9301002764115,8.91899232973594
23.143645897309117,11.903789622606286,9.46877279462304
19.83209016172236,1.9384918709535413,0.1
19.83209016172236,11.9301002764115,9.972149811357246
9.422868258580133,21.00567782237326,7.369586557430794
20.03121377348645,11.9301002764115,9.927725064598965
20.03121377348645,19.964522906967815,9.423278625331768
20.03121377348645,11.9301002764115,8.93705971134178
19.83209016172236,12.851779130818267,9.256986601614221
20.03121377348645,11.9301002764115,9.927725064598965
19.83209016172236,11.9301002764115,8.91899232973594
23.35309749709654,11.9301002764115,8.991585749223722
19.83209016172236,12.851779130818267,9.256986601614221
19.887366913430817,11.9301002764115,8.92417481180629
19.887366913430817,12.851779130818267,9.081840198210461
19.887366913430817,11.9301002764115,8.92417481180629
19.83209016172236,11.9301002764115,8.91899232973594
19.416925173846966,12.851779130818267,9.03367608925577
19.887366913430817,11.9301002764115,8.92417481180629
19.83209016172236,11.98723088300087,9.924622991086283
25.434186015976977,11.9301002764115,7.21095400368921
20.03121377348645,11.9301002764115,8.93705971134178
35.80048593129064,11.9301002764115,7.8399026076916964
19.887366913430817,11.9301002764115,9.999944564438083
19.83209016172236,11.9301002764115,8.91899232973594
33.13642091871417,20.933557010433198,9.927725064598965
19.887366913430817,11.9301002764115,9.999944564438083
19.83209016172236,11.9301002764115,8.91899232973594
19.83209016172236,1.9384918709535413,0.1
9.422868258580133,21.00567782237326,7.369586557430794
23.35309749709654,11.9301002764115,8.991585749223722
20.03121377348645,11.9301002764115,9.927725064598965
20.03121377348645,19.964522906967815,9.423278625331768
19.83209016172236,12.851779130818267,9.256986601614221
20.03121377348645,11.9301002764115,9.927725064598965
19.83209016172236,11.9301002764115,8.91899232973594
19.83209016172236,12.851779130818267,9.256986601614221
19.83209016172236,11.9301002764115,8.91899232973594
19.887366913430817,10.444388967743873,8.577566214668382
19.83209016172236,14.992036845356678,8.022116292818351
19.887366913430817,11.9301002764115,9.999944564438083
34.791053776280776,15.430294160636066,9.201111868874992
19.887366913430817,11.9301002764115,8.92417481180629
19.83209016172236,10.332689549505078,8.486178100009942
19.83209016172236,11.9301002764115,9.972149811357246
19.83209016172236,11.9301002764115,8.91899232973594
20.03121377348645,11.9301002764115,9.927725064598965
36.74900674486358,11.9301002764115,9.927725064598965
19.416925173846966,12.851779130818267,9.03367608925577
19.887366913430817,11.9301002764115,8.92417481180629
19.83209016172236,11.9301002764115,8.91899232973594
19.83209016172236,11.9301002764115,8.91899232973594
33.13642091871417,20.933557010433198,9.927725064598965
19.83209016172236,1.9384918709535413,0.1
19.83209016172236,12.851779130818267,9.256986601614221
18.778985416906696,11.9301002764115,8.796357400399657
9.422868258580133,21.00567782237326,7.369586557430794
19.887366913430817,11.25095871150309,9.396428831408953
20.03121377348645,11.9301002764115,9.927725064598965
20.03121377348645,19.964522906967815,9.423278625331768
4.208417957880841,3.7885155430705826,9.972149811357246
20.03121377348645,11.9301002764115,8.93705971134178
19.887366913430817,11.9301002764115,8.92417481180629
19.83209016172236,11.9301002764115,8.969553554630064
19.887366913430817,12.851779130818267,9.081840198210461
19.83209016172236,11.9301002764115,8.969553554630064
19.83209016172236,11.9301002764115,8.91899232973594
30.65167285940321,10.454949366188176,8.233681896414902
19.416925173846966,12.851779130818267,9.03367608925577
19.887366913430817,11.9301002764115,8.92417481180629
19.83209016172236,11.9301002764115,8.91899232973594
19.83209016172236,11.9301002764115,8.91899232973594
19.83209016172236,1.9384918709535413,0.1
19.83209016172236,11.9301002764115,9.972149811357246
9.422868258580133,21.00567782237326,7.369586557430794
23.97580295349667,11.9301002764115,7.944271282039892
21.23904428359227,11.9301002764115,9.320392872415281
20.03121377348645,11.9301002764115,9.927725064598965
20.03121377348645,19.964522906967815,9.423278625331768
20.03121377348645,11.9301002764115,9.927725064598965
19.887366913430817,10.444388967743873,8.577566214668382
20.03121377348645,11.9301002764115,8.93705971134178
26.498638082523378,14.992036845356678,7.9354625690996
19.887366913430817,11.9301002764115,9.999944564438083
19.83209016172236,12.851779130818267,9.256986601614221
19.83209016172236,11.9301002764115,8.91899232973594
20.03121377348645,11.9301002764115,9.927725064598965
19.83209016172236,13.407541102939106,8.535323210571942
19.887366913430817,11.9301002764115,8.92417481180629
19.83209016172236,11.9301002764115,8.91899232973594
19.416925173846966,12.851779130818267,9.03367608925577
19.887366913430817,11.9301002764115,8.92417481180629
19.83209016172236,11.9301002764115,8.91899232973594
19.83209016172236,11.9301002764115,8.91899232973594
19.83209016172236,1.9384918709535413,0.1
19.83209016172236,14.992036845356678,8.022116292818351
9.422868258580133,21.00567782237326,7.369586557430794
20.03121377348645,19.964522906967815,9.423278625331768
20.03121377348645,11.9301002764115,8.93705971134178
19.887366913430817,11.9301002764115,9.999944564438083
19.83209016172236,12.851779130818267,9.256986601614221
26.986746971941777,11.9301002764115,6.430281350535013
20.03121377348645,11.9301002764115,9.927725064598965
30.65167285940321,10.454949366188176,8.233681896414902
19.83209016172236,11.9301002764115,8.91899232973594
23.35309749709654,11.9301002764115,8.991585749223722
19.83209016172236,12.851779130818267,9.256986601614221
19.83209016172236,11.9301002764115,8.91899232973594
19.83209016172236,13.282440323181552,8.95684409838879
19.83209016172236,3.1091420019896354,0.1
19.83209016172236,1.9384918709535413,0.1
19.83209016172236,14.992036845356678,8.022116292818351
23.97580295349667,11.9301002764115,7.944271282039892
19.887366913430817,11.9301002764115,8.92417481180629
30.65167285940321,10.454949366188176,8.233681896414902
23.35309749709654,11.9301002764115,8.991585749223722
20.03121377348645,11.9301002764115,9.076881179368744
19.83209016172236,11.9301002764115,8.91899232973594
20.03121377348645,3.0644877688312633,0.1
19.83209016172236,13.282440323181552,8.95684409838879
24.30712691561893,11.9301002764115,7.777671989709491
19.416925173846966,12.851779130818267,9.03367608925577
19.887366913430817,11.9301002764115,8.92417481180629
20.03121377348645,11.9301002764115,9.927725064598965
19.83209016172236,11.9301002764115,8.91899232973594
20.03121377348645,11.9301002764115,9.927725064598965
23.143645897309117,11.903789622606286,9.46877279462304
19.83209016172236,11.9301002764115,8.91899232973594
9.422868258580133,21.00567782237326,7.369586557430794
19.887366913430817,20.679242447860705,9.999944564438083
19.83209016172236,13.282440323181552,9.143799548415656
20.03121377348645,13.253078284801079,9.066818093780247
20.03121377348645,19.964522906967815,9.423278625331768
19.83209016172236,13.407541102939106,8.535323210571942
19.83209016172236,11.9301002764115,9.972149811357246
20.03121377348645,11.9301002764115,9.927725064598965
26.986746971941777,11.9301002764115,6.430281350535013
19.887366913430817,11.9301002764115,8.92417481180629
19.416925173846966,12.851779130818267,9.03367608925577
19.83209016172236,11.9301002764115,8.91899232973594
19.887366913430817,11.9301002764115,8.92417481180629
19.83209016172236,11.9301002764115,8.91899232973594
19.83209016172236,11.9301002764115,8.91899232973594
19.83209016172236,1.9384918709535413,0.1
9.422868258580133,21.00567782237326,7.369586557430794
19.83209016172236,14.992036845356678,8.022116292818351
20.03121377348645,11.9301002764115,9.927725064598965
20.03121377348645,19.964522906967815,9.423278625331768
19.83209016172236,11.9301002764115,8.91899232973594
20.03121377348645,11.9301002764115,8.93705971134178
30.65167285940321,10.454949366188176,8.233681896414902
19.83209016172236,12.851779130818267,9.256986601614221
19.887366913430817,11.9301002764115,9.999944564438083
19.83209016172236,12.851779130818267,9.256986601614221
20.03121377348645,11.9301002764115,9.927725064598965
23.35309749709654,11.9301002764115,8.991585749223722
19.83209016172236,11.9301002764115,8.91899232973594
19.887366913430817,11.25095871150309,9.396428831408953
19.83209016172236,13.407541102939106,8.535323210571942
33.13642091871417,20.933557010433198,9.927725064598965
19.83209016172236,11.9301002764115,8.929948831045946
19.887366913430817,11.9301002764115,8.92417481180629
19.887366913430817,11.9301002764115,8.92417481180629
9.422868258580133,21.00567782237326,7.369586557430794
19.83209016172236,11.9301002764115,8.91899232973594
36.74900674486358,11.9301002764115,9.927725064598965
20.03121377348645,13.253078284801079,9.066818093780247
19.416925173846966,12.851779130818267,9.03367608925577
19.83209016172236,14.992036845356678,8.022116292818351
20.03121377348645,11.9301002764115,8.93705971134178
24.30712691561893,11.9301002764115,7.777671989709491
19.887366913430817,10.444388967743873,8.577566214668382
19.83209016172236,11.9301002764115,8.91899232973594
19.83209016172236,11.9301002764115,8.91899232973594
19.83209016172236,1.9384918709535413,0.1
20.03121377348645,11.9301002764115,9.927725064598965
20.03121377348645,19.964522906967815,9.423278625331768
19.887366913430817,11.9301002764115,9.999944564438083
19.83209016172236,12.851779130818267,9.256986601614221
20.03121377348645,11.9301002764115,9.927725064598965
19.83209016172236,11.9301002764115,8.91899232973594
23.35309749709654,11.9301002764115,8.991585749223722
19.83209016172236,11.9301002764115,8.91899232973594
23.35309749709654,11.9301002764115,8.991585749223722
35.80048593129064,11.9301002764115,7.8399026076916964
15.505290071934365,11.259152446891333,8.261113635576223
19.887366913430817,11.9301002764115,8.92417481180629
19.83209016172236,11.9301002764115,8.91899232973594
19.83209016172236,14.992036845356678,7.9354625690996
3.9843868683430337,14.076624073294,8.451511285763186
19.416925173846966,12.851779130818267,9.03367608925577
19.887366913430817,11.9301002764115,8.92417481180629
19.83209016172236,11.9301002764115,8.91899232973594
19.83209016172236,11.9301002764115,8.91899232973594
20.03121377348645,13.253078284801079,9.066818093780247
19.83209016172236,1.9384918709535413,0.1
9.422868258580133,21.00567782237326,7.369586557430794
20.03121377348645,11.9301002764115,9.927725064598965
20.03121377348645,11.9301002764115,9.927725064598965
20.03121377348645,19.964522906967815,9.423278625331768
20.03121377348645,11.9301002764115,8.93705971134178
19.887366913430817,11.9301002764115,9.999944564438083
19.83209016172236,3.1091420019896354,0.1
19.83209016172236,12.851779130818267,9.256986601614221
20.03121377348645,11.9301002764115,9.927725064598965
36.74900674486358,11.9301002764115,9.927725064598965
19.83209016172236,11.9301002764115,8.91899232973594
20.03121377348645,11.9301002764115,9.927725064598965
19.83209016172236,12.851779130818267,9.256986601614221
19.83209016172236,9.742737217428814,7.78898121073548
19.83209016172236,1.9384918709535413,0.1
19.83209016172236,11.9301002764115,9.972149811357246
19.83209016172236,11.9301002764115,8.91899232973594
19.83209016172236,3.1091420019896354,0.1
19.887366913430817,11.9301002764115,8.92417481180629
17.052609184312068,11.9301002764115,8.574546206365067
19.83209016172236,11.9301002764115,8.91899232973594
19.416925173846966,12.851779130818267,9.03367608925577
19.887366913430817,11.9301002764115,8.92417481180629
19.83209016172236,11.9301002764115,8.91899232973594
9.422868258580133,21.00567782237326,7.369586557430794
20.03121377348645,19.964522906967815,9.423278625331768
19.887366913430817,11.9301002764115,9.999944564438083
26.498638082523378,14.992036845356678,7.9354625690996
19.83209016172236,11.9301002764115,8.929948831045946
20.03121377348645,11.9301002764115,8.93705971134178
19.83209016172236,13.407541102939106,8.535323210571942
20.03121377348645,11.9301002764115,9.927725064598965
23.35309749709654,11.9301002764115,8.991585749223722
19.83209016172236,12.851779130818267,9.256986601614221
19.83209016172236,11.9301002764115,8.91899232973594
19.887366913430817,11.9301002764115,8.92417481180629
19.83209016172236,11.9301002764115,8.91899232973594
19.887366913430817,11.25095871150309,9.396428831408953
20.03121377348645,11.9301002764115,9.927725064598965
19.83209016172236,11.9301002764115,9.972149811357246
19.887366913430817,11.9301002764115,8.92417481180629
21.23904428359227,11.9301002764115,9.320392872415281
19.416925173846966,12.851779130818267,9.03367608925577
19.83209016172236,11.9301002764115,8.91899232973594
19.83209016172236,11.9301002764115,8.91899232973594
19.83209016172236,1.9384918709535413,0.1
19.83209016172236,14.992036845356678,8.022116292818351
9.422868258580133,21.00567782237326,7.369586557430794
20.03121377348645,11.9301002764115,9.927725064598965
20.03121377348645,19.964522906967815,9.423278625331768
20.03121377348645,11.9301002764115,8.93705971134178
23.35309749709654,11.9301002764115,8.991585749223722
23.88075753246394,11.9301002764115,9.200944733015765
19.83209016172236,13.407541102939106,8.535323210571942
19.887366913430817,11.9301002764115,9.999944564438083
19.83209016172236,12.851779130818267,9.256986601614221
20.03121377348645,16.50792373129259,9.927725064598965
19.83209016172236,11.9301002764115,8.969553554630064
19.83209016172236,12.851779130818267,9.256986601614221
19.83209016172236,11.9301002764115,9.972149811357246
19.887366913430817,11.9301002764115,9.999944564438083
20.03121377348645,11.9301002764115,9.927725064598965
23.35309749709654,11.9301002764115,8.991585749223722
19.83209016172236,11.9301002764115,8.969553554630064
20.03121377348645,16.50792373129259,9.927725064598965
19.887366913430817,11.9301002764115,8.92417481180629
19.887366913430817,11.9301002764115,8.92417481180629
20.03121377348645,11.9301002764115,8.93705971134178
19.83209016172236,11.9301002764115,8.91899232973594
19.83209016172236,11.9301002764115,8.929948831045946
19.83209016172236,11.9301002764115,8.91899232973594
20.03121377348645,13.253078284801079,9.066818093780247
19.416925173846966,12.851779130818267,9.03367608925577
19.83209016172236,11.9301002764115,8.91899232973594
12.96658520894878,11.9301002764115,7.582492117450007
19.887366913430817,11.25095871150309,9.396428831408953
19.83209016172236,11.9301002764115,8.91899232973594
19.83209016172236,1.9384918709535413,0.1
9.422868258580133,21.00567782237326,7.369586557430794
20.03121377348645,19.964522906967815,9.423278625331768
19.887366913430817,11.9301002764115,9.999944564438083
19.83209016172236,14.992036845356678,8.022116292818351
19.887366913430817,11.9301002764115,8.92417481180629
19.887366913430817,11.9301002764115,9.999944564438083
19.83209016172236,11.9301002764115,8.929948831045946
19.887366913430817,11.9301002764115,8.92417481180629
20.03121377348645,11.9301002764115,9.927725064598965
19.83209016172236,12.851779130818267,9.256986601614221
19.83209016172236,11.9301002764115,8.91899232973594
19.83209016172236,13.407541102939106,8.535323210571942
19.83209016172236,11.9301002764115,8.91899232973594
19.416925173846966,12.851779130818267,9.03367608925577
19.887366913430817,11.9301002764115,8.92417481180629
21.23904428359227,11.9301002764115,9.320392872415281
19.83209016172236,11.9301002764115,8.91899232973594
19.83209016172236,11.9301002764115,8.91899232973594
19.83209016172236,1.9384918709535413,0.1
19.887366913430817,11.9301002764115,9.999944564438083
17.052609184312068,11.9301002764115,8.574546206365067
20.03121377348645,11.9301002764115,9.927725064598965
19.83209016172236,11.9301002764115,9.972149811357246
9.422868258580133,21.00567782237326,7.369586557430794
20.03121377348645,19.964522906967815,9.423278625331768
20.03121377348645,11.9301002764115,8.93705971134178
19.887366913430817,11.9301002764115,9.999944564438083
20.03121377348645,11.9301002764115,9.927725064598965
19.887366913430817,11.9301002764115,9.999944564438083
32.448250272252054,16.70421678611318,8.347219506811685
19.83209016172236,11.9301002764115,9.972149811357246
19.83209016172236,11.9301002764115,8.91899232973594
23.143645897309117,11.903789622606286,9.46877279462304
19.83209016172236,11.9301002764115,8.929948831045946
19.887366913430817,11.9301002764115,8.92417481180629
19.887366913430817,11.9301002764115,8.92417481180629
19.887366913430817,11.9301002764115,8.92417481180629
19.83209016172236,11.9301002764115,8.91899232973594
33.13642091871417,20.933557010433198,9.927725064598965
19.887366913430817,11.25095871150309,9.396428831408953
19.416925173846966,12.851779130818267,9.03367608925577
19.83209016172236,11.9301002764115,8.91899232973594
19.83209016172236,11.9301002764115,8.91899232973594
19.83209016172236,1.9384918709535413,0.1
3.9843868683430337,14.076624073294,8.451511285763186
9.422868258580133,21.00567782237326,7.369586557430794
20.03121377348645,11.9301002764115,9.927725064598965
20.03121377348645,16.50792373129259,9.927725064598965
20.03121377348645,19.964522906967815,9.423278625331768
20.03121377348645,11.9301002764115,8.93705971134178
19.83209016172236,12.851779130818267,9.256986601614221
20.03121377348645,11.9301002764115,9.076881179368744
19.83209016172236,11.9301002764115,8.969553554630064
4.208417957880841,3.7885155430705826,9.972149811357246
19.887366913430817,11.9301002764115,9.999944564438083
19.887366913430817,11.9301002764115,8.92417481180629
3.9843868683430337,14.076624073294,8.451511285763186
19.83209016172236,9.742737217428814,7.78898121073548
19.83209016172236,11.9301002764115,8.91899232973594
19.83209016172236,13.282440323181552,8.95684409838879
19.83209016172236,11.9301002764115,9.972149811357246
19.416925173846966,12.851779130818267,9.03367608925577
19.887366913430817,11.9301002764115,8.92417481180629
19.83209016172236,11.9301002764115,8.91899232973594
19.83209016172236,11.9301002764115,8.929948831045946
9.422868258580133,21.00567782237326,7.369586557430794
19.83209016172236,11.9301002764115,8.91899232973594
19.83209016172236,1.9384918709535413,0.1
20.03121377348645,11.9301002764115,9.927725064598965
19.83209016172236,10.332689549505078,8.486178100009942
33.13642091871417,20.933557010433198,9.927725064598965
20.03121377348645,19.964522906967815,9.423278625331768
12.96658520894878,11.9301002764115,7.582492117450007
20.03121377348645,11.9301002764115,8.93705971134178
19.83209016172236,12.851779130818267,9.256986601614221
35.80048593129064,11.9301002764115,7.8399026076916964
19.83209016172236,9.742737217428814,7.78898121073548
19.887366913430817,11.25095871150309,9.396428831408953
19.887366913430817,20.679242447860705,9.999944564438083
20.03121377348645,3.0644877688312633,0.1
19.83209016172236,11.9301002764115,8.969553554630064
19.887366913430817,11.9301002764115,8.92417481180629
19.83209016172236,11.9301002764115,8.91899232973594
19.83209016172236,11.9301002764115,8.91899232973594
19.887366913430817,12.851779130818267,9.081840198210461
19.416925173846966,12.851779130818267,9.03367608925577
19.887366913430817,11.9301002764115,8.92417481180629
19.83209016172236,11.9301002764115,8.91899232973594
19.83209016172236,1.9384918709535413,0.1
9.422868258580133,21.00567782237326,7.369586557430794
36.74900674486358,11.9301002764115,9.927725064598965
20.03121377348645,11.9301002764115,8.93705971134178
20.03121377348645,11.9301002764115,9.927725064598965
19.887366913430817,11.9301002764115,9.999944564438083
19.83209016172236,11.9301002764115,8.929948831045946
20.03121377348645,19.964522906967815,9.423278625331768
20.573876811910036,10.282084185840755,7.996735396702338
19.83209016172236,12.851779130818267,9.256986601614221
20.03121377348645,11.9301002764115,9.927725064598965
19.83209016172236,11.9301002764115,8.91899232973594
19.83209016172236,11.9301002764115,9.972149811357246
19.887366913430817,11.9301002764115,8.92417481180629
15.505290071934365,11.259152446891333,8.261113635576223
19.83209016172236,11.9301002764115,8.91899232973594
19.416925173846966,12.851779130818267,9.03367608925577
19.887366913430817,11.9301002764115,8.92417481180629
19.83209016172236,11.9301002764115,8.91899232973594
19.83209016172236,11.9301002764115,8.929948831045946
19.83209016172236,11.9301002764115,8.91899232973594
19.83209016172236,1.9384918709535413,0.1
9.422868258580133,21.00567782237326,7.369586557430794
20.03121377348645,11.9301002764115,9.927725064598965
20.03121377348645,19.964522906967815,9.423278625331768
20.03121377348645,11.9301002764115,8.93705971134178
12.96658520894878,11.9301002764115,7.582492117450007
3.9843868683430337,14.076624073294,8.451511285763186
19.887366913430817,11.9301002764115,9.999944564438083
19.83209016172236,12.851779130818267,9.256986601614221
20.03121377348645,11.9301002764115,9.927725064598965
19.83209016172236,11.9301002764115,8.91899232973594
21.23904428359227,11.9301002764115,9.320392872415281
20.03121377348645,11.9301002764115,9.927725064598965
23.35309749709654,11.9301002764115,8.991585749223722
19.83209016172236,12.851779130818267,9.256986601614221
23.97580295349667,11.9301002764115,7.944271282039892
4.208417957880841,3.7885155430705826,9.972149811357246
19.887366913430817,11.9301002764115,8.92417481180629
19.887366913430817,11.9301002764115,8.92417481180629
19.83209016172236,3.1091420019896354,0.1
20.03121377348645,19.964522906967815,9.423278625331768
19.83209016172236,14.992036845356678,7.9354625690996
3.9843868683430337,14.076624073294,8.451511285763186
19.83209016172236,11.9301002764115,8.91899232973594
23.88075753246394,11.9301002764115,9.200944733015765
19.416925173846966,12.851779130818267,9.03367608925577
19.83209016172236,11.9301002764115,8.91899232973594
19.83209016172236,11.9301002764115,8.91899232973594
19.83209016172236,1.9384918709535413,0.1
9.422868258580133,21.00567782237326,7.369586557430794
20.03121377348645,11.9301002764115,9.927725064598965
19.83209016172236,12.851779130818267,9.256986601614221
20.03121377348645,11.9301002764115,8.93705971134178
19.887366913430817,11.9301002764115,9.999944564438083
20.03121377348645,11.9301002764115,9.927725064598965
19.83209016172236,11.9301002764115,8.91899232973594
19.83209016172236,11.9301002764115,8.91899232973594
19.887366913430817,11.25095871150309,9.396428831408953
23.35309749709654,11.9301002764115,8.991585749223722
32.448250272252054,16.70421678611318,8.347219506811685
19.887366913430817,11.9301002764115,8.92417481180629
19.83209016172236,11.9301002764115,8.91899232973594
19.416925173846966,12.851779130818267,9.03367608925577
19.887366913430817,11.9301002764115,8.92417481180629
20.03121377348645,11.9301002764115,9.927725064598965
19.83209016172236,14.992036845356678,7.9354625690996
12.96658520894878,11.9301002764115,7.582492117450007
19.83209016172236,12.851779130818267,9.256986601614221
20.03121377348645,19.964522906967815,9.423278625331768
19.887366913430817,11.9301002764115,9.999944564438083
19.83209016172236,11.9301002764115,8.91899232973594
19.83209016172236,11.9301002764115,8.91899232973594
19.83209016172236,12.851779130818267,9.256986601614221
19.83209016172236,11.9301002764115,8.929948831045946
19.83209016172236,1.9384918709535413,0.1
9.422868258580133,21.00567782237326,7.369586557430794
20.03121377348645,11.9301002764115,9.927725064598965
19.83209016172236,11.9301002764115,8.929948831045946
20.03121377348645,11.9301002764115,8.93705971134178
19.83209016172236,11.9301002764115,8.91899232973594
23.35309749709654,11.9301002764115,8.991585749223722
19.83209016172236,11.9301002764115,8.91899232973594
19.887366913430817,11.9301002764115,9.999944564438083
19.83209016172236,13.282440323181552,8.95684409838879
19.83209016172236,14.992036845356678,8.022116292818351
24.30712691561893,11.9301002764115,7.777671989709491
19.83209016172236,11.9301002764115,8.929948831045946
20.03121377348645,11.9301002764115,9.927725064598965
19.887366913430817,11.9301002764115,8.92417481180629
19.83209016172236,11.9301002764115,8.91899232973594
19.887366913430817,11.9301002764115,8.92417481180629
19.83209016172236,11.9301002764115,8.91899232973594
9.422868258580133,21.00567782237326,7.369586557430794
19.416925173846966,12.851779130818267,9.03367608925577
20.03121377348645,11.9301002764115,8.93705971134178
19.83209016172236,11.9301002764115,8.969553554630064
19.887366913430817,11.9301002764115,8.92417481180629
19.83209016172236,11.9301002764115,8.91899232973594
19.83209016172236,1.9384918709535413,0.1
19.83209016172236,12.851779130818267,9.256986601614221
20.03121377348645,11.9301002764115,9.927725064598965
20.03121377348645,11.9301002764115,9.927725064598965
19.83209016172236,14.992036845356678,7.9354625690996
19.83209016172236,11.9301002764115,8.91899232973594
20.03121377348645,19.964522906967815,9.423278625331768
19.887366913430817,11.9301002764115,9.999944564438083
20.03121377348645,11.9301002764115,9.927725064598965
19.887366913430817,12.851779130818267,9.081840198210461
23.88075753246394,11.9301002764115,9.200944733015765
19.83209016172236,11.9301002764115,8.91899232973594
19.83209016172236,11.9301002764115,8.969553554630064
9.422868258580133,21.00567782237326,7.369586557430794
19.887366913430817,11.9301002764115,8.92417481180629
20.03121377348645,19.964522906967815,9.423278625331768
19.416925173846966,12.851779130818267,9.03367608925577
19.887366913430817,11.9301002764115,8.92417481180629
19.83209016172236,11.9301002764115,8.91899232973594
19.83209016172236,11.9301002764115,8.91899232973594
19.83209016172236,11.9301002764115,8.91899232973594
19.83209016172236,1.9384918709535413,0.1
20.03121377348645,11.9301002764115,9.927725064598965
20.03121377348645,11.9301002764115,8.93705971134178
23.35309749709654,11.9301002764115,8.991585749223722
19.887366913430817,11.9301002764115,9.999944564438083
19.83209016172236,12.851779130818267,9.256986601614221
20.03121377348645,11.9301002764115,9.927725064598965
19.83209016172236,12.851779130818267,9.256986601614221
19.83209016172236,11.9301002764115,8.91899232973594
19.83209016172236,13.282440323181552,8.95684409838879
19.83209016172236,3.1091420019896354,0.1
26.498638082523378,14.992036845356678,7.9354625690996
19.83209016172236,11.9301002764115,8.91899232973594
19.887366913430817,11.9301002764115,8.92417481180629
20.03121377348645,11.9301002764115,9.927725064598965
19.83209016172236,11.9301002764115,8.91899232973594
19.83209016172236,3.1091420019896354,0.1
19.887366913430817,11.9301002764115,8.92417481180629
20.03121377348645,19.964522906967815,9.423278625331768
19.83209016172236,11.9301002764115,9.075726261803691
19.83209016172236,12.851779130818267,9.256986601614221
23.35309749709654,11.9301002764115,8.991585749223722
33.13642091871417,20.933557010433198,9.927725064598965
19.416925173846966,12.851779130818267,9.03367608925577
19.83209016172236,11.9301002764115,8.91899232973594
19.83209016172236,11.9301002764115,8.91899232973594
19.83209016172236,11.9301002764115,8.969553554630064
19.83209016172236,1.9384918709535413,0.1
9.422868258580133,21.00567782237326,7.369586557430794
20.03121377348645,11.9301002764115,9.927725064598965
20.03121377348645,11.9301002764115,8.93705971134178
19.887366913430817,11.9301002764115,9.999944564438083
20.03121377348645,11.9301002764115,9.927725064598965
20.03121377348645,11.9301002764115,9.927725064598965
19.83209016172236,12.851779130818267,9.256986601614221
19.83209016172236,11.9301002764115,8.91899232973594
19.887366913430817,12.851779130818267,9.081840198210461
19.83209016172236,13.282440323181552,9.143799548415656
19.83209016172236,11.9301002764115,8.929948831045946
19.83209016172236,11.9301002764115,8.91899232973594
19.83209016172236,13.407541102939106,8.535323210571942
35.80048593129064,11.9301002764115,7.8399026076916964
24.30712691561893,11.9301002764115,7.777671989709491
19.83209016172236,12.851779130818267,9.256986601614221
19.83209016172236,11.9301002764115,8.91899232973594
9.422868258580133,21.00567782237326,7.369586557430794
19.887366913430817,11.9301002764115,8.92417481180629
20.03121377348645,11.9301002764115,8.93705971134178
19.416925173846966,12.851779130818267,9.03367608925577
19.83209016172236,11.9301002764115,8.969553554630064
19.83209016172236,11.9301002764115,8.91899232973594
21.23904428359227,11.9301002764115,9.320392872415281
19.887366913430817,11.9301002764115,8.92417481180629
20.03121377348645,11.9301002764115,9.927725064598965
23.35309749709654,11.9301002764115,8.991585749223722
19.83209016172236,1.9384918709535413,0.1
20.03121377348645,3.0644877688312633,0.1
20.03121377348645,11.9301002764115,9.927725064598965
20.03121377348645,19.964522906967815,9.423278625331768
19.887366913430817,11.9301002764115,9.999944564438083
19.83209016172236,11.9301002764115,8.929948831045946
19.83209016172236,13.282440323181552,9.143799548415656
20.03121377348645,13.253078284801079,9.066818093780247
20.03121377348645,11.9301002764115,9.927725064598965
19.887366913430817,11.9301002764115,9.999944564438083
20.03121377348645,11.9301002764115,9.076881179368744
19.83209016172236,11.9301002764115,8.969553554630064
36.74900674486358,11.9301002764115,9.927725064598965
19.887366913430817,11.9301002764115,8.92417481180629
19.83209016172236,11.9301002764115,9.972149811357246
19.83209016172236,11.9301002764115,8.91899232973594
19.83209016172236,11.9301002764115,9.972149811357246
19.416925173846966,12.851779130818267,9.03367608925577
19.887366913430817,11.9301002764115,8.92417481180629
20.03121377348645,11.9301002764115,9.927725064598965
19.83209016172236,11.9301002764115,8.91899232973594
19.83209016172236,11.9301002764115,8.91899232973594
12.96658520894878,11.9301002764115,7.582492117450007
19.887366913430817,11.946394506611743,8.927123809125263
19.83209016172236,1.9384918709535413,0.1
9.422868258580133,21.00567782237326,7.369586557430794
19.83209016172236,11.9301002764115,9.075726261803691
20.03121377348645,11.9301002764115,9.927725064598965
20.03121377348645,11.9301002764115,8.93705971134178
19.887366913430817,11.946394506611743,8.927123809125263
19.887366913430817,11.9301002764115,8.92417481180629
19.83209016172236,11.9301002764115,8.91899232973594
19.887366913430817,12.851779130818267,9.081840198210461
19.83209016172236,12.851779130818267,9.256986601614221
19.83209016172236,11.9301002764115,8.91899232973594
19.416925173846966,12.851779130818267,9.03367608925577
26.986746971941777,11.9301002764115,6.430281350535013
19.83209016172236,11.9301002764115,8.91899232973594
19.887366913430817,11.9301002764115,8.92417481180629
19.83209016172236,11.9301002764115,8.91899232973594
20.03121377348645,16.50792373129259,9.927725064598965
19.83209016172236,1.9384918709535413,0.1
19.83209016172236,11.9301002764115,9.972149811357246
9.422868258580133,21.00567782237326,7.369586557430794
20.03121377348645,11.9301002764115,9.927725064598965
20.03121377348645,11.9301002764115,9.927725064598965
20.03121377348645,19.964522906967815,9.423278625331768
20.03121377348645,11.9301002764115,8.93705971134178
19.887366913430817,11.9301002764115,9.999944564438083
19.83209016172236,11.9301002764115,8.91899232973594
19.83209016172236,11.9301002764115,8.929948831045946
23.35309749709654,11.9301002764115,8.991585749223722
19.83209016172236,12.851779130818267,9.256986601614221
19.83209016172236,11.9301002764115,9.972149811357246
19.83209016172236,11.9301002764115,8.929948831045946
19.887366913430817,11.9301002764115,8.92417481180629
19.83209016172236,11.9301002764115,8.91899232973594
19.83209016172236,11.9301002764115,8.91899232973594
26.498638082523378,14.992036845356678,7.9354625690996
19.83209016172236,11.9301002764115,9.972149811357246
19.416925173846966,12.851779130818267,9.03367608925577
19.887366913430817,11.9301002764115,8.92417481180629
19.83209016172236,11.9301002764115,8.91899232973594
19.83209016172236,11.9301002764115,8.91899232973594
19.83209016172236,1.9384918709535413,0.1
20.03121377348645,11.9301002764115,9.927725064598965
19.83209016172236,12.851779130818267,9.256986601614221
9.422868258580133,21.00567782237326,7.369586557430794
19.887366913430817,11.9301002764115,9.999944564438083
20.03121377348645,11.9301002764115,8.93705971134178
20.03121377348645,19.964522906967815,9.423278625331768
34.791053776280776,15.430294160636066,9.201111868874992
19.887366913430817,11.9301002764115,9.999944564438083
19.83209016172236,11.9301002764115,8.91899232973594
20.03121377348645,11.9301002764115,9.927725064598965
23.88075753246394,11.9301002764115,9.200944733015765
23.35309749709654,11.9301002764115,8.991585749223722
19.83209016172236,11.9301002764115,8.969553554630064
26.498638082523378,14.992036845356678,7.9354625690996
19.83209016172236,11.9301002764115,8.929948831045946
19.83209016172236,11.9301002764115,8.91899232973594
19.83209016172236,12.851779130818267,9.256986601614221
19.887366913430817,11.9301002764115,8.92417481180629
19.416925173846966,12.851779130818267,9.03367608925577
19.83209016172236,11.9301002764115,8.969553554630064
19.887366913430817,11.9301002764115,8.92417481180629
19.83209016172236,9.742737217428814,7.78898121073548
25.434186015976977,11.9301002764115,7.21095400368921
19.83209016172236,11.9301002764115,8.91899232973594
19.83209016172236,11.9301002764115,8.91899232973594
19.83209016172236,1.9384918709535413,0.1
9.422868258580133,21.00567782237326,7.369586557430794
19.83209016172236,11.9301002764115,8.929948831045946
20.03121377348645,11.9301002764115,9.927725064598965
20.03121377348645,19.964522906967815,9.423278625331768
19.83209016172236,11.9301002764115,8.969553554630064
20.03121377348645,11.9301002764115,8.93705971134178
19.887366913430817,11.9301002764115,9.999944564438083
19.83209016172236,3.1091420019896354,0.1
19.83209016172236,12.851779130818267,9.256986601614221
20.03121377348645,11.9301002764115,9.927725064598965
19.83209016172236,14.992036845356678,8.022116292818351
19.83209016172236,11.98723088300087,9.924622991086283
19.83209016172236,11.9301002764115,8.929948831045946
19.83209016172236,14.992036845356678,7.9354625690996
19.83209016172236,11.9301002764115,9.972149811357246
19.887366913430817,11.9301002764115,8.92417481180629
19.83209016172236,11.9301002764115,9.972149811357246
19.83209016172236,11.9301002764115,8.91899232973594
19.83209016172236,13.407541102939106,8.535323210571942
19.83209016172236,11.9301002764115,8.91899232973594
19.416925173846966,12.851779130818267,9.03367608925577
19.887366913430817,11.9301002764115,8.92417481180629
19.83209016172236,11.9301002764115,8.91899232973594
19.83209016172236,11.9301002764115,8.929948831045946
20.03121377348645,11.9301002764115,8.93705971134178
19.83209016172236,1.9384918709535413,0.1
19.83209016172236,11.9301002764115,8.929948831045946
9.422868258580133,21.00567782237326,7.369586557430794
20.03121377348645,11.9301002764115,9.927725064598965
20.03121377348645,19.964522906967815,9.423278625331768
19.887366913430817,11.9301002764115,9.999944564438083
19.83209016172236,3.1091420019896354,0.1
19.83209016172236,12.851779130818267,9.256986601614221
20.03121377348645,11.9301002764115,9.927725064598965
19.83209016172236,11.9301002764115,8.91899232973594
19.887366913430817,11.9301002764115,8.92417481180629
19.887366913430817,11.9301002764115,8.92417481180629
19.887366913430817,11.9301002764115,9.999944564438083
19.83209016172236,12.851779130818267,9.256986601614221
19.83209016172236,12.851779130818267,9.256986601614221
19.83209016172236,11.9301002764115,8.91899232973594
19.887366913430817,12.851779130818267,9.081840198210461
19.416925173846966,12.851779130818267,9.03367608925577
12.96658520894878,11.9301002764115,7.582492117450007
19.887366913430817,11.9301002764115,8.92417481180629
19.887366913430817,11.946394506611743,8.927123809125263
18.778985416906696,11.9301002764115,8.796357400399657
19.83209016172236,11.9301002764115,8.91899232973594
19.83209016172236,11.9301002764115,8.91899232973594
19.83209016172236,1.9384918709535413,0.1
9.422868258580133,21.00567782237326,7.369586557430794
20.03121377348645,11.9301002764115,9.927725064598965
20.03121377348645,19.964522906967815,9.423278625331768
20.03121377348645,11.9301002764115,8.93705971134178
20.03121377348645,11.9301002764115,9.927725064598965
23.35309749709654,11.9301002764115,8.991585749223722
19.83209016172236,11.9301002764115,8.91899232973594
19.83209016172236,13.282440323181552,9.143799548415656
