19.887366913430817,11.9301002764115,9.999944564438083
26.4045430644231,13.918071970881176,7.532049814454046
14.264142442085985,9.073320900604653,6.251484175018575
30.910445816199577,13.707846512597564,6.473032827670284
24.51510605685866,13.918071970881176,9.402894773747073
27.0911929571817,5.601544120913548,7.510096316343425
19.887366913430817,11.9301002764115,9.999944564438083
19.970802516393288,16.64009012416901,7.1995316151184
23.753386683043896,13.290869926577123,8.03613807882169
2.534177176848573,16.86447050745533,0.9014230627543105
12.614853729293625,16.68908298692087,7.148406027209367
23.753386683043896,15.576243186092837,9.148022410252278
19.887366913430817,16.86447050745533,7.887108047394664
19.970802516393288,13.918071970881176,8.60757547295464
26.187322703117324,13.918071970881176,8.713054649823375
26.414151452767,17.08397693430832,9.274960899460071
26.187322703117324,11.9301002764115,8.04703633706341
23.753386683043896,13.290869926577123,8.03613807882169
19.887366913430817,13.290869926577123,8.254528775747858
19.887366913430817,11.9301002764115,9.999944564438083
19.887366913430817,11.9301002764115,8.436218591134
26.187322703117324,13.918071970881176,8.713054649823375
24.586795246105613,13.918071970881176,9.402894773747073
19.887366913430817,16.68908298692087,7.148406027209367
19.887366913430817,11.9301002764115,9.999944564438083
2.534177176848573,16.86447050745533,0.9014230627543105
19.887366913430817,16.86447050745533,7.887108047394664
27.379606523777372,13.290869926577123,7.642284433451961
26.414151452767,11.9301002764115,6.718198975553861
23.753386683043896,13.290869926577123,8.03613807882169
45.9928453843156,13.918071970881176,3.784594926962941
32.839256774390535,26.494815923793013,7.1755644102102165
19.887366913430817,13.290869926577123,8.254528775747858
23.753386683043896,13.290869926577123,8.03613807882169
26.187322703117324,11.9301002764115,8.04703633706341
19.887366913430817,11.9301002764115,9.999944564438083
30.910445816199577,13.707846512597564,6.473032827670284
19.887366913430817,11.9301002764115,9.999944564438083
19.887366913430817,11.9301002764115,8.436218591134
22.69111936521263,13.501328832523436,8.078142953797457
45.9928453843156,13.290869926577123,0.1
14.264142442085985,9.073320900604653,6.251484175018575
19.887366913430817,13.918071970881176,8.1770886976799
19.887366913430817,11.9301002764115,9.999944564438083
20.831471174246772,8.719214514206719,7.309331172752087
19.887366913430817,10.578528234297291,6.270624840564178
19.887366913430817,11.9301002764115,6.7461771372716814
26.187322703117324,13.918071970881176,7.787906443609312
2.534177176848573,16.86447050745533,0.9014230627543105
26.187322703117324,13.918071970881176,7.787906443609312
19.887366913430817,18.61013034737234,7.638317806035984
30.910445816199577,11.9301002764115,4.457331834345949
19.887366913430817,16.86447050745533,7.887108047394664
30.910445816199577,13.707846512597564,6.473032827670284
19.887366913430817,13.280383876641652,8.983199771968575
23.753386683043896,13.290869926577123,8.03613807882169
19.887366913430817,13.290869926577123,8.254528775747858
27.0911929571817,13.918071970881176,7.642309758166412
17.611416477587372,18.200800352133857,5.804545258871533
23.753386683043896,13.290869926577123,8.03613807882169
19.887366913430817,11.9301002764115,9.999944564438083
30.910445816199577,15.429968113544419,7.982762607495275
26.187322703117324,11.9301002764115,8.04703633706341
19.887366913430817,11.9301002764115,8.436218591134
45.9928453843156,13.290869926577123,0.1
20.831471174246772,8.719214514206719,7.309331172752087
19.887366913430817,13.918071970881176,8.1770886976799
19.887366913430817,11.9301002764115,9.999944564438083
23.753386683043896,13.918071970881176,7.958698000753735
45.9928453843156,13.918071970881176,3.784594926962941
27.379606523777372,13.290869926577123,7.642284433451961
26.187322703117324,11.9301002764115,8.04703633706341
45.9928453843156,13.290869926577123,0.1
19.887366913430817,10.578528234297291,6.270624840564178
27.0911929571817,5.601544120913548,7.510096316343425
19.887366913430817,13.280383876641652,8.983199771968575
19.887366913430817,12.788664182675562,9.328600681681454
26.414151452767,11.9301002764115,6.718198975553861
2.534177176848573,16.86447050745533,0.9014230627543105
19.887366913430817,16.86447050745533,7.887108047394664
3.4615359313845175,13.290869926577123,1.5623554131899997
23.753386683043896,13.290869926577123,8.03613807882169
19.887366913430817,13.290869926577123,8.254528775747858
19.887366913430817,11.9301002764115,9.999944564438083
23.753386683043896,13.290869926577123,8.03613807882169
23.753386683043896,13.918071970881176,7.958698000753735
19.887366913430817,11.9301002764115,6.7461771372716814
23.753386683043896,16.338330364516274,8.610606455808266
26.187322703117324,11.9301002764115,8.04703633706341
23.753386683043896,15.576243186092837,9.148022410252278
26.187322703117324,13.918071970881176,8.713054649823375
19.887366913430817,13.918071970881176,8.571614061336783
19.887366913430817,11.9301002764115,8.436218591134
19.887366913430817,13.918071970881176,8.1770886976799
26.187322703117324,13.918071970881176,8.713054649823375
19.887366913430817,11.9301002764115,9.999944564438083
30.910445816199577,19.089258845199293,7.589114575191096
19.887366913430817,11.9301002764115,6.7461771372716814
26.4045430644231,13.918071970881176,7.532049814454046
19.887366913430817,13.918071970881176,7.291521141681811
19.887366913430817,11.9301002764115,6.7461771372716814
2.534177176848573,16.86447050745533,0.9014230627543105
19.887366913430817,16.86447050745533,7.887108047394664
23.753386683043896,13.290869926577123,8.03613807882169
27.0911929571817,5.601544120913548,7.510096316343425
45.9928453843156,13.290869926577123,0.1
19.887366913430817,10.578528234297291,6.270624840564178
19.887366913430817,13.290869926577123,8.254528775747858
26.187322703117324,13.918071970881176,7.537250517519382
23.753386683043896,13.290869926577123,8.03613807882169
19.887366913430817,13.290869926577123,7.1437284532281975
19.887366913430817,11.9301002764115,9.999944564438083
19.887366913430817,13.918071970881176,8.1770886976799
26.187322703117324,13.918071970881176,8.713054649823375
26.187322703117324,11.9301002764115,8.04703633706341
45.9928453843156,13.918071970881176,3.784594926962941
19.887366913430817,11.9301002764115,8.436218591134
19.887366913430817,11.9301002764115,9.999944564438083
26.187322703117324,13.918071970881176,7.787906443609312
26.187322703117324,11.9301002764115,8.04703633706341
19.887366913430817,11.9301002764115,9.999944564438083
2.534177176848573,16.86447050745533,0.9014230627543105
19.887366913430817,11.9301002764115,9.999944564438083
30.910445816199577,11.9301002764115,7.670290435970622
19.887366913430817,11.9301002764115,9.999944564438083
30.910445816199577,16.86447050745533,7.121179892231286
19.887366913430817,16.86447050745533,7.887108047394664
23.753386683043896,13.290869926577123,8.03613807882169
19.887366913430817,13.290869926577123,8.254528775747858
19.887366913430817,11.9301002764115,9.999944564438083
3.4615359313845175,13.290869926577123,1.5623554131899997
23.753386683043896,13.290869926577123,8.03613807882169
26.187322703117324,11.9301002764115,8.04703633706341
19.887366913430817,11.9301002764115,8.436218591134
26.187322703117324,11.9301002764115,8.04703633706341
45.9928453843156,13.290869926577123,0.1
19.887366913430817,13.918071970881176,8.1770886976799
23.753386683043896,11.9301002764115,8.217827894207833
23.753386683043896,13.918071970881176,7.958698000753735
45.9928453843156,13.918071970881176,3.784594926962941
26.187322703117324,13.918071970881176,7.787906443609312
45.9928453843156,11.290238326645058,0.1
27.379606523777372,13.290869926577123,7.642284433451961
22.69111936521263,13.501328832523436,8.078142953797457
