22.397535371878973,13.68878862883699,9.815210403652525
19.887366913430817,11.9301002764115,9.999944564438083
19.887366913430817,11.9301002764115,9.999944564438083
19.887366913430817,10.924564939173536,9.999944564438083
22.397535371878973,13.68878862883699,9.815210403652525
10.651109583808323,17.192996278848895,9.13700643955927
20.93532161936975,19.291117432228177,6.510084902802964
22.397535371878973,13.68878862883699,9.815210403652525
10.651109583808323,17.192996278848895,9.13700643955927
20.93532161936975,19.291117432228177,6.510084902802964
19.887366913430817,11.9301002764115,9.999944564438083
19.887366913430817,13.918071970881176,8.571614061336783
19.887366913430817,11.9301002764115,9.999944564438083
19.887366913430817,11.9301002764115,9.999944564438083
10.651109583808323,17.192996278848895,9.13700643955927
20.93532161936975,19.291117432228177,6.510084902802964
15.1887044547603,8.706960113402054,9.535497723536091
15.1887044547603,8.706960113402054,9.535497723536091
20.93532161936975,19.291117432228177,6.510084902802964
19.887366913430817,11.9301002764115,9.999944564438083
15.1887044547603,8.706960113402054,9.535497723536091
22.058852880130473,15.21264698468463,8.012946795855758
39.79936779100101,11.9301002764115,0.1
15.1887044547603,8.706960113402054,9.535497723536091
19.887366913430817,10.924564939173536,9.999944564438083
22.058852880130473,15.21264698468463,8.012946795855758
10.651109583808323,17.192996278848895,9.13700643955927
19.887366913430817,11.9301002764115,9.999944564438083
19.887366913430817,13.918071970881176,8.571614061336783
20.93532161936975,19.291117432228177,6.510084902802964
22.397535371878973,13.68878862883699,9.815210403652525
15.1887044547603,8.706960113402054,9.535497723536091
22.058852880130473,15.21264698468463,8.012946795855758
22.397535371878973,13.68878862883699,9.815210403652525
39.79936779100101,11.9301002764115,0.1
19.887366913430817,11.9301002764115,9.999944564438083
19.887366913430817,13.918071970881176,8.571614061336783
10.651109583808323,17.192996278848895,9.13700643955927
22.397535371878973,13.68878862883699,9.815210403652525
19.887366913430817,9.308525925239099,7.183755798667113
19.887366913430817,11.9301002764115,9.999944564438083
10.723651674212627,23.85326168711439,9.999944564438083
19.887366913430817,10.924564939173536,9.999944564438083
66.20968440613228,11.9301002764115,0.1
10.723651674212627,23.85326168711439,9.999944564438083
19.887366913430817,13.918071970881176,8.571614061336783
19.887366913430817,11.9301002764115,9.999944564438083
19.887366913430817,12.47640766367453,9.562074647468382
15.1887044547603,8.706960113402054,9.535497723536091
22.53730500566903,11.9301002764115,8.667589748328137
19.887366913430817,11.9301002764115,9.999944564438083
19.887366913430817,17.599083069063596,9.999944564438083
22.058852880130473,15.21264698468463,8.012946795855758
19.887366913430817,10.924564939173536,9.999944564438083
39.79936779100101,11.9301002764115,0.1
20.93532161936975,19.291117432228177,6.510084902802964
19.887366913430817,1.872814351129941,9.999944564438083
19.887366913430817,11.9301002764115,9.999944564438083
19.887366913430817,9.308525925239099,7.183755798667113
19.887366913430817,12.47640766367453,9.562074647468382
19.887366913430817,9.308525925239099,7.183755798667113
19.887366913430817,11.9301002764115,9.999944564438083
19.887366913430817,1.872814351129941,9.999944564438083
39.79936779100101,11.9301002764115,0.1
22.53730500566903,11.9301002764115,8.667589748328137
19.887366913430817,7.163071700240908,9.85278022011539
19.887366913430817,11.9301002764115,9.999944564438083
19.887366913430817,11.9301002764115,9.999944564438083
19.887366913430817,11.9301002764115,9.999944564438083
19.887366913430817,11.9301002764115,9.999944564438083
22.53730500566903,11.9301002764115,8.667589748328137
19.887366913430817,10.924564939173536,9.999944564438083
19.887366913430817,11.9301002764115,9.999944564438083
19.887366913430817,12.47640766367453,9.562074647468382
19.887366913430817,11.9301002764115,9.999944564438083
19.887366913430817,11.9301002764115,9.999944564438083
19.887366913430817,11.9301002764115,9.999944564438083
19.887366913430817,11.9301002764115,9.999944564438083
19.887366913430817,12.47640766367453,9.562074647468382
19.887366913430817,11.9301002764115,9.999944564438083
19.887366913430817,11.9301002764115,9.999944564438083
19.887366913430817,11.9301002764115,9.999944564438083
20.34326741718315,14.821461285350672,8.233681896414902
19.887366913430817,9.308525925239099,7.183755798667113
19.887366913430817,11.9301002764115,9.999944564438083
39.700621696898935,4.674445839490854,0.1
19.887366913430817,11.9301002764115,9.999944564438083
19.887366913430817,7.163071700240908,9.85278022011539
19.887366913430817,16.96841737155004,9.225667657871062
19.887366913430817,9.308525925239099,7.183755798667113
19.887366913430817,11.9301002764115,9.999944564438083
19.887366913430817,11.9301002764115,9.999944564438083
39.700621696898935,4.674445839490854,0.1
19.887366913430817,1.872814351129941,9.999944564438083
19.887366913430817,11.9301002764115,9.999944564438083
19.887366913430817,11.9301002764115,9.999944564438083
19.887366913430817,11.9301002764115,9.999944564438083
15.1887044547603,8.706960113402054,9.535497723536091
19.887366913430817,19.919071707821956,9.999944564438083
19.887366913430817,11.9301002764115,9.999944564438083
20.34326741718315,14.821461285350672,8.233681896414902
19.887366913430817,11.9301002764115,9.999944564438083
19.887366913430817,11.9301002764115,9.999944564438083
19.887366913430817,11.9301002764115,9.999944564438083
19.887366913430817,9.308525925239099,7.183755798667113
22.397535371878973,13.68878862883699,9.815210403652525
19.887366913430817,10.924564939173536,9.999944564438083
19.887366913430817,16.96841737155004,9.225667657871062
19.887366913430817,21.635936991075575,5.513990055596466
36.54065098337905,18.149905462879833,7.922798477633693
19.887366913430817,17.54823852779834,9.999944564438083
19.887366913430817,11.9301002764115,9.999944564438083
19.887366913430817,11.9301002764115,9.999944564438083
19.887366913430817,11.9301002764115,9.999944564438083
19.887366913430817,12.47640766367453,9.562074647468382
19.887366913430817,10.924564939173536,9.999944564438083
19.887366913430817,11.9301002764115,9.999944564438083
19.887366913430817,11.9301002764115,9.999944564438083
19.887366913430817,11.9301002764115,9.999944564438083
19.887366913430817,11.9301002764115,9.999944564438083
19.887366913430817,11.9301002764115,9.999944564438083
22.53730500566903,11.9301002764115,8.667589748328137
49.19294594350424,13.073522215886957,7.452758057848498
20.93532161936975,19.291117432228177,6.510084902802964
19.887366913430817,11.9301002764115,9.999944564438083
19.887366913430817,11.9301002764115,9.999944564438083
19.887366913430817,11.9301002764115,9.999944564438083
19.887366913430817,11.9301002764115,9.999944564438083
19.887366913430817,11.9301002764115,9.999944564438083
20.34326741718315,14.821461285350672,8.233681896414902
6.8667397572347575,10.970988551922243,3.7546479889608966
19.887366913430817,11.9301002764115,9.999944564438083
19.887366913430817,11.9301002764115,9.999944564438083
19.887366913430817,15.315288523334816,7.789624154356151
19.887366913430817,11.9301002764115,9.999944564438083
19.887366913430817,11.9301002764115,9.999944564438083
19.887366913430817,21.635936991075575,5.513990055596466
19.887366913430817,11.9301002764115,9.999944564438083
66.20968440613228,11.9301002764115,0.1
4.764627571148257,11.9301002764115,2.3957928562930255
22.397535371878973,13.68878862883699,9.815210403652525
19.887366913430817,11.9301002764115,9.999944564438083
19.887366913430817,11.9301002764115,9.999944564438083
39.79936779100101,11.9301002764115,0.1
20.93532161936975,19.291117432228177,6.510084902802964
16.096919735522413,11.9301002764115,8.09399784869079
39.700621696898935,4.674445839490854,0.1
19.887366913430817,11.9301002764115,9.999944564438083
57.95859815762184,5.349432386114566,0.1
