19.83209016172236,11.9301002764115,8.685582415763001
19.83209016172236,13.5959846975784,8.750285460535983
19.887366913430817,11.9301002764115,9.999944564438083
19.83209016172236,20.907556977100608,9.972149811357246
19.545833493657558,10.037397858211653,8.31853112648207
23.97580295349667,11.9301002764115,7.944271282039892
19.83209016172236,11.9301002764115,8.685582415763001
19.83209016172236,9.742737217428814,7.78898121073548
23.97580295349667,11.9301002764115,8.60795500406254
19.83209016172236,7.239992874956091,3.5678364225446124
19.83209016172236,10.635570731930311,9.972149811357246
23.97580295349667,2.0220727020094413,6.887285335936594
31.430232465291308,11.9301002764115,7.675319340628322
25.60972372776903,38.224897511267656,9.972149811357246
19.887366913430817,6.006079967642836,0.1367377632297142
20.03121377348645,24.990918972957484,9.927725064598965
19.83209016172236,11.9301002764115,9.972149811357246
19.83209016172236,11.9301002764115,8.685582415763001
19.887366913430817,11.9301002764115,8.686947533607276
19.83209016172236,11.9301002764115,8.685582415763001
19.83209016172236,5.0028325713789314,7.844862201334643
25.245159201276554,11.9301002764115,7.30600216549086
19.887366913430817,11.9301002764115,9.999944564438083
19.83209016172236,11.9301002764115,8.685582415763001
26.164748072272953,11.9301002764115,9.972149811357246
19.83209016172236,7.239992874956091,3.5678364225446124
31.430232465291308,11.9301002764115,7.675319340628322
30.852507977834115,11.9301002764115,7.777261391279631
18.326985991014123,22.343068378835774,9.21533980547244
19.83209016172236,11.9301002764115,8.685582415763001
0.18423509285223716,11.9301002764115,3.6945903995776894
20.240507203586688,12.77509443084789,9.504333617796012
19.887366913430817,11.9301002764115,8.686947533607276
23.97580295349667,11.9301002764115,8.60795500406254
19.83209016172236,11.9301002764115,9.972149811357246
3.7856649666933393,12.429323077938983,8.556586625641064
19.83209016172236,20.907556977100608,9.972149811357246
19.83209016172236,11.9301002764115,8.685582415763001
19.83209016172236,5.0028325713789314,7.844862201334643
25.245159201276554,11.9301002764115,7.30600216549086
19.83209016172236,15.581399467246463,8.829411148869527
19.887366913430817,11.9301002764115,9.999944564438083
19.83209016172236,11.9301002764115,8.685582415763001
19.83209016172236,11.9301002764115,8.685582415763001
19.83209016172236,11.9301002764115,9.972149811357246
19.887366913430817,7.239992874956091,8.736316655051306
38.86521320680907,11.9301002764115,0.4574442034010531
19.545833493657558,11.9301002764115,9.828211660856509
19.83209016172236,7.239992874956091,3.5678364225446124
19.545833493657558,11.9301002764115,9.828211660856509
20.03121377348645,11.1738908633436,9.246069121265457
31.834239044075552,2.496018565854749,8.929948831045946
31.430232465291308,11.9301002764115,7.675319340628322
19.83209016172236,20.907556977100608,9.972149811357246
19.83209016172236,11.9301002764115,9.972149811357246
19.83209016172236,11.9301002764115,8.685582415763001
19.887366913430817,11.9301002764115,8.686947533607276
19.83209016172236,21.033781252270167,5.656079893293068
18.97225621045323,11.9301002764115,9.539800376424953
23.97580295349667,11.9301002764115,8.60795500406254
19.83209016172236,11.9301002764115,8.685582415763001
23.97580295349667,11.9301002764115,9.48707506371176
19.83209016172236,11.9301002764115,9.972149811357246
19.83209016172236,5.0028325713789314,7.844862201334643
19.83209016172236,15.581399467246463,8.829411148869527
19.83209016172236,11.9301002764115,9.972149811357246
19.83209016172236,11.9301002764115,8.685582415763001
19.83209016172236,11.9301002764115,8.685582415763001
20.03121377348645,11.9301002764115,9.927725064598965
0.18423509285223716,11.9301002764115,3.6945903995776894
30.852507977834115,11.9301002764115,7.777261391279631
32.98426788784407,11.9301002764115,7.382029921718919
19.83209016172236,15.581399467246463,8.829411148869527
19.887366913430817,7.239992874956091,8.736316655051306
23.97580295349667,11.9301002764115,7.944271282039892
19.83209016172236,11.9301002764115,9.972149811357246
19.887366913430817,16.128138824392046,9.999944564438083
18.326985991014123,22.343068378835774,9.21533980547244
19.83209016172236,7.239992874956091,3.5678364225446124
31.430232465291308,11.9301002764115,7.675319340628322
33.95682186888764,26.042597549302187,9.066818093780247
19.83209016172236,11.9301002764115,8.685582415763001
19.887366913430817,11.9301002764115,8.686947533607276
19.83209016172236,11.9301002764115,8.685582415763001
23.97580295349667,11.9301002764115,8.60795500406254
20.03121377348645,11.9301002764115,9.927725064598965
19.83209016172236,18.185171155237885,6.542074650016332
33.79315948388767,11.9301002764115,3.0078198402487892
19.83209016172236,11.9301002764115,9.972149811357246
23.97580295349667,2.0220727020094413,6.887285335936594
19.887366913430817,6.006079967642836,0.1367377632297142
19.887366913430817,3.239975138175671,7.7836174908843825
19.83209016172236,5.0028325713789314,7.844862201334643
19.83209016172236,11.9301002764115,8.685582415763001
20.03121377348645,11.9301002764115,9.927725064598965
19.83209016172236,11.9301002764115,8.685582415763001
19.83209016172236,20.50924919981034,9.972149811357246
38.86521320680907,11.9301002764115,0.4574442034010531
19.83209016172236,13.5959846975784,8.750285460535983
35.29719880660673,21.231058001370467,9.973165004637936
19.83209016172236,18.185171155237885,6.542074650016332
19.83209016172236,7.239992874956091,3.5678364225446124
31.430232465291308,11.9301002764115,7.675319340628322
19.83209016172236,11.9301002764115,8.685582415763001
23.97580295349667,11.9301002764115,7.944271282039892
19.83209016172236,15.581399467246463,8.829411148869527
19.887366913430817,7.239992874956091,8.736316655051306
19.887366913430817,11.9301002764115,8.686947533607276
10.071556824242673,18.522676488505127,7.675428442991462
23.97580295349667,11.9301002764115,8.60795500406254
19.887366913430817,11.9301002764115,9.999944564438083
19.83209016172236,11.9301002764115,8.685582415763001
19.83209016172236,11.9301002764115,8.685582415763001
25.245159201276554,11.9301002764115,7.30600216549086
19.83209016172236,11.9301002764115,9.972149811357246
0.18423509285223716,11.9301002764115,3.6945903995776894
19.83209016172236,5.0028325713789314,7.844862201334643
19.83209016172236,11.9301002764115,8.685582415763001
19.545833493657558,11.9301002764115,9.828211660856509
32.98426788784407,11.9301002764115,7.382029921718919
19.83209016172236,11.9301002764115,8.685582415763001
19.83209016172236,7.239992874956091,3.5678364225446124
25.17493699015263,3.8698893539143846,0.1
19.887366913430817,11.9301002764115,9.999944564438083
19.83209016172236,11.9301002764115,8.685582415763001
19.887366913430817,23.491558816344938,9.158467980118605
31.430232465291308,11.9301002764115,7.675319340628322
19.83209016172236,11.9301002764115,8.685582415763001
19.887366913430817,11.9301002764115,8.686947533607276
19.83209016172236,11.9301002764115,8.685582415763001
33.95682186888764,26.042597549302187,9.066818093780247
23.97580295349667,11.9301002764115,8.60795500406254
19.83209016172236,11.9301002764115,9.972149811357246
19.83209016172236,5.0028325713789314,7.844862201334643
32.98426788784407,11.9301002764115,7.382029921718919
19.83209016172236,15.581399467246463,8.829411148869527
19.83209016172236,11.9301002764115,8.685582415763001
20.03121377348645,11.9301002764115,9.927725064598965
20.03121377348645,11.9301002764115,9.927725064598965
0.18423509285223716,11.9301002764115,3.6945903995776894
19.545833493657558,11.9301002764115,9.828211660856509
19.83209016172236,11.9301002764115,8.685582415763001
30.852507977834115,11.9301002764115,7.777261391279631
25.245159201276554,11.9301002764115,7.30600216549086
19.83209016172236,7.239992874956091,3.5678364225446124
19.83209016172236,15.581399467246463,8.829411148869527
19.83209016172236,11.9301002764115,8.685582415763001
23.97580295349667,10.169840234895752,8.494874888590354
33.95682186888764,26.042597549302187,9.066818093780247
31.430232465291308,11.9301002764115,7.675319340628322
19.83209016172236,11.9301002764115,8.685582415763001
0.18423509285223716,11.9301002764115,3.6945903995776894
19.887366913430817,11.9301002764115,8.686947533607276
19.83209016172236,20.907556977100608,9.972149811357246
23.97580295349667,11.9301002764115,8.60795500406254
19.83209016172236,11.9301002764115,8.685582415763001
19.83209016172236,11.9301002764115,9.972149811357246
31.834239044075552,2.496018565854749,8.929948831045946
19.83209016172236,5.0028325713789314,7.844862201334643
19.83209016172236,11.9301002764115,8.685582415763001
19.83209016172236,11.9301002764115,8.685582415763001
19.83209016172236,11.9301002764115,9.067862767200792
38.0503494847183,17.77411891911088,8.81218333476727
19.545833493657558,11.9301002764115,9.828211660856509
32.98426788784407,11.9301002764115,7.382029921718919
30.852507977834115,11.9301002764115,7.777261391279631
25.245159201276554,11.9301002764115,7.30600216549086
19.887366913430817,16.128138824392046,9.999944564438083
19.887366913430817,14.495115186853425,9.999944564438083
19.83209016172236,7.239992874956091,3.5678364225446124
19.83209016172236,11.9301002764115,8.685582415763001
31.430232465291308,11.9301002764115,7.675319340628322
19.887366913430817,11.9301002764115,8.686947533607276
19.83209016172236,11.9301002764115,8.685582415763001
23.97580295349667,11.9301002764115,8.60795500406254
18.326985991014123,22.343068378835774,9.21533980547244
19.83209016172236,11.9301002764115,8.685582415763001
19.83209016172236,11.9301002764115,9.972149811357246
19.887366913430817,11.9301002764115,9.999944564438083
19.83209016172236,13.5959846975784,8.750285460535983
18.97225621045323,11.9301002764115,9.539800376424953
19.83209016172236,5.0028325713789314,7.844862201334643
19.83209016172236,15.581399467246463,8.829411148869527
19.83209016172236,11.9301002764115,8.685582415763001
19.83209016172236,11.9301002764115,8.685582415763001
10.071556824242673,18.522676488505127,7.675428442991462
0.18423509285223716,11.9301002764115,3.6945903995776894
30.852507977834115,11.9301002764115,7.777261391279631
19.887366913430817,11.9301002764115,9.999944564438083
19.545833493657558,11.9301002764115,9.828211660856509
32.98426788784407,11.9301002764115,7.382029921718919
25.245159201276554,11.9301002764115,7.30600216549086
23.97580295349667,11.9301002764115,7.944271282039892
23.97580295349667,11.9301002764115,9.48707506371176
19.887366913430817,11.9301002764115,8.686947533607276
19.83209016172236,11.9301002764115,9.972149811357246
19.83209016172236,7.239992874956091,3.5678364225446124
20.03121377348645,24.990918972957484,9.927725064598965
31.430232465291308,11.9301002764115,7.675319340628322
19.83209016172236,11.9301002764115,8.685582415763001
23.97580295349667,11.9301002764115,8.60795500406254
19.83209016172236,11.9301002764115,8.685582415763001
19.83209016172236,11.9301002764115,9.972149811357246
19.83209016172236,5.0028325713789314,7.844862201334643
19.83209016172236,15.581399467246463,8.829411148869527
19.83209016172236,11.9301002764115,8.685582415763001
19.83209016172236,11.9301002764115,8.685582415763001
0.18423509285223716,11.9301002764115,3.6945903995776894
19.545833493657558,11.9301002764115,9.828211660856509
20.03121377348645,11.1738908633436,9.246069121265457
38.86521320680907,11.9301002764115,0.4574442034010531
32.98426788784407,11.9301002764115,7.382029921718919
19.83209016172236,18.185171155237885,6.542074650016332
33.95682186888764,26.042597549302187,9.066818093780247
19.83209016172236,11.9301002764115,8.685582415763001
23.97580295349667,11.9301002764115,7.944271282039892
19.83209016172236,11.9301002764115,8.685582415763001
35.29719880660673,21.231058001370467,9.973165004637936
33.95682186888764,26.042597549302187,9.066818093780247
19.887366913430817,11.9301002764115,8.686947533607276
19.83209016172236,11.9301002764115,9.067862767200792
25.245159201276554,11.9301002764115,7.30600216549086
20.240507203586688,12.77509443084789,9.504333617796012
19.83209016172236,10.635570731930311,9.972149811357246
19.83209016172236,7.239992874956091,3.5678364225446124
31.430232465291308,11.9301002764115,7.675319340628322
19.83209016172236,11.9301002764115,8.685582415763001
23.97580295349667,11.9301002764115,8.60795500406254
19.83209016172236,11.9301002764115,8.685582415763001
19.83209016172236,11.9301002764115,9.972149811357246
19.887366913430817,14.495115186853425,9.999944564438083
19.83209016172236,5.0028325713789314,7.844862201334643
19.83209016172236,15.581399467246463,8.829411148869527
19.83209016172236,11.9301002764115,8.685582415763001
19.83209016172236,11.9301002764115,8.685582415763001
26.498638082523378,9.02219849060486,9.428134452914842
0.18423509285223716,11.9301002764115,3.6945903995776894
19.545833493657558,11.9301002764115,9.828211660856509
32.98426788784407,11.9301002764115,7.382029921718919
30.852507977834115,11.9301002764115,7.777261391279631
19.545833493657558,11.9301002764115,9.828211660856509
25.47759069787653,15.256043665002787,9.98200447325523
3.7856649666933393,12.429323077938983,8.556586625641064
16.652001232665135,10.030781211555043,9.958549277809121
19.887366913430817,11.9301002764115,9.999944564438083
19.83209016172236,7.239992874956091,3.5678364225446124
31.430232465291308,11.9301002764115,7.675319340628322
19.83209016172236,11.9301002764115,8.685582415763001
19.83209016172236,11.9301002764115,8.685582415763001
19.83209016172236,18.185171155237885,6.542074650016332
19.887366913430817,11.9301002764115,8.686947533607276
20.240507203586688,12.77509443084789,9.504333617796012
23.97580295349667,11.9301002764115,8.60795500406254
19.83209016172236,11.9301002764115,8.685582415763001
19.83209016172236,11.9301002764115,9.972149811357246
19.887366913430817,16.128138824392046,9.999944564438083
19.83209016172236,5.0028325713789314,7.844862201334643
19.83209016172236,15.581399467246463,8.829411148869527
19.83209016172236,11.9301002764115,8.685582415763001
0.18423509285223716,11.9301002764115,3.6945903995776894
32.98426788784407,11.9301002764115,7.382029921718919
19.83209016172236,11.9301002764115,8.685582415763001
30.852507977834115,11.9301002764115,7.777261391279631
25.245159201276554,11.9301002764115,7.30600216549086
38.86521320680907,11.9301002764115,0.4574442034010531
25.245159201276554,11.9301002764115,7.30600216549086
19.83209016172236,11.9301002764115,9.069955855716426
25.47759069787653,15.256043665002787,9.98200447325523
19.83209016172236,7.239992874956091,3.5678364225446124
0.18423509285223716,11.9301002764115,3.6945903995776894
31.430232465291308,11.9301002764115,7.675319340628322
19.83209016172236,11.9301002764115,8.685582415763001
19.887366913430817,11.9301002764115,8.686947533607276
23.97580295349667,11.9301002764115,8.60795500406254
19.83209016172236,11.9301002764115,8.685582415763001
19.887366913430817,23.491558816344938,9.158467980118605
19.83209016172236,11.9301002764115,9.972149811357246
19.887366913430817,14.495115186853425,9.999944564438083
19.83209016172236,5.0028325713789314,7.844862201334643
19.83209016172236,15.581399467246463,8.829411148869527
19.83209016172236,11.9301002764115,8.685582415763001
19.83209016172236,11.9301002764115,8.685582415763001
19.545833493657558,11.9301002764115,9.828211660856509
32.98426788784407,11.9301002764115,7.382029921718919
19.83209016172236,11.9301002764115,8.685582415763001
30.852507977834115,11.9301002764115,7.777261391279631
25.245159201276554,11.9301002764115,7.30600216549086
35.29719880660673,21.231058001370467,9.973165004637936
19.887366913430817,11.9301002764115,9.999944564438083
19.83209016172236,7.239992874956091,3.5678364225446124
31.430232465291308,11.9301002764115,7.675319340628322
19.83209016172236,11.9301002764115,8.685582415763001
19.887366913430817,11.9301002764115,8.686947533607276
19.83209016172236,11.9301002764115,9.069955855716426
1.806142703290071,11.9301002764115,0.9081809063505254
19.83209016172236,11.9301002764115,8.685582415763001
23.97580295349667,2.0220727020094413,6.887285335936594
0.18423509285223716,11.9301002764115,3.6945903995776894
23.97580295349667,11.9301002764115,8.60795500406254
20.03121377348645,11.9301002764115,9.927725064598965
19.887366913430817,11.9301002764115,9.999944564438083
19.83209016172236,11.9301002764115,8.685582415763001
19.83209016172236,11.9301002764115,9.972149811357246
19.83209016172236,5.0028325713789314,7.844862201334643
30.852507977834115,11.9301002764115,7.777261391279631
19.83209016172236,15.581399467246463,8.829411148869527
19.83209016172236,11.9301002764115,8.685582415763001
19.545833493657558,11.9301002764115,9.828211660856509
32.98426788784407,11.9301002764115,7.382029921718919
19.83209016172236,11.9301002764115,8.685582415763001
25.245159201276554,11.9301002764115,7.30600216549086
19.887366913430817,16.128138824392046,9.999944564438083
23.97580295349667,11.9301002764115,7.944271282039892
19.83209016172236,18.185171155237885,6.542074650016332
25.47759069787653,15.256043665002787,9.98200447325523
18.326985991014123,22.343068378835774,9.21533980547244
19.83209016172236,7.239992874956091,3.5678364225446124
19.545833493657558,10.037397858211653,8.31853112648207
23.97580295349667,11.9301002764115,9.48707506371176
31.430232465291308,11.9301002764115,7.675319340628322
32.98426788784407,11.9301002764115,7.382029921718919
20.03121377348645,14.992036845356678,9.003789435569242
19.83209016172236,11.9301002764115,8.685582415763001
19.887366913430817,11.9301002764115,8.686947533607276
23.97580295349667,11.9301002764115,8.60795500406254
19.83209016172236,11.9301002764115,8.685582415763001
20.03121377348645,11.9301002764115,9.927725064598965
19.83209016172236,11.9301002764115,9.972149811357246
25.245159201276554,11.9301002764115,7.30600216549086
19.83209016172236,11.9301002764115,8.685582415763001
19.83209016172236,5.0028325713789314,7.844862201334643
19.887366913430817,11.25095871150309,9.396428831408953
19.83209016172236,15.581399467246463,8.829411148869527
19.83209016172236,11.9301002764115,8.685582415763001
3.7856649666933393,12.429323077938983,8.556586625641064
19.83209016172236,11.9301002764115,8.685582415763001
19.83209016172236,7.239992874956091,3.5678364225446124
19.83209016172236,20.907556977100608,9.972149811357246
19.887366913430817,11.9301002764115,9.999944564438083
19.83209016172236,20.50924919981034,9.972149811357246
31.430232465291308,11.9301002764115,7.675319340628322
19.83209016172236,11.9301002764115,9.067862767200792
19.83209016172236,11.9301002764115,8.685582415763001
19.887366913430817,11.9301002764115,8.686947533607276
23.97580295349667,11.9301002764115,8.60795500406254
19.83209016172236,11.9301002764115,8.685582415763001
19.83209016172236,11.9301002764115,9.972149811357246
18.97225621045323,11.9301002764115,9.539800376424953
19.83209016172236,5.0028325713789314,7.844862201334643
19.83209016172236,11.9301002764115,9.972149811357246
38.86521320680907,11.9301002764115,0.4574442034010531
19.83209016172236,15.581399467246463,8.829411148869527
19.83209016172236,11.9301002764115,8.685582415763001
32.98426788784407,11.9301002764115,7.382029921718919
23.97580295349667,11.9301002764115,7.944271282039892
19.83209016172236,11.9301002764115,8.685582415763001
26.498638082523378,9.02219849060486,9.428134452914842
0.18423509285223716,11.9301002764115,3.6945903995776894
19.545833493657558,11.9301002764115,9.828211660856509
19.83209016172236,11.9301002764115,8.685582415763001
19.83209016172236,15.581399467246463,8.829411148869527
1.0584094258798782,13.264816136605335,0.4786486787717009
19.83209016172236,7.239992874956091,3.5678364225446124
31.430232465291308,11.9301002764115,7.675319340628322
19.83209016172236,11.9301002764115,8.685582415763001
19.887366913430817,11.9301002764115,8.686947533607276
23.97580295349667,11.9301002764115,8.60795500406254
19.83209016172236,11.9301002764115,8.685582415763001
19.83209016172236,11.9301002764115,9.972149811357246
19.83209016172236,18.185171155237885,6.542074650016332
19.83209016172236,5.0028325713789314,7.844862201334643
19.83209016172236,11.9301002764115,8.685582415763001
19.83209016172236,11.9301002764115,8.685582415763001
0.18423509285223716,11.9301002764115,3.6945903995776894
19.545833493657558,11.9301002764115,9.828211660856509
25.17493699015263,3.8698893539143846,0.1
32.98426788784407,11.9301002764115,7.382029921718919
19.83209016172236,11.9301002764115,9.067862767200792
19.83209016172236,11.9301002764115,8.685582415763001
30.852507977834115,11.9301002764115,7.777261391279631
25.245159201276554,11.9301002764115,7.30600216549086
19.887366913430817,16.128138824392046,9.999944564438083
19.83209016172236,13.282440323181552,8.84330845659024
19.887366913430817,11.9301002764115,9.999944564438083
19.83209016172236,11.9301002764115,9.972149811357246
19.83209016172236,18.185171155237885,6.542074650016332
19.83209016172236,11.9301002764115,9.972149811357246
19.83209016172236,7.239992874956091,3.5678364225446124
19.83209016172236,11.9301002764115,9.067862767200792
30.852507977834115,11.9301002764115,7.777261391279631
38.0503494847183,17.77411891911088,8.81218333476727
31.430232465291308,11.9301002764115,7.675319340628322
20.03121377348645,11.9301002764115,9.927725064598965
19.83209016172236,13.282440323181552,8.84330845659024
19.83209016172236,11.9301002764115,9.972149811357246
19.83209016172236,11.9301002764115,8.685582415763001
19.887366913430817,11.9301002764115,8.686947533607276
14.189367775167035,21.365732334795737,9.545475737249802
23.97580295349667,11.9301002764115,8.60795500406254
19.83209016172236,15.581399467246463,8.829411148869527
19.887366913430817,23.491558816344938,9.158467980118605
19.83209016172236,11.9301002764115,8.685582415763001
19.83209016172236,5.0028325713789314,7.844862201334643
33.79315948388767,11.9301002764115,3.0078198402487892
19.83209016172236,11.9301002764115,9.972149811357246
33.95682186888764,26.042597549302187,9.066818093780247
19.83209016172236,11.9301002764115,8.685582415763001
1.0584094258798782,13.264816136605335,0.4786486787717009
19.887366913430817,14.495115186853425,9.999944564438083
14.189367775167035,21.365732334795737,9.545475737249802
25.17493699015263,3.8698893539143846,0.1
19.83209016172236,7.239992874956091,3.5678364225446124
19.83209016172236,11.9301002764115,8.685582415763001
31.430232465291308,11.9301002764115,7.675319340628322
19.887366913430817,11.9301002764115,8.686947533607276
23.97580295349667,11.9301002764115,8.60795500406254
19.83209016172236,11.9301002764115,8.685582415763001
19.83209016172236,11.9301002764115,9.972149811357246
19.83209016172236,5.0028325713789314,7.844862201334643
19.83209016172236,18.185171155237885,6.542074650016332
19.83209016172236,15.581399467246463,8.829411148869527
19.83209016172236,11.9301002764115,8.685582415763001
19.83209016172236,11.9301002764115,8.685582415763001
19.83209016172236,11.9301002764115,8.685582415763001
19.83209016172236,11.9301002764115,9.067862767200792
25.245159201276554,11.9301002764115,7.30600216549086
0.18423509285223716,11.9301002764115,3.6945903995776894
19.545833493657558,11.9301002764115,9.828211660856509
32.98426788784407,11.9301002764115,7.382029921718919
30.852507977834115,11.9301002764115,7.777261391279631
19.887366913430817,16.128138824392046,9.999944564438083
19.887366913430817,11.25095871150309,9.396428831408953
1.0584094258798782,13.264816136605335,0.4786486787717009
20.03121377348645,11.9301002764115,9.927725064598965
19.83209016172236,13.5959846975784,8.750285460535983
19.887366913430817,11.9301002764115,8.686947533607276
19.83209016172236,7.239992874956091,3.5678364225446124
19.83209016172236,5.0028325713789314,7.844862201334643
31.430232465291308,11.9301002764115,7.675319340628322
20.03121377348645,14.992036845356678,9.003789435569242
33.95682186888764,26.042597549302187,9.066818093780247
19.83209016172236,11.9301002764115,8.685582415763001
19.83209016172236,18.185171155237885,6.542074650016332
19.83209016172236,11.9301002764115,8.685582415763001
19.83209016172236,11.9301002764115,9.972149811357246
23.97580295349667,11.9301002764115,7.944271282039892
23.97580295349667,11.9301002764115,8.60795500406254
19.83209016172236,11.9301002764115,8.685582415763001
19.83209016172236,11.9301002764115,9.972149811357246
19.83209016172236,15.581399467246463,8.829411148869527
19.83209016172236,11.9301002764115,8.685582415763001
0.18423509285223716,11.9301002764115,3.6945903995776894
19.545833493657558,11.9301002764115,9.828211660856509
32.98426788784407,11.9301002764115,7.382029921718919
19.83209016172236,11.9301002764115,8.685582415763001
30.852507977834115,11.9301002764115,7.777261391279631
19.83209016172236,11.9301002764115,8.685582415763001
30.852507977834115,11.9301002764115,7.777261391279631
23.97580295349667,2.0220727020094413,6.887285335936594
19.887366913430817,7.239992874956091,8.736316655051306
19.83209016172236,7.239992874956091,3.5678364225446124
31.430232465291308,11.9301002764115,7.675319340628322
19.83209016172236,11.9301002764115,8.685582415763001
23.97580295349667,11.9301002764115,7.944271282039892
19.83209016172236,11.9301002764115,8.685582415763001
19.887366913430817,11.9301002764115,8.686947533607276
23.97580295349667,11.9301002764115,8.60795500406254
19.83209016172236,11.9301002764115,8.685582415763001
33.95682186888764,26.042597549302187,9.066818093780247
19.83209016172236,11.9301002764115,9.972149811357246
19.83209016172236,5.0028325713789314,7.844862201334643
19.83209016172236,15.581399467246463,8.829411148869527
19.887366913430817,11.9301002764115,9.999944564438083
19.83209016172236,11.9301002764115,8.685582415763001
19.83209016172236,11.9301002764115,8.685582415763001
0.18423509285223716,11.9301002764115,3.6945903995776894
19.887366913430817,11.9301002764115,9.999944564438083
19.545833493657558,11.9301002764115,9.828211660856509
32.98426788784407,11.9301002764115,7.382029921718919
20.03121377348645,14.992036845356678,9.003789435569242
23.97580295349667,11.9301002764115,8.60795500406254
19.83209016172236,15.581399467246463,8.829411148869527
19.545833493657558,11.9301002764115,9.828211660856509
19.83209016172236,9.742737217428814,7.78898121073548
19.83209016172236,11.9301002764115,9.972149811357246
20.240507203586688,12.77509443084789,9.504333617796012
19.83209016172236,11.9301002764115,8.685582415763001
19.887366913430817,11.9301002764115,9.999944564438083
19.83209016172236,7.239992874956091,3.5678364225446124
19.83209016172236,21.033781252270167,5.656079893293068
31.430232465291308,11.9301002764115,7.675319340628322
19.83209016172236,11.9301002764115,8.685582415763001
19.887366913430817,11.9301002764115,8.686947533607276
19.83209016172236,11.9301002764115,8.685582415763001
19.83209016172236,5.0028325713789314,7.844862201334643
19.83209016172236,11.9301002764115,8.685582415763001
0.18423509285223716,11.9301002764115,3.6945903995776894
26.498638082523378,9.02219849060486,9.428134452914842
31.834239044075552,2.496018565854749,8.929948831045946
19.83209016172236,11.9301002764115,8.685582415763001
1.0584094258798782,13.264816136605335,0.4786486787717009
32.98426788784407,11.9301002764115,7.382029921718919
30.852507977834115,11.9301002764115,7.777261391279631
25.245159201276554,11.9301002764115,7.30600216549086
31.430232465291308,11.9301002764115,7.675319340628322
19.887366913430817,11.9301002764115,8.686947533607276
19.887366913430817,16.128138824392046,9.999944564438083
19.887366913430817,11.25095871150309,9.396428831408953
20.03121377348645,17.82245417816345,9.927725064598965
8.888092976116987,17.282888495847242,3.0850106040236067
19.83209016172236,7.239992874956091,3.5678364225446124
38.86521320680907,11.9301002764115,0.4574442034010531
19.83209016172236,11.9301002764115,8.685582415763001
23.97580295349667,11.9301002764115,8.60795500406254
19.83209016172236,11.9301002764115,8.685582415763001
19.83209016172236,11.9301002764115,9.972149811357246
19.83209016172236,18.185171155237885,6.542074650016332
19.83209016172236,5.0028325713789314,7.844862201334643
19.83209016172236,15.581399467246463,8.829411148869527
19.83209016172236,11.9301002764115,8.685582415763001
19.83209016172236,11.9301002764115,8.685582415763001
30.852507977834115,11.9301002764115,7.777261391279631
20.03121377348645,24.990918972957484,9.927725064598965
1.0584094258798782,13.264816136605335,0.4786486787717009
0.18423509285223716,11.9301002764115,3.6945903995776894
19.545833493657558,11.9301002764115,9.828211660856509
20.03121377348645,11.1738908633436,9.246069121265457
19.83209016172236,10.635570731930311,9.972149811357246
25.245159201276554,11.9301002764115,7.30600216549086
18.97225621045323,11.9301002764115,9.539800376424953
19.887366913430817,16.128138824392046,7.397030910465238
19.83209016172236,15.581399467246463,8.829411148869527
30.852507977834115,11.9301002764115,7.777261391279631
19.83209016172236,20.50924919981034,9.972149811357246
20.03121377348645,11.1738908633436,9.246069121265457
19.83209016172236,7.239992874956091,3.5678364225446124
19.887366913430817,11.9301002764115,8.686947533607276
19.83209016172236,11.9301002764115,8.685582415763001
31.430232465291308,11.9301002764115,7.675319340628322
25.60972372776903,38.224897511267656,9.972149811357246
19.887366913430817,16.128138824392046,9.999944564438083
33.95682186888764,26.042597549302187,9.066818093780247
19.83209016172236,11.9301002764115,8.685582415763001
23.97580295349667,11.9301002764115,8.60795500406254
20.03121377348645,11.9301002764115,9.927725064598965
19.887366913430817,11.25095871150309,9.396428831408953
19.83209016172236,11.9301002764115,8.685582415763001
19.83209016172236,11.9301002764115,9.972149811357246
19.83209016172236,5.0028325713789314,7.844862201334643
19.83209016172236,11.9301002764115,8.685582415763001
0.18423509285223716,11.9301002764115,3.6945903995776894
19.83209016172236,18.185171155237885,6.542074650016332
35.29719880660673,21.231058001370467,9.973165004637936
10.071556824242673,18.522676488505127,7.675428442991462
31.834239044075552,2.496018565854749,8.929948831045946
19.83209016172236,7.239992874956091,3.5678364225446124
14.189367775167035,21.365732334795737,9.545475737249802
25.245159201276554,11.9301002764115,7.30600216549086
19.887366913430817,16.128138824392046,9.999944564438083
1.0584094258798782,13.264816136605335,0.4786486787717009
31.430232465291308,11.9301002764115,7.675319340628322
19.83209016172236,11.9301002764115,8.685582415763001
19.887366913430817,11.9301002764115,8.686947533607276
38.86521320680907,11.9301002764115,0.4574442034010531
23.97580295349667,11.9301002764115,8.60795500406254
19.83209016172236,11.9301002764115,8.685582415763001
19.83209016172236,11.9301002764115,9.972149811357246
19.887366913430817,16.128138824392046,7.397030910465238
19.83209016172236,21.033781252270167,5.656079893293068
19.83209016172236,15.581399467246463,8.829411148869527
19.887366913430817,14.495115186853425,9.999944564438083
19.83209016172236,5.0028325713789314,7.844862201334643
19.83209016172236,11.9301002764115,8.685582415763001
19.83209016172236,11.9301002764115,8.685582415763001
0.18423509285223716,11.9301002764115,3.6945903995776894
32.98426788784407,11.9301002764115,7.382029921718919
0.18423509285223716,11.9301002764115,3.6945903995776894
25.245159201276554,11.9301002764115,7.30600216549086
19.887366913430817,6.006079967642836,0.1367377632297142
19.887366913430817,16.128138824392046,9.999944564438083
19.887366913430817,23.491558816344938,9.158467980118605
31.834239044075552,2.496018565854749,8.929948831045946
19.83209016172236,7.239992874956091,3.5678364225446124
19.887366913430817,11.9301002764115,8.686947533607276
35.29719880660673,21.231058001370467,9.973165004637936
31.430232465291308,11.9301002764115,7.675319340628322
20.03121377348645,11.9301002764115,9.927725064598965
19.887366913430817,11.25095871150309,9.396428831408953
19.83209016172236,11.9301002764115,8.685582415763001
23.97580295349667,11.9301002764115,8.60795500406254
19.83209016172236,11.9301002764115,8.685582415763001
19.83209016172236,11.9301002764115,9.972149811357246
23.97580295349667,11.9301002764115,7.944271282039892
19.83209016172236,5.0028325713789314,7.844862201334643
19.83209016172236,15.581399467246463,8.829411148869527
20.03121377348645,11.1738908633436,9.246069121265457
19.83209016172236,11.9301002764115,8.685582415763001
19.83209016172236,11.9301002764115,8.685582415763001
19.545833493657558,11.9301002764115,9.828211660856509
38.0503494847183,17.77411891911088,8.81218333476727
19.83209016172236,20.907556977100608,9.972149811357246
3.7856649666933393,12.429323077938983,8.556586625641064
0.18423509285223716,11.9301002764115,3.6945903995776894
19.83209016172236,7.239992874956091,3.5678364225446124
23.97580295349667,11.9301002764115,7.944271282039892
19.83209016172236,9.742737217428814,7.78898121073548
31.430232465291308,11.9301002764115,7.675319340628322
19.83209016172236,13.282440323181552,8.84330845659024
18.97225621045323,11.9301002764115,9.539800376424953
19.83209016172236,11.9301002764115,8.685582415763001
19.887366913430817,11.9301002764115,8.686947533607276
23.97580295349667,11.9301002764115,8.60795500406254
19.83209016172236,13.5959846975784,8.750285460535983
19.83209016172236,5.0028325713789314,7.844862201334643
19.83209016172236,11.9301002764115,8.685582415763001
19.83209016172236,11.9301002764115,9.972149811357246
19.83209016172236,15.581399467246463,8.829411148869527
19.545833493657558,10.037397858211653,8.31853112648207
20.03121377348645,11.9301002764115,9.927725064598965
19.83209016172236,11.9301002764115,8.685582415763001
20.03121377348645,11.9301002764115,9.927725064598965
19.83209016172236,11.9301002764115,8.685582415763001
19.545833493657558,11.9301002764115,9.828211660856509
23.97580295349667,2.0220727020094413,6.887285335936594
19.83209016172236,9.742737217428814,7.78898121073548
19.887366913430817,11.25095871150309,9.396428831408953
33.79315948388767,11.9301002764115,3.0078198402487892
20.03121377348645,11.9301002764115,9.927725064598965
19.83209016172236,20.907556977100608,9.972149811357246
19.83209016172236,7.239992874956091,3.5678364225446124
19.83209016172236,11.9301002764115,8.685582415763001
31.430232465291308,11.9301002764115,7.675319340628322
19.887366913430817,11.9301002764115,9.999944564438083
19.83209016172236,11.9301002764115,8.685582415763001
19.887366913430817,11.9301002764115,8.686947533607276
23.97580295349667,11.9301002764115,8.60795500406254
19.83209016172236,11.9301002764115,9.972149811357246
19.83209016172236,5.0028325713789314,7.844862201334643
20.03121377348645,14.992036845356678,9.003789435569242
19.83209016172236,11.9301002764115,8.685582415763001
19.83209016172236,15.581399467246463,8.829411148869527
0.18423509285223716,11.9301002764115,3.6945903995776894
31.834239044075552,2.496018565854749,8.929948831045946
19.83209016172236,11.9301002764115,8.685582415763001
20.573876811910036,10.282084185840755,7.996735396702338
19.545833493657558,11.9301002764115,9.828211660856509
32.98426788784407,11.9301002764115,7.382029921718919
19.887366913430817,16.128138824392046,9.999944564438083
20.240507203586688,12.77509443084789,9.504333617796012
19.83209016172236,7.239992874956091,3.5678364225446124
19.887366913430817,7.239992874956091,8.736316655051306
31.430232465291308,11.9301002764115,7.675319340628322
19.83209016172236,11.9301002764115,8.685582415763001
19.887366913430817,11.9301002764115,8.686947533607276
23.97580295349667,11.9301002764115,8.60795500406254
19.83209016172236,13.5959846975784,8.750285460535983
19.83209016172236,11.9301002764115,8.685582415763001
19.83209016172236,11.9301002764115,9.972149811357246
19.83209016172236,5.0028325713789314,7.844862201334643
19.83209016172236,15.581399467246463,8.829411148869527
19.83209016172236,11.9301002764115,8.685582415763001
19.83209016172236,11.9301002764115,8.685582415763001
20.03121377348645,11.9301002764115,9.927725064598965
23.97580295349667,11.9301002764115,7.944271282039892
0.18423509285223716,11.9301002764115,3.6945903995776894
19.545833493657558,11.9301002764115,9.828211660856509
32.98426788784407,11.9301002764115,7.382029921718919
19.83209016172236,11.9301002764115,8.685582415763001
38.86521320680907,11.9301002764115,0.4574442034010531
14.189367775167035,21.365732334795737,9.545475737249802
30.852507977834115,11.9301002764115,7.777261391279631
25.245159201276554,11.9301002764115,7.30600216549086
19.83209016172236,11.9301002764115,9.972149811357246
3.7856649666933393,12.429323077938983,8.556586625641064
19.83209016172236,7.239992874956091,3.5678364225446124
19.887366913430817,11.9301002764115,8.686947533607276
19.887366913430817,11.9301002764115,9.999944564438083
19.83209016172236,11.9301002764115,8.685582415763001
19.83209016172236,11.9301002764115,8.685582415763001
23.97580295349667,11.9301002764115,7.944271282039892
31.430232465291308,11.9301002764115,7.675319340628322
20.03121377348645,24.990918972957484,9.927725064598965
19.83209016172236,11.9301002764115,8.685582415763001
23.97580295349667,11.9301002764115,8.60795500406254
19.83209016172236,11.9301002764115,8.685582415763001
19.83209016172236,11.9301002764115,9.972149811357246
19.83209016172236,5.0028325713789314,7.844862201334643
19.83209016172236,15.581399467246463,8.829411148869527
19.545833493657558,11.9301002764115,9.828211660856509
19.83209016172236,11.9301002764115,8.685582415763001
0.18423509285223716,11.9301002764115,3.6945903995776894
32.98426788784407,11.9301002764115,7.382029921718919
19.83209016172236,11.9301002764115,8.685582415763001
19.887366913430817,16.128138824392046,9.999944564438083
19.887366913430817,11.25095871150309,9.396428831408953
30.852507977834115,11.9301002764115,7.777261391279631
25.245159201276554,11.9301002764115,7.30600216549086
19.83209016172236,7.239992874956091,3.5678364225446124
31.430232465291308,11.9301002764115,7.675319340628322
19.83209016172236,11.9301002764115,8.685582415763001
19.887366913430817,11.9301002764115,8.686947533607276
32.98426788784407,11.9301002764115,7.382029921718919
19.83209016172236,11.9301002764115,8.685582415763001
20.03121377348645,11.9301002764115,9.927725064598965
25.245159201276554,11.9301002764115,7.30600216549086
19.83209016172236,11.9301002764115,8.685582415763001
0.18423509285223716,11.9301002764115,3.6945903995776894
23.97580295349667,11.9301002764115,8.60795500406254
19.83209016172236,11.9301002764115,8.685582415763001
19.545833493657558,11.9301002764115,9.828211660856509
19.83209016172236,13.5959846975784,8.750285460535983
19.83209016172236,11.9301002764115,9.972149811357246
19.83209016172236,5.0028325713789314,7.844862201334643
19.83209016172236,15.581399467246463,8.829411148869527
31.834239044075552,2.496018565854749,8.929948831045946
19.83209016172236,11.9301002764115,8.685582415763001
19.83209016172236,11.9301002764115,8.685582415763001
30.852507977834115,11.9301002764115,7.777261391279631
19.887366913430817,16.128138824392046,9.999944564438083
25.47759069787653,15.256043665002787,9.98200447325523
19.83209016172236,13.282440323181552,8.84330845659024
19.83209016172236,18.185171155237885,6.542074650016332
19.83209016172236,11.9301002764115,9.972149811357246
31.834239044075552,2.496018565854749,8.929948831045946
14.189367775167035,21.365732334795737,9.545475737249802
19.83209016172236,7.239992874956091,3.5678364225446124
19.83209016172236,11.9301002764115,8.685582415763001
35.29719880660673,21.231058001370467,9.973165004637936
31.430232465291308,11.9301002764115,7.675319340628322
19.83209016172236,5.0028325713789314,7.844862201334643
19.83209016172236,11.9301002764115,8.685582415763001
19.83209016172236,11.9301002764115,8.685582415763001
19.83209016172236,20.50924919981034,9.972149811357246
19.887366913430817,11.9301002764115,8.686947533607276
23.97580295349667,11.9301002764115,8.60795500406254
19.83209016172236,11.9301002764115,9.972149811357246
19.545833493657558,11.9301002764115,9.828211660856509
20.03121377348645,17.82245417816345,9.927725064598965
19.83209016172236,15.581399467246463,8.829411148869527
19.83209016172236,11.9301002764115,8.685582415763001
19.83209016172236,11.9301002764115,8.685582415763001
19.83209016172236,11.9301002764115,8.685582415763001
0.18423509285223716,11.9301002764115,3.6945903995776894
32.98426788784407,11.9301002764115,7.382029921718919
19.887366913430817,11.9301002764115,9.999944564438083
20.03121377348645,24.990918972957484,9.927725064598965
31.430232465291308,11.9301002764115,7.675319340628322
19.83209016172236,20.50924919981034,9.972149811357246
19.83209016172236,5.0028325713789314,7.844862201334643
19.83209016172236,7.239992874956091,3.5678364225446124
19.83209016172236,11.9301002764115,8.685582415763001
19.83209016172236,11.9301002764115,8.685582415763001
19.887366913430817,11.9301002764115,8.686947533607276
23.97580295349667,11.9301002764115,8.60795500406254
19.83209016172236,11.9301002764115,8.685582415763001
19.83209016172236,11.9301002764115,8.685582415763001
19.83209016172236,11.9301002764115,9.972149811357246
19.83209016172236,15.581399467246463,8.829411148869527
19.83209016172236,11.9301002764115,8.685582415763001
30.852507977834115,11.9301002764115,7.777261391279631
0.18423509285223716,11.9301002764115,3.6945903995776894
19.545833493657558,11.9301002764115,9.828211660856509
32.98426788784407,11.9301002764115,7.382029921718919
25.245159201276554,11.9301002764115,7.30600216549086
19.887366913430817,16.128138824392046,9.999944564438083
19.83209016172236,13.282440323181552,8.84330845659024
19.887366913430817,11.9301002764115,9.999944564438083
26.498638082523378,9.02219849060486,9.428134452914842
31.430232465291308,11.9301002764115,7.675319340628322
19.887366913430817,11.9301002764115,8.686947533607276
19.83209016172236,15.581399467246463,8.829411148869527
19.83209016172236,11.9301002764115,8.685582415763001
19.887366913430817,11.9301002764115,9.999944564438083
19.83209016172236,7.239992874956091,3.5678364225446124
19.83209016172236,11.9301002764115,8.685582415763001
26.164748072272953,11.9301002764115,9.972149811357246
19.545833493657558,11.9301002764115,9.828211660856509
30.852507977834115,11.9301002764115,7.777261391279631
20.03121377348645,11.9301002764115,9.927725064598965
19.83209016172236,11.9301002764115,8.685582415763001
23.97580295349667,11.9301002764115,8.60795500406254
19.83209016172236,11.9301002764115,8.685582415763001
19.83209016172236,10.635570731930311,9.972149811357246
19.83209016172236,11.9301002764115,9.972149811357246
19.83209016172236,5.0028325713789314,7.844862201334643
16.652001232665135,10.030781211555043,9.958549277809121
19.83209016172236,11.9301002764115,8.685582415763001
0.18423509285223716,11.9301002764115,3.6945903995776894
14.189367775167035,21.365732334795737,9.545475737249802
32.98426788784407,11.9301002764115,7.382029921718919
25.245159201276554,11.9301002764115,7.30600216549086
19.887366913430817,16.128138824392046,9.999944564438083
19.887366913430817,11.9301002764115,9.999944564438083
19.83209016172236,11.9301002764115,9.972149811357246
19.83209016172236,13.5959846975784,8.750285460535983
19.83209016172236,11.9301002764115,8.685582415763001
1.0584094258798782,13.264816136605335,0.4786486787717009
23.97580295349667,2.0220727020094413,6.887285335936594
19.83209016172236,11.9301002764115,9.972149811357246
25.245159201276554,11.9301002764115,7.30600216549086
31.430232465291308,11.9301002764115,7.675319340628322
19.83209016172236,5.0028325713789314,7.844862201334643
19.83209016172236,7.239992874956091,3.5678364225446124
19.83209016172236,11.9301002764115,8.685582415763001
19.83209016172236,11.9301002764115,8.685582415763001
19.83209016172236,10.635570731930311,9.972149811357246
23.97580295349667,11.9301002764115,8.60795500406254
38.86521320680907,11.9301002764115,0.4574442034010531
19.887366913430817,11.9301002764115,8.686947533607276
14.189367775167035,21.365732334795737,9.545475737249802
30.852507977834115,11.9301002764115,7.777261391279631
19.83209016172236,11.9301002764115,9.972149811357246
20.03121377348645,11.9301002764115,9.927725064598965
19.83209016172236,15.581399467246463,8.829411148869527
19.83209016172236,11.9301002764115,8.685582415763001
0.18423509285223716,11.9301002764115,3.6945903995776894
25.60972372776903,38.224897511267656,9.972149811357246
19.83209016172236,11.9301002764115,9.972149811357246
33.95682186888764,26.042597549302187,9.066818093780247
20.03121377348645,17.82245417816345,9.927725064598965
0.18423509285223716,11.9301002764115,3.6945903995776894
38.0503494847183,17.77411891911088,8.81218333476727
19.83209016172236,20.907556977100608,9.972149811357246
20.03121377348645,14.992036845356678,9.003789435569242
19.83209016172236,7.239992874956091,3.5678364225446124
19.887366913430817,6.006079967642836,0.1367377632297142
31.430232465291308,11.9301002764115,7.675319340628322
23.97580295349667,11.9301002764115,9.48707506371176
19.83209016172236,11.9301002764115,8.685582415763001
19.887366913430817,11.9301002764115,8.686947533607276
19.887366913430817,11.9301002764115,9.999944564438083
23.97580295349667,11.9301002764115,8.60795500406254
19.83209016172236,11.9301002764115,8.685582415763001
20.03121377348645,11.9301002764115,9.927725064598965
19.887366913430817,3.239975138175671,7.7836174908843825
19.83209016172236,11.9301002764115,9.972149811357246
19.83209016172236,5.0028325713789314,7.844862201334643
26.164748072272953,11.9301002764115,9.972149811357246
19.83209016172236,15.581399467246463,8.829411148869527
19.83209016172236,11.9301002764115,8.685582415763001
19.887366913430817,3.239975138175671,7.7836174908843825
19.83209016172236,7.239992874956091,3.5678364225446124
23.97580295349667,11.9301002764115,8.60795500406254
19.887366913430817,11.9301002764115,9.999944564438083
19.545833493657558,11.9301002764115,9.828211660856509
31.430232465291308,11.9301002764115,7.675319340628322
19.83209016172236,11.9301002764115,8.685582415763001
25.17493699015263,3.8698893539143846,0.1
19.887366913430817,16.128138824392046,9.999944564438083
19.887366913430817,11.9301002764115,8.686947533607276
19.83209016172236,11.9301002764115,8.685582415763001
20.03121377348645,11.1738908633436,9.246069121265457
19.83209016172236,11.9301002764115,9.972149811357246
8.888092976116987,17.282888495847242,3.0850106040236067
19.83209016172236,5.0028325713789314,7.844862201334643
32.98426788784407,11.9301002764115,7.382029921718919
19.83209016172236,15.581399467246463,8.829411148869527
19.83209016172236,11.9301002764115,8.685582415763001
19.83209016172236,11.9301002764115,8.685582415763001
0.18423509285223716,11.9301002764115,3.6945903995776894
19.83209016172236,11.9301002764115,8.685582415763001
19.83209016172236,13.5959846975784,8.750285460535983
30.852507977834115,11.9301002764115,7.777261391279631
25.245159201276554,11.9301002764115,7.30600216549086
20.240507203586688,12.77509443084789,9.504333617796012
31.834239044075552,2.496018565854749,8.929948831045946
19.83209016172236,7.239992874956091,3.5678364225446124
19.887366913430817,16.128138824392046,9.999944564438083
31.430232465291308,11.9301002764115,7.675319340628322
26.498638082523378,9.02219849060486,9.428134452914842
8.888092976116987,17.282888495847242,3.0850106040236067
19.83209016172236,11.9301002764115,8.685582415763001
19.887366913430817,11.9301002764115,8.686947533607276
23.97580295349667,11.9301002764115,8.60795500406254
19.83209016172236,11.9301002764115,8.685582415763001
19.83209016172236,11.9301002764115,9.972149811357246
19.83209016172236,15.581399467246463,8.829411148869527
19.545833493657558,11.9301002764115,9.828211660856509
19.83209016172236,5.0028325713789314,7.844862201334643
25.47759069787653,15.256043665002787,9.98200447325523
19.83209016172236,11.9301002764115,8.685582415763001
19.83209016172236,11.9301002764115,8.685582415763001
18.326985991014123,22.343068378835774,9.21533980547244
0.18423509285223716,11.9301002764115,3.6945903995776894
19.83209016172236,11.9301002764115,8.685582415763001
32.98426788784407,11.9301002764115,7.382029921718919
20.03121377348645,24.990918972957484,9.927725064598965
30.852507977834115,11.9301002764115,7.777261391279631
19.83209016172236,20.907556977100608,9.972149811357246
26.498638082523378,9.02219849060486,9.428134452914842
31.834239044075552,2.496018565854749,8.929948831045946
31.430232465291308,11.9301002764115,7.675319340628322
25.245159201276554,11.9301002764115,7.30600216549086
19.83209016172236,7.239992874956091,3.5678364225446124
19.83209016172236,11.9301002764115,8.685582415763001
19.83209016172236,20.50924919981034,9.972149811357246
19.887366913430817,11.9301002764115,8.686947533607276
19.83209016172236,9.742737217428814,7.78898121073548
1.806142703290071,11.9301002764115,0.9081809063505254
23.97580295349667,11.9301002764115,8.60795500406254
19.83209016172236,11.9301002764115,8.685582415763001
19.83209016172236,11.9301002764115,9.972149811357246
19.83209016172236,5.0028325713789314,7.844862201334643
25.60972372776903,38.224897511267656,9.972149811357246
19.83209016172236,15.581399467246463,8.829411148869527
19.83209016172236,11.9301002764115,8.685582415763001
19.83209016172236,10.635570731930311,9.972149811357246
19.83209016172236,11.9301002764115,8.685582415763001
0.18423509285223716,11.9301002764115,3.6945903995776894
19.887366913430817,11.9301002764115,9.999944564438083
19.545833493657558,11.9301002764115,9.828211660856509
32.98426788784407,11.9301002764115,7.382029921718919
19.83209016172236,18.185171155237885,6.542074650016332
19.83209016172236,11.9301002764115,9.069955855716426
19.83209016172236,13.5959846975784,8.750285460535983
19.83209016172236,11.9301002764115,8.685582415763001
19.887366913430817,14.495115186853425,9.999944564438083
19.83209016172236,7.239992874956091,3.5678364225446124
18.97225621045323,11.9301002764115,9.539800376424953
31.430232465291308,11.9301002764115,7.675319340628322
1.0584094258798782,13.264816136605335,0.4786486787717009
19.83209016172236,11.9301002764115,8.685582415763001
19.83209016172236,11.9301002764115,8.685582415763001
19.887366913430817,11.9301002764115,8.686947533607276
23.97580295349667,11.9301002764115,8.60795500406254
31.834239044075552,2.496018565854749,8.929948831045946
19.83209016172236,11.9301002764115,8.685582415763001
19.83209016172236,11.9301002764115,9.972149811357246
25.60972372776903,38.224897511267656,9.972149811357246
19.83209016172236,5.0028325713789314,7.844862201334643
19.83209016172236,15.581399467246463,8.829411148869527
19.83209016172236,11.9301002764115,8.685582415763001
0.18423509285223716,11.9301002764115,3.6945903995776894
19.887366913430817,11.9301002764115,9.999944564438083
19.545833493657558,11.9301002764115,9.828211660856509
32.98426788784407,11.9301002764115,7.382029921718919
19.83209016172236,11.9301002764115,8.685582415763001
35.29719880660673,21.231058001370467,9.973165004637936
19.83209016172236,7.239992874956091,3.5678364225446124
0.18423509285223716,11.9301002764115,3.6945903995776894
19.545833493657558,11.9301002764115,9.828211660856509
25.245159201276554,11.9301002764115,7.30600216549086
31.430232465291308,11.9301002764115,7.675319340628322
19.887366913430817,11.9301002764115,9.999944564438083
19.83209016172236,11.9301002764115,8.685582415763001
20.03121377348645,11.9301002764115,9.927725064598965
19.887366913430817,11.9301002764115,8.686947533607276
19.887366913430817,3.239975138175671,7.7836174908843825
19.83209016172236,11.9301002764115,8.685582415763001
23.97580295349667,11.9301002764115,8.60795500406254
19.83209016172236,11.9301002764115,8.685582415763001
19.83209016172236,11.9301002764115,9.972149811357246
19.83209016172236,5.0028325713789314,7.844862201334643
19.83209016172236,15.581399467246463,8.829411148869527
19.83209016172236,11.9301002764115,8.685582415763001
19.83209016172236,11.9301002764115,8.685582415763001
32.98426788784407,11.9301002764115,7.382029921718919
30.852507977834115,11.9301002764115,7.777261391279631
19.887366913430817,16.128138824392046,9.999944564438083
19.83209016172236,11.9301002764115,9.972149811357246
19.83209016172236,11.9301002764115,9.972149811357246
19.887366913430817,11.9301002764115,9.999944564438083
20.03121377348645,11.9301002764115,9.927725064598965
23.97580295349667,10.169840234895752,8.494874888590354
19.83209016172236,7.239992874956091,3.5678364225446124
31.430232465291308,11.9301002764115,7.675319340628322
19.83209016172236,11.9301002764115,8.685582415763001
19.887366913430817,11.9301002764115,8.686947533607276
23.97580295349667,11.9301002764115,8.60795500406254
19.83209016172236,11.9301002764115,8.685582415763001
19.83209016172236,5.0028325713789314,7.844862201334643
1.806142703290071,11.9301002764115,0.9081809063505254
19.83209016172236,15.581399467246463,8.829411148869527
19.83209016172236,11.9301002764115,8.685582415763001
19.83209016172236,11.9301002764115,8.685582415763001
0.18423509285223716,11.9301002764115,3.6945903995776894
19.545833493657558,11.9301002764115,9.828211660856509
32.98426788784407,11.9301002764115,7.382029921718919
19.83209016172236,11.9301002764115,8.685582415763001
30.852507977834115,11.9301002764115,7.777261391279631
25.17493699015263,3.8698893539143846,0.1
25.245159201276554,11.9301002764115,7.30600216549086
19.887366913430817,16.128138824392046,9.999944564438083
19.83209016172236,13.282440323181552,8.84330845659024
30.852507977834115,11.9301002764115,7.777261391279631
25.17493699015263,3.8698893539143846,0.1
19.83209016172236,7.239992874956091,3.5678364225446124
23.97580295349667,11.9301002764115,8.60795500406254
19.83209016172236,11.9301002764115,8.685582415763001
0.18423509285223716,11.9301002764115,3.6945903995776894
31.430232465291308,11.9301002764115,7.675319340628322
19.83209016172236,11.9301002764115,8.685582415763001
18.326985991014123,22.343068378835774,9.21533980547244
19.887366913430817,11.9301002764115,8.686947533607276
20.03121377348645,24.990918972957484,9.927725064598965
19.83209016172236,11.9301002764115,8.685582415763001
19.83209016172236,11.9301002764115,9.972149811357246
19.83209016172236,5.0028325713789314,7.844862201334643
20.03121377348645,11.9301002764115,9.927725064598965
19.83209016172236,15.581399467246463,8.829411148869527
19.83209016172236,11.9301002764115,8.685582415763001
19.545833493657558,11.9301002764115,9.828211660856509
32.98426788784407,11.9301002764115,7.382029921718919
19.83209016172236,11.9301002764115,8.685582415763001
25.245159201276554,11.9301002764115,7.30600216549086
19.887366913430817,16.128138824392046,9.999944564438083
19.83209016172236,13.282440323181552,8.84330845659024
3.7856649666933393,12.429323077938983,8.556586625641064
19.83209016172236,20.50924919981034,9.972149811357246
23.97580295349667,2.0220727020094413,6.887285335936594
19.887366913430817,11.9301002764115,9.999944564438083
10.071556824242673,18.522676488505127,7.675428442991462
23.97580295349667,11.9301002764115,7.944271282039892
32.98426788784407,11.9301002764115,7.382029921718919
25.47759069787653,15.256043665002787,9.98200447325523
19.83209016172236,7.239992874956091,3.5678364225446124
31.430232465291308,11.9301002764115,7.675319340628322
19.83209016172236,11.9301002764115,8.685582415763001
19.887366913430817,11.9301002764115,8.686947533607276
23.97580295349667,11.9301002764115,8.60795500406254
19.83209016172236,11.9301002764115,8.685582415763001
19.83209016172236,11.9301002764115,9.972149811357246
19.83209016172236,5.0028325713789314,7.844862201334643
19.83209016172236,15.581399467246463,8.829411148869527
19.887366913430817,7.239992874956091,8.736316655051306
19.83209016172236,11.9301002764115,8.685582415763001
19.83209016172236,21.033781252270167,5.656079893293068
19.83209016172236,11.9301002764115,8.685582415763001
0.18423509285223716,11.9301002764115,3.6945903995776894
19.545833493657558,11.9301002764115,9.828211660856509
19.83209016172236,11.9301002764115,8.685582415763001
38.0503494847183,17.77411891911088,8.81218333476727
19.83209016172236,21.033781252270167,5.656079893293068
38.86521320680907,11.9301002764115,0.4574442034010531
19.83209016172236,11.9301002764115,8.685582415763001
20.03121377348645,14.992036845356678,9.003789435569242
19.83209016172236,7.239992874956091,3.5678364225446124
31.430232465291308,11.9301002764115,7.675319340628322
19.83209016172236,18.185171155237885,6.542074650016332
19.83209016172236,11.9301002764115,8.685582415763001
19.887366913430817,6.006079967642836,0.1367377632297142
25.245159201276554,11.9301002764115,7.30600216549086
19.887366913430817,11.9301002764115,8.686947533607276
23.97580295349667,11.9301002764115,8.60795500406254
19.83209016172236,11.9301002764115,8.685582415763001
19.83209016172236,11.9301002764115,9.972149811357246
19.83209016172236,15.581399467246463,8.829411148869527
19.83209016172236,11.9301002764115,9.972149811357246
19.83209016172236,11.9301002764115,8.685582415763001
19.83209016172236,5.0028325713789314,7.844862201334643
19.83209016172236,11.9301002764115,8.685582415763001
0.18423509285223716,11.9301002764115,3.6945903995776894
1.0584094258798782,13.264816136605335,0.4786486787717009
19.545833493657558,11.9301002764115,9.828211660856509
32.98426788784407,11.9301002764115,7.382029921718919
30.852507977834115,11.9301002764115,7.777261391279631
19.83209016172236,11.9301002764115,8.685582415763001
20.240507203586688,12.77509443084789,9.504333617796012
19.83209016172236,7.239992874956091,3.5678364225446124
3.7856649666933393,12.429323077938983,8.556586625641064
19.83209016172236,20.50924919981034,9.972149811357246
19.83209016172236,21.033781252270167,5.656079893293068
31.430232465291308,11.9301002764115,7.675319340628322
38.86521320680907,11.9301002764115,0.4574442034010531
19.83209016172236,18.185171155237885,6.542074650016332
19.83209016172236,11.9301002764115,8.685582415763001
19.887366913430817,11.9301002764115,8.686947533607276
23.97580295349667,11.9301002764115,8.60795500406254
19.83209016172236,11.9301002764115,8.685582415763001
33.79315948388767,11.9301002764115,3.0078198402487892
19.887366913430817,6.006079967642836,0.1367377632297142
23.97580295349667,11.9301002764115,7.944271282039892
19.83209016172236,11.9301002764115,9.972149811357246
19.887366913430817,16.128138824392046,7.397030910465238
19.83209016172236,5.0028325713789314,7.844862201334643
19.83209016172236,15.581399467246463,8.829411148869527
19.887366913430817,7.239992874956091,8.736316655051306
1.0584094258798782,13.264816136605335,0.4786486787717009
19.83209016172236,11.9301002764115,8.685582415763001
19.83209016172236,11.9301002764115,8.685582415763001
23.97580295349667,11.9301002764115,7.944271282039892
20.03121377348645,24.990918972957484,9.927725064598965
19.83209016172236,11.9301002764115,8.685582415763001
19.887366913430817,11.9301002764115,9.999944564438083
32.98426788784407,11.9301002764115,7.382029921718919
19.83209016172236,7.239992874956091,3.5678364225446124
19.887366913430817,16.128138824392046,9.999944564438083
23.97580295349667,10.169840234895752,8.494874888590354
19.83209016172236,11.9301002764115,9.067862767200792
31.430232465291308,11.9301002764115,7.675319340628322
19.83209016172236,11.9301002764115,8.685582415763001
19.887366913430817,11.9301002764115,8.686947533607276
23.97580295349667,11.9301002764115,8.60795500406254
19.83209016172236,11.9301002764115,8.685582415763001
19.83209016172236,11.9301002764115,9.972149811357246
20.240507203586688,12.77509443084789,9.504333617796012
19.83209016172236,5.0028325713789314,7.844862201334643
19.83209016172236,15.581399467246463,8.829411148869527
19.83209016172236,11.9301002764115,8.685582415763001
19.83209016172236,11.9301002764115,8.685582415763001
0.18423509285223716,11.9301002764115,3.6945903995776894
19.545833493657558,11.9301002764115,9.828211660856509
30.852507977834115,11.9301002764115,7.777261391279631
25.245159201276554,11.9301002764115,7.30600216549086
20.03121377348645,11.9301002764115,9.927725064598965
25.17493699015263,3.8698893539143846,0.1
0.18423509285223716,11.9301002764115,3.6945903995776894
33.79315948388767,11.9301002764115,3.0078198402487892
19.83209016172236,7.239992874956091,3.5678364225446124
31.430232465291308,11.9301002764115,7.675319340628322
19.83209016172236,11.9301002764115,8.685582415763001
19.887366913430817,11.9301002764115,8.686947533607276
23.97580295349667,11.9301002764115,8.60795500406254
26.164748072272953,11.9301002764115,9.972149811357246
19.83209016172236,11.9301002764115,8.685582415763001
19.83209016172236,11.9301002764115,9.972149811357246
19.83209016172236,5.0028325713789314,7.844862201334643
19.83209016172236,15.581399467246463,8.829411148869527
19.887366913430817,14.495115186853425,9.999944564438083
19.83209016172236,11.9301002764115,8.685582415763001
38.86521320680907,11.9301002764115,0.4574442034010531
19.83209016172236,11.9301002764115,8.685582415763001
32.98426788784407,11.9301002764115,7.382029921718919
19.83209016172236,11.9301002764115,8.685582415763001
19.545833493657558,11.9301002764115,9.828211660856509
30.852507977834115,11.9301002764115,7.777261391279631
19.887366913430817,11.9301002764115,9.999944564438083
25.245159201276554,11.9301002764115,7.30600216549086
19.887366913430817,7.239992874956091,8.736316655051306
19.887366913430817,11.9301002764115,9.999944564438083
23.97580295349667,11.9301002764115,7.944271282039892
19.887366913430817,14.495115186853425,9.999944564438083
19.83209016172236,7.239992874956091,3.5678364225446124
31.430232465291308,11.9301002764115,7.675319340628322
18.97225621045323,11.9301002764115,9.539800376424953
19.83209016172236,11.9301002764115,8.685582415763001
19.83209016172236,11.9301002764115,9.972149811357246
19.887366913430817,11.9301002764115,8.686947533607276
10.071556824242673,18.522676488505127,7.675428442991462
19.83209016172236,11.9301002764115,9.069955855716426
23.97580295349667,11.9301002764115,8.60795500406254
19.83209016172236,11.9301002764115,8.685582415763001
19.83209016172236,11.9301002764115,9.972149811357246
19.83209016172236,5.0028325713789314,7.844862201334643
19.83209016172236,15.581399467246463,8.829411148869527
23.97580295349667,11.9301002764115,7.944271282039892
23.97580295349667,11.9301002764115,9.48707506371176
19.83209016172236,11.9301002764115,8.685582415763001
19.83209016172236,11.9301002764115,8.685582415763001
0.18423509285223716,11.9301002764115,3.6945903995776894
19.545833493657558,11.9301002764115,9.828211660856509
19.83209016172236,18.185171155237885,6.542074650016332
23.97580295349667,10.169840234895752,8.494874888590354
23.97580295349667,2.0220727020094413,6.887285335936594
19.83209016172236,7.239992874956091,3.5678364225446124
19.83209016172236,11.9301002764115,8.685582415763001
31.430232465291308,11.9301002764115,7.675319340628322
19.83209016172236,11.9301002764115,8.685582415763001
19.887366913430817,11.9301002764115,8.686947533607276
23.97580295349667,11.9301002764115,8.60795500406254
19.83209016172236,11.9301002764115,8.685582415763001
19.83209016172236,11.9301002764115,9.972149811357246
19.83209016172236,5.0028325713789314,7.844862201334643
19.83209016172236,11.9301002764115,8.685582415763001
19.83209016172236,15.581399467246463,8.829411148869527
19.83209016172236,11.9301002764115,8.685582415763001
19.83209016172236,11.9301002764115,8.685582415763001
19.545833493657558,11.9301002764115,9.828211660856509
30.852507977834115,11.9301002764115,7.777261391279631
25.245159201276554,11.9301002764115,7.30600216549086
19.83209016172236,11.9301002764115,8.685582415763001
19.887366913430817,23.491558816344938,9.158467980118605
0.18423509285223716,11.9301002764115,3.6945903995776894
19.83209016172236,11.9301002764115,9.972149811357246
32.98426788784407,11.9301002764115,7.382029921718919
19.887366913430817,16.128138824392046,7.397030910465238
