21.23904428359227,12.348283988759778,9.682065616506671
6.7220495452041895,11.9301002764115,3.380041365156863
6.7220495452041895,11.9301002764115,3.380041365156863
26.75978745619339,10.924564939173536,5.305902769852379
21.23904428359227,12.348283988759778,9.682065616506671
29.8252518163284,11.9301002764115,9.999944564438083
21.23904428359227,12.348283988759778,9.682065616506671
29.8252518163284,11.9301002764115,9.999944564438083
21.855654517482684,8.890073000536141,5.252347696596356
6.7220495452041895,11.9301002764115,3.380041365156863
29.8252518163284,11.9301002764115,9.999944564438083
15.1887044547603,8.706960113402054,9.535497723536091
15.1887044547603,8.706960113402054,9.535497723536091
6.7220495452041895,11.9301002764115,3.380041365156863
15.1887044547603,8.706960113402054,9.535497723536091
15.1887044547603,8.706960113402054,9.535497723536091
26.75978745619339,10.924564939173536,5.305902769852379
29.8252518163284,11.9301002764115,9.999944564438083
6.7220495452041895,11.9301002764115,3.380041365156863
21.855654517482684,8.890073000536141,5.252347696596356
21.23904428359227,12.348283988759778,9.682065616506671
15.1887044547603,8.706960113402054,9.535497723536091
21.23904428359227,12.348283988759778,9.682065616506671
21.855654517482684,8.890073000536141,5.252347696596356
29.8252518163284,11.9301002764115,9.999944564438083
21.23904428359227,12.348283988759778,9.682065616506671
6.7220495452041895,11.9301002764115,3.380041365156863
26.75978745619339,10.924564939173536,5.305902769852379
21.855654517482684,8.890073000536141,5.252347696596356
21.873607096422923,11.9301002764115,9.001316295883928
19.887366913430817,8.635456904532788,9.562074647468382
15.1887044547603,8.706960113402054,9.535497723536091
26.081465594699345,19.91486877749771,9.999944564438083
26.75978745619339,10.924564939173536,5.305902769852379
19.887366913430817,11.9301002764115,9.999944564438083
19.887366913430817,8.635456904532788,9.562074647468382
6.7220495452041895,11.9301002764115,3.380041365156863
25.3978493035165,10.168031830951293,5.016114521550852
21.873607096422923,11.9301002764115,9.001316295883928
21.873607096422923,11.9301002764115,9.001316295883928
26.75978745619339,10.924564939173536,5.305902769852379
19.887366913430817,8.635456904532788,9.562074647468382
6.7220495452041895,11.9301002764115,3.380041365156863
21.873607096422923,11.9301002764115,9.001316295883928
19.887366913430817,8.635456904532788,9.562074647468382
19.887366913430817,11.9301002764115,9.999944564438083
3.123897396098515,0.0579395142478063,9.999944564438083
20.34326741718315,14.821461285350672,8.233681896414902
19.887366913430817,11.9301002764115,9.999944564438083
25.3978493035165,10.168031830951293,5.016114521550852
19.887366913430817,11.9301002764115,9.999944564438083
29.71293337197335,11.9301002764115,9.999944564438083
6.7220495452041895,11.9301002764115,3.380041365156863
15.1887044547603,8.706960113402054,9.535497723536091
20.34326741718315,14.821461285350672,8.233681896414902
21.23904428359227,12.348283988759778,9.682065616506671
26.75978745619339,10.924564939173536,5.305902769852379
36.54065098337905,14.230417106285525,4.596370981263998
3.123897396098515,0.0579395142478063,9.999944564438083
19.887366913430817,8.635456904532788,9.562074647468382
26.75978745619339,10.924564939173536,5.305902769852379
21.873607096422923,11.9301002764115,9.001316295883928
19.887366913430817,11.9301002764115,9.999944564438083
19.887366913430817,11.9301002764115,9.999944564438083
39.440342084696056,21.629306761792133,5.5320688669731535
20.34326741718315,14.821461285350672,8.233681896414902
19.887366913430817,9.4224016896712,9.999944564438083
6.7220495452041895,11.9301002764115,3.380041365156863
21.23904428359227,12.348283988759778,9.682065616506671
3.123897396098515,0.0579395142478063,9.999944564438083
17.052609184312068,11.9301002764115,9.999944564438083
15.1887044547603,8.706960113402054,9.535497723536091
36.54065098337905,14.230417106285525,4.596370981263998
17.052609184312068,11.9301002764115,9.999944564438083
19.887366913430817,11.9301002764115,9.999944564438083
29.8252518163284,11.9301002764115,9.999944564438083
26.081465594699345,19.91486877749771,9.999944564438083
19.887366913430817,9.4224016896712,9.999944564438083
19.887366913430817,8.635456904532788,9.562074647468382
19.887366913430817,11.9301002764115,9.999944564438083
21.873607096422923,11.9301002764115,9.001316295883928
19.887366913430817,11.9301002764115,9.999944564438083
29.8252518163284,11.9301002764115,9.999944564438083
19.887366913430817,11.9301002764115,9.999944564438083
19.887366913430817,11.9301002764115,9.999944564438083
30.190956495735243,11.9301002764115,4.8191119207026585
12.641693548458925,9.745525099406553,9.972149811357246
21.23904428359227,12.348283988759778,9.682065616506671
6.7220495452041895,11.9301002764115,3.380041365156863
19.887366913430817,11.9301002764115,9.999944564438083
19.887366913430817,8.635456904532788,9.562074647468382
19.887366913430817,11.9301002764115,9.999944564438083
19.887366913430817,11.9301002764115,9.999944564438083
30.190956495735243,11.9301002764115,4.8191119207026585
20.34326741718315,14.821461285350672,8.233681896414902
19.83209016172236,12.025235511699602,9.89325715119199
26.081465594699345,19.91486877749771,9.999944564438083
19.887366913430817,11.9301002764115,9.999944564438083
19.887366913430817,16.25101793707595,9.999944564438083
19.887366913430817,8.635456904532788,9.562074647468382
15.1887044547603,8.706960113402054,9.535497723536091
19.83209016172236,11.9301002764115,9.972149811357246
36.54065098337905,14.230417106285525,4.596370981263998
37.638080681742366,10.632150743516728,8.779284239828014
21.873607096422923,11.9301002764115,9.001316295883928
21.855654517482684,8.890073000536141,5.252347696596356
19.887366913430817,11.9301002764115,9.999944564438083
25.3978493035165,10.168031830951293,5.016114521550852
19.83209016172236,11.9301002764115,9.972149811357246
36.54065098337905,14.230417106285525,4.596370981263998
19.887366913430817,11.9301002764115,9.999944564438083
19.887366913430817,11.9301002764115,9.999944564438083
19.887366913430817,16.25101793707595,9.999944564438083
19.887366913430817,11.9301002764115,9.999944564438083
19.83209016172236,12.025235511699602,9.89325715119199
19.887366913430817,11.9301002764115,9.999944564438083
39.440342084696056,21.629306761792133,5.5320688669731535
26.081465594699345,19.91486877749771,9.999944564438083
17.052609184312068,11.9301002764115,9.999944564438083
19.83209016172236,11.9301002764115,9.972149811357246
6.7220495452041895,11.9301002764115,3.380041365156863
26.081465594699345,19.91486877749771,9.999944564438083
15.1887044547603,8.706960113402054,9.535497723536091
19.887366913430817,11.9301002764115,9.999944564438083
19.887366913430817,16.25101793707595,9.999944564438083
19.887366913430817,9.4224016896712,9.999944564438083
19.887366913430817,11.9301002764115,9.999944564438083
14.557049659335444,12.469294447033784,7.003189583849129
32.78951489329731,28.524091439200795,7.3236319395823966
19.83209016172236,22.902098808501357,5.194665703596051
17.052609184312068,11.9301002764115,9.999944564438083
37.638080681742366,10.632150743516728,8.779284239828014
20.34326741718315,14.821461285350672,8.233681896414902
19.83209016172236,6.035477471516769,0.28842825073256506
25.3978493035165,10.168031830951293,5.016114521550852
19.83209016172236,22.902098808501357,5.194665703596051
6.7220495452041895,11.9301002764115,3.380041365156863
19.887366913430817,11.9301002764115,9.999944564438083
19.83209016172236,11.9301002764115,9.972149811357246
19.887366913430817,11.9301002764115,9.999944564438083
21.23904428359227,12.348283988759778,9.682065616506671
19.83209016172236,12.025235511699602,9.89325715119199
19.887366913430817,11.9301002764115,9.999944564438083
36.54065098337905,14.230417106285525,4.596370981263998
19.887366913430817,11.9301002764115,9.999944564438083
19.887366913430817,11.9301002764115,9.999944564438083
19.887366913430817,11.9301002764115,9.999944564438083
21.23904428359227,12.348283988759778,9.682065616506671
19.887366913430817,11.25095871150309,9.396428831408953
19.83209016172236,11.9301002764115,9.972149811357246
19.887366913430817,11.9301002764115,9.999944564438083
19.887366913430817,11.9301002764115,9.999944564438083
9.863491436326989,1.6116720454593487,0.1
19.887366913430817,11.9301002764115,9.999944564438083
19.887366913430817,11.9301002764115,9.999944564438083
19.887366913430817,11.9301002764115,9.999944564438083
19.887366913430817,11.9301002764115,9.999944564438083
6.7220495452041895,11.9301002764115,3.380041365156863
21.855654517482684,8.890073000536141,5.252347696596356
19.887366913430817,1.6116720454593487,0.1
7.625387496265809,11.9301002764115,3.8342658722467715
39.440342084696056,21.629306761792133,5.5320688669731535
21.873607096422923,11.9301002764115,9.001316295883928
20.34326741718315,14.821461285350672,8.233681896414902
19.83209016172236,22.902098808501357,5.194665703596051
26.75978745619339,10.924564939173536,5.305902769852379
19.887366913430817,11.9301002764115,9.999944564438083
19.887366913430817,11.9301002764115,9.999944564438083
30.190956495735243,11.9301002764115,4.8191119207026585
19.887366913430817,11.9301002764115,9.999944564438083
7.625387496265809,11.9301002764115,3.8342658722467715
9.863491436326989,1.6116720454593487,0.1
9.863491436326989,7.974180205786503,7.420087490882959
9.863491436326989,1.6116720454593487,0.1
21.23904428359227,12.348283988759778,9.682065616506671
19.887366913430817,1.6116720454593487,0.1
6.7220495452041895,11.9301002764115,3.380041365156863
19.83209016172236,6.035477471516769,0.28842825073256506
19.83209016172236,11.9301002764115,9.972149811357246
32.448250272252054,16.70421678611318,8.347219506811685
24.915134650522916,24.908492301449712,6.000399940356673
20.03121377348645,11.9301002764115,9.927725064598965
36.54065098337905,14.230417106285525,4.596370981263998
19.887366913430817,11.9301002764115,9.999944564438083
19.83209016172236,12.025235511699602,9.89325715119199
9.863491436326989,1.6116720454593487,0.1
25.3978493035165,10.168031830951293,5.016114521550852
19.887366913430817,11.9301002764115,9.999944564438083
