22.447777256953835,11.9301002764115,9.999944564438083
22.447777256953835,11.9301002764115,9.999944564438083
22.447777256953835,11.9301002764115,9.999944564438083
22.447777256953835,11.9301002764115,9.999944564438083
22.447777256953835,11.9301002764115,9.999944564438083
22.447777256953835,11.9301002764115,9.999944564438083
20.03121377348645,11.9301002764115,9.927725064598965
37.13000880421157,5.9518927613214485,8.577566214668382
37.13000880421157,5.9518927613214485,8.577566214668382
30.65167285940321,10.454949366188176,8.233681896414902
19.887366913430817,11.9301002764115,9.999944564438083
19.887366913430817,11.9301002764115,9.999944564438083
22.447777256953835,11.9301002764115,9.999944564438083
30.65167285940321,10.454949366188176,8.233681896414902
19.887366913430817,11.9301002764115,9.999944564438083
19.887366913430817,11.9301002764115,9.999944564438083
30.65167285940321,10.454949366188176,8.233681896414902
22.447777256953835,11.9301002764115,9.999944564438083
37.13000880421157,5.9518927613214485,8.577566214668382
20.03121377348645,11.9301002764115,9.927725064598965
20.03121377348645,13.253078284801079,9.066818093780247
19.887366913430817,11.9301002764115,9.999944564438083
19.83209016172236,11.9301002764115,9.972149811357246
37.13000880421157,5.9518927613214485,8.577566214668382
19.887366913430817,11.9301002764115,9.999944564438083
30.65167285940321,10.454949366188176,8.233681896414902
19.545833493657558,10.037397858211653,8.31853112648207
20.03121377348645,11.9301002764115,9.927725064598965
22.447777256953835,11.9301002764115,9.999944564438083
19.887366913430817,11.9301002764115,9.999944564438083
19.545833493657558,10.037397858211653,8.31853112648207
20.03121377348645,11.9301002764115,9.927725064598965
20.03121377348645,11.9301002764115,9.927725064598965
22.447777256953835,11.9301002764115,9.999944564438083
20.573876811910036,10.282084185840755,7.996735396702338
30.65167285940321,10.454949366188176,8.233681896414902
20.03121377348645,8.834845086436594,6.39894091913426
23.143645897309117,11.903789622606286,8.336982342288312
19.545833493657558,10.037397858211653,8.31853112648207
37.13000880421157,5.9518927613214485,8.577566214668382
19.887366913430817,11.9301002764115,9.999944564438083
34.83866496783069,3.554716536943806,0.1
20.03121377348645,13.253078284801079,9.066818093780247
19.887366913430817,11.25095871150309,9.396428831408953
18.608842304046323,20.679242447860705,5.398201987340718
19.83209016172236,11.9301002764115,9.972149811357246
37.13000880421157,5.9518927613214485,8.577566214668382
30.65167285940321,10.454949366188176,8.233681896414902
37.13000880421157,5.9518927613214485,8.577566214668382
23.143645897309117,11.903789622606286,8.336982342288312
20.03121377348645,8.834845086436594,6.39894091913426
19.83209016172236,11.9301002764115,9.972149811357246
19.545833493657558,10.037397858211653,8.31853112648207
19.83209016172236,11.9301002764115,9.972149811357246
20.03121377348645,11.9301002764115,9.927725064598965
19.83209016172236,11.9301002764115,9.972149811357246
33.13642091871417,20.933557010433198,9.927725064598965
20.03121377348645,11.9301002764115,9.927725064598965
30.65167285940321,10.454949366188176,8.233681896414902
20.573876811910036,10.282084185840755,7.996735396702338
20.03121377348645,8.834845086436594,6.39894091913426
20.03121377348645,13.253078284801079,9.066818093780247
19.887366913430817,11.25095871150309,9.396428831408953
18.90769272395173,19.656703021287335,5.770218511545295
37.13000880421157,5.9518927613214485,8.577566214668382
30.65167285940321,10.454949366188176,8.233681896414902
20.03121377348645,11.9301002764115,9.927725064598965
20.03121377348645,13.253078284801079,9.066818093780247
30.65167285940321,10.454949366188176,8.233681896414902
34.83866496783069,3.554716536943806,0.1
20.03121377348645,11.9301002764115,9.927725064598965
33.13642091871417,20.933557010433198,9.927725064598965
23.143645897309117,11.903789622606286,8.336982342288312
20.03121377348645,11.9301002764115,9.927725064598965
20.03121377348645,11.9301002764115,9.927725064598965
34.83866496783069,3.554716536943806,0.1
20.03121377348645,16.50792373129259,9.927725064598965
18.90769272395173,19.656703021287335,5.770218511545295
19.887366913430817,11.25095871150309,9.396428831408953
19.83209016172236,11.9301002764115,9.972149811357246
33.13642091871417,20.933557010433198,9.927725064598965
20.03121377348645,11.9301002764115,9.927725064598965
20.03121377348645,11.9301002764115,9.927725064598965
20.03121377348645,11.9301002764115,9.927725064598965
20.03121377348645,13.253078284801079,9.066818093780247
20.03121377348645,11.9301002764115,9.927725064598965
20.03121377348645,11.9301002764115,9.927725064598965
19.545833493657558,10.037397858211653,8.31853112648207
20.03121377348645,11.9301002764115,9.927725064598965
20.03121377348645,11.9301002764115,9.927725064598965
37.13000880421157,5.9518927613214485,8.577566214668382
11.562816603402368,11.9301002764115,7.777671989709491
19.83209016172236,11.9301002764115,9.972149811357246
19.3904985779826,18.484108363723205,9.972149811357246
18.90769272395173,19.656703021287335,5.770218511545295
19.83209016172236,9.742737217428814,7.78898121073548
19.887366913430817,11.9301002764115,9.999944564438083
20.03121377348645,11.9301002764115,9.927725064598965
19.83209016172236,11.9301002764115,9.972149811357246
37.13000880421157,5.9518927613214485,8.577566214668382
19.83209016172236,11.9301002764115,9.972149811357246
26.498638082523378,15.036138681471472,9.428134452914842
20.03121377348645,11.9301002764115,9.927725064598965
22.447777256953835,11.9301002764115,9.999944564438083
19.83209016172236,7.740807641177976,9.924622991086283
20.04675383125723,14.992036845356678,7.9354625690996
19.83209016172236,11.9301002764115,9.972149811357246
19.83209016172236,9.742737217428814,7.78898121073548
20.573876811910036,10.282084185840755,7.996735396702338
19.3904985779826,18.484108363723205,9.972149811357246
37.13000880421157,5.9518927613214485,8.577566214668382
20.03121377348645,13.253078284801079,9.066818093780247
19.83209016172236,7.176815321179926,9.972149811357246
19.83209016172236,11.9301002764115,9.972149811357246
20.03121377348645,11.9301002764115,9.927725064598965
23.143645897309117,11.903789622606286,8.336982342288312
19.887366913430817,11.25095871150309,9.396428831408953
20.03121377348645,13.253078284801079,9.066818093780247
19.887366913430817,15.327107421712139,7.7836174908843825
20.03121377348645,11.9301002764115,9.927725064598965
10.687060390669139,3.7885155430705826,9.507298575714854
18.326985991014123,11.9301002764115,9.999944564438083
19.83209016172236,11.9301002764115,9.972149811357246
19.83209016172236,11.9301002764115,9.972149811357246
33.2132778134037,21.753261272263956,9.972149811357246
22.447777256953835,11.9301002764115,9.999944564438083
19.545833493657558,10.037397858211653,8.31853112648207
19.83209016172236,11.9301002764115,9.972149811357246
20.03121377348645,11.9301002764115,9.927725064598965
19.887366913430817,11.9301002764115,9.999944564438083
19.83209016172236,11.9301002764115,9.972149811357246
19.83209016172236,11.9301002764115,9.972149811357246
26.498638082523378,15.036138681471472,9.428134452914842
19.83209016172236,11.9301002764115,9.972149811357246
20.03121377348645,11.9301002764115,9.927725064598965
20.03121377348645,11.9301002764115,9.927725064598965
20.03121377348645,11.9301002764115,9.927725064598965
20.03121377348645,8.834845086436594,6.39894091913426
18.326985991014123,11.9301002764115,9.999944564438083
19.83209016172236,11.9301002764115,9.972149811357246
20.03121377348645,11.9301002764115,9.927725064598965
10.687060390669139,3.7885155430705826,9.507298575714854
19.887366913430817,15.327107421712139,7.7836174908843825
21.364520332722126,11.9301002764115,9.257299877705364
19.887366913430817,6.78194483329712,9.999944564438083
19.83209016172236,7.176815321179926,9.972149811357246
20.03121377348645,8.834845086436594,6.39894091913426
20.03121377348645,11.9301002764115,9.927725064598965
26.498638082523378,15.036138681471472,9.428134452914842
20.03121377348645,13.253078284801079,9.066818093780247
19.83209016172236,11.9301002764115,9.972149811357246
19.83209016172236,11.9301002764115,9.972149811357246
20.03121377348645,11.9301002764115,9.927725064598965
23.143645897309117,11.903789622606286,8.336982342288312
19.545833493657558,10.037397858211653,8.31853112648207
9.005431888337126,11.9301002764115,4.5281921962920535
20.04675383125723,14.992036845356678,7.9354625690996
19.83209016172236,9.742737217428814,7.78898121073548
20.03121377348645,11.9301002764115,9.927725064598965
19.83209016172236,11.9301002764115,9.972149811357246
20.03121377348645,8.834845086436594,6.39894091913426
21.852770447785492,5.307076848673573,0.1
19.887366913430817,15.327107421712139,7.7836174908843825
20.03121377348645,11.9301002764115,9.927725064598965
19.83209016172236,11.9301002764115,9.972149811357246
19.887366913430817,11.9301002764115,9.999944564438083
21.364520332722126,11.9301002764115,9.257299877705364
20.03121377348645,11.9301002764115,9.927725064598965
18.90769272395173,19.656703021287335,5.770218511545295
18.608842304046323,20.679242447860705,5.398201987340718
19.887366913430817,10.663415837250916,8.81218333476727
20.915696432021388,11.9301002764115,9.482981545154823
24.656433675810007,11.9301002764115,7.6020304252379685
19.83209016172236,11.9301002764115,9.972149811357246
19.545833493657558,10.037397858211653,8.31853112648207
34.83866496783069,3.554716536943806,0.1
20.03121377348645,11.9301002764115,9.927725064598965
19.83209016172236,11.9301002764115,9.972149811357246
20.03121377348645,11.9301002764115,9.927725064598965
19.887366913430817,11.9301002764115,9.999944564438083
9.005431888337126,11.9301002764115,4.5281921962920535
36.47144439217548,11.9301002764115,1.661100552208623
20.915696432021388,16.307526437171056,7.693937229448944
19.83209016172236,7.20544426336502,3.4890476044942353
