19.887366913430817,11.9301002764115,9.999944564438083
14.557049659335444,12.469294447033784,8.250244008966568
19.887366913430817,16.867115432945102,7.072954583525481
19.887366913430817,11.9301002764115,9.366697704506258
19.887366913430817,11.9301002764115,9.999944564438083
20.34326741718315,14.821461285350672,8.233681896414902
19.887366913430817,11.9301002764115,9.53227213990084
24.0676562572078,11.9301002764115,7.898084778357926
19.887366913430817,11.9301002764115,9.31989828650384
21.23904428359227,12.348283988759778,9.307528036218162
36.54065098337905,18.149905462879833,7.922798477633693
21.855654517482684,8.890073000536141,8.571614061336783
39.440342084696056,21.962538099088032,9.227350113451216
19.83209016172236,11.9301002764115,9.972149811357246
19.887366913430817,11.9301002764115,9.999944564438083
19.887366913430817,11.9301002764115,9.093689032774504
9.863491436326989,11.9301002764115,4.959649409820438
19.887366913430817,11.9301002764115,9.999944564438083
19.887366913430817,23.06198457814625,9.853870510804612
19.887366913430817,11.9301002764115,9.999944564438083
19.887366913430817,19.291117432228177,8.250244008966568
19.887366913430817,11.9301002764115,9.999944564438083
15.1887044547603,8.706960113402054,9.535497723536091
19.887366913430817,10.168031830951293,8.267115662526303
9.863491436326989,11.9301002764115,9.284646273652594
19.887366913430817,11.9301002764115,9.999944564438083
19.887366913430817,11.9301002764115,9.999944564438083
19.887366913430817,11.9301002764115,9.999944564438083
27.183179806328162,11.9301002764115,6.331509227355012
19.887366913430817,11.9301002764115,9.999944564438083
19.887366913430817,11.9301002764115,9.999944564438083
19.887366913430817,9.744672579574488,9.34582258250644
19.887366913430817,11.9301002764115,9.53227213990084
12.641693548458925,11.9301002764115,9.972149811357246
19.887366913430817,11.9301002764115,9.999944564438083
19.887366913430817,7.11654588256033,9.31989828650384
19.887366913430817,15.7901915760607,7.555344774484694
19.887366913430817,11.9301002764115,9.999944564438083
19.887366913430817,11.9301002764115,9.093689032774504
19.83209016172236,11.9301002764115,9.303735267356394
19.83209016172236,12.025235511699602,9.89325715119199
19.887366913430817,11.9301002764115,9.999944564438083
60.87162310009079,11.9301002764115,0.1
19.83209016172236,15.516885346995988,9.013674410050335
19.887366913430817,11.9301002764115,9.999944564438083
19.887366913430817,10.924564939173536,9.999944564438083
19.887366913430817,11.9301002764115,9.999944564438083
19.887366913430817,11.9301002764115,9.093689032774504
19.887366913430817,11.9301002764115,9.999944564438083
4.366502612762538,23.174355196986916,9.999944564438083
19.887366913430817,10.632150743516728,8.779284239828014
19.887366913430817,11.9301002764115,9.999944564438083
19.887366913430817,11.9301002764115,9.999944564438083
19.83209016172236,1.2790417411231605,9.540338141705798
37.88060490207765,11.9301002764115,0.9525338001213761
19.887366913430817,11.9301002764115,9.093689032774504
19.887366913430817,8.635456904532788,9.562074647468382
19.887366913430817,15.7901915760607,8.946995746895372
22.53730500566903,11.612061178395143,9.45104964139095
19.887366913430817,19.571821503106328,8.46294891113045
19.887366913430817,7.350058284423858,3.768789743460662
19.887366913430817,5.5166391804914445,9.999944564438083
19.887366913430817,19.571821503106328,8.390274576469182
19.887366913430817,11.9301002764115,9.093689032774504
20.03121377348645,11.9301002764115,9.927725064598965
19.887366913430817,17.54823852779834,8.498721470467284
19.887366913430817,17.724647173007657,8.484303590918469
36.54065098337905,11.9301002764115,7.507754845299828
9.863491436326989,6.035477471516769,8.968122470000106
19.887366913430817,34.83376737856419,10.0
9.863491436326989,11.9301002764115,4.959649409820438
19.887366913430817,11.9301002764115,9.093689032774504
19.887366913430817,11.9301002764115,9.999944564438083
19.83209016172236,11.9301002764115,9.097904987888246
19.887366913430817,11.9301002764115,9.093689032774504
17.796187557408075,11.9301002764115,8.948438966660722
19.83209016172236,14.095722949020079,8.918802219838955
19.83209016172236,11.9301002764115,9.972149811357246
19.83209016172236,11.9301002764115,9.097904987888246
19.887366913430817,11.9301002764115,9.093689032774504
