20.16811834843719,11.728871373922756,8.912156756183135
32.73879196539061,11.728871373922756,4.388789341850835
4.430060501191658,11.728871373922756,4.754133026393261
32.73879196539061,11.728871373922756,4.388789341850835
4.430060501191658,11.728871373922756,2.4695994321310213
20.16811834843719,11.728871373922756,7.419430862728007
20.16811834843719,11.728871373922756,8.912156756183135
32.73879196539061,11.728871373922756,5.450279838134419
32.73879196539061,43.28719017926355,5.436505774900981
32.73879196539061,11.728871373922756,4.388789341850835
20.52685532593396,11.728871373922756,8.7357565048544
20.16811834843719,11.728871373922756,8.912156756183135
20.52685532593396,11.728871373922756,8.7357565048544
20.52685532593396,11.728871373922756,8.7357565048544
20.16811834843719,11.728871373922756,8.912156756183135
37.90324149847011,11.728871373922756,2.4572236010543858
20.16811834843719,11.728871373922756,9.96395291831468
20.16811834843719,11.728871373922756,9.96395291831468
4.430060501191658,11.728871373922756,4.754133026393261
32.73879196539061,11.728871373922756,4.388789341850835
20.16811834843719,11.728871373922756,9.537278405055998
3.4923644339226847,5.569465489738748,3.434141695632594
32.922845405358466,19.127626470154734,7.147381811968646
20.16811834843719,11.728871373922756,7.5263469782264485
20.16811834843719,11.728871373922756,9.96395291831468
4.430060501191658,11.728871373922756,4.754133026393261
32.73879196539061,11.728871373922756,3.227396741691489
4.430060501191658,20.908006568471674,1.2096529029079328
4.430060501191658,11.252242554104468,5.141932190241795
32.73879196539061,11.728871373922756,4.388789341850835
32.73879196539061,11.728871373922756,4.388789341850835
12.69779436523324,11.728871373922756,6.531035132791591
20.16811834843719,11.728871373922756,10.448622046369199
20.16811834843719,11.728871373922756,7.419430862728007
20.16811834843719,11.728871373922756,7.419430862728007
20.16811834843719,11.728871373922756,7.419430862728007
20.16811834843719,11.728871373922756,7.147381811968646
4.430060501191658,11.728871373922756,4.754133026393261
20.16811834843719,8.064075302090426,7.012330231559653
51.284262144615056,11.728871373922756,5.354562462916562
37.90324149847011,11.728871373922756,2.4572236010543858
32.73879196539061,11.728871373922756,5.436505774900981
31.150407038615263,11.728871373922756,5.332793641023034
32.73879196539061,11.728871373922756,3.227396741691489
5.968605817832326,11.728871373922756,5.019549260050823
4.430060501191658,11.252242554104468,5.141932190241795
20.16811834843719,11.728871373922756,7.419430862728007
37.34384140667626,11.728871373922756,0.9506435558204237
20.16811834843719,11.728871373922756,9.610899205207206
32.73879196539061,11.728871373922756,3.5137825533896576
32.73879196539061,11.728871373922756,4.388789341850835
4.430060501191658,14.526219699780421,1.1346824666951882
20.16811834843719,11.728871373922756,8.912156756183135
4.430060501191658,11.728871373922756,9.624825346333216
20.16811834843719,11.728871373922756,6.529665837370827
20.16811834843719,11.728871373922756,9.537278405055998
32.73879196539061,4.86369133770033,0.10299613458989962
22.82034950419655,11.728871373922756,8.383743084973345
10.073441187512778,11.728871373922756,5.347373963333924
4.430060501191658,20.005345242077965,0.1
4.430060501191658,11.728871373922756,4.754133026393261
32.922845405358466,19.127626470154734,7.147381811968646
20.52685532593396,11.728871373922756,8.7357565048544
4.430060501191658,14.526219699780421,1.1346824666951882
4.430060501191658,11.728871373922756,9.624825346333216
20.16811834843719,11.728871373922756,7.5263469782264485
32.73879196539061,11.728871373922756,4.388789341850835
31.150407038615263,11.728871373922756,5.332793641023034
19.40798135251392,11.728871373922756,4.166107893748942
4.430060501191658,11.728871373922756,4.754133026393261
20.16811834843719,11.728871373922756,8.912156756183135
32.73879196539061,11.728871373922756,5.436505774900981
32.73879196539061,11.728871373922756,5.450279838134419
20.16811834843719,11.728871373922756,7.419430862728007
4.430060501191658,20.005345242077965,0.1
20.16811834843719,11.728871373922756,7.419430862728007
4.430060501191658,11.728871373922756,4.754133026393261
20.16811834843719,11.728871373922756,9.77677269749805
32.73879196539061,11.728871373922756,4.388789341850835
8.099549468502234,14.951234139660034,5.05786390192739
3.4923644339226847,5.569465489738748,3.434141695632594
4.430060501191658,11.728871373922756,4.754133026393261
32.73879196539061,11.728871373922756,5.450279838134419
20.16811834843719,11.728871373922756,10.448622046369199
32.73879196539061,11.728871373922756,4.388789341850835
4.430060501191658,20.005345242077965,0.1
4.430060501191658,11.728871373922756,2.222387332337686
32.73879196539061,11.728871373922756,4.388789341850835
32.73879196539061,11.728871373922756,4.388789341850835
32.73879196539061,11.728871373922756,4.388789341850835
10.073441187512778,11.728871373922756,5.347373963333924
32.73879196539061,11.728871373922756,5.436505774900981
4.430060501191658,11.728871373922756,4.754133026393261
10.073441187512778,11.728871373922756,5.347373963333924
4.430060501191658,11.728871373922756,4.754133026393261
32.73879196539061,11.728871373922756,4.388789341850835
4.430060501191658,20.005345242077965,0.1
20.52685532593396,11.728871373922756,8.7357565048544
32.73879196539061,11.728871373922756,3.227396741691489
3.4923644339226847,5.569465489738748,3.434141695632594
4.430060501191658,20.908006568471674,1.2096529029079328
32.73879196539061,11.728871373922756,5.436505774900981
4.430060501191658,11.728871373922756,4.754133026393261
4.430060501191658,11.728871373922756,4.754133026393261
4.430060501191658,11.728871373922756,4.754133026393261
4.430060501191658,11.728871373922756,2.4695994321310213
20.16811834843719,20.908006568471674,10.0
20.16811834843719,11.728871373922756,9.610899205207206
4.430060501191658,11.728871373922756,2.222387332337686
20.16811834843719,11.728871373922756,9.77677269749805
5.968605817832326,11.728871373922756,5.019549260050823
20.16811834843719,11.728871373922756,7.419430862728007
32.922845405358466,19.127626470154734,7.147381811968646
32.73879196539061,11.728871373922756,4.388789341850835
20.16811834843719,8.064075302090426,7.012330231559653
32.73879196539061,11.728871373922756,4.388789341850835
3.4923644339226847,5.569465489738748,3.434141695632594
32.73879196539061,11.728871373922756,4.388789341850835
32.922845405358466,19.127626470154734,7.147381811968646
20.52685532593396,11.728871373922756,8.7357565048544
8.099549468502234,14.951234139660034,5.05786390192739
32.73879196539061,11.728871373922756,4.388789341850835
32.73879196539061,11.728871373922756,5.450279838134419
10.073441187512778,11.728871373922756,5.347373963333924
32.73879196539061,4.86369133770033,0.10299613458989962
4.430060501191658,11.728871373922756,4.754133026393261
4.430060501191658,11.728871373922756,4.754133026393261
20.16811834843719,11.728871373922756,7.147381811968646
20.16811834843719,11.728871373922756,8.912156756183135
19.40798135251392,11.728871373922756,4.166107893748942
11.1319716173397,9.14296881885601,7.940729174335754
37.34384140667626,11.728871373922756,0.9506435558204237
4.430060501191658,11.728871373922756,4.754133026393261
32.73879196539061,11.728871373922756,5.450279838134419
20.16811834843719,11.728871373922756,7.419430862728007
37.34384140667626,11.728871373922756,0.9506435558204237
4.430060501191658,11.728871373922756,4.754133026393261
4.430060501191658,11.728871373922756,4.754133026393261
20.16811834843719,11.728871373922756,9.537278405055998
31.150407038615263,11.728871373922756,5.332793641023034
37.34384140667626,11.728871373922756,0.9506435558204237
4.430060501191658,11.728871373922756,4.754133026393261
32.73879196539061,11.728871373922756,4.388789341850835
4.430060501191658,11.252242554104468,5.141932190241795
37.34384140667626,11.728871373922756,0.9506435558204237
20.16811834843719,11.728871373922756,9.77677269749805
4.430060501191658,11.728871373922756,4.754133026393261
20.16811834843719,11.728871373922756,7.147381811968646
32.73879196539061,11.728871373922756,4.388789341850835
4.430060501191658,10.84775502427911,5.399623609191958
37.90324149847011,11.728871373922756,2.4572236010543858
20.16811834843719,11.728871373922756,8.916688013592918
4.430060501191658,11.728871373922756,4.754133026393261
20.16811834843719,11.728871373922756,6.529665837370827
20.16811834843719,19.22580632904264,7.147381811968646
29.084167883287627,0.2948104844957624,0.09519776353825005
32.73879196539061,11.728871373922756,3.227396741691489
32.73879196539061,11.728871373922756,3.5137825533896576
20.16811834843719,11.728871373922756,7.419430862728007
4.430060501191658,11.728871373922756,4.754133026393261
4.430060501191658,11.728871373922756,2.4695994321310213
49.09520442466828,11.728871373922756,0.09839084859387344
4.430060501191658,11.728871373922756,4.754133026393261
4.430060501191658,11.728871373922756,4.754133026393261
5.968605817832326,11.728871373922756,5.019549260050823
20.52685532593396,11.728871373922756,8.7357565048544
32.73879196539061,11.728871373922756,4.388789341850835
4.430060501191658,11.252242554104468,5.141932190241795
20.16811834843719,11.728871373922756,8.94567267672619
37.34384140667626,11.728871373922756,0.9506435558204237
4.430060501191658,11.728871373922756,4.754133026393261
4.430060501191658,11.728871373922756,4.754133026393261
10.073441187512778,11.728871373922756,5.347373963333924
4.430060501191658,11.728871373922756,9.624825346333216
32.73879196539061,11.728871373922756,3.5137825533896576
32.73879196539061,4.86369133770033,0.10299613458989962
11.1319716173397,9.14296881885601,7.940729174335754
20.16811834843719,11.728871373922756,7.147381811968646
11.1319716173397,9.14296881885601,7.940729174335754
20.16811834843719,11.728871373922756,7.5263469782264485
5.968605817832326,11.728871373922756,5.019549260050823
4.430060501191658,11.728871373922756,4.754133026393261
32.73879196539061,4.86369133770033,0.10299613458989962
32.73879196539061,11.728871373922756,5.436505774900981
20.16811834843719,11.728871373922756,10.448622046369199
20.16811834843719,11.728871373922756,7.419430862728007
32.73879196539061,11.728871373922756,5.436505774900981
4.430060501191658,11.728871373922756,4.754133026393261
4.430060501191658,11.728871373922756,4.754133026393261
20.16811834843719,11.728871373922756,7.419430862728007
20.16811834843719,11.728871373922756,8.912156756183135
32.73879196539061,11.728871373922756,5.450279838134419
20.16811834843719,11.728871373922756,10.448622046369199
20.16811834843719,11.728871373922756,10.448622046369199
20.52685532593396,11.728871373922756,8.7357565048544
32.73879196539061,11.728871373922756,4.388789341850835
12.69779436523324,11.728871373922756,6.531035132791591
11.920928250804069,11.728871373922756,5.565316139344236
32.73879196539061,11.728871373922756,4.388789341850835
20.16811834843719,11.728871373922756,9.77677269749805
32.73879196539061,11.728871373922756,5.450279838134419
32.73879196539061,11.728871373922756,5.436505774900981
4.430060501191658,11.728871373922756,9.624825346333216
20.16811834843719,11.728871373922756,7.147381811968646
20.16811834843719,20.908006568471674,10.0
32.73879196539061,11.728871373922756,5.450279838134419
20.16811834843719,11.728871373922756,7.419430862728007
20.16811834843719,11.728871373922756,9.96395291831468
32.73879196539061,11.728871373922756,5.450279838134419
32.73879196539061,11.728871373922756,4.388789341850835
4.430060501191658,11.252242554104468,5.141932190241795
32.73879196539061,11.728871373922756,4.388789341850835
20.16811834843719,11.728871373922756,9.77677269749805
20.16811834843719,20.908006568471674,10.0
4.430060501191658,11.728871373922756,4.754133026393261
4.430060501191658,11.728871373922756,4.754133026393261
32.73879196539061,11.728871373922756,5.450279838134419
20.16811834843719,11.728871373922756,9.537278405055998
32.73879196539061,11.728871373922756,5.450279838134419
4.430060501191658,11.728871373922756,4.754133026393261
4.430060501191658,10.84775502427911,5.399623609191958
32.73879196539061,11.728871373922756,3.227396741691489
32.73879196539061,4.86369133770033,0.10299613458989962
49.09520442466828,11.728871373922756,0.09839084859387344
20.16811834843719,11.728871373922756,7.419430862728007
32.73879196539061,4.86369133770033,0.10299613458989962
32.73879196539061,11.728871373922756,3.227396741691489
4.430060501191658,11.728871373922756,4.754133026393261
4.430060501191658,11.728871373922756,9.624825346333216
4.430060501191658,11.728871373922756,4.754133026393261
32.73879196539061,11.728871373922756,5.436505774900981
20.16811834843719,20.908006568471674,10.0
4.430060501191658,11.728871373922756,4.754133026393261
20.16811834843719,11.728871373922756,8.94567267672619
31.150407038615263,11.728871373922756,5.332793641023034
4.430060501191658,11.728871373922756,4.754133026393261
37.90324149847011,11.728871373922756,2.4572236010543858
12.69779436523324,11.728871373922756,6.531035132791591
20.16811834843719,11.728871373922756,6.529665837370827
20.16811834843719,11.728871373922756,8.912156756183135
20.16811834843719,11.728871373922756,9.875999188694665
32.73879196539061,11.728871373922756,4.388789341850835
51.284262144615056,11.728871373922756,5.354562462916562
20.16811834843719,20.908006568471674,10.0
20.16811834843719,11.728871373922756,9.610899205207206
4.430060501191658,11.728871373922756,4.754133026393261
12.69779436523324,11.728871373922756,6.531035132791591
4.430060501191658,11.728871373922756,4.754133026393261
19.40798135251392,11.728871373922756,4.166107893748942
3.4923644339226847,5.569465489738748,3.434141695632594
4.430060501191658,11.728871373922756,4.754133026393261
49.09520442466828,11.728871373922756,0.09839084859387344
4.430060501191658,11.252242554104468,5.141932190241795
32.73879196539061,4.86369133770033,0.10299613458989962
20.16811834843719,20.908006568471674,10.0
20.16811834843719,11.728871373922756,7.147381811968646
20.16811834843719,11.728871373922756,7.419430862728007
49.09520442466828,11.728871373922756,0.09839084859387344
32.73879196539061,11.728871373922756,5.436505774900981
32.73879196539061,11.728871373922756,4.388789341850835
32.73879196539061,4.86369133770033,0.10299613458989962
32.73879196539061,11.728871373922756,4.388789341850835
11.1319716173397,9.14296881885601,7.940729174335754
20.16811834843719,8.064075302090426,7.012330231559653
11.1319716173397,9.14296881885601,7.940729174335754
20.16811834843719,11.728871373922756,7.147381811968646
32.73879196539061,11.728871373922756,4.388789341850835
49.09520442466828,11.728871373922756,0.09839084859387344
32.73879196539061,11.728871373922756,3.227396741691489
32.73879196539061,11.728871373922756,3.227396741691489
20.16811834843719,11.728871373922756,9.610899205207206
11.920928250804069,11.728871373922756,5.565316139344236
20.16811834843719,11.728871373922756,8.916688013592918
4.430060501191658,10.84775502427911,5.399623609191958
4.430060501191658,11.728871373922756,2.222387332337686
4.430060501191658,11.728871373922756,4.754133026393261
32.73879196539061,11.728871373922756,4.388789341850835
20.16811834843719,11.728871373922756,6.529665837370827
4.430060501191658,20.908006568471674,1.2096529029079328
4.430060501191658,11.728871373922756,4.754133026393261
19.40798135251392,11.728871373922756,4.166107893748942
32.73879196539061,11.728871373922756,4.388789341850835
20.16811834843719,11.728871373922756,7.419430862728007
29.084167883287627,0.2948104844957624,0.09519776353825005
20.16811834843719,11.728871373922756,7.419430862728007
32.73879196539061,11.728871373922756,4.388789341850835
8.099549468502234,14.951234139660034,5.05786390192739
32.73879196539061,11.728871373922756,4.388789341850835
37.34384140667626,11.728871373922756,0.9506435558204237
32.73879196539061,11.728871373922756,4.388789341850835
4.430060501191658,11.728871373922756,4.754133026393261
20.16811834843719,11.728871373922756,7.5263469782264485
20.16811834843719,11.728871373922756,7.147381811968646
4.430060501191658,11.728871373922756,4.754133026393261
32.73879196539061,11.728871373922756,5.450279838134419
4.430060501191658,11.728871373922756,2.222387332337686
5.968605817832326,11.728871373922756,5.019549260050823
32.73879196539061,11.728871373922756,5.450279838134419
32.922845405358466,19.127626470154734,7.147381811968646
4.430060501191658,11.728871373922756,4.754133026393261
4.430060501191658,11.728871373922756,4.754133026393261
4.430060501191658,11.728871373922756,4.754133026393261
32.73879196539061,11.728871373922756,5.436505774900981
4.430060501191658,11.728871373922756,4.754133026393261
20.16811834843719,11.728871373922756,7.419430862728007
32.73879196539061,43.28719017926355,5.436505774900981
4.430060501191658,11.728871373922756,2.222387332337686
19.40798135251392,11.728871373922756,4.166107893748942
32.73879196539061,11.728871373922756,4.388789341850835
22.82034950419655,11.728871373922756,8.383743084973345
20.16811834843719,11.728871373922756,9.537278405055998
32.73879196539061,11.728871373922756,5.450279838134419
3.4923644339226847,5.569465489738748,3.434141695632594
20.16811834843719,11.728871373922756,8.94567267672619
4.430060501191658,11.728871373922756,4.754133026393261
20.16811834843719,19.22580632904264,7.147381811968646
11.920928250804069,11.728871373922756,5.565316139344236
32.73879196539061,4.86369133770033,0.10299613458989962
32.922845405358466,19.127626470154734,7.147381811968646
32.73879196539061,11.728871373922756,4.388789341850835
20.16811834843719,11.728871373922756,7.419430862728007
4.430060501191658,11.728871373922756,4.754133026393261
20.16811834843719,11.728871373922756,7.419430862728007
32.73879196539061,11.728871373922756,4.388789341850835
32.73879196539061,11.728871373922756,3.227396741691489
11.920928250804069,11.728871373922756,5.565316139344236
20.16811834843719,11.728871373922756,6.529665837370827
4.430060501191658,20.005345242077965,0.1
32.73879196539061,4.86369133770033,0.10299613458989962
20.16811834843719,11.728871373922756,9.77677269749805
32.73879196539061,11.728871373922756,4.388789341850835
32.73879196539061,11.728871373922756,4.388789341850835
20.16811834843719,8.064075302090426,7.012330231559653
4.430060501191658,11.252242554104468,5.141932190241795
51.284262144615056,11.728871373922756,5.354562462916562
4.430060501191658,11.728871373922756,9.624825346333216
32.73879196539061,4.86369133770033,0.10299613458989962
32.922845405358466,19.127626470154734,7.147381811968646
32.73879196539061,11.728871373922756,5.436505774900981
19.40798135251392,11.728871373922756,4.166107893748942
10.073441187512778,11.728871373922756,5.347373963333924
32.73879196539061,11.728871373922756,5.450279838134419
32.73879196539061,11.728871373922756,4.388789341850835
11.1319716173397,9.14296881885601,7.940729174335754
4.430060501191658,20.005345242077965,0.1
20.16811834843719,8.064075302090426,7.012330231559653
4.430060501191658,11.728871373922756,4.754133026393261
20.16811834843719,11.728871373922756,7.419430862728007
8.099549468502234,14.951234139660034,5.05786390192739
32.73879196539061,11.728871373922756,4.388789341850835
4.430060501191658,11.728871373922756,4.754133026393261
22.82034950419655,11.728871373922756,8.383743084973345
11.920928250804069,11.728871373922756,5.565316139344236
32.73879196539061,11.728871373922756,4.388789341850835
20.16811834843719,11.728871373922756,7.419430862728007
4.430060501191658,10.84775502427911,5.399623609191958
4.430060501191658,11.728871373922756,4.754133026393261
20.16811834843719,11.728871373922756,8.916688013592918
32.73879196539061,11.728871373922756,4.388789341850835
4.430060501191658,11.728871373922756,4.754133026393261
4.430060501191658,11.728871373922756,4.754133026393261
20.16811834843719,11.728871373922756,9.875999188694665
20.16811834843719,11.728871373922756,7.147381811968646
4.430060501191658,20.908006568471674,1.2096529029079328
20.16811834843719,11.728871373922756,7.419430862728007
32.73879196539061,11.728871373922756,4.388789341850835
20.16811834843719,11.728871373922756,7.419430862728007
20.16811834843719,8.064075302090426,7.012330231559653
19.40798135251392,11.728871373922756,4.166107893748942
20.16811834843719,11.728871373922756,9.610899205207206
4.430060501191658,11.728871373922756,4.754133026393261
32.73879196539061,4.86369133770033,0.10299613458989962
4.430060501191658,11.728871373922756,2.222387332337686
20.16811834843719,11.728871373922756,10.448622046369199
20.52685532593396,11.728871373922756,8.7357565048544
20.16811834843719,19.22580632904264,7.147381811968646
5.968605817832326,11.728871373922756,5.019549260050823
4.430060501191658,11.728871373922756,4.754133026393261
20.16811834843719,8.064075302090426,7.012330231559653
11.1319716173397,9.14296881885601,7.940729174335754
32.73879196539061,11.728871373922756,3.227396741691489
22.82034950419655,11.728871373922756,8.383743084973345
20.16811834843719,11.728871373922756,7.419430862728007
20.16811834843719,11.728871373922756,6.529665837370827
20.16811834843719,11.728871373922756,7.419430862728007
11.1319716173397,9.14296881885601,7.940729174335754
32.73879196539061,43.28719017926355,5.436505774900981
4.430060501191658,11.728871373922756,4.754133026393261
20.16811834843719,11.728871373922756,7.419430862728007
22.82034950419655,11.728871373922756,8.383743084973345
4.430060501191658,20.005345242077965,0.1
4.430060501191658,11.728871373922756,2.222387332337686
20.16811834843719,19.22580632904264,7.147381811968646
4.430060501191658,11.728871373922756,4.754133026393261
32.73879196539061,11.728871373922756,4.388789341850835
32.73879196539061,11.728871373922756,4.388789341850835
51.284262144615056,11.728871373922756,5.354562462916562
4.430060501191658,11.728871373922756,2.4695994321310213
4.430060501191658,11.728871373922756,4.754133026393261
4.430060501191658,14.526219699780421,1.1346824666951882
4.430060501191658,20.908006568471674,1.2096529029079328
4.430060501191658,14.526219699780421,1.1346824666951882
32.73879196539061,11.728871373922756,4.388789341850835
10.073441187512778,11.728871373922756,5.347373963333924
20.16811834843719,19.22580632904264,7.147381811968646
20.16811834843719,11.728871373922756,9.77677269749805
32.73879196539061,11.728871373922756,5.450279838134419
32.73879196539061,11.728871373922756,4.388789341850835
20.16811834843719,11.728871373922756,7.419430862728007
4.430060501191658,11.728871373922756,4.754133026393261
20.16811834843719,11.728871373922756,9.610899205207206
32.73879196539061,11.728871373922756,4.388789341850835
20.16811834843719,11.728871373922756,9.537278405055998
4.430060501191658,20.005345242077965,0.1
20.16811834843719,11.728871373922756,7.419430862728007
3.4923644339226847,5.569465489738748,3.434141695632594
20.16811834843719,11.728871373922756,7.419430862728007
32.73879196539061,11.728871373922756,4.388789341850835
32.73879196539061,11.728871373922756,4.388789341850835
4.430060501191658,11.728871373922756,4.754133026393261
4.430060501191658,11.728871373922756,4.754133026393261
4.430060501191658,14.526219699780421,1.1346824666951882
51.284262144615056,11.728871373922756,5.354562462916562
4.430060501191658,11.728871373922756,4.754133026393261
32.73879196539061,11.728871373922756,4.388789341850835
4.430060501191658,10.84775502427911,5.399623609191958
32.73879196539061,11.728871373922756,4.388789341850835
11.1319716173397,9.14296881885601,7.940729174335754
32.73879196539061,11.728871373922756,5.450279838134419
20.16811834843719,11.728871373922756,6.529665837370827
20.52685532593396,11.728871373922756,8.7357565048544
20.16811834843719,11.728871373922756,9.537278405055998
5.968605817832326,11.728871373922756,5.019549260050823
20.16811834843719,11.728871373922756,7.5263469782264485
20.52685532593396,11.728871373922756,8.7357565048544
19.40798135251392,11.728871373922756,4.166107893748942
4.430060501191658,11.728871373922756,4.754133026393261
20.16811834843719,19.22580632904264,7.147381811968646
32.73879196539061,11.728871373922756,5.450279838134419
32.73879196539061,11.728871373922756,4.388789341850835
29.084167883287627,0.2948104844957624,0.09519776353825005
4.430060501191658,11.728871373922756,4.754133026393261
20.16811834843719,11.728871373922756,7.5263469782264485
20.16811834843719,11.728871373922756,7.419430862728007
20.16811834843719,11.728871373922756,9.537278405055998
4.430060501191658,20.005345242077965,0.1
4.430060501191658,11.728871373922756,2.222387332337686
10.073441187512778,11.728871373922756,5.347373963333924
11.920928250804069,11.728871373922756,5.565316139344236
4.430060501191658,11.728871373922756,2.222387332337686
51.284262144615056,11.728871373922756,5.354562462916562
32.73879196539061,11.728871373922756,4.388789341850835
11.1319716173397,9.14296881885601,7.940729174335754
31.150407038615263,11.728871373922756,5.332793641023034
32.73879196539061,11.728871373922756,5.436505774900981
32.73879196539061,11.728871373922756,5.450279838134419
20.16811834843719,11.728871373922756,9.96395291831468
4.430060501191658,11.728871373922756,4.754133026393261
32.73879196539061,11.728871373922756,4.388789341850835
20.16811834843719,11.728871373922756,9.537278405055998
4.430060501191658,20.005345242077965,0.1
32.73879196539061,11.728871373922756,5.450279838134419
32.73879196539061,43.28719017926355,5.436505774900981
19.40798135251392,11.728871373922756,4.166107893748942
20.16811834843719,11.728871373922756,8.916688013592918
4.430060501191658,11.728871373922756,2.4695994321310213
4.430060501191658,11.728871373922756,4.754133026393261
32.73879196539061,11.728871373922756,4.388789341850835
32.73879196539061,11.728871373922756,4.388789341850835
20.16811834843719,11.728871373922756,7.147381811968646
20.16811834843719,11.728871373922756,6.529665837370827
20.16811834843719,11.728871373922756,9.96395291831468
4.430060501191658,11.728871373922756,4.754133026393261
37.34384140667626,11.728871373922756,0.9506435558204237
20.16811834843719,6.607143613058831,7.419430862728007
4.430060501191658,11.728871373922756,4.754133026393261
29.084167883287627,0.2948104844957624,0.09519776353825005
32.73879196539061,11.728871373922756,4.388789341850835
32.73879196539061,11.728871373922756,5.450279838134419
4.430060501191658,11.728871373922756,4.754133026393261
4.430060501191658,11.728871373922756,4.754133026393261
32.73879196539061,11.728871373922756,4.388789341850835
4.430060501191658,20.908006568471674,1.2096529029079328
20.16811834843719,11.728871373922756,7.419430862728007
4.430060501191658,10.84775502427911,5.399623609191958
32.73879196539061,11.728871373922756,5.450279838134419
32.73879196539061,11.728871373922756,5.436505774900981
20.16811834843719,8.064075302090426,7.012330231559653
29.084167883287627,0.2948104844957624,0.09519776353825005
32.73879196539061,11.728871373922756,5.436505774900981
4.430060501191658,11.728871373922756,4.754133026393261
4.430060501191658,20.908006568471674,1.2096529029079328
20.16811834843719,11.728871373922756,7.419430862728007
4.430060501191658,11.728871373922756,4.754133026393261
20.16811834843719,11.728871373922756,8.916688013592918
20.16811834843719,20.908006568471674,10.0
37.34384140667626,11.728871373922756,0.9506435558204237
32.73879196539061,11.728871373922756,3.227396741691489
32.73879196539061,11.728871373922756,4.388789341850835
32.73879196539061,11.728871373922756,4.388789341850835
20.16811834843719,6.607143613058831,7.419430862728007
20.16811834843719,11.728871373922756,9.610899205207206
4.430060501191658,20.005345242077965,0.1
4.430060501191658,20.908006568471674,1.2096529029079328
37.90324149847011,11.728871373922756,2.4572236010543858
4.430060501191658,11.728871373922756,4.754133026393261
32.73879196539061,43.28719017926355,5.436505774900981
20.16811834843719,11.728871373922756,6.529665837370827
32.73879196539061,11.728871373922756,5.450279838134419
20.16811834843719,11.728871373922756,8.912156756183135
4.430060501191658,11.252242554104468,5.141932190241795
32.922845405358466,19.127626470154734,7.147381811968646
5.968605817832326,11.728871373922756,5.019549260050823
32.73879196539061,11.728871373922756,5.450279838134419
32.73879196539061,11.728871373922756,4.388789341850835
32.73879196539061,11.728871373922756,5.450279838134419
20.16811834843719,11.728871373922756,7.419430862728007
32.73879196539061,11.728871373922756,4.388789341850835
20.16811834843719,11.728871373922756,9.875999188694665
32.73879196539061,11.728871373922756,4.388789341850835
4.430060501191658,20.005345242077965,0.1
29.084167883287627,0.2948104844957624,0.09519776353825005
20.16811834843719,8.064075302090426,7.012330231559653
4.430060501191658,11.728871373922756,2.4695994321310213
29.084167883287627,0.2948104844957624,0.09519776353825005
20.16811834843719,11.728871373922756,7.419430862728007
3.4923644339226847,5.569465489738748,3.434141695632594
20.16811834843719,11.728871373922756,9.537278405055998
20.16811834843719,8.064075302090426,7.012330231559653
4.430060501191658,11.728871373922756,4.754133026393261
32.73879196539061,11.728871373922756,5.436505774900981
20.16811834843719,11.728871373922756,7.419430862728007
49.09520442466828,11.728871373922756,0.09839084859387344
20.16811834843719,11.728871373922756,9.875999188694665
32.73879196539061,11.728871373922756,4.388789341850835
4.430060501191658,11.728871373922756,4.754133026393261
4.430060501191658,11.728871373922756,4.754133026393261
4.430060501191658,11.728871373922756,2.4695994321310213
4.430060501191658,20.005345242077965,0.1
11.920928250804069,11.728871373922756,5.565316139344236
20.16811834843719,20.908006568471674,10.0
20.16811834843719,11.728871373922756,7.419430862728007
20.16811834843719,11.728871373922756,9.537278405055998
4.430060501191658,11.728871373922756,4.754133026393261
20.16811834843719,20.908006568471674,10.0
20.16811834843719,11.728871373922756,7.5263469782264485
20.16811834843719,11.728871373922756,9.537278405055998
32.73879196539061,11.728871373922756,3.5137825533896576
32.73879196539061,11.728871373922756,4.388789341850835
4.430060501191658,11.728871373922756,9.624825346333216
37.34384140667626,11.728871373922756,0.9506435558204237
20.16811834843719,11.728871373922756,9.96395291831468
31.150407038615263,11.728871373922756,5.332793641023034
32.73879196539061,11.728871373922756,5.450279838134419
20.52685532593396,11.728871373922756,8.7357565048544
20.16811834843719,11.728871373922756,7.419430862728007
10.073441187512778,11.728871373922756,5.347373963333924
20.52685532593396,11.728871373922756,8.7357565048544
32.73879196539061,11.728871373922756,4.388789341850835
20.16811834843719,11.728871373922756,6.529665837370827
32.73879196539061,11.728871373922756,5.436505774900981
20.16811834843719,11.728871373922756,7.147381811968646
32.73879196539061,11.728871373922756,4.388789341850835
32.73879196539061,11.728871373922756,5.450279838134419
19.40798135251392,11.728871373922756,4.166107893748942
20.16811834843719,11.728871373922756,8.94567267672619
20.16811834843719,8.064075302090426,7.012330231559653
32.73879196539061,11.728871373922756,5.450279838134419
20.16811834843719,11.728871373922756,6.529665837370827
49.09520442466828,11.728871373922756,0.09839084859387344
20.16811834843719,11.728871373922756,9.77677269749805
4.430060501191658,11.728871373922756,4.754133026393261
32.73879196539061,11.728871373922756,4.388789341850835
20.16811834843719,11.728871373922756,7.5263469782264485
20.16811834843719,20.908006568471674,10.0
20.16811834843719,6.607143613058831,7.419430862728007
4.430060501191658,11.728871373922756,2.4695994321310213
4.430060501191658,11.728871373922756,4.754133026393261
20.16811834843719,8.064075302090426,7.012330231559653
4.430060501191658,11.728871373922756,4.754133026393261
20.16811834843719,11.728871373922756,9.875999188694665
20.16811834843719,11.728871373922756,8.916688013592918
20.16811834843719,11.728871373922756,7.5263469782264485
20.16811834843719,19.22580632904264,7.147381811968646
12.69779436523324,11.728871373922756,6.531035132791591
8.099549468502234,14.951234139660034,5.05786390192739
49.09520442466828,11.728871373922756,0.09839084859387344
37.34384140667626,11.728871373922756,0.9506435558204237
20.16811834843719,11.728871373922756,7.5263469782264485
32.73879196539061,11.728871373922756,5.450279838134419
32.73879196539061,11.728871373922756,4.388789341850835
32.73879196539061,11.728871373922756,5.450279838134419
32.73879196539061,11.728871373922756,4.388789341850835
20.52685532593396,11.728871373922756,8.7357565048544
20.16811834843719,11.728871373922756,8.94567267672619
32.73879196539061,11.728871373922756,4.388789341850835
4.430060501191658,11.728871373922756,9.624825346333216
32.73879196539061,11.728871373922756,4.388789341850835
32.73879196539061,11.728871373922756,4.388789341850835
20.16811834843719,19.22580632904264,7.147381811968646
10.073441187512778,11.728871373922756,5.347373963333924
22.82034950419655,11.728871373922756,8.383743084973345
31.150407038615263,11.728871373922756,5.332793641023034
32.73879196539061,43.28719017926355,5.436505774900981
32.73879196539061,11.728871373922756,4.388789341850835
32.73879196539061,43.28719017926355,5.436505774900981
32.73879196539061,11.728871373922756,3.227396741691489
3.4923644339226847,5.569465489738748,3.434141695632594
20.16811834843719,11.728871373922756,7.419430862728007
20.16811834843719,20.908006568471674,10.0
22.82034950419655,11.728871373922756,8.383743084973345
4.430060501191658,11.728871373922756,4.754133026393261
20.52685532593396,11.728871373922756,8.7357565048544
20.16811834843719,6.607143613058831,7.419430862728007
4.430060501191658,11.728871373922756,4.754133026393261
20.16811834843719,11.728871373922756,7.419430862728007
4.430060501191658,11.728871373922756,4.754133026393261
32.73879196539061,11.728871373922756,5.450279838134419
37.34384140667626,11.728871373922756,0.9506435558204237
20.16811834843719,6.607143613058831,7.419430862728007
11.920928250804069,11.728871373922756,5.565316139344236
20.16811834843719,11.728871373922756,7.147381811968646
32.73879196539061,11.728871373922756,4.388789341850835
20.16811834843719,11.728871373922756,8.912156756183135
20.16811834843719,11.728871373922756,7.419430862728007
20.16811834843719,11.728871373922756,7.147381811968646
4.430060501191658,11.728871373922756,4.754133026393261
4.430060501191658,20.908006568471674,1.2096529029079328
32.73879196539061,11.728871373922756,4.388789341850835
37.34384140667626,11.728871373922756,0.9506435558204237
32.73879196539061,11.728871373922756,5.436505774900981
4.430060501191658,11.728871373922756,4.754133026393261
37.34384140667626,11.728871373922756,0.9506435558204237
20.16811834843719,19.22580632904264,7.147381811968646
20.16811834843719,8.064075302090426,7.012330231559653
32.73879196539061,11.728871373922756,5.450279838134419
20.16811834843719,11.728871373922756,7.419430862728007
20.52685532593396,11.728871373922756,8.7357565048544
32.73879196539061,4.86369133770033,0.10299613458989962
20.16811834843719,11.728871373922756,7.5263469782264485
20.16811834843719,11.728871373922756,7.419430862728007
20.16811834843719,11.728871373922756,8.916688013592918
20.16811834843719,11.728871373922756,6.529665837370827
20.16811834843719,11.728871373922756,6.529665837370827
32.73879196539061,11.728871373922756,5.450279838134419
20.16811834843719,11.728871373922756,9.875999188694665
4.430060501191658,11.728871373922756,4.754133026393261
32.73879196539061,11.728871373922756,5.450279838134419
4.430060501191658,11.728871373922756,4.754133026393261
20.16811834843719,11.728871373922756,9.537278405055998
4.430060501191658,11.252242554104468,5.141932190241795
20.16811834843719,11.728871373922756,8.916688013592918
20.16811834843719,11.728871373922756,7.419430862728007
29.084167883287627,0.2948104844957624,0.09519776353825005
32.73879196539061,43.28719017926355,5.436505774900981
32.73879196539061,11.728871373922756,4.388789341850835
4.430060501191658,11.728871373922756,4.754133026393261
20.16811834843719,20.908006568471674,10.0
32.73879196539061,11.728871373922756,5.436505774900981
20.16811834843719,11.728871373922756,8.916688013592918
4.430060501191658,11.728871373922756,4.754133026393261
20.16811834843719,8.064075302090426,7.012330231559653
4.430060501191658,11.728871373922756,4.754133026393261
37.90324149847011,11.728871373922756,2.4572236010543858
20.16811834843719,11.728871373922756,6.529665837370827
51.284262144615056,11.728871373922756,5.354562462916562
4.430060501191658,11.728871373922756,9.624825346333216
20.16811834843719,11.728871373922756,9.77677269749805
4.430060501191658,11.728871373922756,4.754133026393261
4.430060501191658,11.728871373922756,4.754133026393261
32.73879196539061,4.86369133770033,0.10299613458989962
51.284262144615056,11.728871373922756,5.354562462916562
20.16811834843719,11.728871373922756,7.419430862728007
4.430060501191658,11.728871373922756,4.754133026393261
20.16811834843719,11.728871373922756,8.912156756183135
32.73879196539061,11.728871373922756,5.436505774900981
10.073441187512778,11.728871373922756,5.347373963333924
20.16811834843719,6.607143613058831,7.419430862728007
32.922845405358466,19.127626470154734,7.147381811968646
32.73879196539061,11.728871373922756,4.388789341850835
10.073441187512778,11.728871373922756,5.347373963333924
49.09520442466828,11.728871373922756,0.09839084859387344
4.430060501191658,11.728871373922756,9.624825346333216
20.16811834843719,11.728871373922756,7.419430862728007
22.82034950419655,11.728871373922756,8.383743084973345
10.073441187512778,11.728871373922756,5.347373963333924
20.16811834843719,11.728871373922756,9.77677269749805
4.430060501191658,11.252242554104468,5.141932190241795
20.52685532593396,11.728871373922756,8.7357565048544
4.430060501191658,11.728871373922756,4.754133026393261
20.16811834843719,11.728871373922756,9.610899205207206
5.968605817832326,11.728871373922756,5.019549260050823
20.16811834843719,11.728871373922756,7.5263469782264485
4.430060501191658,11.728871373922756,4.754133026393261
20.16811834843719,11.728871373922756,8.912156756183135
3.4923644339226847,5.569465489738748,3.434141695632594
20.52685532593396,11.728871373922756,8.7357565048544
20.16811834843719,11.728871373922756,6.529665837370827
4.430060501191658,11.728871373922756,4.754133026393261
32.73879196539061,11.728871373922756,3.227396741691489
32.73879196539061,11.728871373922756,5.450279838134419
4.430060501191658,11.728871373922756,4.754133026393261
20.16811834843719,20.908006568471674,10.0
12.69779436523324,11.728871373922756,6.531035132791591
20.16811834843719,11.728871373922756,10.448622046369199
51.284262144615056,11.728871373922756,5.354562462916562
32.73879196539061,11.728871373922756,4.388789341850835
4.430060501191658,11.728871373922756,4.754133026393261
11.1319716173397,9.14296881885601,7.940729174335754
32.73879196539061,11.728871373922756,4.388789341850835
32.73879196539061,11.728871373922756,5.450279838134419
32.73879196539061,11.728871373922756,5.436505774900981
37.34384140667626,11.728871373922756,0.9506435558204237
20.52685532593396,11.728871373922756,8.7357565048544
20.16811834843719,11.728871373922756,7.419430862728007
3.4923644339226847,5.569465489738748,3.434141695632594
37.34384140667626,11.728871373922756,0.9506435558204237
32.73879196539061,11.728871373922756,4.388789341850835
8.099549468502234,14.951234139660034,5.05786390192739
29.084167883287627,0.2948104844957624,0.09519776353825005
32.73879196539061,11.728871373922756,5.436505774900981
8.099549468502234,14.951234139660034,5.05786390192739
20.16811834843719,8.064075302090426,7.012330231559653
20.16811834843719,11.728871373922756,6.529665837370827
3.4923644339226847,5.569465489738748,3.434141695632594
4.430060501191658,11.728871373922756,4.754133026393261
20.16811834843719,19.22580632904264,7.147381811968646
20.16811834843719,11.728871373922756,7.419430862728007
11.1319716173397,9.14296881885601,7.940729174335754
11.1319716173397,9.14296881885601,7.940729174335754
19.40798135251392,11.728871373922756,4.166107893748942
4.430060501191658,11.728871373922756,4.754133026393261
20.16811834843719,11.728871373922756,7.419430862728007
49.09520442466828,11.728871373922756,0.09839084859387344
20.16811834843719,11.728871373922756,7.419430862728007
20.16811834843719,11.728871373922756,7.419430862728007
20.16811834843719,11.728871373922756,7.147381811968646
32.73879196539061,11.728871373922756,5.450279838134419
32.73879196539061,11.728871373922756,4.388789341850835
20.16811834843719,11.728871373922756,7.419430862728007
20.16811834843719,11.728871373922756,8.912156756183135
4.430060501191658,11.728871373922756,4.754133026393261
32.73879196539061,11.728871373922756,4.388789341850835
32.73879196539061,4.86369133770033,0.10299613458989962
12.69779436523324,11.728871373922756,6.531035132791591
4.430060501191658,11.728871373922756,4.754133026393261
4.430060501191658,11.728871373922756,4.754133026393261
4.430060501191658,11.728871373922756,2.4695994321310213
31.150407038615263,11.728871373922756,5.332793641023034
4.430060501191658,11.252242554104468,5.141932190241795
37.34384140667626,11.728871373922756,0.9506435558204237
32.73879196539061,11.728871373922756,4.388789341850835
20.16811834843719,11.728871373922756,6.529665837370827
20.16811834843719,11.728871373922756,6.529665837370827
4.430060501191658,10.84775502427911,5.399623609191958
29.084167883287627,0.2948104844957624,0.09519776353825005
4.430060501191658,11.728871373922756,4.754133026393261
32.73879196539061,11.728871373922756,3.5137825533896576
20.16811834843719,20.908006568471674,10.0
32.922845405358466,19.127626470154734,7.147381811968646
4.430060501191658,11.728871373922756,4.754133026393261
11.920928250804069,11.728871373922756,5.565316139344236
20.16811834843719,8.064075302090426,7.012330231559653
4.430060501191658,20.005345242077965,0.1
51.284262144615056,11.728871373922756,5.354562462916562
11.1319716173397,9.14296881885601,7.940729174335754
32.73879196539061,11.728871373922756,5.436505774900981
20.16811834843719,8.064075302090426,7.012330231559653
4.430060501191658,20.005345242077965,0.1
32.73879196539061,11.728871373922756,3.5137825533896576
4.430060501191658,11.728871373922756,4.754133026393261
32.73879196539061,11.728871373922756,3.5137825533896576
20.16811834843719,11.728871373922756,7.419430862728007
32.73879196539061,43.28719017926355,5.436505774900981
37.90324149847011,11.728871373922756,2.4572236010543858
8.099549468502234,14.951234139660034,5.05786390192739
20.16811834843719,20.908006568471674,10.0
20.16811834843719,11.728871373922756,7.147381811968646
32.73879196539061,4.86369133770033,0.10299613458989962
20.16811834843719,11.728871373922756,7.419430862728007
20.16811834843719,19.22580632904264,7.147381811968646
4.430060501191658,11.728871373922756,4.754133026393261
20.16811834843719,11.728871373922756,9.875999188694665
20.16811834843719,20.908006568471674,10.0
4.430060501191658,11.728871373922756,4.754133026393261
4.430060501191658,11.728871373922756,4.754133026393261
20.16811834843719,11.728871373922756,9.96395291831468
20.16811834843719,11.728871373922756,7.419430862728007
4.430060501191658,11.728871373922756,4.754133026393261
3.4923644339226847,5.569465489738748,3.434141695632594
4.430060501191658,11.728871373922756,9.624825346333216
4.430060501191658,11.728871373922756,4.754133026393261
20.16811834843719,11.728871373922756,7.147381811968646
20.16811834843719,11.728871373922756,8.94567267672619
37.34384140667626,11.728871373922756,0.9506435558204237
4.430060501191658,20.908006568471674,1.2096529029079328
32.73879196539061,11.728871373922756,4.388789341850835
4.430060501191658,14.526219699780421,1.1346824666951882
29.084167883287627,0.2948104844957624,0.09519776353825005
20.16811834843719,11.728871373922756,9.96395291831468
32.73879196539061,11.728871373922756,5.450279838134419
32.73879196539061,11.728871373922756,4.388789341850835
20.16811834843719,11.728871373922756,6.529665837370827
32.73879196539061,11.728871373922756,4.388789341850835
20.16811834843719,11.728871373922756,7.419430862728007
22.82034950419655,11.728871373922756,8.383743084973345
32.73879196539061,11.728871373922756,5.436505774900981
32.73879196539061,11.728871373922756,4.388789341850835
4.430060501191658,11.728871373922756,9.624825346333216
4.430060501191658,20.005345242077965,0.1
20.16811834843719,11.728871373922756,9.610899205207206
4.430060501191658,11.728871373922756,4.754133026393261
32.73879196539061,11.728871373922756,5.450279838134419
32.73879196539061,11.728871373922756,5.450279838134419
4.430060501191658,11.728871373922756,4.754133026393261
4.430060501191658,11.728871373922756,2.4695994321310213
32.73879196539061,11.728871373922756,4.388789341850835
20.16811834843719,11.728871373922756,7.419430862728007
4.430060501191658,11.728871373922756,4.754133026393261
20.16811834843719,11.728871373922756,8.916688013592918
4.430060501191658,14.526219699780421,1.1346824666951882
31.150407038615263,11.728871373922756,5.332793641023034
12.69779436523324,11.728871373922756,6.531035132791591
32.73879196539061,11.728871373922756,4.388789341850835
20.16811834843719,11.728871373922756,7.419430862728007
4.430060501191658,11.728871373922756,4.754133026393261
32.73879196539061,11.728871373922756,5.450279838134419
20.16811834843719,11.728871373922756,6.529665837370827
32.73879196539061,11.728871373922756,4.388789341850835
29.084167883287627,0.2948104844957624,0.09519776353825005
32.922845405358466,19.127626470154734,7.147381811968646
32.73879196539061,11.728871373922756,3.227396741691489
20.16811834843719,8.064075302090426,7.012330231559653
20.16811834843719,11.728871373922756,8.912156756183135
4.430060501191658,11.728871373922756,4.754133026393261
8.099549468502234,14.951234139660034,5.05786390192739
20.16811834843719,11.728871373922756,7.419430862728007
4.430060501191658,11.728871373922756,4.754133026393261
4.430060501191658,11.728871373922756,4.754133026393261
20.16811834843719,20.908006568471674,10.0
19.40798135251392,11.728871373922756,4.166107893748942
4.430060501191658,11.728871373922756,4.754133026393261
31.150407038615263,11.728871373922756,5.332793641023034
4.430060501191658,11.728871373922756,2.4695994321310213
32.73879196539061,11.728871373922756,3.227396741691489
20.16811834843719,11.728871373922756,7.419430862728007
10.073441187512778,11.728871373922756,5.347373963333924
20.16811834843719,8.064075302090426,7.012330231559653
20.16811834843719,11.728871373922756,7.419430862728007
4.430060501191658,11.252242554104468,5.141932190241795
32.73879196539061,4.86369133770033,0.10299613458989962
20.16811834843719,11.728871373922756,7.419430862728007
32.73879196539061,11.728871373922756,5.436505774900981
4.430060501191658,11.728871373922756,4.754133026393261
5.968605817832326,11.728871373922756,5.019549260050823
4.430060501191658,11.728871373922756,2.222387332337686
20.16811834843719,11.728871373922756,9.610899205207206
4.430060501191658,11.728871373922756,4.754133026393261
32.73879196539061,11.728871373922756,4.388789341850835
49.09520442466828,11.728871373922756,0.09839084859387344
32.73879196539061,11.728871373922756,5.436505774900981
20.16811834843719,11.728871373922756,7.419430862728007
32.73879196539061,11.728871373922756,4.388789341850835
4.430060501191658,10.84775502427911,5.399623609191958
37.90324149847011,11.728871373922756,2.4572236010543858
20.16811834843719,11.728871373922756,7.147381811968646
32.73879196539061,11.728871373922756,4.388789341850835
4.430060501191658,11.728871373922756,4.754133026393261
32.73879196539061,11.728871373922756,4.388789341850835
32.73879196539061,11.728871373922756,4.388789341850835
20.16811834843719,11.728871373922756,9.96395291831468
20.16811834843719,11.728871373922756,9.96395291831468
32.73879196539061,11.728871373922756,5.436505774900981
4.430060501191658,11.728871373922756,4.754133026393261
49.09520442466828,11.728871373922756,0.09839084859387344
32.73879196539061,11.728871373922756,4.388789341850835
8.099549468502234,14.951234139660034,5.05786390192739
32.73879196539061,11.728871373922756,5.436505774900981
32.73879196539061,11.728871373922756,5.450279838134419
20.16811834843719,11.728871373922756,8.912156756183135
4.430060501191658,11.728871373922756,4.754133026393261
4.430060501191658,11.728871373922756,2.222387332337686
20.16811834843719,11.728871373922756,7.147381811968646
49.09520442466828,11.728871373922756,0.09839084859387344
20.16811834843719,6.607143613058831,7.419430862728007
32.73879196539061,11.728871373922756,4.388789341850835
5.968605817832326,11.728871373922756,5.019549260050823
32.73879196539061,43.28719017926355,5.436505774900981
19.40798135251392,11.728871373922756,4.166107893748942
20.16811834843719,11.728871373922756,7.419430862728007
20.16811834843719,11.728871373922756,10.448622046369199
4.430060501191658,11.728871373922756,4.754133026393261
32.73879196539061,11.728871373922756,4.388789341850835
32.73879196539061,11.728871373922756,4.388789341850835
20.16811834843719,11.728871373922756,7.419430862728007
37.90324149847011,11.728871373922756,2.4572236010543858
20.16811834843719,11.728871373922756,10.448622046369199
20.16811834843719,11.728871373922756,8.916688013592918
20.16811834843719,11.728871373922756,8.94567267672619
32.73879196539061,11.728871373922756,4.388789341850835
4.430060501191658,11.728871373922756,4.754133026393261
4.430060501191658,11.728871373922756,4.754133026393261
4.430060501191658,20.005345242077965,0.1
20.16811834843719,19.22580632904264,7.147381811968646
20.16811834843719,11.728871373922756,7.419430862728007
31.150407038615263,11.728871373922756,5.332793641023034
19.40798135251392,11.728871373922756,4.166107893748942
51.284262144615056,11.728871373922756,5.354562462916562
4.430060501191658,11.728871373922756,4.754133026393261
29.084167883287627,0.2948104844957624,0.09519776353825005
32.73879196539061,11.728871373922756,3.227396741691489
4.430060501191658,11.728871373922756,2.222387332337686
20.16811834843719,11.728871373922756,9.537278405055998
32.73879196539061,43.28719017926355,5.436505774900981
20.16811834843719,11.728871373922756,6.529665837370827
4.430060501191658,11.728871373922756,2.222387332337686
32.73879196539061,11.728871373922756,4.388789341850835
20.16811834843719,11.728871373922756,8.916688013592918
4.430060501191658,11.728871373922756,4.754133026393261
20.16811834843719,11.728871373922756,9.537278405055998
20.16811834843719,11.728871373922756,7.5263469782264485
4.430060501191658,11.728871373922756,4.754133026393261
20.16811834843719,11.728871373922756,7.419430862728007
4.430060501191658,20.908006568471674,1.2096529029079328
20.16811834843719,11.728871373922756,7.419430862728007
4.430060501191658,20.908006568471674,1.2096529029079328
32.73879196539061,11.728871373922756,4.388789341850835
32.73879196539061,11.728871373922756,5.450279838134419
20.16811834843719,11.728871373922756,9.610899205207206
11.1319716173397,9.14296881885601,7.940729174335754
4.430060501191658,11.728871373922756,4.754133026393261
32.73879196539061,11.728871373922756,3.227396741691489
20.16811834843719,11.728871373922756,7.419430862728007
4.430060501191658,11.728871373922756,4.754133026393261
22.82034950419655,11.728871373922756,8.383743084973345
20.16811834843719,11.728871373922756,7.5263469782264485
32.73879196539061,43.28719017926355,5.436505774900981
20.16811834843719,11.728871373922756,7.419430862728007
11.920928250804069,11.728871373922756,5.565316139344236
4.430060501191658,11.728871373922756,4.754133026393261
20.16811834843719,11.728871373922756,6.529665837370827
32.73879196539061,11.728871373922756,5.436505774900981
20.16811834843719,11.728871373922756,9.77677269749805
4.430060501191658,20.908006568471674,1.2096529029079328
20.16811834843719,11.728871373922756,8.94567267672619
20.16811834843719,8.064075302090426,7.012330231559653
37.34384140667626,11.728871373922756,0.9506435558204237
32.73879196539061,11.728871373922756,4.388789341850835
4.430060501191658,11.728871373922756,4.754133026393261
4.430060501191658,11.728871373922756,4.754133026393261
51.284262144615056,11.728871373922756,5.354562462916562
32.73879196539061,11.728871373922756,4.388789341850835
20.16811834843719,11.728871373922756,9.96395291831468
32.73879196539061,11.728871373922756,4.388789341850835
32.73879196539061,11.728871373922756,5.436505774900981
20.16811834843719,11.728871373922756,8.916688013592918
32.73879196539061,11.728871373922756,3.5137825533896576
20.16811834843719,11.728871373922756,9.96395291831468
32.73879196539061,11.728871373922756,5.436505774900981
4.430060501191658,20.908006568471674,1.2096529029079328
37.90324149847011,11.728871373922756,2.4572236010543858
32.73879196539061,11.728871373922756,4.388789341850835
4.430060501191658,11.728871373922756,4.754133026393261
20.16811834843719,11.728871373922756,6.529665837370827
20.16811834843719,11.728871373922756,9.875999188694665
20.16811834843719,11.728871373922756,9.537278405055998
32.73879196539061,11.728871373922756,3.5137825533896576
32.73879196539061,4.86369133770033,0.10299613458989962
32.73879196539061,11.728871373922756,4.388789341850835
32.73879196539061,11.728871373922756,4.388789341850835
32.73879196539061,11.728871373922756,5.436505774900981
32.73879196539061,11.728871373922756,4.388789341850835
20.16811834843719,11.728871373922756,7.419430862728007
20.16811834843719,11.728871373922756,7.419430862728007
11.1319716173397,9.14296881885601,7.940729174335754
5.968605817832326,11.728871373922756,5.019549260050823
4.430060501191658,20.908006568471674,1.2096529029079328
20.16811834843719,11.728871373922756,6.529665837370827
32.73879196539061,43.28719017926355,5.436505774900981
4.430060501191658,11.728871373922756,4.754133026393261
20.16811834843719,11.728871373922756,6.529665837370827
20.16811834843719,11.728871373922756,6.529665837370827
4.430060501191658,11.728871373922756,4.754133026393261
8.099549468502234,14.951234139660034,5.05786390192739
32.73879196539061,11.728871373922756,4.388789341850835
4.430060501191658,11.728871373922756,4.754133026393261
32.73879196539061,11.728871373922756,5.436505774900981
20.16811834843719,11.728871373922756,9.537278405055998
4.430060501191658,11.728871373922756,4.754133026393261
4.430060501191658,11.728871373922756,4.754133026393261
20.16811834843719,11.728871373922756,7.419430862728007
10.073441187512778,11.728871373922756,5.347373963333924
4.430060501191658,11.728871373922756,4.754133026393261
32.922845405358466,19.127626470154734,7.147381811968646
4.430060501191658,11.728871373922756,4.754133026393261
20.16811834843719,11.728871373922756,6.529665837370827
4.430060501191658,11.728871373922756,4.754133026393261
20.52685532593396,11.728871373922756,8.7357565048544
32.73879196539061,4.86369133770033,0.10299613458989962
20.16811834843719,11.728871373922756,7.5263469782264485
32.73879196539061,11.728871373922756,3.5137825533896576
32.73879196539061,11.728871373922756,4.388789341850835
32.73879196539061,11.728871373922756,5.436505774900981
4.430060501191658,20.908006568471674,1.2096529029079328
32.73879196539061,11.728871373922756,5.436505774900981
4.430060501191658,11.728871373922756,4.754133026393261
20.16811834843719,20.908006568471674,10.0
32.73879196539061,11.728871373922756,3.227396741691489
32.73879196539061,11.728871373922756,4.388789341850835
32.73879196539061,11.728871373922756,4.388789341850835
22.82034950419655,11.728871373922756,8.383743084973345
32.73879196539061,11.728871373922756,5.450279838134419
49.09520442466828,11.728871373922756,0.09839084859387344
20.16811834843719,11.728871373922756,8.916688013592918
20.16811834843719,11.728871373922756,7.419430862728007
32.73879196539061,11.728871373922756,5.450279838134419
31.150407038615263,11.728871373922756,5.332793641023034
4.430060501191658,11.728871373922756,4.754133026393261
4.430060501191658,10.84775502427911,5.399623609191958
32.73879196539061,11.728871373922756,5.436505774900981
49.09520442466828,11.728871373922756,0.09839084859387344
20.16811834843719,11.728871373922756,9.875999188694665
20.16811834843719,11.728871373922756,6.529665837370827
20.16811834843719,11.728871373922756,6.529665837370827
4.430060501191658,11.728871373922756,2.222387332337686
32.73879196539061,11.728871373922756,5.450279838134419
20.16811834843719,19.22580632904264,7.147381811968646
4.430060501191658,20.908006568471674,1.2096529029079328
20.16811834843719,11.728871373922756,7.5263469782264485
4.430060501191658,11.728871373922756,4.754133026393261
20.16811834843719,11.728871373922756,9.537278405055998
20.16811834843719,11.728871373922756,10.448622046369199
4.430060501191658,11.728871373922756,4.754133026393261
20.16811834843719,11.728871373922756,9.875999188694665
32.73879196539061,11.728871373922756,5.436505774900981
4.430060501191658,11.728871373922756,4.754133026393261
20.16811834843719,19.22580632904264,7.147381811968646
10.073441187512778,11.728871373922756,5.347373963333924
20.16811834843719,11.728871373922756,9.77677269749805
12.69779436523324,11.728871373922756,6.531035132791591
4.430060501191658,11.728871373922756,4.754133026393261
4.430060501191658,11.728871373922756,4.754133026393261
20.16811834843719,19.22580632904264,7.147381811968646
20.16811834843719,11.728871373922756,8.912156756183135
4.430060501191658,14.526219699780421,1.1346824666951882
4.430060501191658,10.84775502427911,5.399623609191958
20.16811834843719,11.728871373922756,6.529665837370827
32.73879196539061,11.728871373922756,4.388789341850835
49.09520442466828,11.728871373922756,0.09839084859387344
20.16811834843719,11.728871373922756,7.419430862728007
20.16811834843719,11.728871373922756,7.147381811968646
4.430060501191658,11.728871373922756,4.754133026393261
4.430060501191658,11.728871373922756,4.754133026393261
32.73879196539061,11.728871373922756,4.388789341850835
20.16811834843719,11.728871373922756,8.916688013592918
20.16811834843719,11.728871373922756,6.529665837370827
4.430060501191658,11.728871373922756,2.222387332337686
37.34384140667626,11.728871373922756,0.9506435558204237
49.09520442466828,11.728871373922756,0.09839084859387344
10.073441187512778,11.728871373922756,5.347373963333924
4.430060501191658,20.908006568471674,1.2096529029079328
20.16811834843719,11.728871373922756,7.147381811968646
20.16811834843719,11.728871373922756,7.419430862728007
20.16811834843719,11.728871373922756,6.529665837370827
32.73879196539061,11.728871373922756,4.388789341850835
20.16811834843719,11.728871373922756,7.419430862728007
20.16811834843719,11.728871373922756,10.448622046369199
4.430060501191658,11.728871373922756,2.4695994321310213
32.73879196539061,11.728871373922756,5.436505774900981
4.430060501191658,11.728871373922756,4.754133026393261
20.16811834843719,11.728871373922756,7.147381811968646
20.16811834843719,11.728871373922756,7.419430862728007
4.430060501191658,11.728871373922756,4.754133026393261
29.084167883287627,0.2948104844957624,0.09519776353825005
20.16811834843719,11.728871373922756,7.419430862728007
4.430060501191658,11.728871373922756,4.754133026393261
31.150407038615263,11.728871373922756,5.332793641023034
4.430060501191658,11.728871373922756,4.754133026393261
4.430060501191658,11.728871373922756,4.754133026393261
32.73879196539061,43.28719017926355,5.436505774900981
32.73879196539061,11.728871373922756,4.388789341850835
3.4923644339226847,5.569465489738748,3.434141695632594
8.099549468502234,14.951234139660034,5.05786390192739
20.16811834843719,11.728871373922756,8.916688013592918
32.73879196539061,11.728871373922756,4.388789341850835
32.73879196539061,11.728871373922756,4.388789341850835
32.73879196539061,11.728871373922756,3.5137825533896576
4.430060501191658,11.728871373922756,4.754133026393261
19.40798135251392,11.728871373922756,4.166107893748942
20.16811834843719,8.064075302090426,7.012330231559653
29.084167883287627,0.2948104844957624,0.09519776353825005
4.430060501191658,11.728871373922756,4.754133026393261
32.73879196539061,11.728871373922756,3.227396741691489
32.73879196539061,11.728871373922756,4.388789341850835
32.73879196539061,43.28719017926355,5.436505774900981
22.82034950419655,11.728871373922756,8.383743084973345
4.430060501191658,11.728871373922756,4.754133026393261
20.16811834843719,11.728871373922756,7.419430862728007
4.430060501191658,20.908006568471674,1.2096529029079328
20.16811834843719,19.22580632904264,7.147381811968646
37.34384140667626,11.728871373922756,0.9506435558204237
4.430060501191658,11.728871373922756,4.754133026393261
32.73879196539061,11.728871373922756,5.436505774900981
32.73879196539061,11.728871373922756,4.388789341850835
20.16811834843719,11.728871373922756,9.77677269749805
12.69779436523324,11.728871373922756,6.531035132791591
32.73879196539061,11.728871373922756,4.388789341850835
20.16811834843719,11.728871373922756,7.419430862728007
20.16811834843719,11.728871373922756,7.419430862728007
4.430060501191658,11.728871373922756,4.754133026393261
20.16811834843719,11.728871373922756,7.147381811968646
32.73879196539061,11.728871373922756,5.450279838134419
8.099549468502234,14.951234139660034,5.05786390192739
4.430060501191658,11.728871373922756,4.754133026393261
20.16811834843719,11.728871373922756,7.419430862728007
11.920928250804069,11.728871373922756,5.565316139344236
20.16811834843719,11.728871373922756,10.448622046369199
19.40798135251392,11.728871373922756,4.166107893748942
49.09520442466828,11.728871373922756,0.09839084859387344
4.430060501191658,11.728871373922756,4.754133026393261
20.16811834843719,11.728871373922756,6.529665837370827
20.16811834843719,11.728871373922756,9.610899205207206
32.73879196539061,11.728871373922756,4.388789341850835
20.52685532593396,11.728871373922756,8.7357565048544
19.40798135251392,11.728871373922756,4.166107893748942
4.430060501191658,11.728871373922756,4.754133026393261
32.73879196539061,11.728871373922756,4.388789341850835
32.73879196539061,11.728871373922756,5.436505774900981
4.430060501191658,11.728871373922756,2.222387332337686
4.430060501191658,11.728871373922756,4.754133026393261
4.430060501191658,11.728871373922756,4.754133026393261
20.16811834843719,11.728871373922756,8.916688013592918
20.16811834843719,11.728871373922756,9.875999188694665
20.16811834843719,11.728871373922756,7.419430862728007
32.73879196539061,11.728871373922756,5.450279838134419
4.430060501191658,11.728871373922756,4.754133026393261
4.430060501191658,11.728871373922756,4.754133026393261
4.430060501191658,11.728871373922756,2.222387332337686
32.73879196539061,11.728871373922756,4.388789341850835
32.73879196539061,11.728871373922756,4.388789341850835
20.52685532593396,11.728871373922756,8.7357565048544
4.430060501191658,11.728871373922756,4.754133026393261
32.73879196539061,11.728871373922756,4.388789341850835
20.16811834843719,19.22580632904264,7.147381811968646
4.430060501191658,11.728871373922756,9.624825346333216
20.16811834843719,11.728871373922756,8.94567267672619
8.099549468502234,14.951234139660034,5.05786390192739
32.73879196539061,11.728871373922756,5.450279838134419
4.430060501191658,11.728871373922756,4.754133026393261
4.430060501191658,20.908006568471674,1.2096529029079328
20.16811834843719,11.728871373922756,9.537278405055998
4.430060501191658,11.728871373922756,4.754133026393261
32.73879196539061,11.728871373922756,5.450279838134419
12.69779436523324,11.728871373922756,6.531035132791591
20.16811834843719,11.728871373922756,6.529665837370827
32.73879196539061,11.728871373922756,5.450279838134419
20.16811834843719,11.728871373922756,7.419430862728007
37.90324149847011,11.728871373922756,2.4572236010543858
51.284262144615056,11.728871373922756,5.354562462916562
12.69779436523324,11.728871373922756,6.531035132791591
32.73879196539061,11.728871373922756,4.388789341850835
20.16811834843719,11.728871373922756,9.537278405055998
32.73879196539061,11.728871373922756,4.388789341850835
32.73879196539061,11.728871373922756,5.436505774900981
31.150407038615263,11.728871373922756,5.332793641023034
37.34384140667626,11.728871373922756,0.9506435558204237
32.73879196539061,43.28719017926355,5.436505774900981
20.16811834843719,11.728871373922756,9.537278405055998
4.430060501191658,14.526219699780421,1.1346824666951882
4.430060501191658,11.728871373922756,4.754133026393261
32.73879196539061,11.728871373922756,4.388789341850835
37.34384140667626,11.728871373922756,0.9506435558204237
20.52685532593396,11.728871373922756,8.7357565048544
20.16811834843719,11.728871373922756,8.912156756183135
4.430060501191658,11.728871373922756,2.222387332337686
20.16811834843719,8.064075302090426,7.012330231559653
4.430060501191658,11.728871373922756,4.754133026393261
37.90324149847011,11.728871373922756,2.4572236010543858
4.430060501191658,11.728871373922756,9.624825346333216
20.16811834843719,19.22580632904264,7.147381811968646
20.16811834843719,11.728871373922756,7.147381811968646
20.16811834843719,11.728871373922756,8.912156756183135
20.16811834843719,11.728871373922756,7.5263469782264485
32.73879196539061,11.728871373922756,4.388789341850835
32.73879196539061,11.728871373922756,3.5137825533896576
4.430060501191658,11.728871373922756,2.4695994321310213
4.430060501191658,11.728871373922756,2.4695994321310213
20.16811834843719,11.728871373922756,7.147381811968646
19.40798135251392,11.728871373922756,4.166107893748942
4.430060501191658,11.728871373922756,4.754133026393261
4.430060501191658,11.728871373922756,4.754133026393261
20.16811834843719,11.728871373922756,9.96395291831468
32.73879196539061,11.728871373922756,5.450279838134419
20.16811834843719,11.728871373922756,7.419430862728007
20.16811834843719,11.728871373922756,6.529665837370827
8.099549468502234,14.951234139660034,5.05786390192739
32.73879196539061,11.728871373922756,3.227396741691489
32.73879196539061,11.728871373922756,5.450279838134419
4.430060501191658,20.005345242077965,0.1
20.16811834843719,11.728871373922756,6.529665837370827
32.73879196539061,43.28719017926355,5.436505774900981
20.16811834843719,11.728871373922756,9.537278405055998
32.73879196539061,11.728871373922756,5.450279838134419
20.16811834843719,8.064075302090426,7.012330231559653
20.16811834843719,11.728871373922756,8.912156756183135
4.430060501191658,11.728871373922756,2.4695994321310213
20.16811834843719,11.728871373922756,7.419430862728007
32.73879196539061,11.728871373922756,5.436505774900981
20.16811834843719,11.728871373922756,8.912156756183135
32.73879196539061,11.728871373922756,4.388789341850835
32.73879196539061,11.728871373922756,4.388789341850835
32.73879196539061,11.728871373922756,4.388789341850835
11.920928250804069,11.728871373922756,5.565316139344236
20.52685532593396,11.728871373922756,8.7357565048544
4.430060501191658,20.005345242077965,0.1
20.16811834843719,11.728871373922756,9.875999188694665
51.284262144615056,11.728871373922756,5.354562462916562
4.430060501191658,10.84775502427911,5.399623609191958
51.284262144615056,11.728871373922756,5.354562462916562
32.73879196539061,11.728871373922756,4.388789341850835
20.16811834843719,11.728871373922756,7.147381811968646
4.430060501191658,11.728871373922756,4.754133026393261
4.430060501191658,11.728871373922756,4.754133026393261
32.73879196539061,11.728871373922756,4.388789341850835
12.69779436523324,11.728871373922756,6.531035132791591
4.430060501191658,11.728871373922756,4.754133026393261
32.73879196539061,11.728871373922756,5.436505774900981
4.430060501191658,11.728871373922756,4.754133026393261
20.16811834843719,11.728871373922756,7.147381811968646
20.16811834843719,11.728871373922756,7.419430862728007
49.09520442466828,11.728871373922756,0.09839084859387344
4.430060501191658,11.728871373922756,4.754133026393261
19.40798135251392,11.728871373922756,4.166107893748942
4.430060501191658,11.728871373922756,4.754133026393261
37.34384140667626,11.728871373922756,0.9506435558204237
4.430060501191658,11.728871373922756,2.4695994321310213
12.69779436523324,11.728871373922756,6.531035132791591
20.16811834843719,11.728871373922756,10.448622046369199
20.16811834843719,11.728871373922756,7.419430862728007
20.16811834843719,11.728871373922756,7.419430862728007
4.430060501191658,11.728871373922756,4.754133026393261
12.69779436523324,11.728871373922756,6.531035132791591
20.16811834843719,11.728871373922756,7.419430862728007
12.69779436523324,11.728871373922756,6.531035132791591
4.430060501191658,20.005345242077965,0.1
4.430060501191658,11.728871373922756,4.754133026393261
32.73879196539061,43.28719017926355,5.436505774900981
31.150407038615263,11.728871373922756,5.332793641023034
32.73879196539061,11.728871373922756,3.227396741691489
4.430060501191658,11.728871373922756,4.754133026393261
32.73879196539061,11.728871373922756,5.436505774900981
20.16811834843719,11.728871373922756,7.419430862728007
4.430060501191658,11.728871373922756,4.754133026393261
32.73879196539061,11.728871373922756,5.450279838134419
4.430060501191658,11.728871373922756,4.754133026393261
4.430060501191658,11.728871373922756,4.754133026393261
20.16811834843719,11.728871373922756,8.94567267672619
51.284262144615056,11.728871373922756,5.354562462916562
4.430060501191658,11.728871373922756,4.754133026393261
10.073441187512778,11.728871373922756,5.347373963333924
4.430060501191658,11.728871373922756,4.754133026393261
20.16811834843719,11.728871373922756,6.529665837370827
4.430060501191658,11.728871373922756,4.754133026393261
4.430060501191658,20.005345242077965,0.1
32.73879196539061,11.728871373922756,4.388789341850835
12.69779436523324,11.728871373922756,6.531035132791591
4.430060501191658,11.728871373922756,2.222387332337686
20.16811834843719,11.728871373922756,7.419430862728007
32.73879196539061,11.728871373922756,4.388789341850835
32.73879196539061,43.28719017926355,5.436505774900981
32.73879196539061,11.728871373922756,4.388789341850835
11.1319716173397,9.14296881885601,7.940729174335754
20.16811834843719,8.064075302090426,7.012330231559653
32.73879196539061,11.728871373922756,4.388789341850835
20.16811834843719,11.728871373922756,9.77677269749805
4.430060501191658,11.728871373922756,2.4695994321310213
4.430060501191658,11.728871373922756,4.754133026393261
4.430060501191658,11.728871373922756,4.754133026393261
20.16811834843719,11.728871373922756,7.419430862728007
20.16811834843719,20.908006568471674,10.0
4.430060501191658,11.728871373922756,4.754133026393261
20.16811834843719,11.728871373922756,6.529665837370827
20.16811834843719,11.728871373922756,7.419430862728007
32.73879196539061,11.728871373922756,3.5137825533896576
37.90324149847011,11.728871373922756,2.4572236010543858
20.16811834843719,19.22580632904264,7.147381811968646
20.16811834843719,11.728871373922756,9.537278405055998
20.16811834843719,11.728871373922756,7.419430862728007
32.73879196539061,11.728871373922756,5.450279838134419
20.16811834843719,11.728871373922756,7.419430862728007
5.968605817832326,11.728871373922756,5.019549260050823
4.430060501191658,11.728871373922756,4.754133026393261
20.16811834843719,11.728871373922756,7.147381811968646
4.430060501191658,11.728871373922756,4.754133026393261
20.16811834843719,11.728871373922756,8.916688013592918
32.73879196539061,11.728871373922756,4.388789341850835
20.16811834843719,11.728871373922756,7.147381811968646
4.430060501191658,11.728871373922756,2.222387332337686
20.16811834843719,11.728871373922756,6.529665837370827
32.73879196539061,11.728871373922756,5.450279838134419
20.16811834843719,11.728871373922756,8.94567267672619
4.430060501191658,11.728871373922756,4.754133026393261
4.430060501191658,11.728871373922756,4.754133026393261
22.82034950419655,11.728871373922756,8.383743084973345
32.73879196539061,11.728871373922756,5.436505774900981
32.73879196539061,4.86369133770033,0.10299613458989962
32.73879196539061,11.728871373922756,5.450279838134419
32.73879196539061,11.728871373922756,4.388789341850835
20.16811834843719,11.728871373922756,9.96395291831468
20.16811834843719,6.607143613058831,7.419430862728007
4.430060501191658,11.728871373922756,4.754133026393261
32.922845405358466,19.127626470154734,7.147381811968646
4.430060501191658,11.728871373922756,4.754133026393261
32.73879196539061,11.728871373922756,5.436505774900981
32.73879196539061,11.728871373922756,4.388789341850835
4.430060501191658,11.728871373922756,4.754133026393261
5.968605817832326,11.728871373922756,5.019549260050823
4.430060501191658,20.005345242077965,0.1
20.16811834843719,19.22580632904264,7.147381811968646
20.16811834843719,11.728871373922756,9.875999188694665
4.430060501191658,11.728871373922756,4.754133026393261
12.69779436523324,11.728871373922756,6.531035132791591
32.73879196539061,11.728871373922756,5.436505774900981
19.40798135251392,11.728871373922756,4.166107893748942
20.16811834843719,11.728871373922756,8.912156756183135
8.099549468502234,14.951234139660034,5.05786390192739
20.16811834843719,11.728871373922756,7.147381811968646
20.16811834843719,11.728871373922756,9.610899205207206
20.16811834843719,6.607143613058831,7.419430862728007
32.73879196539061,11.728871373922756,4.388789341850835
20.16811834843719,19.22580632904264,7.147381811968646
32.73879196539061,4.86369133770033,0.10299613458989962
4.430060501191658,11.728871373922756,4.754133026393261
4.430060501191658,14.526219699780421,1.1346824666951882
4.430060501191658,10.84775502427911,5.399623609191958
32.73879196539061,11.728871373922756,3.227396741691489
32.73879196539061,11.728871373922756,4.388789341850835
20.16811834843719,11.728871373922756,9.875999188694665
32.73879196539061,11.728871373922756,5.436505774900981
32.73879196539061,11.728871373922756,4.388789341850835
4.430060501191658,11.728871373922756,4.754133026393261
20.16811834843719,11.728871373922756,9.537278405055998
20.16811834843719,11.728871373922756,9.537278405055998
32.73879196539061,43.28719017926355,5.436505774900981
4.430060501191658,11.728871373922756,4.754133026393261
32.73879196539061,11.728871373922756,5.436505774900981
32.73879196539061,11.728871373922756,4.388789341850835
20.16811834843719,11.728871373922756,7.147381811968646
4.430060501191658,11.728871373922756,4.754133026393261
32.73879196539061,11.728871373922756,5.436505774900981
20.16811834843719,11.728871373922756,8.94567267672619
20.16811834843719,11.728871373922756,9.537278405055998
4.430060501191658,11.728871373922756,4.754133026393261
8.099549468502234,14.951234139660034,5.05786390192739
20.16811834843719,11.728871373922756,8.912156756183135
4.430060501191658,11.728871373922756,4.754133026393261
20.16811834843719,11.728871373922756,7.419430862728007
32.73879196539061,11.728871373922756,3.5137825533896576
32.73879196539061,11.728871373922756,5.450279838134419
32.73879196539061,11.728871373922756,4.388789341850835
20.16811834843719,11.728871373922756,7.419430862728007
37.90324149847011,11.728871373922756,2.4572236010543858
20.16811834843719,11.728871373922756,10.448622046369199
32.73879196539061,11.728871373922756,4.388789341850835
32.73879196539061,11.728871373922756,5.450279838134419
20.16811834843719,11.728871373922756,7.419430862728007
32.73879196539061,11.728871373922756,4.388789341850835
20.16811834843719,11.728871373922756,7.419430862728007
4.430060501191658,11.728871373922756,4.754133026393261
32.73879196539061,11.728871373922756,5.450279838134419
20.16811834843719,11.728871373922756,9.96395291831468
4.430060501191658,11.728871373922756,4.754133026393261
32.73879196539061,11.728871373922756,4.388789341850835
4.430060501191658,11.728871373922756,4.754133026393261
20.16811834843719,11.728871373922756,9.875999188694665
20.16811834843719,11.728871373922756,9.610899205207206
20.16811834843719,11.728871373922756,8.912156756183135
20.16811834843719,11.728871373922756,7.419430862728007
32.73879196539061,11.728871373922756,5.450279838134419
37.34384140667626,11.728871373922756,0.9506435558204237
20.16811834843719,11.728871373922756,9.77677269749805
20.16811834843719,20.908006568471674,10.0
4.430060501191658,11.728871373922756,4.754133026393261
32.73879196539061,11.728871373922756,5.450279838134419
32.73879196539061,4.86369133770033,0.10299613458989962
20.16811834843719,11.728871373922756,8.94567267672619
32.73879196539061,11.728871373922756,5.450279838134419
4.430060501191658,11.252242554104468,5.141932190241795
20.16811834843719,11.728871373922756,8.912156756183135
20.16811834843719,11.728871373922756,9.537278405055998
32.73879196539061,11.728871373922756,5.450279838134419
32.73879196539061,11.728871373922756,3.5137825533896576
4.430060501191658,11.728871373922756,4.754133026393261
20.16811834843719,6.607143613058831,7.419430862728007
4.430060501191658,11.728871373922756,4.754133026393261
4.430060501191658,11.728871373922756,4.754133026393261
32.73879196539061,11.728871373922756,4.388789341850835
4.430060501191658,11.728871373922756,4.754133026393261
32.73879196539061,11.728871373922756,4.388789341850835
32.73879196539061,11.728871373922756,4.388789341850835
32.73879196539061,11.728871373922756,4.388789341850835
32.73879196539061,11.728871373922756,4.388789341850835
32.73879196539061,11.728871373922756,4.388789341850835
5.968605817832326,11.728871373922756,5.019549260050823
4.430060501191658,11.728871373922756,4.754133026393261
4.430060501191658,11.728871373922756,4.754133026393261
4.430060501191658,11.728871373922756,4.754133026393261
4.430060501191658,11.728871373922756,4.754133026393261
4.430060501191658,11.728871373922756,2.222387332337686
20.16811834843719,11.728871373922756,7.5263469782264485
4.430060501191658,20.908006568471674,1.2096529029079328
4.430060501191658,20.005345242077965,0.1
51.284262144615056,11.728871373922756,5.354562462916562
32.73879196539061,11.728871373922756,4.388789341850835
4.430060501191658,11.728871373922756,4.754133026393261
32.73879196539061,11.728871373922756,4.388789341850835
20.16811834843719,11.728871373922756,9.610899205207206
4.430060501191658,14.526219699780421,1.1346824666951882
4.430060501191658,20.908006568471674,1.2096529029079328
4.430060501191658,11.728871373922756,4.754133026393261
4.430060501191658,11.728871373922756,4.754133026393261
4.430060501191658,11.728871373922756,4.754133026393261
32.73879196539061,11.728871373922756,4.388789341850835
32.73879196539061,11.728871373922756,4.388789341850835
32.73879196539061,11.728871373922756,4.388789341850835
4.430060501191658,11.728871373922756,4.754133026393261
4.430060501191658,11.728871373922756,4.754133026393261
32.73879196539061,11.728871373922756,4.388789341850835
4.430060501191658,11.728871373922756,4.754133026393261
4.430060501191658,11.728871373922756,4.754133026393261
20.16811834843719,11.728871373922756,7.5263469782264485
4.430060501191658,11.728871373922756,4.754133026393261
4.430060501191658,11.728871373922756,4.754133026393261
32.73879196539061,11.728871373922756,4.388789341850835
4.430060501191658,11.728871373922756,4.754133026393261
32.73879196539061,11.728871373922756,4.388789341850835
4.430060501191658,10.84775502427911,5.399623609191958
4.430060501191658,11.728871373922756,2.4695994321310213
32.73879196539061,11.728871373922756,4.388789341850835
4.430060501191658,11.252242554104468,5.141932190241795
