38.918984523214995,13.582595889449166,5.076374086544156
38.918984523214995,11.1949368371831,3.8675293593861113
20.236680926394058,13.582595889449166,8.926528737907493
70.35169084361057,13.582595889449166,0.1
9.941838375475696,13.000665953502184,0.1
20.236680926394058,18.023752898366297,6.517498824627097
31.527830981000676,13.582595889449166,5.533914997230226
38.918984523214995,13.582595889449166,5.076374086544156
20.236680926394058,13.582595889449166,7.616814846910422
20.236680926394058,13.582595889449166,7.616814846910422
22.5749252780647,13.000665953502184,7.375273955639637
38.918984523214995,13.582595889449166,5.396441151272294
20.236680926394058,13.582595889449166,7.616814846910422
20.236680926394058,13.582595889449166,9.403675601466578
20.236680926394058,7.7538505206609125,3.773565020945794
20.236680926394058,13.582595889449166,7.497594685547549
7.749188892157202,11.03810427045939,7.497594685547549
20.236680926394058,13.582595889449166,7.616814846910422
20.236680926394058,13.000665953502184,9.359052263269698
20.236680926394058,13.000665953502184,10.132064581695426
20.236680926394058,0.7685813145655143,10.0
49.09812982353096,13.582595889449166,0.09845539578786379
20.236680926394058,13.582595889449166,8.747258532811712
21.430089095873708,11.728871373922756,6.646165708426311
38.918984523214995,13.582595889449166,5.076374086544156
29.716273180266867,13.582595889449166,6.085185789181713
20.236680926394058,13.582595889449166,7.1921328374497815
13.544217177696204,13.000665953502184,5.176235866862519
20.236680926394058,13.582595889449166,7.616814846910422
20.236680926394058,13.582595889449166,7.1921328374497815
20.236680926394058,11.371141283307376,6.527595480209401
20.236680926394058,13.000665953502184,9.537715887327415
20.236680926394058,0.9815303675111409,4.945863398183912
31.357782844353082,10.190614414796016,1.3895092431277178
20.236680926394058,13.582595889449166,9.70145459039808
38.918984523214995,13.582595889449166,5.396441151272294
20.236680926394058,13.582595889449166,7.616814846910422
13.85824159785388,7.037593436970193,4.301338460027489
20.236680926394058,13.582595889449166,7.497594685547549
20.236680926394058,13.582595889449166,7.1921328374497815
38.918984523214995,13.582595889449166,5.076374086544156
20.236680926394058,13.582595889449166,7.616814846910422
20.236680926394058,13.582595889449166,7.877009665710903
20.236680926394058,13.582595889449166,7.616814846910422
38.918984523214995,16.877130000823694,6.1576952487777525
38.918984523214995,13.582595889449166,5.076374086544156
20.236680926394058,24.96724857556712,5.167373481280276
20.236680926394058,13.582595889449166,7.616814846910422
38.918984523214995,13.582595889449166,5.396441151272294
20.236680926394058,13.582595889449166,9.209206248391949
20.236680926394058,13.000665953502184,10.069091989437052
20.236680926394058,13.000665953502184,7.413962251477198
38.918984523214995,13.582595889449166,5.076374086544156
20.236680926394058,13.582595889449166,8.686092340126791
30.932579815740965,7.037593436970193,0.10116030195320373
20.236680926394058,12.746821680997867,8.880565056223274
38.918984523214995,13.582595889449166,5.076374086544156
38.918984523214995,13.582595889449166,5.076374086544156
20.236680926394058,13.000665953502184,9.278009715997735
38.918984523214995,13.582595889449166,5.396441151272294
38.918984523214995,13.582595889449166,5.076374086544156
20.236680926394058,13.582595889449166,7.616814846910422
38.86131272190114,23.476911949740625,4.559877221452555
20.236680926394058,13.582595889449166,7.616814846910422
20.236680926394058,13.582595889449166,8.102781841963496
38.918984523214995,6.940947222891011,2.4313893882671573
20.236680926394058,13.582595889449166,7.1921328374497815
20.236680926394058,13.582595889449166,7.616814846910422
18.52567904996374,14.153798362626983,7.489004917854974
20.236680926394058,13.582595889449166,8.361360684413663
20.236680926394058,13.000665953502184,9.660075078283981
20.236680926394058,13.582595889449166,9.408378419162492
20.236680926394058,3.465743014696116,0.10997901822072645
24.114828620881756,26.789864598352466,6.276468949193225
38.918984523214995,13.582595889449166,5.076374086544156
38.918984523214995,13.582595889449166,5.076374086544156
20.236680926394058,13.582595889449166,7.1921328374497815
38.918984523214995,13.582595889449166,2.5914874778614103
20.236680926394058,13.582595889449166,7.616814846910422
38.918984523214995,13.582595889449166,5.521426837944523
