24.92758652500305,17.68309206453179,8.235688592021097
5.919689179878141,15.884208471898845,5.215234171691963
32.97674552139988,10.085758494842745,0.40020327976540565
20.16811834843719,14.00954663511649,6.429505242835745
26.926436805629482,16.848173776603264,9.761864020884401
40.03020911787853,9.100618557422157,0.10690256947336016
24.92758652500305,16.848173776603264,8.693345502658188
24.92758652500305,11.435821920957636,6.8968616626092345
20.16811834843719,11.435821920957636,6.659360035468206
36.00796676372712,8.387534423586946,2.089783131726273
26.926436805629482,17.68309206453179,7.834047699422419
24.92758652500305,17.68309206453179,8.235688592021097
26.926436805629482,11.435821920957636,6.495220770010556
24.92758652500305,17.68309206453179,8.798151204823515
26.926436805629482,17.68309206453179,9.519896777970304
20.16811834843719,9.100618557422157,5.547710497428534
17.01922683802573,11.048335013335649,9.579528464755745
24.92758652500305,12.052371309752917,7.249003861142366
27.673004159344405,16.62005481294857,9.550426874044918
20.16811834843719,17.68309206453179,7.313734484801107
45.339082854902266,9.100618557422157,2.790401986290342
40.03020911787853,9.100618557422157,2.7642528368574184
20.16811834843719,11.435821920957636,6.659360035468206
17.675226446476195,11.73525385132055,6.6910584422445645
26.926436805629482,17.68309206453179,7.834047699422419
26.7143226413889,2.9530442390438303,6.214361664058959
36.036119919974595,16.489906705295976,5.115567488466246
26.926436805629482,16.848173776603264,9.818664324138902
24.92758652500305,13.787129949152556,8.205671152245314
20.16811834843719,17.68309206453179,6.347634068142277
20.21794430069474,16.848173776603264,8.465370448525247
29.330651064968755,11.435821920957636,5.697226777949394
20.16811834843719,11.435821920957636,6.659360035468206
15.535321061521266,6.197699636039751,5.152748207754171
26.27020842976925,12.445764226842577,6.716367818095957
24.92758652500305,11.435821920957636,6.888260862901966
33.54567013992059,15.756076783720205,7.744075017905084
9.724478099105811,17.68309206453179,8.535376020473993
20.16811834843719,11.243310636436938,8.328903560844767
29.642021448520392,6.439647186791913,0.1089881619441102
24.92758652500305,16.848173776603264,8.693345502658188
26.27020842976925,12.445764226842577,7.527712651486559
20.16811834843719,11.435821920957636,6.659360035468206
24.92758652500305,17.68309206453179,8.235688592021097
24.92758652500305,14.204902157174784,8.399151947298185
40.03020911787853,14.00954663511649,3.1209857453126464
22.80745344899791,14.00954663511649,8.884092009085233
24.92758652500305,11.435821920957636,6.8968616626092345
31.65518402848031,16.848173776603264,5.999673940531687
26.926436805629482,16.848173776603264,8.29170461005951
24.92758652500305,16.603283497178538,8.764101462816475
26.926436805629482,5.890755833294772,6.53286069340599
24.92758652500305,17.68309206453179,8.235688592021097
34.45705257020275,7.405842578095633,0.09840709168892041
24.92758652500305,17.68309206453179,8.235688592021097
40.03020911787853,4.978490578519542,1.4846168305165897
26.27020842976925,1.0146035742773947,0.09648209639186535
24.92758652500305,28.26199512207112,5.840648170467028
26.27020842976925,9.100618557422157,5.357024058992772
24.92758652500305,17.68309206453179,8.235688592021097
26.926436805629482,16.848173776603264,8.29170461005951
20.16811834843719,11.435821920957636,9.576243630193401
24.92758652500305,17.68309206453179,8.014715018440889
24.92758652500305,17.68309206453179,8.235688592021097
38.96078401840501,6.468741035418072,4.996259212546393
41.50804379841223,16.696993148229414,4.967942700752248
24.92758652500305,17.68309206453179,8.235688592021097
26.926436805629482,16.848173776603264,8.29170461005951
26.926436805629482,16.848173776603264,8.937445492409104
24.92758652500305,17.68309206453179,9.013653415529973
76.05563672530462,6.993900446294791,3.083393876277091
24.92758652500305,16.603283497178538,8.665557589887282
20.16811834843719,16.848173776603264,7.557041960533055
26.27020842976925,12.445764226842577,6.716367818095957
22.80745344899791,14.00954663511649,6.779680534450037
24.92758652500305,17.68309206453179,8.369177518235468
26.27020842976925,12.445764226842577,7.182453409082188
26.926436805629482,16.848173776603264,7.814372614317144
40.03020911787853,9.100618557422157,2.5635146725222544
36.30002669216628,17.68309206453179,8.369177518235468
