20.16811834843719,11.728871373922756,10.220068525487166
20.16811834843719,11.728871373922756,6.037151169267997
20.16811834843719,63.15888152853984,1.8054209033526958
24.339082112690896,11.728871373922756,6.7721698394103225
3.9534666317194045,11.728871373922756,3.3692565886503143
20.16811834843719,11.728871373922756,6.588458051642248
20.16811834843719,11.728871373922756,10.220068525487166
37.24948021699696,17.68309206453179,7.324673940336313
20.16811834843719,11.728871373922756,6.037151169267997
24.339082112690896,11.728871373922756,6.7721698394103225
20.16811834843719,17.68309206453179,6.929194060129183
20.16811834843719,11.728871373922756,10.220068525487166
20.16811834843719,17.68309206453179,6.929194060129183
20.16811834843719,17.68309206453179,6.929194060129183
20.16811834843719,11.728871373922756,10.220068525487166
56.500242681013,10.197129127780993,5.8530589357717036
0.06912546088505422,17.68309206453179,7.102032513253473
0.06912546088505422,17.68309206453179,7.102032513253473
20.16811834843719,11.728871373922756,10.555678069719082
20.16811834843719,27.476031430744204,4.633222754944622
20.16811834843719,0.6170424609776379,0.092037337308872
20.16811834843719,11.728871373922756,3.999202899479149
20.16811834843719,0.0989789680860369,6.145468099619868
20.16811834843719,11.728871373922756,6.037151169267997
0.06912546088505422,17.68309206453179,7.102032513253473
20.16811834843719,8.376016526897262,5.130264763521151
18.161113243674322,11.728871373922756,5.663186766807495
20.16811834843719,43.652315164507264,4.743677860510477
56.500242681013,69.86511491701135,4.601645483891238
20.16811834843719,23.596192837839986,5.231485417038293
20.16811834843719,11.728871373922756,6.037151169267997
35.03959199379409,30.016339044332355,7.105850695431657
20.16811834843719,17.68309206453179,6.833681582430287
56.500242681013,11.728871373922756,6.41828026826228
56.500242681013,11.728871373922756,6.41828026826228
20.16811834843719,11.728871373922756,6.037151169267997
20.16811834843719,16.723274137784806,6.847989212385553
6.600588089067806,40.0590635308252,1.0327945278635382
3.9534666317194045,30.051899751434128,0.7449368183713666
20.16811834843719,11.728871373922756,6.037151169267997
56.500242681013,10.197129127780993,5.8530589357717036
3.9534666317194045,11.728871373922756,1.9064845959343621
31.880025971074954,11.728871373922756,7.123961579127158
18.161113243674322,11.728871373922756,5.663186766807495
20.16811834843719,10.197129127780993,8.936551179561892
56.500242681013,69.86511491701135,4.601645483891238
20.16811834843719,11.728871373922756,6.037151169267997
56.500242681013,11.728871373922756,2.158269763048432
20.16811834843719,20.103702962470244,5.9469533340841805
56.500242681013,43.652315164507264,8.44375518219277
3.9534666317194045,11.728871373922756,3.6160975491674203
6.7945663237105,11.728871373922756,3.3451324653264427
20.16811834843719,11.728871373922756,10.220068525487166
56.500242681013,1.2394305678703645,2.020274990586178
20.16811834843719,17.29871996066143,6.941468928271221
20.16811834843719,0.6170424609776379,0.092037337308872
39.72915496712795,27.476031430744204,9.401653835416615
20.16811834843719,11.728871373922756,6.037151169267997
56.500242681013,43.652315164507264,7.7884426111234895
20.16811834843719,11.728871373922756,6.037151169267997
20.16811834843719,11.728871373922756,10.555678069719082
20.16811834843719,0.0989789680860369,6.145468099619868
20.16811834843719,17.68309206453179,6.929194060129183
6.7945663237105,11.728871373922756,3.3451324653264427
56.500242681013,1.2394305678703645,2.020274990586178
20.16811834843719,11.728871373922756,6.037151169267997
3.9534666317194045,11.728871373922756,3.6160975491674203
31.880025971074954,11.728871373922756,7.123961579127158
11.60738414194035,11.728871373922756,6.114441218570952
56.500242681013,11.728871373922756,6.081496285940222
20.16811834843719,11.728871373922756,10.220068525487166
20.16811834843719,11.728871373922756,6.037151169267997
37.24948021699696,17.68309206453179,7.324673940336313
20.16811834843719,11.728871373922756,6.037151169267997
20.16811834843719,11.728871373922756,6.037151169267997
20.16811834843719,11.728871373922756,6.037151169267997
29.063534139898536,2.116451297821124,5.11536047483189
56.500242681013,21.26095691008804,6.253416138199308
20.16811834843719,11.728871373922756,6.037151169267997
30.84185492264919,8.40147991665134,7.136539405430659
20.16811834843719,11.728871373922756,3.999202899479149
20.16811834843719,8.376016526897262,5.130264763521151
20.16811834843719,11.728871373922756,8.835727183261739
20.16811834843719,17.68309206453179,6.833681582430287
20.16811834843719,23.596192837839986,5.231485417038293
20.16811834843719,11.728871373922756,6.037151169267997
20.16811834843719,11.728871373922756,6.037151169267997
20.16811834843719,20.943250141438668,5.516490339306439
20.16811834843719,10.23857283851532,6.367331626116493
20.16811834843719,23.596192837839986,5.231485417038293
56.500242681013,43.652315164507264,7.7884426111234895
20.16811834843719,11.728871373922756,6.037151169267997
20.16811834843719,8.376016526897262,5.130264763521151
56.500242681013,43.652315164507264,7.7884426111234895
41.59601501156928,11.728871373922756,6.259412915570963
9.953831957794117,17.68309206453179,3.4883756539509325
20.16811834843719,11.728871373922756,6.037151169267997
20.16811834843719,17.68309206453179,6.929194060129183
18.161113243674322,11.728871373922756,5.663186766807495
20.16811834843719,11.728871373922756,3.999202899479149
20.16811834843719,43.652315164507264,4.743677860510477
23.031402516339973,17.68309206453179,6.833681582430287
29.063534139898536,11.728871373922756,7.089968077060107
20.16811834843719,11.728871373922756,6.037151169267997
56.500242681013,11.728871373922756,6.081496285940222
3.9534666317194045,11.728871373922756,3.3692565886503143
3.9534666317194045,28.966472025227155,0.5351521504710832
20.16811834843719,20.103702962470244,5.9469533340841805
20.16811834843719,11.728871373922756,6.037151169267997
56.500242681013,21.26095691008804,6.253416138199308
20.16811834843719,10.197129127780993,8.936551179561892
20.16811834843719,11.728871373922756,6.037151169267997
20.16811834843719,0.0989789680860369,6.145468099619868
20.16811834843719,27.476031430744204,4.633222754944622
3.9534666317194045,30.051899751434128,0.7449368183713666
20.16811834843719,11.728871373922756,6.037151169267997
20.16811834843719,11.728871373922756,3.999202899479149
9.953831957794117,17.68309206453179,3.4883756539509325
20.16811834843719,0.0989789680860369,6.145468099619868
20.16811834843719,17.68309206453179,6.929194060129183
30.84185492264919,8.40147991665134,7.136539405430659
20.16811834843719,10.23857283851532,6.367331626116493
20.16811834843719,44.318354867529735,4.672224479871219
56.500242681013,43.652315164507264,7.7884426111234895
39.72915496712795,27.476031430744204,9.401653835416615
56.500242681013,11.728871373922756,6.081496285940222
20.16811834843719,63.15888152853984,1.8054209033526958
20.16811834843719,16.723274137784806,6.847989212385553
20.16811834843719,11.728871373922756,10.220068525487166
11.60738414194035,11.728871373922756,6.114441218570952
56.500242681013,11.728871373922756,6.41828026826228
56.500242681013,11.728871373922756,2.158269763048432
31.806871734554527,11.728871373922756,10.493790474926112
20.16811834843719,11.728871373922756,8.835727183261739
20.16811834843719,11.728871373922756,6.588458051642248
56.500242681013,11.728871373922756,2.158269763048432
56.500242681013,11.728871373922756,6.081496285940222
29.063534139898536,11.728871373922756,7.089968077060107
20.16811834843719,0.6170424609776379,0.092037337308872
31.880025971074954,11.728871373922756,7.123961579127158
56.500242681013,11.728871373922756,2.158269763048432
29.063534139898536,11.728871373922756,7.089968077060107
20.16811834843719,10.23857283851532,6.367331626116493
56.500242681013,69.86511491701135,4.601645483891238
56.500242681013,11.728871373922756,2.158269763048432
56.500242681013,21.26095691008804,6.253416138199308
20.16811834843719,8.376016526897262,5.130264763521151
20.16811834843719,16.723274137784806,6.847989212385553
20.16811834843719,27.476031430744204,4.633222754944622
20.16811834843719,17.68309206453179,7.048020765004568
56.500242681013,10.197129127780993,5.8530589357717036
29.063534139898536,11.728871373922756,7.089968077060107
29.063534139898536,11.728871373922756,4.889808348067846
20.16811834843719,17.29871996066143,6.941468928271221
29.063534139898536,11.728871373922756,7.089968077060107
29.063534139898536,11.728871373922756,7.089968077060107
18.161113243674322,11.728871373922756,5.663186766807495
56.500242681013,43.652315164507264,8.44375518219277
20.16811834843719,43.652315164507264,4.743677860510477
20.16811834843719,11.728871373922756,6.037151169267997
3.9534666317194045,11.728871373922756,3.3692565886503143
20.16811834843719,5.569465489738748,6.588458051642248
29.063534139898536,11.728871373922756,7.089968077060107
20.16811834843719,63.15888152853984,1.8054209033526958
20.16811834843719,10.197129127780993,8.936551179561892
20.16811834843719,17.68309206453179,6.929194060129183
20.16811834843719,10.23857283851532,6.367331626116493
56.500242681013,69.86511491701135,4.601645483891238
20.16811834843719,11.728871373922756,6.037151169267997
56.500242681013,11.728871373922756,2.158269763048432
29.063534139898536,11.728871373922756,7.089968077060107
56.500242681013,11.728871373922756,6.081496285940222
56.500242681013,43.652315164507264,7.7884426111234895
56.500242681013,1.2394305678703645,2.020274990586178
56.500242681013,43.652315164507264,8.44375518219277
39.72915496712795,27.476031430744204,9.401653835416615
56.500242681013,11.728871373922756,6.41828026826228
20.16811834843719,16.723274137784806,6.847989212385553
56.500242681013,11.728871373922756,6.41828026826228
20.16811834843719,11.728871373922756,6.037151169267997
20.16811834843719,10.197129127780993,8.936551179561892
41.59601501156928,11.728871373922756,6.259412915570963
39.72915496712795,27.476031430744204,9.401653835416615
23.031402516339973,17.68309206453179,6.833681582430287
20.16811834843719,17.68309206453179,6.833681582430287
20.16811834843719,43.652315164507264,4.743677860510477
20.16811834843719,11.728871373922756,6.037151169267997
29.063534139898536,11.728871373922756,7.089968077060107
41.59601501156928,11.728871373922756,6.259412915570963
20.16811834843719,11.728871373922756,6.037151169267997
20.16811834843719,11.728871373922756,10.220068525487166
37.24948021699696,17.68309206453179,7.324673940336313
20.16811834843719,17.68309206453179,6.833681582430287
20.16811834843719,17.68309206453179,6.833681582430287
20.16811834843719,17.68309206453179,6.929194060129183
20.16811834843719,27.476031430744204,4.633222754944622
35.03959199379409,30.016339044332355,7.105850695431657
20.16811834843719,11.728871373922756,6.037151169267997
24.339082112690896,11.728871373922756,6.7721698394103225
56.500242681013,21.26095691008804,6.253416138199308
37.24948021699696,17.68309206453179,7.324673940336313
20.16811834843719,11.728871373922756,6.037151169267997
56.500242681013,1.2394305678703645,2.020274990586178
20.16811834843719,16.723274137784806,6.847989212385553
3.9534666317194045,28.966472025227155,0.5351521504710832
20.16811834843719,44.318354867529735,4.672224479871219
56.500242681013,11.728871373922756,6.41828026826228
0.06912546088505422,17.68309206453179,7.102032513253473
20.16811834843719,11.728871373922756,8.835727183261739
20.16811834843719,10.197129127780993,7.805421318454461
56.500242681013,69.86511491701135,4.601645483891238
20.16811834843719,20.943250141438668,5.516490339306439
56.500242681013,21.26095691008804,6.253416138199308
3.9534666317194045,28.966472025227155,0.5351521504710832
29.063534139898536,11.728871373922756,7.089968077060107
20.16811834843719,8.376016526897262,5.130264763521151
37.24948021699696,17.68309206453179,7.324673940336313
20.16811834843719,0.6170424609776379,0.092037337308872
20.16811834843719,11.728871373922756,8.835727183261739
41.59601501156928,11.728871373922756,6.259412915570963
20.16811834843719,17.68309206453179,7.048020765004568
18.161113243674322,11.728871373922756,5.663186766807495
39.72915496712795,27.476031430744204,9.401653835416615
20.16811834843719,5.569465489738748,6.588458051642248
20.16811834843719,21.510218384665272,5.855149841873089
39.72915496712795,27.476031430744204,9.401653835416615
18.161113243674322,11.728871373922756,5.663186766807495
31.806871734554527,11.728871373922756,10.493790474926112
56.500242681013,1.2394305678703645,2.020274990586178
41.59601501156928,11.728871373922756,6.259412915570963
20.16811834843719,11.728871373922756,6.037151169267997
3.9534666317194045,28.966472025227155,0.5351521504710832
20.16811834843719,11.728871373922756,6.037151169267997
20.16811834843719,11.728871373922756,6.037151169267997
31.880025971074954,11.728871373922756,7.123961579127158
56.500242681013,11.728871373922756,6.081496285940222
56.500242681013,10.197129127780993,5.8530589357717036
35.03959199379409,30.016339044332355,7.105850695431657
20.16811834843719,17.29871996066143,6.941468928271221
20.16811834843719,11.728871373922756,10.220068525487166
3.9534666317194045,17.68309206453179,1.464994846657911
20.16811834843719,6.153653617193485,5.282796700298106
20.16811834843719,11.728871373922756,6.037151169267997
3.9534666317194045,28.966472025227155,0.5351521504710832
20.16811834843719,20.103702962470244,5.9469533340841805
20.16811834843719,11.728871373922756,6.037151169267997
35.03959199379409,30.016339044332355,7.105850695431657
29.063534139898536,2.116451297821124,5.11536047483189
11.60738414194035,11.728871373922756,6.114441218570952
20.16811834843719,11.728871373922756,3.999202899479149
41.59601501156928,11.728871373922756,6.259412915570963
20.16811834843719,5.569465489738748,6.588458051642248
56.500242681013,69.86511491701135,4.601645483891238
39.72915496712795,27.476031430744204,9.401653835416615
3.9534666317194045,28.966472025227155,0.5351521504710832
59.47432690578385,11.728871373922756,2.158269763048432
56.500242681013,11.728871373922756,6.41828026826228
20.16811834843719,5.569465489738748,6.588458051642248
3.9534666317194045,11.728871373922756,1.9064845959343621
20.16811834843719,10.197129127780993,7.805421318454461
39.72915496712795,27.476031430744204,9.401653835416615
20.16811834843719,10.197129127780993,7.805421318454461
56.500242681013,11.728871373922756,6.41828026826228
3.9534666317194045,30.051899751434128,0.7449368183713666
56.500242681013,11.728871373922756,6.41828026826228
20.16811834843719,16.723274137784806,6.847989212385553
24.339082112690896,11.728871373922756,6.7721698394103225
20.16811834843719,5.569465489738748,6.588458051642248
18.161113243674322,11.728871373922756,5.663186766807495
18.161113243674322,11.728871373922756,5.663186766807495
20.16811834843719,20.103702962470244,5.9469533340841805
20.16811834843719,11.728871373922756,6.037151169267997
29.063534139898536,11.728871373922756,7.089968077060107
20.16811834843719,17.68309206453179,7.048020765004568
20.16811834843719,11.728871373922756,6.037151169267997
56.500242681013,11.728871373922756,6.081496285940222
9.953831957794117,17.68309206453179,3.4883756539509325
20.16811834843719,17.29871996066143,6.941468928271221
20.16811834843719,43.652315164507264,4.743677860510477
20.16811834843719,11.728871373922756,6.037151169267997
11.60738414194035,11.728871373922756,6.114441218570952
20.16811834843719,10.197129127780993,7.805421318454461
56.500242681013,11.728871373922756,6.41828026826228
29.063534139898536,11.728871373922756,7.089968077060107
56.500242681013,11.728871373922756,6.41828026826228
3.9534666317194045,11.728871373922756,3.6160975491674203
30.84185492264919,8.40147991665134,7.136539405430659
20.16811834843719,10.23857283851532,6.367331626116493
56.500242681013,11.728871373922756,2.158269763048432
20.16811834843719,10.23857283851532,6.367331626116493
29.063534139898536,11.728871373922756,7.089968077060107
20.16811834843719,11.728871373922756,6.037151169267997
59.47432690578385,11.728871373922756,2.158269763048432
20.16811834843719,11.728871373922756,6.037151169267997
20.16811834843719,11.728871373922756,8.835727183261739
20.16811834843719,11.728871373922756,6.037151169267997
20.16811834843719,10.197129127780993,8.936551179561892
20.16811834843719,44.318354867529735,4.672224479871219
20.16811834843719,0.0989789680860369,6.145468099619868
31.806871734554527,11.728871373922756,10.493790474926112
56.500242681013,11.728871373922756,6.081496285940222
41.59601501156928,11.728871373922756,6.259412915570963
23.031402516339973,17.68309206453179,6.833681582430287
29.063534139898536,11.728871373922756,4.889808348067846
20.16811834843719,11.728871373922756,6.588458051642248
20.16811834843719,11.728871373922756,6.037151169267997
20.16811834843719,11.728871373922756,6.037151169267997
11.60738414194035,11.728871373922756,6.114441218570952
20.16811834843719,6.153653617193485,5.282796700298106
20.16811834843719,11.728871373922756,6.037151169267997
20.16811834843719,0.6170424609776379,0.092037337308872
20.16811834843719,11.728871373922756,8.835727183261739
20.16811834843719,11.728871373922756,3.999202899479149
20.16811834843719,11.728871373922756,6.037151169267997
29.063534139898536,2.116451297821124,5.11536047483189
29.063534139898536,11.728871373922756,7.089968077060107
20.16811834843719,11.728871373922756,6.037151169267997
39.72915496712795,27.476031430744204,9.401653835416615
20.16811834843719,0.0989789680860369,6.145468099619868
20.16811834843719,20.943250141438668,5.516490339306439
20.16811834843719,43.652315164507264,4.743677860510477
20.16811834843719,63.15888152853984,1.8054209033526958
20.16811834843719,11.728871373922756,6.588458051642248
20.16811834843719,10.197129127780993,7.805421318454461
18.161113243674322,11.728871373922756,5.663186766807495
20.16811834843719,11.728871373922756,6.037151169267997
20.16811834843719,17.68309206453179,7.385869970182382
20.16811834843719,11.728871373922756,6.037151169267997
39.72915496712795,27.476031430744204,9.401653835416615
56.500242681013,21.26095691008804,6.253416138199308
20.16811834843719,27.476031430744204,4.633222754944622
24.339082112690896,11.728871373922756,6.7721698394103225
3.9534666317194045,30.051899751434128,0.7449368183713666
56.500242681013,69.86511491701135,4.601645483891238
20.16811834843719,11.728871373922756,6.037151169267997
56.500242681013,1.2394305678703645,2.020274990586178
39.72915496712795,27.476031430744204,9.401653835416615
20.16811834843719,0.0989789680860369,6.145468099619868
23.031402516339973,17.68309206453179,6.833681582430287
11.60738414194035,11.728871373922756,6.114441218570952
56.500242681013,43.652315164507264,7.7884426111234895
20.16811834843719,11.728871373922756,8.835727183261739
20.16811834843719,20.943250141438668,5.516490339306439
56.500242681013,11.728871373922756,6.41828026826228
20.16811834843719,11.728871373922756,6.037151169267997
3.9534666317194045,30.051899751434128,0.7449368183713666
29.063534139898536,11.728871373922756,7.089968077060107
20.16811834843719,43.652315164507264,4.743677860510477
30.84185492264919,8.40147991665134,7.136539405430659
24.339082112690896,11.728871373922756,6.7721698394103225
41.59601501156928,11.728871373922756,6.259412915570963
20.16811834843719,11.728871373922756,6.037151169267997
20.16811834843719,11.728871373922756,6.037151169267997
20.16811834843719,20.943250141438668,5.516490339306439
20.16811834843719,21.510218384665272,5.855149841873089
20.16811834843719,17.68309206453179,7.048020765004568
31.806871734554527,11.728871373922756,10.493790474926112
29.063534139898536,11.728871373922756,7.089968077060107
20.16811834843719,20.943250141438668,5.516490339306439
20.16811834843719,11.728871373922756,10.555678069719082
20.16811834843719,8.376016526897262,5.130264763521151
3.9534666317194045,17.68309206453179,1.464994846657911
59.47432690578385,11.728871373922756,2.158269763048432
20.16811834843719,43.652315164507264,4.743677860510477
20.16811834843719,11.728871373922756,6.588458051642248
20.16811834843719,27.476031430744204,4.633222754944622
56.500242681013,11.728871373922756,6.41828026826228
3.9534666317194045,30.051899751434128,0.7449368183713666
11.60738414194035,11.728871373922756,6.114441218570952
20.16811834843719,20.103702962470244,5.9469533340841805
20.16811834843719,11.728871373922756,6.037151169267997
39.72915496712795,27.476031430744204,9.401653835416615
20.16811834843719,11.728871373922756,6.037151169267997
20.16811834843719,17.68309206453179,6.833681582430287
20.16811834843719,17.68309206453179,6.929194060129183
29.063534139898536,11.728871373922756,7.089968077060107
20.16811834843719,10.197129127780993,8.936551179561892
20.16811834843719,11.728871373922756,6.037151169267997
3.9534666317194045,30.051899751434128,0.7449368183713666
56.500242681013,11.728871373922756,6.41828026826228
18.161113243674322,11.728871373922756,5.663186766807495
20.16811834843719,11.728871373922756,6.037151169267997
20.16811834843719,11.728871373922756,6.588458051642248
20.16811834843719,17.68309206453179,7.385869970182382
56.500242681013,11.728871373922756,6.41828026826228
56.500242681013,11.728871373922756,6.41828026826228
20.16811834843719,11.728871373922756,6.037151169267997
29.063534139898536,11.728871373922756,7.089968077060107
56.500242681013,11.728871373922756,6.41828026826228
20.16811834843719,11.728871373922756,6.037151169267997
20.16811834843719,11.728871373922756,6.037151169267997
20.16811834843719,11.728871373922756,6.037151169267997
29.063534139898536,11.728871373922756,7.089968077060107
56.500242681013,11.728871373922756,6.081496285940222
9.953831957794117,17.68309206453179,3.4883756539509325
20.16811834843719,11.728871373922756,6.037151169267997
20.16811834843719,11.728871373922756,6.037151169267997
3.9534666317194045,11.728871373922756,3.3692565886503143
29.063534139898536,11.728871373922756,7.089968077060107
6.7945663237105,11.728871373922756,3.3451324653264427
20.16811834843719,43.652315164507264,4.743677860510477
6.7945663237105,11.728871373922756,3.3451324653264427
20.16811834843719,20.943250141438668,5.516490339306439
56.500242681013,43.652315164507264,7.7884426111234895
29.063534139898536,11.728871373922756,7.089968077060107
56.500242681013,21.26095691008804,6.253416138199308
20.16811834843719,44.318354867529735,4.672224479871219
20.16811834843719,23.596192837839986,5.231485417038293
20.16811834843719,11.728871373922756,6.588458051642248
29.063534139898536,2.116451297821124,5.11536047483189
20.16811834843719,20.103702962470244,5.9469533340841805
24.339082112690896,11.728871373922756,6.7721698394103225
20.16811834843719,0.6170424609776379,0.092037337308872
20.16811834843719,11.728871373922756,6.037151169267997
20.16811834843719,11.728871373922756,6.588458051642248
20.16811834843719,11.728871373922756,3.999202899479149
20.16811834843719,11.728871373922756,6.037151169267997
20.16811834843719,6.153653617193485,5.282796700298106
20.16811834843719,27.476031430744204,4.633222754944622
6.600588089067806,40.0590635308252,1.0327945278635382
20.16811834843719,63.15888152853984,1.8054209033526958
6.7945663237105,11.728871373922756,3.3451324653264427
20.16811834843719,11.728871373922756,6.037151169267997
29.063534139898536,11.728871373922756,7.089968077060107
20.16811834843719,11.728871373922756,6.037151169267997
20.16811834843719,17.68309206453179,7.048020765004568
3.9534666317194045,11.728871373922756,3.6160975491674203
56.500242681013,11.728871373922756,6.41828026826228
20.16811834843719,44.318354867529735,4.672224479871219
20.16811834843719,17.29871996066143,6.941468928271221
20.16811834843719,17.68309206453179,6.929194060129183
20.16811834843719,0.6170424609776379,0.092037337308872
20.16811834843719,10.197129127780993,8.936551179561892
20.16811834843719,11.728871373922756,6.037151169267997
20.16811834843719,17.68309206453179,6.929194060129183
11.60738414194035,11.728871373922756,6.114441218570952
20.16811834843719,11.728871373922756,10.555678069719082
29.063534139898536,11.728871373922756,7.089968077060107
20.16811834843719,11.728871373922756,8.835727183261739
20.16811834843719,11.728871373922756,6.037151169267997
29.063534139898536,11.728871373922756,7.089968077060107
29.063534139898536,11.728871373922756,7.089968077060107
20.16811834843719,11.728871373922756,6.037151169267997
20.16811834843719,43.652315164507264,4.743677860510477
20.16811834843719,0.6170424609776379,0.092037337308872
20.16811834843719,11.728871373922756,6.037151169267997
20.16811834843719,11.728871373922756,6.037151169267997
56.500242681013,43.652315164507264,7.7884426111234895
20.16811834843719,11.728871373922756,6.037151169267997
20.16811834843719,11.728871373922756,6.037151169267997
20.16811834843719,11.728871373922756,6.037151169267997
20.16811834843719,10.197129127780993,7.805421318454461
56.500242681013,11.728871373922756,6.41828026826228
31.880025971074954,11.728871373922756,7.123961579127158
20.16811834843719,11.728871373922756,6.037151169267997
20.16811834843719,44.318354867529735,4.672224479871219
0.06912546088505422,17.68309206453179,7.102032513253473
20.16811834843719,11.728871373922756,10.555678069719082
20.16811834843719,10.197129127780993,7.805421318454461
20.16811834843719,0.6170424609776379,0.092037337308872
20.16811834843719,11.728871373922756,6.037151169267997
20.16811834843719,11.728871373922756,8.835727183261739
20.16811834843719,11.728871373922756,6.037151169267997
11.60738414194035,11.728871373922756,6.114441218570952
29.063534139898536,11.728871373922756,7.089968077060107
3.9534666317194045,11.728871373922756,3.3692565886503143
20.16811834843719,11.728871373922756,6.037151169267997
3.9534666317194045,11.728871373922756,3.6160975491674203
3.9534666317194045,11.728871373922756,3.6160975491674203
20.16811834843719,16.723274137784806,6.847989212385553
20.16811834843719,17.29871996066143,6.941468928271221
0.06912546088505422,17.68309206453179,7.102032513253473
20.16811834843719,8.376016526897262,5.130264763521151
56.500242681013,11.728871373922756,2.158269763048432
20.16811834843719,1.8778049558775791,6.833681582430287
20.16811834843719,63.15888152853984,1.8054209033526958
29.063534139898536,11.728871373922756,7.089968077060107
20.16811834843719,10.23857283851532,6.367331626116493
37.24948021699696,17.68309206453179,7.324673940336313
56.500242681013,11.728871373922756,6.081496285940222
20.16811834843719,11.728871373922756,6.037151169267997
9.953831957794117,17.68309206453179,3.4883756539509325
20.16811834843719,43.652315164507264,4.743677860510477
56.500242681013,11.728871373922756,6.41828026826228
20.16811834843719,17.68309206453179,7.048020765004568
20.16811834843719,44.318354867529735,4.672224479871219
3.9534666317194045,11.728871373922756,1.9064845959343621
3.9534666317194045,30.051899751434128,0.7449368183713666
29.063534139898536,11.728871373922756,7.089968077060107
3.9534666317194045,11.728871373922756,1.9064845959343621
6.600588089067806,40.0590635308252,1.0327945278635382
20.16811834843719,43.652315164507264,4.743677860510477
20.16811834843719,43.652315164507264,4.743677860510477
29.063534139898536,2.116451297821124,5.11536047483189
29.063534139898536,11.728871373922756,7.089968077060107
3.9534666317194045,28.966472025227155,0.5351521504710832
56.500242681013,11.728871373922756,2.158269763048432
18.161113243674322,11.728871373922756,5.663186766807495
24.339082112690896,11.728871373922756,6.7721698394103225
20.16811834843719,10.23857283851532,6.367331626116493
20.16811834843719,1.8778049558775791,6.833681582430287
20.16811834843719,20.103702962470244,5.9469533340841805
20.16811834843719,11.728871373922756,6.037151169267997
20.16811834843719,43.652315164507264,4.743677860510477
56.500242681013,10.197129127780993,5.8530589357717036
56.500242681013,11.728871373922756,6.081496285940222
20.16811834843719,11.728871373922756,6.037151169267997
20.16811834843719,17.68309206453179,7.385869970182382
20.16811834843719,11.728871373922756,8.835727183261739
20.16811834843719,11.728871373922756,10.220068525487166
56.500242681013,69.86511491701135,4.601645483891238
20.16811834843719,0.0989789680860369,6.145468099619868
20.16811834843719,10.197129127780993,8.936551179561892
20.16811834843719,44.318354867529735,4.672224479871219
20.16811834843719,20.943250141438668,5.516490339306439
37.24948021699696,17.68309206453179,7.324673940336313
20.16811834843719,11.728871373922756,6.037151169267997
20.16811834843719,10.23857283851532,6.367331626116493
3.9534666317194045,17.68309206453179,1.464994846657911
20.16811834843719,10.23857283851532,6.367331626116493
20.16811834843719,11.728871373922756,6.037151169267997
29.063534139898536,11.728871373922756,7.089968077060107
3.9534666317194045,30.051899751434128,0.7449368183713666
3.9534666317194045,11.728871373922756,3.3692565886503143
29.063534139898536,11.728871373922756,7.089968077060107
20.16811834843719,21.510218384665272,5.855149841873089
20.16811834843719,11.728871373922756,3.999202899479149
20.16811834843719,0.6170424609776379,0.092037337308872
3.9534666317194045,30.051899751434128,0.7449368183713666
20.16811834843719,11.728871373922756,6.037151169267997
20.16811834843719,11.728871373922756,6.037151169267997
20.16811834843719,11.728871373922756,6.037151169267997
20.16811834843719,5.569465489738748,6.588458051642248
3.9534666317194045,17.68309206453179,1.464994846657911
20.16811834843719,27.476031430744204,4.633222754944622
29.063534139898536,2.116451297821124,5.11536047483189
41.59601501156928,11.728871373922756,6.259412915570963
3.9534666317194045,11.728871373922756,3.3692565886503143
20.16811834843719,11.728871373922756,6.037151169267997
20.16811834843719,11.728871373922756,6.037151169267997
3.9534666317194045,28.966472025227155,0.5351521504710832
20.16811834843719,43.652315164507264,4.743677860510477
20.16811834843719,0.6170424609776379,0.092037337308872
41.59601501156928,11.728871373922756,6.259412915570963
3.9534666317194045,28.966472025227155,0.5351521504710832
20.16811834843719,11.728871373922756,6.037151169267997
20.16811834843719,0.6170424609776379,0.092037337308872
56.500242681013,43.652315164507264,8.44375518219277
20.16811834843719,10.197129127780993,7.805421318454461
56.500242681013,1.2394305678703645,2.020274990586178
56.500242681013,11.728871373922756,2.158269763048432
0.06912546088505422,17.68309206453179,7.102032513253473
31.880025971074954,11.728871373922756,7.123961579127158
20.16811834843719,11.728871373922756,8.835727183261739
20.16811834843719,17.68309206453179,6.929194060129183
20.16811834843719,43.652315164507264,4.743677860510477
56.500242681013,43.652315164507264,7.7884426111234895
20.16811834843719,17.68309206453179,6.929194060129183
3.9534666317194045,11.728871373922756,3.6160975491674203
20.16811834843719,17.68309206453179,7.385869970182382
3.9534666317194045,11.728871373922756,1.9064845959343621
59.47432690578385,11.728871373922756,2.158269763048432
3.9534666317194045,11.728871373922756,3.6160975491674203
20.16811834843719,44.318354867529735,4.672224479871219
11.60738414194035,11.728871373922756,6.114441218570952
20.16811834843719,11.728871373922756,6.037151169267997
3.9534666317194045,30.051899751434128,0.7449368183713666
20.16811834843719,44.318354867529735,4.672224479871219
20.16811834843719,17.29871996066143,6.941468928271221
20.16811834843719,5.569465489738748,6.588458051642248
56.500242681013,21.26095691008804,6.253416138199308
29.063534139898536,11.728871373922756,7.089968077060107
20.16811834843719,23.596192837839986,5.231485417038293
20.16811834843719,11.728871373922756,6.037151169267997
3.9534666317194045,28.966472025227155,0.5351521504710832
20.16811834843719,1.8778049558775791,6.833681582430287
3.9534666317194045,11.728871373922756,3.3692565886503143
20.16811834843719,8.376016526897262,5.130264763521151
3.9534666317194045,30.051899751434128,0.7449368183713666
20.16811834843719,63.15888152853984,1.8054209033526958
3.9534666317194045,17.68309206453179,1.464994846657911
29.063534139898536,11.728871373922756,7.089968077060107
20.16811834843719,11.728871373922756,6.037151169267997
29.063534139898536,11.728871373922756,7.089968077060107
35.03959199379409,30.016339044332355,7.105850695431657
30.84185492264919,8.40147991665134,7.136539405430659
20.16811834843719,5.569465489738748,6.588458051642248
56.500242681013,11.728871373922756,2.158269763048432
20.16811834843719,11.728871373922756,6.037151169267997
20.16811834843719,11.728871373922756,8.835727183261739
20.16811834843719,23.596192837839986,5.231485417038293
20.16811834843719,44.318354867529735,4.672224479871219
20.16811834843719,10.197129127780993,7.805421318454461
20.16811834843719,17.68309206453179,6.929194060129183
20.16811834843719,11.728871373922756,6.037151169267997
20.16811834843719,11.728871373922756,6.037151169267997
56.500242681013,1.2394305678703645,2.020274990586178
3.9534666317194045,11.728871373922756,3.6160975491674203
20.16811834843719,10.23857283851532,6.367331626116493
29.063534139898536,11.728871373922756,7.089968077060107
56.500242681013,43.652315164507264,7.7884426111234895
20.16811834843719,11.728871373922756,6.037151169267997
31.880025971074954,11.728871373922756,7.123961579127158
20.16811834843719,11.728871373922756,6.037151169267997
20.16811834843719,23.596192837839986,5.231485417038293
20.16811834843719,11.728871373922756,6.037151169267997
18.161113243674322,11.728871373922756,5.663186766807495
20.16811834843719,11.728871373922756,3.999202899479149
20.16811834843719,11.728871373922756,6.588458051642248
3.9534666317194045,28.966472025227155,0.5351521504710832
20.16811834843719,11.728871373922756,6.037151169267997
29.063534139898536,11.728871373922756,7.089968077060107
20.16811834843719,17.68309206453179,6.929194060129183
20.16811834843719,1.8778049558775791,6.833681582430287
29.063534139898536,11.728871373922756,7.089968077060107
20.16811834843719,21.510218384665272,5.855149841873089
20.16811834843719,11.728871373922756,10.555678069719082
20.16811834843719,11.728871373922756,8.835727183261739
56.500242681013,11.728871373922756,2.158269763048432
20.16811834843719,1.8778049558775791,6.833681582430287
20.16811834843719,11.728871373922756,6.037151169267997
20.16811834843719,16.723274137784806,6.847989212385553
20.16811834843719,11.728871373922756,6.037151169267997
20.16811834843719,11.728871373922756,10.220068525487166
20.16811834843719,43.652315164507264,4.743677860510477
20.16811834843719,16.723274137784806,6.847989212385553
20.16811834843719,63.15888152853984,1.8054209033526958
20.16811834843719,43.652315164507264,4.743677860510477
3.9534666317194045,11.728871373922756,3.6160975491674203
56.500242681013,11.728871373922756,2.158269763048432
23.031402516339973,17.68309206453179,6.833681582430287
20.16811834843719,11.728871373922756,6.037151169267997
56.500242681013,11.728871373922756,2.158269763048432
29.063534139898536,11.728871373922756,7.089968077060107
3.9534666317194045,30.051899751434128,0.7449368183713666
37.24948021699696,17.68309206453179,7.324673940336313
20.16811834843719,43.652315164507264,4.743677860510477
20.16811834843719,17.68309206453179,6.929194060129183
39.72915496712795,27.476031430744204,9.401653835416615
20.16811834843719,11.728871373922756,6.037151169267997
56.500242681013,11.728871373922756,6.41828026826228
29.063534139898536,11.728871373922756,7.089968077060107
20.16811834843719,17.68309206453179,7.385869970182382
20.16811834843719,17.68309206453179,7.385869970182382
20.16811834843719,44.318354867529735,4.672224479871219
3.9534666317194045,17.68309206453179,1.464994846657911
29.063534139898536,2.116451297821124,5.11536047483189
37.24948021699696,17.68309206453179,7.324673940336313
6.600588089067806,40.0590635308252,1.0327945278635382
20.16811834843719,0.6170424609776379,0.092037337308872
56.500242681013,69.86511491701135,4.601645483891238
29.063534139898536,11.728871373922756,7.089968077060107
20.16811834843719,11.728871373922756,6.588458051642248
29.063534139898536,11.728871373922756,7.089968077060107
20.16811834843719,11.728871373922756,6.037151169267997
20.16811834843719,23.596192837839986,5.231485417038293
31.806871734554527,11.728871373922756,10.493790474926112
3.9534666317194045,28.966472025227155,0.5351521504710832
3.9534666317194045,11.728871373922756,1.9064845959343621
29.063534139898536,11.728871373922756,7.089968077060107
29.063534139898536,11.728871373922756,7.089968077060107
3.9534666317194045,30.051899751434128,0.7449368183713666
29.063534139898536,11.728871373922756,7.089968077060107
56.500242681013,10.197129127780993,5.8530589357717036
20.16811834843719,17.29871996066143,6.941468928271221
20.16811834843719,11.728871373922756,6.037151169267997
56.500242681013,1.2394305678703645,2.020274990586178
56.500242681013,21.26095691008804,6.253416138199308
20.16811834843719,11.728871373922756,6.037151169267997
41.59601501156928,11.728871373922756,6.259412915570963
39.72915496712795,27.476031430744204,9.401653835416615
20.16811834843719,11.728871373922756,6.037151169267997
20.16811834843719,11.728871373922756,6.037151169267997
20.16811834843719,8.376016526897262,5.130264763521151
20.16811834843719,11.728871373922756,10.220068525487166
23.031402516339973,17.68309206453179,6.833681582430287
56.500242681013,43.652315164507264,7.7884426111234895
20.16811834843719,1.8778049558775791,6.833681582430287
20.16811834843719,0.0989789680860369,6.145468099619868
9.953831957794117,17.68309206453179,3.4883756539509325
56.500242681013,43.652315164507264,7.7884426111234895
20.16811834843719,5.569465489738748,6.588458051642248
56.500242681013,1.2394305678703645,2.020274990586178
20.16811834843719,11.728871373922756,6.588458051642248
20.16811834843719,11.728871373922756,6.037151169267997
56.500242681013,43.652315164507264,7.7884426111234895
56.500242681013,21.26095691008804,6.253416138199308
56.500242681013,69.86511491701135,4.601645483891238
20.16811834843719,17.68309206453179,6.929194060129183
20.16811834843719,11.728871373922756,10.555678069719082
20.16811834843719,20.103702962470244,5.9469533340841805
20.16811834843719,10.197129127780993,8.936551179561892
20.16811834843719,11.728871373922756,6.037151169267997
20.16811834843719,8.376016526897262,5.130264763521151
20.16811834843719,11.728871373922756,10.220068525487166
20.16811834843719,11.728871373922756,3.999202899479149
20.16811834843719,17.68309206453179,6.929194060129183
20.16811834843719,17.68309206453179,7.385869970182382
29.063534139898536,11.728871373922756,7.089968077060107
18.161113243674322,11.728871373922756,5.663186766807495
20.16811834843719,44.318354867529735,4.672224479871219
20.16811834843719,11.728871373922756,10.555678069719082
3.9534666317194045,28.966472025227155,0.5351521504710832
35.03959199379409,30.016339044332355,7.105850695431657
20.16811834843719,17.68309206453179,6.833681582430287
20.16811834843719,11.728871373922756,6.037151169267997
20.16811834843719,10.197129127780993,7.805421318454461
20.16811834843719,63.15888152853984,1.8054209033526958
56.500242681013,11.728871373922756,6.41828026826228
3.9534666317194045,11.728871373922756,3.6160975491674203
37.24948021699696,17.68309206453179,7.324673940336313
20.16811834843719,11.728871373922756,6.037151169267997
56.500242681013,11.728871373922756,2.158269763048432
20.16811834843719,17.68309206453179,6.929194060129183
20.16811834843719,43.652315164507264,4.743677860510477
20.16811834843719,11.728871373922756,3.999202899479149
56.500242681013,11.728871373922756,2.158269763048432
20.16811834843719,23.596192837839986,5.231485417038293
30.84185492264919,8.40147991665134,7.136539405430659
29.063534139898536,11.728871373922756,7.089968077060107
3.9534666317194045,11.728871373922756,1.9064845959343621
30.84185492264919,8.40147991665134,7.136539405430659
3.9534666317194045,30.051899751434128,0.7449368183713666
20.16811834843719,17.29871996066143,6.941468928271221
20.16811834843719,11.728871373922756,3.999202899479149
29.063534139898536,11.728871373922756,7.089968077060107
29.063534139898536,11.728871373922756,7.089968077060107
20.16811834843719,11.728871373922756,6.037151169267997
56.500242681013,11.728871373922756,6.41828026826228
56.500242681013,11.728871373922756,6.41828026826228
11.60738414194035,11.728871373922756,6.114441218570952
29.063534139898536,11.728871373922756,4.889808348067846
20.16811834843719,43.652315164507264,4.743677860510477
20.16811834843719,5.569465489738748,6.588458051642248
20.16811834843719,11.728871373922756,6.037151169267997
56.500242681013,11.728871373922756,6.41828026826228
59.47432690578385,11.728871373922756,2.158269763048432
20.16811834843719,11.728871373922756,8.835727183261739
24.339082112690896,11.728871373922756,6.7721698394103225
20.16811834843719,11.728871373922756,6.037151169267997
20.16811834843719,11.728871373922756,10.220068525487166
20.16811834843719,11.728871373922756,6.037151169267997
24.339082112690896,11.728871373922756,6.7721698394103225
39.72915496712795,27.476031430744204,9.401653835416615
35.03959199379409,30.016339044332355,7.105850695431657
20.16811834843719,11.728871373922756,10.555678069719082
20.16811834843719,11.728871373922756,10.555678069719082
3.9534666317194045,11.728871373922756,3.3692565886503143
31.880025971074954,11.728871373922756,7.123961579127158
56.500242681013,69.86511491701135,4.601645483891238
56.500242681013,11.728871373922756,2.158269763048432
20.16811834843719,10.197129127780993,7.805421318454461
20.16811834843719,17.68309206453179,7.385869970182382
20.16811834843719,17.68309206453179,7.385869970182382
20.16811834843719,17.68309206453179,7.048020765004568
29.063534139898536,11.728871373922756,7.089968077060107
20.16811834843719,11.728871373922756,6.037151169267997
56.500242681013,43.652315164507264,8.44375518219277
3.9534666317194045,28.966472025227155,0.5351521504710832
20.16811834843719,0.0989789680860369,6.145468099619868
31.806871734554527,11.728871373922756,10.493790474926112
20.16811834843719,11.728871373922756,6.037151169267997
3.9534666317194045,30.051899751434128,0.7449368183713666
20.16811834843719,11.728871373922756,6.037151169267997
20.16811834843719,11.728871373922756,6.037151169267997
56.500242681013,11.728871373922756,6.41828026826228
20.16811834843719,11.728871373922756,6.037151169267997
3.9534666317194045,30.051899751434128,0.7449368183713666
20.16811834843719,11.728871373922756,6.037151169267997
56.500242681013,43.652315164507264,8.44375518219277
29.063534139898536,2.116451297821124,5.11536047483189
56.500242681013,43.652315164507264,8.44375518219277
56.500242681013,11.728871373922756,6.41828026826228
20.16811834843719,11.728871373922756,6.037151169267997
56.500242681013,10.197129127780993,5.8530589357717036
30.84185492264919,8.40147991665134,7.136539405430659
3.9534666317194045,28.966472025227155,0.5351521504710832
20.16811834843719,16.723274137784806,6.847989212385553
39.72915496712795,27.476031430744204,9.401653835416615
56.500242681013,11.728871373922756,6.41828026826228
29.063534139898536,11.728871373922756,7.089968077060107
29.063534139898536,11.728871373922756,7.089968077060107
3.9534666317194045,17.68309206453179,1.464994846657911
3.9534666317194045,28.966472025227155,0.5351521504710832
6.600588089067806,40.0590635308252,1.0327945278635382
31.806871734554527,11.728871373922756,10.493790474926112
0.06912546088505422,17.68309206453179,7.102032513253473
20.16811834843719,11.728871373922756,6.037151169267997
56.500242681013,11.728871373922756,6.081496285940222
20.16811834843719,11.728871373922756,3.999202899479149
56.500242681013,1.2394305678703645,2.020274990586178
20.16811834843719,11.728871373922756,6.037151169267997
59.47432690578385,11.728871373922756,2.158269763048432
20.16811834843719,11.728871373922756,6.037151169267997
56.500242681013,11.728871373922756,2.158269763048432
20.16811834843719,43.652315164507264,4.743677860510477
20.16811834843719,20.943250141438668,5.516490339306439
6.7945663237105,11.728871373922756,3.3451324653264427
29.063534139898536,11.728871373922756,7.089968077060107
0.06912546088505422,17.68309206453179,7.102032513253473
20.16811834843719,44.318354867529735,4.672224479871219
20.16811834843719,27.476031430744204,4.633222754944622
20.16811834843719,17.29871996066143,6.941468928271221
20.16811834843719,10.23857283851532,6.367331626116493
20.16811834843719,21.510218384665272,5.855149841873089
20.16811834843719,11.728871373922756,6.037151169267997
20.16811834843719,11.728871373922756,6.037151169267997
20.16811834843719,10.197129127780993,7.805421318454461
56.500242681013,1.2394305678703645,2.020274990586178
20.16811834843719,11.728871373922756,6.037151169267997
20.16811834843719,20.103702962470244,5.9469533340841805
20.16811834843719,11.728871373922756,6.037151169267997
37.24948021699696,17.68309206453179,7.324673940336313
20.16811834843719,11.728871373922756,8.835727183261739
29.063534139898536,11.728871373922756,7.089968077060107
3.9534666317194045,11.728871373922756,3.3692565886503143
20.16811834843719,10.197129127780993,7.805421318454461
20.16811834843719,43.652315164507264,4.743677860510477
41.59601501156928,11.728871373922756,6.259412915570963
29.063534139898536,11.728871373922756,7.089968077060107
6.7945663237105,11.728871373922756,3.3451324653264427
31.880025971074954,11.728871373922756,7.123961579127158
35.03959199379409,30.016339044332355,7.105850695431657
20.16811834843719,27.476031430744204,4.633222754944622
20.16811834843719,21.510218384665272,5.855149841873089
29.063534139898536,2.116451297821124,5.11536047483189
20.16811834843719,44.318354867529735,4.672224479871219
20.16811834843719,17.29871996066143,6.941468928271221
3.9534666317194045,11.728871373922756,3.6160975491674203
29.063534139898536,11.728871373922756,7.089968077060107
20.16811834843719,0.0989789680860369,6.145468099619868
18.161113243674322,11.728871373922756,5.663186766807495
3.9534666317194045,30.051899751434128,0.7449368183713666
20.16811834843719,11.728871373922756,10.220068525487166
56.500242681013,11.728871373922756,6.081496285940222
30.84185492264919,8.40147991665134,7.136539405430659
20.16811834843719,11.728871373922756,6.037151169267997
31.806871734554527,11.728871373922756,10.493790474926112
6.600588089067806,40.0590635308252,1.0327945278635382
3.9534666317194045,28.966472025227155,0.5351521504710832
11.60738414194035,11.728871373922756,6.114441218570952
6.600588089067806,40.0590635308252,1.0327945278635382
31.880025971074954,11.728871373922756,7.123961579127158
3.9534666317194045,11.728871373922756,3.3692565886503143
18.161113243674322,11.728871373922756,5.663186766807495
56.500242681013,11.728871373922756,6.41828026826228
56.500242681013,43.652315164507264,7.7884426111234895
3.9534666317194045,30.051899751434128,0.7449368183713666
20.16811834843719,43.652315164507264,4.743677860510477
56.500242681013,69.86511491701135,4.601645483891238
39.72915496712795,27.476031430744204,9.401653835416615
20.16811834843719,11.728871373922756,6.588458051642248
23.031402516339973,17.68309206453179,6.833681582430287
20.16811834843719,11.728871373922756,6.037151169267997
20.16811834843719,10.197129127780993,8.936551179561892
20.16811834843719,11.728871373922756,6.037151169267997
20.16811834843719,20.103702962470244,5.9469533340841805
29.063534139898536,11.728871373922756,7.089968077060107
3.9534666317194045,11.728871373922756,3.6160975491674203
20.16811834843719,5.569465489738748,6.588458051642248
3.9534666317194045,11.728871373922756,1.9064845959343621
20.16811834843719,11.728871373922756,6.037151169267997
20.16811834843719,11.728871373922756,6.037151169267997
20.16811834843719,17.68309206453179,7.048020765004568
56.500242681013,10.197129127780993,5.8530589357717036
20.16811834843719,16.723274137784806,6.847989212385553
20.16811834843719,11.728871373922756,6.037151169267997
41.59601501156928,11.728871373922756,6.259412915570963
20.16811834843719,6.153653617193485,5.282796700298106
24.339082112690896,11.728871373922756,6.7721698394103225
0.06912546088505422,17.68309206453179,7.102032513253473
0.06912546088505422,17.68309206453179,7.102032513253473
20.16811834843719,11.728871373922756,6.037151169267997
41.59601501156928,11.728871373922756,6.259412915570963
20.16811834843719,5.569465489738748,6.588458051642248
24.339082112690896,11.728871373922756,6.7721698394103225
30.84185492264919,8.40147991665134,7.136539405430659
23.031402516339973,17.68309206453179,6.833681582430287
20.16811834843719,11.728871373922756,8.835727183261739
20.16811834843719,11.728871373922756,10.220068525487166
20.16811834843719,11.728871373922756,10.555678069719082
20.16811834843719,11.728871373922756,6.037151169267997
20.16811834843719,16.723274137784806,6.847989212385553
20.16811834843719,5.569465489738748,6.588458051642248
20.16811834843719,1.8778049558775791,6.833681582430287
20.16811834843719,11.728871373922756,6.037151169267997
20.16811834843719,10.197129127780993,8.936551179561892
20.16811834843719,11.728871373922756,6.037151169267997
11.60738414194035,11.728871373922756,6.114441218570952
20.16811834843719,11.728871373922756,6.037151169267997
20.16811834843719,17.68309206453179,6.833681582430287
56.500242681013,11.728871373922756,6.081496285940222
20.16811834843719,10.23857283851532,6.367331626116493
20.16811834843719,6.153653617193485,5.282796700298106
20.16811834843719,11.728871373922756,6.588458051642248
56.500242681013,10.197129127780993,5.8530589357717036
20.16811834843719,17.68309206453179,6.833681582430287
29.063534139898536,11.728871373922756,7.089968077060107
20.16811834843719,11.728871373922756,6.037151169267997
20.16811834843719,10.197129127780993,7.805421318454461
29.063534139898536,11.728871373922756,7.089968077060107
29.063534139898536,11.728871373922756,7.089968077060107
20.16811834843719,11.728871373922756,6.037151169267997
29.063534139898536,11.728871373922756,7.089968077060107
56.500242681013,11.728871373922756,6.41828026826228
31.880025971074954,11.728871373922756,7.123961579127158
11.60738414194035,11.728871373922756,6.114441218570952
20.16811834843719,11.728871373922756,6.037151169267997
20.16811834843719,11.728871373922756,6.037151169267997
29.063534139898536,11.728871373922756,7.089968077060107
18.161113243674322,11.728871373922756,5.663186766807495
20.16811834843719,11.728871373922756,6.037151169267997
20.16811834843719,0.6170424609776379,0.092037337308872
20.16811834843719,11.728871373922756,6.037151169267997
20.16811834843719,17.29871996066143,6.941468928271221
20.16811834843719,11.728871373922756,6.037151169267997
20.16811834843719,6.153653617193485,5.282796700298106
29.063534139898536,11.728871373922756,7.089968077060107
29.063534139898536,2.116451297821124,5.11536047483189
20.16811834843719,0.6170424609776379,0.092037337308872
20.16811834843719,11.728871373922756,6.037151169267997
29.063534139898536,11.728871373922756,4.889808348067846
20.16811834843719,11.728871373922756,6.037151169267997
20.16811834843719,43.652315164507264,4.743677860510477
56.500242681013,11.728871373922756,6.41828026826228
20.16811834843719,43.652315164507264,4.743677860510477
20.16811834843719,11.728871373922756,6.037151169267997
20.16811834843719,11.728871373922756,8.835727183261739
20.16811834843719,20.103702962470244,5.9469533340841805
56.500242681013,11.728871373922756,6.41828026826228
41.59601501156928,11.728871373922756,6.259412915570963
18.161113243674322,11.728871373922756,5.663186766807495
20.16811834843719,21.510218384665272,5.855149841873089
41.59601501156928,11.728871373922756,6.259412915570963
20.16811834843719,11.728871373922756,6.037151169267997
20.16811834843719,11.728871373922756,6.037151169267997
20.16811834843719,11.728871373922756,6.037151169267997
20.16811834843719,43.652315164507264,4.743677860510477
20.16811834843719,11.728871373922756,6.037151169267997
20.16811834843719,63.15888152853984,1.8054209033526958
20.16811834843719,17.29871996066143,6.941468928271221
20.16811834843719,11.728871373922756,6.037151169267997
56.500242681013,21.26095691008804,6.253416138199308
20.16811834843719,43.652315164507264,4.743677860510477
20.16811834843719,11.728871373922756,6.037151169267997
