18.47749321222144,17.07063039021666,7.130160555601778
20.16811834843719,23.596192837839986,7.506904207756065
20.16811834843719,17.68309206453179,7.462189243549436
20.16811834843719,23.596192837839986,5.5662135142550335
20.16811834843719,23.596192837839986,7.506904207756065
31.746993819580503,22.674988018987293,8.090022547902816
66.6244103752274,17.20853965138223,0.10169965775960686
60.930200626665076,32.94069933743465,8.043074442670891
20.16811834843719,23.596192837839986,7.506904207756065
20.16811834843719,23.596192837839986,5.5662135142550335
20.16811834843719,23.596192837839986,7.506904207756065
60.930200626665076,32.94069933743465,8.043074442670891
66.6244103752274,17.20853965138223,0.10169965775960686
31.746993819580503,22.674988018987293,8.090022547902816
66.6244103752274,16.698159380022023,0.10967703849738114
18.47749321222144,17.07063039021666,7.130160555601778
121.30795952459269,17.07063039021666,0.10044906413593772
18.47749321222144,17.07063039021666,7.130160555601778
20.16811834843719,4.0358873877934105,7.039222378158146
29.081359604434578,10.852600923547719,3.7724811082739644
66.6244103752274,16.698159380022023,0.10967703849738114
0.7781352115041003,53.727887478655035,6.210022792965878
20.16811834843719,53.727887478655035,2.4728938211984257
20.16811834843719,32.94069933743465,3.499231863868175
20.16811834843719,23.596192837839986,7.506904207756065
56.500242681013,30.294355439969177,9.19844260085402
31.746993819580503,22.674988018987293,8.24952344222259
121.30795952459269,17.07063039021666,0.10044906413593772
68.20488741706079,12.224748361277928,0.09464255544447331
20.16811834843719,56.87575543738852,3.6838933581248776
20.16811834843719,17.68309206453179,6.5948055585578995
20.16811834843719,17.07063039021666,7.67745884000863
20.16811834843719,15.176145521328243,7.450360401510807
20.16811834843719,53.727887478655035,2.4728938211984257
20.16811834843719,17.68309206453179,7.462189243549436
20.16811834843719,22.352762804206975,5.683147215563193
20.16811834843719,17.07063039021666,7.271867964521614
20.16811834843719,17.07063039021666,7.674643211532139
20.16811834843719,0.8203561306673244,0.10210182028842579
20.16811834843719,17.68309206453179,6.5948055585578995
20.16811834843719,17.07063039021666,7.266738741412222
20.16811834843719,23.596192837839986,5.5662135142550335
56.500242681013,30.294355439969177,9.19844260085402
20.16811834843719,17.68309206453179,7.462189243549436
20.570350928367795,32.94069933743465,3.9786470606296733
51.14397225159027,15.176145521328243,0.09116065966132053
121.30795952459269,23.596192837839986,0.09692400805141023
20.16811834843719,15.176145521328243,7.450360401510807
20.16811834843719,17.68309206453179,7.179672498256414
121.30795952459269,17.07063039021666,0.10914302833492923
20.16811834843719,20.60496481253284,6.276692951230662
1.5491104003677023,17.68309206453179,0.5660919040915418
14.178985237643541,27.29860301432047,3.3117040499134496
31.746993819580503,22.674988018987293,8.090022547902816
66.6244103752274,16.698159380022023,0.10967703849738114
