20.16811834843719,11.728871373922756,4.457367922286724
174.66238446082406,23.039534600594557,0.10914302833492923
22.252948659459985,22.674988018987293,6.2800481541325
56.500242681013,43.652315164507264,7.794193542223268
3.9534666317194045,11.728871373922756,1.94061027867823
56.500242681013,43.652315164507264,7.594285298060809
20.16811834843719,11.728871373922756,4.457367922286724
20.16811834843719,1.3234303974567005,10.395795747604094
3.9534666317194045,11.728871373922756,2.1932992619333715
56.500242681013,43.652315164507264,7.794193542223268
20.16811834843719,17.68309206453179,5.665545668380121
20.16811834843719,11.728871373922756,4.457367922286724
20.16811834843719,17.68309206453179,5.665545668380121
20.16811834843719,17.68309206453179,5.665545668380121
20.16811834843719,11.728871373922756,4.457367922286724
20.16811834843719,17.68309206453179,4.681345487756742
56.500242681013,17.68309206453179,0.8337927452238518
56.500242681013,17.68309206453179,0.8337927452238518
3.9534666317194045,11.728871373922756,2.7766608227599026
6.752111757943222,17.68309206453179,3.4224122458745874
60.930200626665076,6.403781830182252,0.09636797502094425
20.16811834843719,11.728871373922756,3.999202899479149
20.16811834843719,17.68309206453179,5.315314860478938
20.16811834843719,6.515995714781603,1.4018724679269978
56.500242681013,17.68309206453179,0.8337927452238518
20.16811834843719,8.376016526897262,5.130264763521151
31.746993819580503,22.674988018987293,5.827435902987686
20.16811834843719,17.68309206453179,4.681345487756742
3.9534666317194045,17.68309206453179,1.213207652890091
20.16811834843719,23.596192837839986,6.262290764628948
174.66238446082406,23.039534600594557,0.10914302833492923
33.11002241090927,11.68310203354672,2.7945601851589323
35.03959199379409,30.016339044332355,7.6603658264893175
20.16811834843719,22.08374976865654,5.091651489960096
20.16811834843719,22.08374976865654,5.091651489960096
20.16811834843719,17.68309206453179,4.681345487756742
3.9534666317194045,11.728871373922756,2.230447582776601
20.16811834843719,18.41927850105235,6.936111459109245
3.9534666317194045,11.728871373922756,2.230447582776601
20.16811834843719,11.728871373922756,4.457367922286724
20.16811834843719,17.68309206453179,4.681345487756742
17.2128107500992,17.68309206453179,5.3094242355014805
20.16811834843719,11.728871373922756,4.457367922286724
31.746993819580503,22.674988018987293,5.827435902987686
20.16811834843719,1.5695572961760433,0.108237496944569
3.9534666317194045,17.68309206453179,1.213207652890091
20.16811834843719,17.68309206453179,4.681345487756742
56.500242681013,11.728871373922756,2.158269763048432
56.500242681013,14.489699921538516,0.09425132229034301
56.500242681013,43.652315164507264,3.5280067731980522
20.16811834843719,11.728871373922756,5.130264763521151
3.9534666317194045,11.728871373922756,2.0210625168307788
20.16811834843719,11.728871373922756,4.457367922286724
56.500242681013,10.197129127780993,2.020274990586178
56.500242681013,18.478942936325765,2.9272124000749598
60.930200626665076,6.403781830182252,0.09636797502094425
20.16811834843719,17.68309206453179,4.681345487756742
20.16811834843719,1.3234303974567005,4.430700089552301
20.16811834843719,17.68309206453179,6.220752156396854
20.16811834843719,11.728871373922756,3.999202899479149
3.9534666317194045,11.728871373922756,2.7766608227599026
20.16811834843719,17.68309206453179,5.315314860478938
20.16811834843719,17.68309206453179,5.665545668380121
3.9534666317194045,11.728871373922756,2.0210625168307788
56.500242681013,10.197129127780993,2.020274990586178
20.16811834843719,6.515995714781603,1.4018724679269978
20.16811834843719,11.728871373922756,5.130264763521151
20.16811834843719,11.728871373922756,4.457367922286724
20.16811834843719,11.728871373922756,4.457367922286724
3.9534666317194045,11.728871373922756,2.2193761829033205
20.16811834843719,11.728871373922756,4.457367922286724
56.500242681013,11.728871373922756,2.158269763048432
20.16811834843719,1.3234303974567005,10.395795747604094
20.16811834843719,17.68309206453179,4.681345487756742
20.16811834843719,11.728871373922756,3.999202899479149
20.16811834843719,17.68309206453179,4.681345487756742
20.16811834843719,30.016339044332355,5.2684478555981995
20.16811834843719,17.68309206453179,5.665545668380121
174.66238446082406,23.039534600594557,0.10914302833492923
34.59768508202552,11.731051652031244,3.8069364055759918
20.16811834843719,11.728871373922756,3.999202899479149
20.16811834843719,8.376016526897262,5.130264763521151
20.16811834843719,17.68309206453179,7.41458064242906
35.03959199379409,30.016339044332355,7.6603658264893175
20.16811834843719,23.596192837839986,6.262290764628948
20.16811834843719,11.728871373922756,3.999202899479149
26.16647278128447,11.593108400708546,6.234743050306059
20.16811834843719,11.728871373922756,3.999202899479149
20.16811834843719,11.728871373922756,3.999202899479149
20.16811834843719,23.596192837839986,6.262290764628948
20.16811834843719,17.68309206453179,6.220752156396854
56.500242681013,11.728871373922756,2.158269763048432
20.16811834843719,8.376016526897262,5.130264763521151
20.16811834843719,17.68309206453179,6.220752156396854
20.16811834843719,43.693908146980775,2.8352134964431133
20.16811834843719,17.68309206453179,6.167048531306092
20.16811834843719,11.728871373922756,3.999202899479149
20.16811834843719,17.68309206453179,5.665545668380121
31.746993819580503,22.674988018987293,5.827435902987686
20.16811834843719,11.728871373922756,3.999202899479149
20.16811834843719,17.68309206453179,4.681345487756742
35.59551575140562,32.94069933743465,7.7214648392963605
31.746993819580503,22.674988018987293,5.827435902987686
56.500242681013,43.652315164507264,3.5280067731980522
3.9534666317194045,11.728871373922756,2.2193761829033205
3.9534666317194045,11.728871373922756,1.94061027867823
20.16811834843719,11.728871373922756,10.537316308953722
56.500242681013,14.489699921538516,0.09425132229034301
26.16647278128447,11.593108400708546,6.234743050306059
20.16811834843719,17.68309206453179,5.665545668380121
20.16811834843719,1.5695572961760433,0.108237496944569
20.16811834843719,17.68309206453179,4.681345487756742
20.16811834843719,17.68309206453179,5.315314860478938
6.752111757943222,17.68309206453179,3.4224122458745874
3.9534666317194045,11.728871373922756,2.230447582776601
174.66238446082406,23.039534600594557,0.10914302833492923
20.16811834843719,11.728871373922756,3.999202899479149
20.16811834843719,17.68309206453179,6.167048531306092
20.16811834843719,17.68309206453179,5.315314860478938
20.16811834843719,17.68309206453179,5.665545668380121
34.59768508202552,11.731051652031244,3.8069364055759918
20.16811834843719,11.728871373922756,3.999202899479149
20.16811834843719,17.68309206453179,4.681345487756742
20.16811834843719,17.68309206453179,6.220752156396854
20.16811834843719,17.68309206453179,4.681345487756742
3.9534666317194045,11.728871373922756,2.2193761829033205
22.252948659459985,22.674988018987293,6.2800481541325
3.9534666317194045,11.728871373922756,2.230447582776601
20.16811834843719,11.728871373922756,4.457367922286724
20.16811834843719,11.728871373922756,4.457367922286724
20.16811834843719,32.88635096371922,5.182836928475978
56.500242681013,11.728871373922756,2.158269763048432
22.298557387101532,11.728871373922756,4.051675910197655
20.16811834843719,17.68309206453179,7.41458064242906
56.500242681013,43.652315164507264,7.594285298060809
56.500242681013,11.728871373922756,2.158269763048432
3.9534666317194045,11.728871373922756,2.2193761829033205
31.746993819580503,22.674988018987293,5.827435902987686
60.930200626665076,6.403781830182252,0.09636797502094425
20.16811834843719,11.728871373922756,4.457367922286724
56.500242681013,11.728871373922756,2.158269763048432
56.500242681013,10.563946318647018,2.0501250496249357
20.16811834843719,11.728871373922756,3.999202899479149
3.9534666317194045,17.68309206453179,1.213207652890091
56.500242681013,11.728871373922756,2.158269763048432
20.16811834843719,17.68309206453179,5.665545668380121
20.16811834843719,8.376016526897262,5.130264763521151
3.9534666317194045,11.728871373922756,2.230447582776601
6.752111757943222,17.68309206453179,3.4224122458745874
3.9534666317194045,11.728871373922756,2.7766608227599026
20.16811834843719,17.68309206453179,4.681345487756742
121.30795952459269,17.68309206453179,0.09146493242713996
20.16811834843719,11.728871373922756,4.457367922286724
56.500242681013,18.478942936325765,2.9272124000749598
56.500242681013,11.728871373922756,2.158269763048432
3.9534666317194045,11.728871373922756,2.230447582776601
31.746993819580503,22.674988018987293,5.827435902987686
56.500242681013,43.652315164507264,3.5280067731980522
20.16811834843719,22.97575997267416,5.935989710453741
56.500242681013,43.652315164507264,3.5280067731980522
3.9534666317194045,11.728871373922756,1.94061027867823
20.16811834843719,27.476031430744204,5.315314860478938
31.746993819580503,22.674988018987293,5.827435902987686
22.252948659459985,22.674988018987293,6.2800481541325
20.16811834843719,1.5695572961760433,0.108237496944569
20.16811834843719,17.68309206453179,5.665545668380121
20.16811834843719,11.728871373922756,3.999202899479149
3.9534666317194045,17.68309206453179,1.213207652890091
20.16811834843719,11.728871373922756,3.999202899479149
56.500242681013,11.728871373922756,2.158269763048432
56.500242681013,10.563946318647018,2.0501250496249357
3.9534666317194045,11.728871373922756,2.2193761829033205
20.16811834843719,17.68309206453179,6.220752156396854
56.500242681013,10.197129127780993,2.020274990586178
56.500242681013,43.652315164507264,3.5280067731980522
20.16811834843719,17.68309206453179,4.681345487756742
20.16811834843719,32.88635096371922,5.182836928475978
3.9534666317194045,11.728871373922756,2.230447582776601
20.16811834843719,32.88635096371922,5.182836928475978
20.16811834843719,6.515995714781603,1.4018724679269978
20.16811834843719,1.5695572961760433,0.108237496944569
20.16811834843719,43.693908146980775,2.8352134964431133
20.16811834843719,17.68309206453179,4.681345487756742
35.59551575140562,32.94069933743465,7.7214648392963605
35.03959199379409,30.016339044332355,7.6603658264893175
20.16811834843719,22.97575997267416,5.935989710453741
56.500242681013,11.728871373922756,2.158269763048432
56.500242681013,10.563946318647018,2.0501250496249357
20.16811834843719,43.693908146980775,2.8352134964431133
20.16811834843719,17.68309206453179,4.681345487756742
20.16811834843719,11.728871373922756,4.457367922286724
20.16811834843719,1.3234303974567005,10.395795747604094
35.03959199379409,30.016339044332355,7.6603658264893175
35.03959199379409,30.016339044332355,7.6603658264893175
20.16811834843719,17.68309206453179,5.665545668380121
6.752111757943222,17.68309206453179,3.4224122458745874
33.11002241090927,11.68310203354672,2.7945601851589323
16.154015104867316,11.728871373922756,4.457367922286724
56.500242681013,43.652315164507264,7.794193542223268
20.16811834843719,17.68309206453179,5.665545668380121
20.16811834843719,1.3234303974567005,10.395795747604094
56.500242681013,11.728871373922756,2.158269763048432
56.500242681013,10.197129127780993,2.020274990586178
3.9534666317194045,11.728871373922756,2.230447582776601
20.16811834843719,11.728871373922756,10.537316308953722
20.16811834843719,17.68309206453179,4.681345487756742
20.16811834843719,22.08374976865654,5.091651489960096
56.500242681013,17.68309206453179,0.8337927452238518
20.16811834843719,17.68309206453179,7.41458064242906
20.16811834843719,34.10599889266592,3.571813933789305
3.9534666317194045,17.68309206453179,1.213207652890091
20.16811834843719,11.728871373922756,3.999202899479149
20.16811834843719,17.68309206453179,5.665545668380121
20.16811834843719,11.728871373922756,10.537316308953722
31.746993819580503,22.674988018987293,5.827435902987686
20.16811834843719,8.376016526897262,5.130264763521151
20.16811834843719,1.3234303974567005,10.395795747604094
60.930200626665076,6.403781830182252,0.09636797502094425
20.16811834843719,17.68309206453179,7.41458064242906
20.16811834843719,43.693908146980775,2.8352134964431133
3.9534666317194045,11.728871373922756,2.7766608227599026
31.746993819580503,22.674988018987293,5.827435902987686
20.16811834843719,17.68309206453179,4.681345487756742
20.16811834843719,27.476031430744204,5.315314860478938
20.16811834843719,17.68309206453179,4.681345487756742
20.16811834843719,17.68309206453179,4.681345487756742
31.746993819580503,22.674988018987293,5.827435902987686
22.298557387101532,11.728871373922756,4.051675910197655
56.500242681013,10.197129127780993,2.020274990586178
20.16811834843719,43.693908146980775,2.8352134964431133
56.500242681013,11.728871373922756,2.158269763048432
20.16811834843719,11.728871373922756,10.537316308953722
56.500242681013,43.652315164507264,3.5280067731980522
20.16811834843719,11.728871373922756,3.999202899479149
20.16811834843719,11.728871373922756,4.457367922286724
3.9534666317194045,11.728871373922756,2.2193761829033205
20.16811834843719,17.68309206453179,4.681345487756742
33.11002241090927,11.68310203354672,2.7945601851589323
56.500242681013,18.478942936325765,2.9272124000749598
20.16811834843719,11.728871373922756,4.457367922286724
3.9534666317194045,17.68309206453179,2.9125901710541937
128.87330983317253,17.20853965138223,0.10169965775960686
20.16811834843719,11.728871373922756,4.457367922286724
20.16811834843719,11.728871373922756,10.537316308953722
56.500242681013,14.489699921538516,0.09425132229034301
56.500242681013,43.652315164507264,3.5280067731980522
33.11002241090927,11.68310203354672,2.7945601851589323
20.16811834843719,30.016339044332355,5.2684478555981995
20.16811834843719,11.728871373922756,4.457367922286724
20.16811834843719,11.728871373922756,3.999202899479149
20.16811834843719,43.693908146980775,2.8352134964431133
20.16811834843719,27.476031430744204,5.315314860478938
3.9534666317194045,17.68309206453179,1.213207652890091
20.16811834843719,17.68309206453179,4.681345487756742
20.16811834843719,11.728871373922756,10.537316308953722
56.500242681013,11.728871373922756,2.158269763048432
20.16811834843719,22.08374976865654,5.091651489960096
20.16811834843719,27.476031430744204,5.315314860478938
17.2128107500992,17.68309206453179,5.3094242355014805
20.16811834843719,34.10599889266592,3.571813933789305
20.16811834843719,17.68309206453179,4.681345487756742
20.16811834843719,34.10599889266592,3.571813933789305
20.16811834843719,32.88635096371922,5.182836928475978
3.9534666317194045,11.728871373922756,2.230447582776601
20.16811834843719,32.88635096371922,5.182836928475978
3.9534666317194045,11.728871373922756,2.230447582776601
56.500242681013,43.652315164507264,7.794193542223268
20.16811834843719,27.476031430744204,5.315314860478938
31.746993819580503,22.674988018987293,5.827435902987686
31.746993819580503,22.674988018987293,5.827435902987686
56.500242681013,14.489699921538516,0.09425132229034301
16.154015104867316,11.728871373922756,4.457367922286724
121.30795952459269,17.68309206453179,0.09146493242713996
3.9534666317194045,11.728871373922756,2.7766608227599026
26.16647278128447,11.593108400708546,6.234743050306059
3.9534666317194045,11.728871373922756,2.2193761829033205
20.16811834843719,17.68309206453179,6.167048531306092
56.500242681013,18.478942936325765,2.9272124000749598
20.16811834843719,17.68309206453179,4.681345487756742
56.500242681013,43.652315164507264,3.5280067731980522
20.16811834843719,11.728871373922756,4.457367922286724
20.16811834843719,34.10599889266592,3.571813933789305
20.16811834843719,22.08374976865654,5.091651489960096
3.9534666317194045,11.728871373922756,2.230447582776601
20.16811834843719,22.08374976865654,5.091651489960096
20.16811834843719,11.728871373922756,5.130264763521151
34.59768508202552,11.731051652031244,3.8069364055759918
20.16811834843719,11.728871373922756,3.999202899479149
56.500242681013,11.728871373922756,2.158269763048432
20.16811834843719,11.728871373922756,3.999202899479149
56.500242681013,10.563946318647018,2.0501250496249357
20.16811834843719,6.515995714781603,1.4018724679269978
56.500242681013,11.728871373922756,2.158269763048432
56.500242681013,43.652315164507264,3.5280067731980522
20.16811834843719,17.68309206453179,7.41458064242906
26.16647278128447,11.593108400708546,6.234743050306059
20.16811834843719,1.5695572961760433,0.108237496944569
20.16811834843719,17.68309206453179,4.681345487756742
20.16811834843719,17.68309206453179,5.315314860478938
22.298557387101532,11.728871373922756,4.051675910197655
3.9534666317194045,11.728871373922756,2.2193761829033205
20.16811834843719,43.693908146980775,2.8352134964431133
35.59551575140562,32.94069933743465,7.7214648392963605
20.16811834843719,11.728871373922756,4.457367922286724
56.500242681013,43.652315164507264,7.594285298060809
3.9534666317194045,11.728871373922756,2.1932992619333715
26.16647278128447,11.593108400708546,6.234743050306059
20.16811834843719,11.728871373922756,4.457367922286724
128.87330983317253,17.20853965138223,0.10169965775960686
20.16811834843719,1.3234303974567005,4.430700089552301
60.930200626665076,6.403781830182252,0.09636797502094425
20.16811834843719,17.68309206453179,7.41458064242906
20.16811834843719,11.728871373922756,3.999202899479149
20.16811834843719,11.728871373922756,3.999202899479149
20.16811834843719,30.016339044332355,5.2684478555981995
56.500242681013,11.728871373922756,2.158269763048432
16.154015104867316,11.728871373922756,4.457367922286724
20.16811834843719,17.68309206453179,4.681345487756742
20.16811834843719,17.68309206453179,5.315314860478938
20.16811834843719,11.728871373922756,3.999202899479149
20.16811834843719,22.97575997267416,5.935989710453741
22.252948659459985,22.674988018987293,6.2800481541325
56.500242681013,43.652315164507264,7.594285298060809
20.16811834843719,34.10599889266592,3.571813933789305
31.746993819580503,22.674988018987293,5.827435902987686
16.154015104867316,11.728871373922756,4.457367922286724
20.16811834843719,17.68309206453179,5.315314860478938
20.16811834843719,11.728871373922756,3.999202899479149
20.16811834843719,17.68309206453179,4.681345487756742
20.16811834843719,17.68309206453179,5.665545668380121
6.752111757943222,17.68309206453179,3.4224122458745874
56.500242681013,43.652315164507264,7.794193542223268
3.9534666317194045,11.728871373922756,2.230447582776601
3.9534666317194045,17.68309206453179,1.213207652890091
20.16811834843719,11.728871373922756,4.457367922286724
56.500242681013,10.197129127780993,2.020274990586178
20.16811834843719,17.68309206453179,4.681345487756742
20.16811834843719,17.68309206453179,5.315314860478938
35.59551575140562,32.94069933743465,7.7214648392963605
20.16811834843719,11.728871373922756,4.457367922286724
20.16811834843719,17.68309206453179,6.220752156396854
20.16811834843719,17.68309206453179,7.41458064242906
20.16811834843719,11.728871373922756,3.999202899479149
20.16811834843719,32.88635096371922,5.182836928475978
20.16811834843719,11.728871373922756,3.999202899479149
3.9534666317194045,11.728871373922756,2.230447582776601
56.500242681013,10.563946318647018,2.0501250496249357
20.16811834843719,22.97575997267416,5.935989710453741
34.59768508202552,11.731051652031244,3.8069364055759918
56.500242681013,43.652315164507264,7.794193542223268
20.16811834843719,43.693908146980775,2.8352134964431133
20.16811834843719,1.3234303974567005,4.430700089552301
16.154015104867316,11.728871373922756,4.457367922286724
20.16811834843719,11.728871373922756,3.999202899479149
20.16811834843719,17.68309206453179,4.681345487756742
3.9534666317194045,11.728871373922756,2.7766608227599026
22.298557387101532,11.728871373922756,4.051675910197655
121.30795952459269,17.68309206453179,0.09146493242713996
20.16811834843719,11.728871373922756,3.999202899479149
3.9534666317194045,11.728871373922756,2.7766608227599026
20.16811834843719,8.376016526897262,5.130264763521151
3.9534666317194045,17.68309206453179,2.9125901710541937
56.500242681013,11.728871373922756,2.158269763048432
20.16811834843719,17.68309206453179,4.681345487756742
56.500242681013,43.652315164507264,7.594285298060809
6.752111757943222,17.68309206453179,3.4224122458745874
20.16811834843719,22.08374976865654,5.091651489960096
3.9534666317194045,11.728871373922756,2.230447582776601
20.16811834843719,11.728871373922756,4.457367922286724
56.500242681013,14.489699921538516,0.09425132229034301
56.500242681013,43.652315164507264,3.5280067731980522
20.16811834843719,17.68309206453179,4.681345487756742
26.16647278128447,11.593108400708546,6.234743050306059
35.03959199379409,30.016339044332355,7.6603658264893175
20.16811834843719,17.68309206453179,5.665545668380121
56.500242681013,11.728871373922756,2.158269763048432
20.16811834843719,1.5695572961760433,0.108237496944569
56.500242681013,43.652315164507264,3.5280067731980522
3.9534666317194045,11.728871373922756,2.230447582776601
20.16811834843719,32.88635096371922,5.182836928475978
31.746993819580503,22.674988018987293,5.827435902987686
20.16811834843719,1.3234303974567005,4.430700089552301
56.500242681013,43.652315164507264,7.594285298060809
20.16811834843719,17.68309206453179,5.315314860478938
20.16811834843719,22.08374976865654,5.091651489960096
20.16811834843719,32.88635096371922,5.182836928475978
3.9534666317194045,11.728871373922756,2.1932992619333715
56.500242681013,10.563946318647018,2.0501250496249357
20.16811834843719,22.08374976865654,5.091651489960096
20.16811834843719,1.3234303974567005,4.430700089552301
20.16811834843719,11.728871373922756,3.999202899479149
26.16647278128447,11.593108400708546,6.234743050306059
56.500242681013,11.728871373922756,2.158269763048432
3.9534666317194045,11.728871373922756,2.2193761829033205
20.16811834843719,17.68309206453179,6.167048531306092
174.66238446082406,23.039534600594557,0.10914302833492923
20.16811834843719,11.728871373922756,4.457367922286724
3.9534666317194045,11.728871373922756,1.94061027867823
56.500242681013,10.563946318647018,2.0501250496249357
3.9534666317194045,11.728871373922756,2.0210625168307788
20.16811834843719,17.68309206453179,4.681345487756742
3.9534666317194045,11.728871373922756,2.0210625168307788
20.16811834843719,11.728871373922756,3.999202899479149
20.16811834843719,17.68309206453179,6.220752156396854
56.500242681013,11.728871373922756,2.158269763048432
20.16811834843719,17.68309206453179,5.665545668380121
20.16811834843719,17.68309206453179,4.681345487756742
20.16811834843719,23.596192837839986,6.262290764628948
56.500242681013,43.652315164507264,7.594285298060809
20.16811834843719,30.016339044332355,5.2684478555981995
56.500242681013,14.489699921538516,0.09425132229034301
56.500242681013,43.652315164507264,7.794193542223268
60.930200626665076,6.403781830182252,0.09636797502094425
20.16811834843719,11.728871373922756,3.999202899479149
56.500242681013,43.652315164507264,7.594285298060809
20.16811834843719,11.728871373922756,3.999202899479149
20.16811834843719,17.68309206453179,4.681345487756742
128.87330983317253,17.20853965138223,0.10169965775960686
6.752111757943222,17.68309206453179,3.4224122458745874
20.16811834843719,18.41927850105235,6.936111459109245
22.252948659459985,22.674988018987293,6.2800481541325
3.9534666317194045,11.728871373922756,2.0210625168307788
20.16811834843719,11.728871373922756,4.457367922286724
31.746993819580503,22.674988018987293,5.827435902987686
174.66238446082406,23.039534600594557,0.10914302833492923
3.9534666317194045,11.728871373922756,2.7766608227599026
20.16811834843719,11.728871373922756,5.130264763521151
20.16811834843719,32.88635096371922,5.182836928475978
20.16811834843719,17.68309206453179,4.681345487756742
56.500242681013,18.478942936325765,2.9272124000749598
20.16811834843719,17.68309206453179,5.665545668380121
60.930200626665076,6.403781830182252,0.09636797502094425
20.16811834843719,1.5695572961760433,0.108237496944569
20.16811834843719,6.515995714781603,1.4018724679269978
20.16811834843719,17.68309206453179,5.665545668380121
20.16811834843719,11.728871373922756,4.457367922286724
3.9534666317194045,11.728871373922756,2.7766608227599026
56.500242681013,11.728871373922756,2.158269763048432
20.16811834843719,17.68309206453179,7.41458064242906
174.66238446082406,23.039534600594557,0.10914302833492923
3.9534666317194045,11.728871373922756,2.230447582776601
56.500242681013,10.563946318647018,2.0501250496249357
20.16811834843719,6.515995714781603,1.4018724679269978
20.16811834843719,22.97575997267416,5.935989710453741
60.930200626665076,6.403781830182252,0.09636797502094425
20.16811834843719,11.728871373922756,3.999202899479149
26.16647278128447,11.593108400708546,6.234743050306059
20.16811834843719,17.68309206453179,6.220752156396854
16.154015104867316,11.728871373922756,4.457367922286724
26.16647278128447,11.593108400708546,6.234743050306059
20.16811834843719,11.728871373922756,4.457367922286724
20.16811834843719,34.10599889266592,3.571813933789305
20.16811834843719,32.88635096371922,5.182836928475978
20.16811834843719,11.728871373922756,4.457367922286724
56.500242681013,11.728871373922756,2.158269763048432
20.16811834843719,17.68309206453179,4.681345487756742
56.500242681013,17.68309206453179,0.8337927452238518
3.9534666317194045,11.728871373922756,2.7766608227599026
20.16811834843719,34.10599889266592,3.571813933789305
60.930200626665076,6.403781830182252,0.09636797502094425
20.16811834843719,11.728871373922756,3.999202899479149
20.16811834843719,17.68309206453179,7.41458064242906
3.9534666317194045,11.728871373922756,2.1932992619333715
20.16811834843719,11.728871373922756,4.457367922286724
121.30795952459269,17.68309206453179,0.09146493242713996
3.9534666317194045,11.728871373922756,1.94061027867823
56.500242681013,43.652315164507264,3.5280067731980522
20.16811834843719,11.728871373922756,5.130264763521151
20.16811834843719,11.728871373922756,5.130264763521151
3.9534666317194045,11.728871373922756,2.230447582776601
56.500242681013,18.478942936325765,2.9272124000749598
56.500242681013,17.68309206453179,0.8337927452238518
20.16811834843719,8.376016526897262,5.130264763521151
56.500242681013,11.728871373922756,2.158269763048432
19.491461102944218,22.674988018987293,4.883956102241165
22.252948659459985,22.674988018987293,6.2800481541325
3.9534666317194045,11.728871373922756,2.230447582776601
20.16811834843719,11.728871373922756,3.999202899479149
20.16811834843719,1.3234303974567005,10.395795747604094
3.9534666317194045,11.728871373922756,2.2193761829033205
56.500242681013,43.652315164507264,3.5280067731980522
20.16811834843719,17.68309206453179,6.167048531306092
20.16811834843719,17.68309206453179,4.681345487756742
20.16811834843719,22.08374976865654,5.091651489960096
3.9534666317194045,11.728871373922756,2.7766608227599026
20.16811834843719,17.68309206453179,4.681345487756742
17.2128107500992,17.68309206453179,5.3094242355014805
3.9534666317194045,11.728871373922756,2.230447582776601
3.9534666317194045,11.728871373922756,2.230447582776601
17.2128107500992,17.68309206453179,5.3094242355014805
20.16811834843719,18.41927850105235,6.936111459109245
20.16811834843719,17.68309206453179,4.681345487756742
20.16811834843719,22.97575997267416,5.935989710453741
20.16811834843719,30.016339044332355,5.2684478555981995
121.30795952459269,17.68309206453179,0.09146493242713996
20.16811834843719,11.728871373922756,10.537316308953722
56.500242681013,11.728871373922756,2.158269763048432
31.746993819580503,22.674988018987293,5.827435902987686
56.500242681013,43.652315164507264,7.794193542223268
20.16811834843719,11.728871373922756,3.999202899479149
19.491461102944218,22.674988018987293,4.883956102241165
56.500242681013,14.489699921538516,0.09425132229034301
20.16811834843719,11.728871373922756,3.999202899479149
20.16811834843719,17.68309206453179,4.681345487756742
20.16811834843719,17.68309206453179,4.681345487756742
3.9534666317194045,11.728871373922756,2.2193761829033205
3.9534666317194045,11.728871373922756,2.1932992619333715
20.16811834843719,17.68309206453179,5.315314860478938
20.16811834843719,17.68309206453179,7.41458064242906
20.16811834843719,11.728871373922756,4.457367922286724
3.9534666317194045,17.68309206453179,1.213207652890091
20.16811834843719,17.68309206453179,5.315314860478938
20.16811834843719,1.5695572961760433,0.108237496944569
20.16811834843719,17.68309206453179,4.681345487756742
20.16811834843719,11.728871373922756,3.999202899479149
20.16811834843719,1.3234303974567005,10.395795747604094
20.16811834843719,17.68309206453179,4.681345487756742
20.16811834843719,11.728871373922756,3.999202899479149
3.9534666317194045,17.68309206453179,2.9125901710541937
20.16811834843719,11.728871373922756,3.999202899479149
20.16811834843719,11.728871373922756,3.999202899479149
3.9534666317194045,11.728871373922756,2.230447582776601
3.9534666317194045,11.728871373922756,2.230447582776601
3.9534666317194045,11.728871373922756,1.94061027867823
3.9534666317194045,11.728871373922756,2.230447582776601
20.16811834843719,17.68309206453179,4.681345487756742
20.16811834843719,11.728871373922756,3.999202899479149
60.930200626665076,6.403781830182252,0.09636797502094425
3.9534666317194045,11.728871373922756,2.230447582776601
56.500242681013,43.652315164507264,3.5280067731980522
56.500242681013,11.728871373922756,2.158269763048432
20.16811834843719,17.68309206453179,4.681345487756742
20.16811834843719,27.476031430744204,5.315314860478938
3.9534666317194045,17.68309206453179,2.9125901710541937
6.752111757943222,17.68309206453179,3.4224122458745874
20.16811834843719,30.016339044332355,5.2684478555981995
20.16811834843719,43.693908146980775,2.8352134964431133
3.9534666317194045,11.728871373922756,1.94061027867823
20.16811834843719,11.728871373922756,3.999202899479149
16.154015104867316,11.728871373922756,4.457367922286724
20.16811834843719,11.728871373922756,10.537316308953722
20.16811834843719,22.97575997267416,5.935989710453741
60.930200626665076,6.403781830182252,0.09636797502094425
20.16811834843719,43.693908146980775,2.8352134964431133
20.16811834843719,11.728871373922756,10.537316308953722
20.16811834843719,6.515995714781603,1.4018724679269978
60.930200626665076,6.403781830182252,0.09636797502094425
56.500242681013,43.652315164507264,3.5280067731980522
20.16811834843719,34.10599889266592,3.571813933789305
56.500242681013,10.197129127780993,2.020274990586178
56.500242681013,11.728871373922756,2.158269763048432
56.500242681013,17.68309206453179,0.8337927452238518
20.16811834843719,11.728871373922756,4.457367922286724
20.16811834843719,17.68309206453179,7.41458064242906
20.16811834843719,17.68309206453179,5.665545668380121
20.16811834843719,22.97575997267416,5.935989710453741
20.16811834843719,17.68309206453179,6.220752156396854
20.16811834843719,17.68309206453179,5.665545668380121
20.16811834843719,11.728871373922756,5.130264763521151
20.16811834843719,17.68309206453179,5.315314860478938
17.2128107500992,17.68309206453179,5.3094242355014805
56.500242681013,11.728871373922756,2.158269763048432
20.16811834843719,11.728871373922756,5.130264763521151
20.16811834843719,17.68309206453179,4.681345487756742
20.16811834843719,11.728871373922756,4.457367922286724
20.16811834843719,11.728871373922756,3.999202899479149
3.9534666317194045,11.728871373922756,2.230447582776601
20.16811834843719,17.68309206453179,4.681345487756742
56.500242681013,18.478942936325765,2.9272124000749598
20.16811834843719,27.476031430744204,5.315314860478938
20.16811834843719,17.68309206453179,5.665545668380121
31.746993819580503,22.674988018987293,5.827435902987686
20.16811834843719,23.596192837839986,6.262290764628948
20.16811834843719,6.515995714781603,1.4018724679269978
20.16811834843719,11.728871373922756,10.537316308953722
19.491461102944218,22.674988018987293,4.883956102241165
3.9534666317194045,11.728871373922756,1.94061027867823
20.16811834843719,8.376016526897262,5.130264763521151
3.9534666317194045,11.728871373922756,2.230447582776601
22.252948659459985,22.674988018987293,6.2800481541325
3.9534666317194045,17.68309206453179,2.9125901710541937
121.30795952459269,17.68309206453179,0.09146493242713996
20.16811834843719,6.515995714781603,1.4018724679269978
56.500242681013,11.728871373922756,2.158269763048432
33.11002241090927,11.68310203354672,2.7945601851589323
34.59768508202552,11.731051652031244,3.8069364055759918
20.16811834843719,27.476031430744204,5.315314860478938
56.500242681013,11.728871373922756,2.158269763048432
20.16811834843719,6.515995714781603,1.4018724679269978
20.16811834843719,17.68309206453179,7.41458064242906
20.16811834843719,23.596192837839986,6.262290764628948
20.16811834843719,17.68309206453179,4.681345487756742
20.16811834843719,34.10599889266592,3.571813933789305
20.16811834843719,17.68309206453179,5.665545668380121
20.16811834843719,11.728871373922756,3.999202899479149
174.66238446082406,23.039534600594557,0.10914302833492923
56.500242681013,10.197129127780993,2.020274990586178
20.16811834843719,11.728871373922756,5.130264763521151
20.16811834843719,11.728871373922756,3.999202899479149
56.500242681013,11.728871373922756,2.158269763048432
20.16811834843719,17.68309206453179,6.220752156396854
20.16811834843719,1.3234303974567005,4.430700089552301
20.16811834843719,11.728871373922756,4.457367922286724
3.9534666317194045,11.728871373922756,2.1932992619333715
20.16811834843719,23.596192837839986,6.262290764628948
3.9534666317194045,11.728871373922756,2.1932992619333715
31.746993819580503,22.674988018987293,5.827435902987686
20.16811834843719,11.728871373922756,3.999202899479149
56.500242681013,43.652315164507264,7.594285298060809
20.16811834843719,11.728871373922756,10.537316308953722
20.16811834843719,1.3234303974567005,4.430700089552301
31.746993819580503,22.674988018987293,5.827435902987686
20.16811834843719,17.68309206453179,5.665545668380121
19.491461102944218,22.674988018987293,4.883956102241165
56.500242681013,10.563946318647018,2.0501250496249357
20.16811834843719,17.68309206453179,4.681345487756742
3.9534666317194045,11.728871373922756,2.7766608227599026
20.16811834843719,17.68309206453179,7.41458064242906
56.500242681013,11.728871373922756,2.158269763048432
19.491461102944218,22.674988018987293,4.883956102241165
16.154015104867316,11.728871373922756,4.457367922286724
3.9534666317194045,11.728871373922756,2.230447582776601
174.66238446082406,23.039534600594557,0.10914302833492923
20.16811834843719,11.728871373922756,4.457367922286724
20.16811834843719,22.97575997267416,5.935989710453741
3.9534666317194045,11.728871373922756,2.230447582776601
22.252948659459985,22.674988018987293,6.2800481541325
20.16811834843719,17.68309206453179,4.681345487756742
20.16811834843719,11.728871373922756,5.130264763521151
56.500242681013,11.728871373922756,2.158269763048432
35.59551575140562,32.94069933743465,7.7214648392963605
56.500242681013,43.652315164507264,3.5280067731980522
56.500242681013,11.728871373922756,2.158269763048432
56.500242681013,11.728871373922756,2.158269763048432
3.9534666317194045,11.728871373922756,2.230447582776601
20.16811834843719,1.3234303974567005,10.395795747604094
20.16811834843719,22.97575997267416,5.935989710453741
20.16811834843719,17.68309206453179,5.665545668380121
20.16811834843719,17.68309206453179,4.681345487756742
20.16811834843719,6.515995714781603,1.4018724679269978
20.16811834843719,22.08374976865654,5.091651489960096
121.30795952459269,17.68309206453179,0.09146493242713996
20.16811834843719,17.68309206453179,5.315314860478938
20.16811834843719,17.68309206453179,5.315314860478938
20.16811834843719,17.68309206453179,4.681345487756742
3.9534666317194045,17.68309206453179,2.9125901710541937
20.16811834843719,30.016339044332355,5.2684478555981995
20.16811834843719,1.3234303974567005,10.395795747604094
20.16811834843719,18.41927850105235,6.936111459109245
60.930200626665076,6.403781830182252,0.09636797502094425
3.9534666317194045,17.68309206453179,1.213207652890091
121.30795952459269,17.68309206453179,0.09146493242713996
56.500242681013,43.652315164507264,7.594285298060809
3.9534666317194045,11.728871373922756,2.230447582776601
3.9534666317194045,11.728871373922756,2.1932992619333715
20.16811834843719,23.596192837839986,6.262290764628948
22.298557387101532,11.728871373922756,4.051675910197655
20.16811834843719,11.728871373922756,10.537316308953722
17.2128107500992,17.68309206453179,5.3094242355014805
121.30795952459269,17.68309206453179,0.09146493242713996
56.500242681013,10.563946318647018,2.0501250496249357
3.9534666317194045,11.728871373922756,2.230447582776601
31.746993819580503,22.674988018987293,5.827435902987686
20.16811834843719,17.68309206453179,4.681345487756742
56.500242681013,18.478942936325765,2.9272124000749598
20.16811834843719,11.728871373922756,4.457367922286724
56.500242681013,10.197129127780993,2.020274990586178
20.16811834843719,17.68309206453179,5.665545668380121
56.500242681013,43.652315164507264,3.5280067731980522
20.16811834843719,43.693908146980775,2.8352134964431133
20.16811834843719,17.68309206453179,4.681345487756742
20.16811834843719,11.728871373922756,4.457367922286724
20.16811834843719,17.68309206453179,4.681345487756742
20.16811834843719,8.376016526897262,5.130264763521151
20.16811834843719,11.728871373922756,4.457367922286724
35.59551575140562,32.94069933743465,7.7214648392963605
20.16811834843719,17.68309206453179,6.220752156396854
19.491461102944218,22.674988018987293,4.883956102241165
20.16811834843719,17.68309206453179,5.315314860478938
20.16811834843719,17.68309206453179,6.167048531306092
20.16811834843719,17.68309206453179,6.220752156396854
20.16811834843719,27.476031430744204,5.315314860478938
56.500242681013,10.197129127780993,2.020274990586178
56.500242681013,43.652315164507264,7.594285298060809
20.16811834843719,1.3234303974567005,4.430700089552301
20.16811834843719,17.68309206453179,6.220752156396854
20.16811834843719,17.68309206453179,5.665545668380121
3.9534666317194045,17.68309206453179,1.213207652890091
20.16811834843719,17.68309206453179,5.665545668380121
3.9534666317194045,11.728871373922756,2.7766608227599026
56.500242681013,14.489699921538516,0.09425132229034301
20.16811834843719,1.5695572961760433,0.108237496944569
20.16811834843719,6.515995714781603,1.4018724679269978
20.16811834843719,8.376016526897262,5.130264763521151
20.16811834843719,11.728871373922756,4.457367922286724
20.16811834843719,11.728871373922756,3.999202899479149
20.16811834843719,17.68309206453179,5.665545668380121
20.16811834843719,17.68309206453179,5.315314860478938
31.746993819580503,22.674988018987293,5.827435902987686
31.746993819580503,22.674988018987293,5.827435902987686
20.16811834843719,17.68309206453179,4.681345487756742
3.9534666317194045,11.728871373922756,2.7766608227599026
20.16811834843719,11.728871373922756,10.537316308953722
33.11002241090927,11.68310203354672,2.7945601851589323
35.03959199379409,30.016339044332355,7.6603658264893175
20.16811834843719,11.728871373922756,4.457367922286724
20.16811834843719,34.10599889266592,3.571813933789305
22.252948659459985,22.674988018987293,6.2800481541325
20.16811834843719,32.88635096371922,5.182836928475978
20.16811834843719,11.728871373922756,5.130264763521151
20.16811834843719,1.3234303974567005,10.395795747604094
56.500242681013,11.728871373922756,2.158269763048432
56.500242681013,11.728871373922756,2.158269763048432
20.16811834843719,17.68309206453179,5.665545668380121
20.16811834843719,22.97575997267416,5.935989710453741
20.16811834843719,11.728871373922756,3.999202899479149
56.500242681013,11.728871373922756,2.158269763048432
20.16811834843719,23.596192837839986,6.262290764628948
34.59768508202552,11.731051652031244,3.8069364055759918
3.9534666317194045,11.728871373922756,2.230447582776601
17.2128107500992,17.68309206453179,5.3094242355014805
34.59768508202552,11.731051652031244,3.8069364055759918
3.9534666317194045,11.728871373922756,2.230447582776601
56.500242681013,18.478942936325765,2.9272124000749598
20.16811834843719,11.728871373922756,3.999202899479149
56.500242681013,10.563946318647018,2.0501250496249357
56.500242681013,11.728871373922756,2.158269763048432
20.16811834843719,17.68309206453179,4.681345487756742
20.16811834843719,32.88635096371922,5.182836928475978
20.16811834843719,32.88635096371922,5.182836928475978
20.16811834843719,11.728871373922756,4.457367922286724
20.16811834843719,11.728871373922756,4.457367922286724
20.16811834843719,22.97575997267416,5.935989710453741
20.16811834843719,27.476031430744204,5.315314860478938
20.16811834843719,17.68309206453179,4.681345487756742
20.16811834843719,22.08374976865654,5.091651489960096
56.500242681013,11.728871373922756,2.158269763048432
20.16811834843719,17.68309206453179,7.41458064242906
56.500242681013,43.652315164507264,7.794193542223268
20.16811834843719,17.68309206453179,4.681345487756742
20.16811834843719,11.728871373922756,4.457367922286724
56.500242681013,43.652315164507264,3.5280067731980522
56.500242681013,43.652315164507264,7.794193542223268
20.16811834843719,17.68309206453179,4.681345487756742
33.11002241090927,11.68310203354672,2.7945601851589323
3.9534666317194045,11.728871373922756,2.7766608227599026
3.9534666317194045,11.728871373922756,2.7766608227599026
3.9534666317194045,11.728871373922756,1.94061027867823
20.16811834843719,11.728871373922756,4.457367922286724
3.9534666317194045,17.68309206453179,1.213207652890091
56.500242681013,11.728871373922756,2.158269763048432
20.16811834843719,34.10599889266592,3.571813933789305
20.16811834843719,17.68309206453179,5.315314860478938
20.16811834843719,17.68309206453179,5.315314860478938
3.9534666317194045,11.728871373922756,2.7766608227599026
3.9534666317194045,11.728871373922756,2.230447582776601
56.500242681013,43.652315164507264,3.5280067731980522
56.500242681013,43.652315164507264,3.5280067731980522
20.16811834843719,11.728871373922756,10.537316308953722
20.16811834843719,17.68309206453179,5.315314860478938
22.298557387101532,11.728871373922756,4.051675910197655
16.154015104867316,11.728871373922756,4.457367922286724
3.9534666317194045,11.728871373922756,2.230447582776601
20.16811834843719,11.728871373922756,3.999202899479149
20.16811834843719,11.728871373922756,4.457367922286724
20.16811834843719,32.88635096371922,5.182836928475978
56.500242681013,11.728871373922756,2.158269763048432
3.9534666317194045,11.728871373922756,2.230447582776601
20.16811834843719,11.728871373922756,3.999202899479149
56.500242681013,43.652315164507264,3.5280067731980522
20.16811834843719,30.016339044332355,5.2684478555981995
56.500242681013,43.652315164507264,3.5280067731980522
20.16811834843719,22.08374976865654,5.091651489960096
3.9534666317194045,11.728871373922756,2.1932992619333715
20.16811834843719,17.68309206453179,4.681345487756742
34.59768508202552,11.731051652031244,3.8069364055759918
20.16811834843719,11.728871373922756,10.537316308953722
3.9534666317194045,11.728871373922756,2.230447582776601
20.16811834843719,17.68309206453179,4.681345487756742
20.16811834843719,22.08374976865654,5.091651489960096
56.500242681013,11.728871373922756,2.158269763048432
56.500242681013,10.563946318647018,2.0501250496249357
3.9534666317194045,17.68309206453179,2.9125901710541937
20.16811834843719,11.728871373922756,10.537316308953722
20.16811834843719,18.41927850105235,6.936111459109245
22.298557387101532,11.728871373922756,4.051675910197655
56.500242681013,17.68309206453179,0.8337927452238518
20.16811834843719,17.68309206453179,4.681345487756742
3.9534666317194045,11.728871373922756,2.2193761829033205
20.16811834843719,11.728871373922756,3.999202899479149
56.500242681013,10.197129127780993,2.020274990586178
56.500242681013,43.652315164507264,3.5280067731980522
56.500242681013,11.728871373922756,2.158269763048432
20.16811834843719,11.728871373922756,3.999202899479149
56.500242681013,11.728871373922756,2.158269763048432
20.16811834843719,17.68309206453179,4.681345487756742
20.16811834843719,11.728871373922756,3.999202899479149
3.9534666317194045,11.728871373922756,2.0210625168307788
3.9534666317194045,11.728871373922756,2.230447582776601
56.500242681013,17.68309206453179,0.8337927452238518
20.16811834843719,17.68309206453179,4.681345487756742
6.752111757943222,17.68309206453179,3.4224122458745874
56.500242681013,18.478942936325765,2.9272124000749598
20.16811834843719,11.728871373922756,3.999202899479149
20.16811834843719,17.68309206453179,4.681345487756742
20.16811834843719,1.3234303974567005,4.430700089552301
56.500242681013,11.728871373922756,2.158269763048432
20.16811834843719,34.10599889266592,3.571813933789305
56.500242681013,10.197129127780993,2.020274990586178
20.16811834843719,11.728871373922756,3.999202899479149
