53.87959819593011,30.30504453058247,8.696059519881068
36.30002669216628,17.68309206453179,7.934279862841536
20.16811834843719,17.68309206453179,6.963597065455932
36.30002669216628,5.924649180574685,0.10889156175558976
66.6244103752274,11.593108400708546,3.7100706807652615
36.30002669216628,17.68309206453179,5.942506638090612
66.6244103752274,17.68309206453179,5.0895288968782815
36.30002669216628,17.68309206453179,5.942506638090612
36.30002669216628,17.68309206453179,7.770487927630759
36.30002669216628,11.593108400708546,4.563048421977593
36.30002669216628,11.593108400708546,4.563048421977593
36.30002669216628,11.593108400708546,4.563048421977593
24.92758652500305,16.603283497178538,9.155841490897453
52.01028384941251,17.68309206453179,5.622335113846552
68.36791799310987,11.435821920957636,0.09571214115623702
36.30002669216628,11.435821920957636,0.8653220915417863
36.30002669216628,11.593108400708546,4.563048421977593
36.30002669216628,17.68309206453179,5.942506638090612
36.30002669216628,17.68309206453179,5.942506638090612
74.52055563977768,17.68309206453179,4.64732636454139
36.30002669216628,17.68309206453179,6.30506794367262
4.406433108506679,9.100618557422157,0.09639321037702948
66.6244103752274,17.68309206453179,5.0895288968782815
36.30002669216628,17.68309206453179,5.942506638090612
20.16811834843719,17.68309206453179,8.071031800069136
36.30002669216628,17.68309206453179,5.942506638090612
66.6244103752274,17.68309206453179,5.0895288968782815
20.16811834843719,17.68309206453179,6.264615207671933
36.30002669216628,11.435821920957636,0.8860767607458906
20.16811834843719,11.593108400708546,5.5494639471510485
36.30002669216628,17.68309206453179,5.942506638090612
20.16811834843719,20.52160299922484,7.200262692377684
66.6244103752274,21.670294963864762,5.415269827806021
66.6244103752274,11.593108400708546,3.7100706807652615
20.16811834843719,11.435821920957636,10.256785484708006
24.92758652500305,17.68309206453179,6.83936074615503
62.64096530753563,17.68309206453179,7.4962394499701706
66.6244103752274,11.593108400708546,3.7100706807652615
36.30002669216628,17.68309206453179,5.942506638090612
24.92758652500305,17.68309206453179,7.950103178910333
23.323812590064072,11.593108400708546,4.8909348253677365
15.764718441088625,17.68309206453179,5.112304608186941
20.16811834843719,14.048017895608787,4.135999941614699
20.16811834843719,17.68309206453179,6.963597065455932
36.30002669216628,18.550880456947066,9.022188012060276
36.30002669216628,16.603283497178538,6.3206927368089145
66.6244103752274,17.68309206453179,5.0895288968782815
24.92758652500305,16.603283497178538,6.717220649904099
20.16811834843719,10.852600923547719,8.071031800069136
66.6244103752274,11.593108400708546,0.10247079598345296
66.6244103752274,11.593108400708546,3.7100706807652615
26.926436805629482,2.1729227018939317,0.0988161939886076
36.30002669216628,16.603283497178538,6.182927847421688
36.30002669216628,2.3820158599788375,4.8909348253677365
36.30002669216628,32.80304547832438,6.2663552513828815
66.6244103752274,17.68309206453179,5.0895288968782815
36.30002669216628,5.594620818635107,6.546706819636934
36.30002669216628,19.162330372166863,6.361726846792881
26.27020842976925,8.41997569523689,1.384169383824108
66.6244103752274,11.593108400708546,3.7100706807652615
20.16811834843719,17.68309206453179,6.865594162811482
36.707434882744025,14.468735857902033,4.683171420867771
66.6244103752274,17.68309206453179,5.0895288968782815
36.30002669216628,17.68309206453179,6.546706819636934
66.6244103752274,17.68309206453179,5.0895288968782815
41.50804379841223,16.696993148229414,4.967942700752248
22.31797150103977,26.680611406959144,5.783804620957505
66.6244103752274,17.68309206453179,5.0895288968782815
20.16811834843719,17.68309206453179,7.20673300253306
36.30002669216628,2.7337217603058246,4.875978888383443
66.6244103752274,11.593108400708546,3.7100706807652615
36.30002669216628,4.61805053725794,6.493381235326516
66.6244103752274,11.593108400708546,3.7100706807652615
36.30002669216628,17.68309206453179,6.30506794367262
76.52346494589008,6.429438127192551,3.684220585698487
36.30002669216628,11.593108400708546,4.8909348253677365
36.30002669216628,16.603283497178538,6.346175625271942
66.6244103752274,17.68309206453179,0.1014643567190489
20.16811834843719,13.92938420175351,7.722948185734878
66.6244103752274,11.593108400708546,3.7100706807652615
