20.16811834843719,11.728871373922756,9.532500995698394
22.531763797125883,5.183143609628276,6.1721466623721035
17.244610037457555,11.728871373922756,8.365530711747393
3.4923644339226847,3.2259303118638263,6.60090991952717
11.920928250804069,17.265329612098682,3.5960436421386026
20.16811834843719,11.728871373922756,5.7280665777082795
20.16811834843719,11.728871373922756,9.532500995698394
20.16811834843719,11.552500905557745,6.376492015279023
17.244610037457555,11.728871373922756,5.678840286468872
3.4923644339226847,3.2259303118638263,6.60090991952717
10.334120187170187,11.728871373922756,5.74891117108495
20.16811834843719,11.728871373922756,9.532500995698394
10.334120187170187,11.728871373922756,5.74891117108495
10.334120187170187,11.728871373922756,5.74891117108495
20.16811834843719,11.728871373922756,9.532500995698394
11.920928250804069,0.28998474603540103,0.09935953075983513
11.920928250804069,11.728871373922756,6.590664213641749
11.920928250804069,11.728871373922756,6.590664213641749
20.16811834843719,11.728871373922756,5.7280665777082795
72.94589916606553,1.9270495375218673,0.10230891622922711
11.920928250804069,11.728871373922756,6.219287782666342
3.4923644339226847,5.569465489738748,3.434141695632594
21.075885825749427,19.72349421788209,6.606253922165864
11.920928250804069,11.728871373922756,5.94762504841982
11.920928250804069,11.728871373922756,6.590664213641749
20.16811834843719,11.728871373922756,5.7280665777082795
20.16811834843719,11.728871373922756,5.7280665777082795
15.326861479101531,2.632517075341746,0.09095193597188965
106.98267419228041,13.843042830958538,0.10851102311938757
20.16811834843719,1.8778049558775791,0.10711951328256245
22.531763797125883,5.183143609628276,6.1721466623721035
20.16811834843719,1.367460568816659,2.944853698159446
11.920928250804069,11.728871373922756,5.346053986941711
44.60038482872791,5.569465489738748,1.2283800078992146
44.60038482872791,5.569465489738748,1.2283800078992146
17.244610037457555,1.4431273427748579,2.8776441461557747
20.16811834843719,11.728871373922756,5.7280665777082795
20.16811834843719,11.728871373922756,5.7280665777082795
3.8333415848458436,11.728871373922756,5.856302465189657
20.16811834843719,11.728871373922756,5.7280665777082795
11.920928250804069,0.28998474603540103,0.09935953075983513
20.16811834843719,11.728871373922756,10.12628050271211
31.150407038615263,11.728871373922756,5.332793641023034
20.16811834843719,11.728871373922756,5.7280665777082795
20.16811834843719,11.728871373922756,8.868249717614267
106.98267419228041,13.843042830958538,0.10851102311938757
17.244610037457555,1.4431273427748579,2.8776441461557747
11.920928250804069,11.728871373922756,5.346053986941711
55.7413390485849,11.728871373922756,7.184287750860992
20.16811834843719,11.728871373922756,8.887516775293573
17.244610037457555,11.728871373922756,5.678840286468872
11.920928250804069,11.728871373922756,6.91430873809947
20.16811834843719,11.728871373922756,9.532500995698394
20.16811834843719,11.728871373922756,8.856828911432032
11.920928250804069,11.728871373922756,5.603631383139769
11.920928250804069,11.728871373922756,6.219287782666342
20.16811834843719,3.27294099628775,3.3877269766487474
72.94589916606553,2.784258593456074,0.09890754290041566
17.244610037457555,11.728871373922756,5.678840286468872
20.16811834843719,11.728871373922756,5.7280665777082795
20.16811834843719,11.728871373922756,5.7280665777082795
21.075885825749427,19.72349421788209,6.606253922165864
10.334120187170187,11.728871373922756,5.74891117108495
11.920928250804069,11.728871373922756,6.91430873809947
20.16811834843719,11.728871373922756,8.856828911432032
11.920928250804069,11.728871373922756,5.94762504841982
17.244610037457555,11.728871373922756,5.678840286468872
31.150407038615263,11.728871373922756,5.332793641023034
20.16811834843719,11.728871373922756,5.7280665777082795
11.920928250804069,11.728871373922756,5.94762504841982
20.16811834843719,11.728871373922756,9.532500995698394
20.16811834843719,11.728871373922756,5.7280665777082795
20.16811834843719,11.552500905557745,6.376492015279023
17.244610037457555,1.4431273427748579,2.8776441461557747
20.16811834843719,11.728871373922756,5.7280665777082795
17.244610037457555,1.4431273427748579,2.8776441461557747
17.244610037457555,11.728871373922756,5.678840286468872
20.16811834843719,11.728871373922756,7.043194335631895
22.531763797125883,5.183143609628276,6.1721466623721035
20.16811834843719,11.728871373922756,6.44119208994247
3.4923644339226847,5.569465489738748,3.434141695632594
20.16811834843719,11.728871373922756,5.7280665777082795
72.94589916606553,11.728871373922756,0.10006100431460203
11.920928250804069,11.728871373922756,5.346053986941711
20.16811834843719,1.8778049558775791,0.10711951328256245
20.16811834843719,11.728871373922756,5.7280665777082795
11.920928250804069,11.728871373922756,5.94762504841982
3.4923644339226847,2.740011735087712,3.070808775793819
17.244610037457555,11.728871373922756,9.652474390366525
20.16811834843719,1.8778049558775791,0.10711951328256245
17.244610037457555,11.728871373922756,5.678840286468872
20.16811834843719,11.728871373922756,5.7280665777082795
20.16811834843719,11.728871373922756,5.7280665777082795
17.244610037457555,11.728871373922756,5.678840286468872
72.94589916606553,1.9270495375218673,0.09172535948829148
11.920928250804069,11.728871373922756,5.94762504841982
20.16811834843719,11.728871373922756,5.7280665777082795
10.334120187170187,11.728871373922756,5.74891117108495
20.16811834843719,11.728871373922756,5.7280665777082795
3.4923644339226847,5.569465489738748,3.434141695632594
15.326861479101531,2.632517075341746,0.09095193597188965
72.94589916606553,5.569465489738748,0.09062452635989822
3.4923644339226847,0.7676860764911306,0.09092329977136349
20.16811834843719,1.8778049558775791,2.8748422837935523
11.920928250804069,11.728871373922756,5.94762504841982
11.920928250804069,17.265329612098682,3.5960436421386026
56.500242681013,8.075662616477649,0.09245808606459581
55.7413390485849,11.728871373922756,7.184287750860992
11.920928250804069,11.728871373922756,5.94762504841982
20.16811834843719,11.728871373922756,7.043194335631895
20.16811834843719,11.728871373922756,8.868249717614267
17.244610037457555,1.4431273427748579,2.8776441461557747
21.075885825749427,19.72349421788209,6.606253922165864
72.94589916606553,1.9270495375218673,0.10230891622922711
3.8333415848458436,11.728871373922756,5.856302465189657
22.531763797125883,5.183143609628276,6.1721466623721035
3.4923644339226847,5.569465489738748,3.434141695632594
11.920928250804069,11.728871373922756,5.94762504841982
21.075885825749427,19.72349421788209,6.606253922165864
10.334120187170187,11.728871373922756,5.74891117108495
20.16811834843719,11.728871373922756,6.44119208994247
17.244610037457555,11.728871373922756,9.652474390366525
20.16811834843719,5.09691434645418,3.2892332504279365
17.244610037457555,11.728871373922756,5.678840286468872
20.16811834843719,3.27294099628775,3.3877269766487474
11.920928250804069,11.728871373922756,5.94762504841982
17.244610037457555,11.728871373922756,8.365530711747393
20.16811834843719,11.728871373922756,5.7280665777082795
20.16811834843719,11.728871373922756,9.532500995698394
20.16811834843719,11.728871373922756,5.7280665777082795
32.58628427774908,11.728871373922756,9.524979584244853
11.920928250804069,11.728871373922756,5.346053986941711
0.7550058398997699,11.728871373922756,0.3580733846683143
72.94589916606553,11.728871373922756,0.10006100431460203
20.16811834843719,11.728871373922756,5.7280665777082795
11.920928250804069,11.728871373922756,5.346053986941711
11.920928250804069,11.728871373922756,5.94762504841982
3.4923644339226847,0.7676860764911306,0.09092329977136349
11.920928250804069,11.728871373922756,6.219287782666342
31.150407038615263,11.728871373922756,5.332793641023034
11.920928250804069,11.728871373922756,5.346053986941711
20.16811834843719,11.728871373922756,5.7280665777082795
17.244610037457555,11.728871373922756,9.652474390366525
106.98267419228041,13.843042830958538,0.10851102311938757
11.920928250804069,11.728871373922756,5.346053986941711
20.16811834843719,11.728871373922756,7.043194335631895
20.16811834843719,11.728871373922756,5.7280665777082795
20.16811834843719,11.728871373922756,5.7280665777082795
72.94589916606553,1.9270495375218673,0.10230891622922711
20.16811834843719,11.728871373922756,5.7280665777082795
11.920928250804069,0.28998474603540103,0.09935953075983513
13.448344242391123,5.569465489738748,5.883079313425335
11.920928250804069,11.346518094874886,5.450364075103026
11.920928250804069,11.728871373922756,5.603631383139769
11.920928250804069,11.728871373922756,5.94762504841982
72.94589916606553,1.9270495375218673,0.6761208587767098
20.16811834843719,11.728871373922756,5.7280665777082795
20.16811834843719,11.728871373922756,8.887516775293573
20.16811834843719,11.728871373922756,5.7280665777082795
20.16811834843719,1.8778049558775791,2.8748422837935523
11.920928250804069,17.265329612098682,3.5960436421386026
32.73879196539061,11.728871373922756,3.1533308391663444
3.4923644339226847,0.7676860764911306,0.09092329977136349
17.244610037457555,11.728871373922756,8.365530711747393
20.16811834843719,11.728871373922756,8.868249717614267
10.334120187170187,11.728871373922756,5.74891117108495
17.244610037457555,11.728871373922756,9.652474390366525
106.98267419228041,13.843042830958538,0.10851102311938757
17.244610037457555,11.728871373922756,5.678840286468872
11.920928250804069,11.728871373922756,5.346053986941711
20.16811834843719,11.728871373922756,5.7280665777082795
11.920928250804069,11.728871373922756,5.94762504841982
17.244610037457555,11.728871373922756,5.678840286468872
20.16811834843719,11.728871373922756,8.856828911432032
20.16811834843719,11.728871373922756,8.887516775293573
20.16811834843719,3.27294099628775,3.3877269766487474
32.58628427774908,11.728871373922756,9.524979584244853
20.16811834843719,11.728871373922756,5.7280665777082795
32.58628427774908,11.728871373922756,9.524979584244853
11.920928250804069,11.728871373922756,5.94762504841982
20.16811834843719,11.728871373922756,8.868249717614267
72.94589916606553,1.9270495375218673,0.09172535948829148
20.16811834843719,3.27294099628775,3.3877269766487474
72.94589916606553,5.569465489738748,0.09062452635989822
11.920928250804069,11.728871373922756,5.346053986941711
20.16811834843719,11.728871373922756,5.7280665777082795
20.16811834843719,11.728871373922756,5.7280665777082795
20.16811834843719,11.728871373922756,5.7280665777082795
72.94589916606553,1.9270495375218673,0.09172535948829148
17.244610037457555,1.4431273427748579,2.8776441461557747
20.16811834843719,11.728871373922756,9.532500995698394
20.16811834843719,11.552500905557745,6.376492015279023
11.920928250804069,11.728871373922756,5.346053986941711
11.920928250804069,11.728871373922756,5.346053986941711
10.334120187170187,11.728871373922756,5.74891117108495
72.94589916606553,1.9270495375218673,0.10230891622922711
20.16811834843719,1.367460568816659,2.944853698159446
11.920928250804069,11.728871373922756,5.607144878361801
3.4923644339226847,3.2259303118638263,6.60090991952717
20.16811834843719,11.728871373922756,7.043194335631895
20.16811834843719,11.552500905557745,6.376492015279023
20.16811834843719,11.728871373922756,5.7280665777082795
20.16811834843719,11.728871373922756,8.856828911432032
20.16811834843719,11.728871373922756,5.7280665777082795
56.500242681013,8.075662616477649,0.09245808606459581
20.16811834843719,5.09691434645418,3.2892332504279365
44.60038482872791,5.569465489738748,1.2283800078992146
11.920928250804069,11.728871373922756,6.590664213641749
72.94589916606553,11.728871373922756,0.10006100431460203
20.16811834843719,11.728871373922756,5.7280665777082795
106.98267419228041,13.843042830958538,0.10851102311938757
3.4923644339226847,2.740011735087712,3.070808775793819
20.16811834843719,11.728871373922756,7.043194335631895
56.500242681013,8.075662616477649,0.09245808606459581
3.4923644339226847,0.7676860764911306,0.09092329977136349
20.16811834843719,11.728871373922756,5.7280665777082795
20.16811834843719,11.552500905557745,6.376492015279023
11.920928250804069,11.728871373922756,6.219287782666342
72.94589916606553,11.728871373922756,0.10006100431460203
72.94589916606553,1.9270495375218673,0.09172535948829148
20.16811834843719,11.728871373922756,5.7280665777082795
20.16811834843719,11.728871373922756,5.7280665777082795
20.16811834843719,3.27294099628775,3.3877269766487474
32.73879196539061,11.728871373922756,3.1533308391663444
72.94589916606553,2.257755795335926,1.2283800078992146
20.16811834843719,3.27294099628775,3.3877269766487474
20.16811834843719,11.728871373922756,5.7280665777082795
0.7550058398997699,11.728871373922756,0.3580733846683143
20.16811834843719,11.728871373922756,8.856828911432032
72.94589916606553,1.9270495375218673,0.09172535948829148
20.16811834843719,11.728871373922756,5.7280665777082795
56.500242681013,8.075662616477649,0.09245808606459581
20.16811834843719,1.8778049558775791,2.8748422837935523
17.244610037457555,11.728871373922756,5.678840286468872
31.150407038615263,11.728871373922756,5.332793641023034
11.920928250804069,11.728871373922756,5.94762504841982
11.920928250804069,0.28998474603540103,0.09935953075983513
20.16811834843719,1.367460568816659,2.944853698159446
11.920928250804069,11.728871373922756,5.603631383139769
20.16811834843719,11.728871373922756,9.532500995698394
11.920928250804069,11.728871373922756,5.780424885262177
20.16811834843719,3.295886959989127,3.149455999079666
20.16811834843719,11.728871373922756,5.7280665777082795
56.500242681013,8.075662616477649,0.09245808606459581
55.7413390485849,11.728871373922756,7.184287750860992
20.16811834843719,1.8778049558775791,2.8748422837935523
20.16811834843719,1.367460568816659,2.944853698159446
17.244610037457555,11.728871373922756,5.678840286468872
20.16811834843719,11.728871373922756,5.7280665777082795
3.4923644339226847,5.569465489738748,3.434141695632594
72.94589916606553,1.9270495375218673,0.09172535948829148
32.73879196539061,11.728871373922756,3.1533308391663444
106.98267419228041,13.843042830958538,0.10851102311938757
20.16811834843719,3.27294099628775,3.3877269766487474
56.500242681013,8.075662616477649,0.09245808606459581
4.697130230306097,8.984159161732109,6.44119208994247
44.60038482872791,5.569465489738748,1.2283800078992146
32.73879196539061,11.728871373922756,3.1533308391663444
20.16811834843719,11.728871373922756,10.12628050271211
20.16811834843719,11.728871373922756,5.7280665777082795
20.16811834843719,3.27294099628775,3.3877269766487474
20.16811834843719,11.728871373922756,5.7280665777082795
32.58628427774908,11.728871373922756,9.524979584244853
3.8333415848458436,11.728871373922756,5.856302465189657
32.58628427774908,11.728871373922756,9.524979584244853
20.16811834843719,11.728871373922756,5.7280665777082795
3.4923644339226847,3.2259303118638263,6.60090991952717
32.73879196539061,11.728871373922756,3.1533308391663444
20.16811834843719,11.728871373922756,5.7280665777082795
20.16811834843719,11.728871373922756,5.7280665777082795
55.7413390485849,11.728871373922756,7.184287750860992
11.920928250804069,11.728871373922756,5.607144878361801
13.448344242391123,5.569465489738748,5.883079313425335
20.16811834843719,11.728871373922756,5.7280665777082795
11.920928250804069,11.728871373922756,5.94762504841982
11.920928250804069,11.728871373922756,5.94762504841982
11.920928250804069,11.728871373922756,5.94762504841982
11.920928250804069,11.728871373922756,5.603631383139769
15.326861479101531,2.632517075341746,0.09095193597188965
20.16811834843719,1.8778049558775791,2.8748422837935523
20.16811834843719,11.728871373922756,5.7280665777082795
20.16811834843719,11.728871373922756,5.7280665777082795
44.60038482872791,5.569465489738748,1.2283800078992146
72.94589916606553,1.9270495375218673,0.6761208587767098
44.60038482872791,5.569465489738748,1.2283800078992146
17.244610037457555,11.728871373922756,5.678840286468872
20.16811834843719,11.728871373922756,6.44119208994247
17.244610037457555,11.728871373922756,9.652474390366525
11.920928250804069,11.728871373922756,5.346053986941711
17.244610037457555,11.728871373922756,9.652474390366525
20.16811834843719,11.728871373922756,5.7280665777082795
11.920928250804069,11.728871373922756,5.94762504841982
4.697130230306097,8.984159161732109,6.44119208994247
20.16811834843719,1.8778049558775791,2.8748422837935523
72.94589916606553,11.728871373922756,0.10006100431460203
11.920928250804069,11.728871373922756,5.94762504841982
20.16811834843719,11.728871373922756,8.868249717614267
20.16811834843719,5.09691434645418,3.2892332504279365
21.075885825749427,19.72349421788209,6.606253922165864
0.7550058398997699,11.728871373922756,0.3580733846683143
11.920928250804069,11.728871373922756,5.94762504841982
72.94589916606553,1.9270495375218673,0.09172535948829148
72.94589916606553,5.569465489738748,0.09062452635989822
11.920928250804069,11.346518094874886,5.450364075103026
20.16811834843719,11.728871373922756,5.7280665777082795
17.244610037457555,11.728871373922756,5.678840286468872
11.920928250804069,11.728871373922756,5.94762504841982
20.16811834843719,11.728871373922756,5.7280665777082795
20.16811834843719,3.295886959989127,3.149455999079666
72.94589916606553,2.784258593456074,0.09890754290041566
11.920928250804069,11.728871373922756,6.219287782666342
72.94589916606553,11.728871373922756,0.10006100431460203
3.4923644339226847,5.569465489738748,3.434141695632594
17.244610037457555,11.728871373922756,5.678840286468872
17.244610037457555,11.728871373922756,5.678840286468872
11.920928250804069,11.728871373922756,5.94762504841982
11.920928250804069,11.728871373922756,5.607144878361801
20.16811834843719,3.27294099628775,3.3877269766487474
21.075885825749427,19.72349421788209,6.606253922165864
3.4923644339226847,2.740011735087712,3.070808775793819
20.16811834843719,11.728871373922756,5.7280665777082795
17.244610037457555,11.728871373922756,8.365530711747393
20.16811834843719,11.728871373922756,5.7280665777082795
20.16811834843719,11.728871373922756,5.7280665777082795
20.16811834843719,11.728871373922756,5.7280665777082795
11.920928250804069,11.728871373922756,5.607144878361801
11.920928250804069,11.728871373922756,5.94762504841982
20.16811834843719,11.728871373922756,5.7280665777082795
20.16811834843719,3.27294099628775,3.3877269766487474
20.16811834843719,11.728871373922756,7.043194335631895
72.94589916606553,1.9270495375218673,0.10230891622922711
3.4923644339226847,3.2259303118638263,6.60090991952717
3.8333415848458436,11.728871373922756,5.856302465189657
106.98267419228041,13.843042830958538,0.10851102311938757
20.16811834843719,11.728871373922756,5.7280665777082795
20.16811834843719,11.728871373922756,8.856828911432032
20.16811834843719,3.27294099628775,3.3877269766487474
21.075885825749427,19.72349421788209,6.606253922165864
72.94589916606553,5.569465489738748,0.09062452635989822
20.16811834843719,11.728871373922756,5.7280665777082795
17.244610037457555,11.728871373922756,5.678840286468872
72.94589916606553,11.728871373922756,0.10006100431460203
3.4923644339226847,2.740011735087712,3.070808775793819
32.58628427774908,11.728871373922756,9.524979584244853
20.16811834843719,11.728871373922756,5.7280665777082795
3.8333415848458436,11.728871373922756,5.856302465189657
20.16811834843719,11.728871373922756,5.7280665777082795
20.16811834843719,11.728871373922756,5.7280665777082795
20.16811834843719,11.728871373922756,6.44119208994247
3.4923644339226847,3.2259303118638263,6.60090991952717
72.94589916606553,1.9270495375218673,0.09172535948829148
72.94589916606553,2.784258593456074,0.09890754290041566
11.920928250804069,11.728871373922756,5.607144878361801
3.4923644339226847,2.740011735087712,3.070808775793819
72.94589916606553,2.257755795335926,1.2283800078992146
20.16811834843719,11.728871373922756,5.7280665777082795
0.7550058398997699,11.728871373922756,0.3580733846683143
13.448344242391123,5.569465489738748,5.883079313425335
3.4923644339226847,2.740011735087712,3.070808775793819
20.16811834843719,11.728871373922756,5.7280665777082795
20.16811834843719,11.728871373922756,5.7280665777082795
11.920928250804069,11.728871373922756,5.780424885262177
4.697130230306097,8.984159161732109,6.44119208994247
15.326861479101531,2.632517075341746,0.09095193597188965
20.16811834843719,11.728871373922756,5.7280665777082795
72.94589916606553,1.9270495375218673,0.10230891622922711
44.60038482872791,5.569465489738748,1.2283800078992146
3.8333415848458436,11.728871373922756,5.856302465189657
20.16811834843719,11.728871373922756,5.7280665777082795
55.7413390485849,11.728871373922756,7.184287750860992
20.16811834843719,1.8778049558775791,2.8748422837935523
20.16811834843719,3.27294099628775,3.3877269766487474
11.920928250804069,11.728871373922756,5.94762504841982
11.920928250804069,11.728871373922756,5.346053986941711
10.334120187170187,11.728871373922756,5.74891117108495
11.920928250804069,11.728871373922756,5.94762504841982
20.16811834843719,11.728871373922756,8.868249717614267
20.16811834843719,1.8778049558775791,2.8748422837935523
3.8333415848458436,11.728871373922756,5.856302465189657
32.58628427774908,11.728871373922756,9.524979584244853
20.16811834843719,11.728871373922756,5.7280665777082795
72.94589916606553,2.784258593456074,0.09890754290041566
20.16811834843719,11.728871373922756,5.7280665777082795
11.920928250804069,11.728871373922756,5.94762504841982
44.60038482872791,5.569465489738748,1.2283800078992146
32.58628427774908,11.728871373922756,9.524979584244853
17.244610037457555,11.728871373922756,5.678840286468872
20.16811834843719,11.728871373922756,5.7280665777082795
44.60038482872791,5.569465489738748,1.2283800078992146
72.94589916606553,2.784258593456074,0.09890754290041566
20.16811834843719,11.728871373922756,5.7280665777082795
11.920928250804069,11.728871373922756,5.94762504841982
11.920928250804069,11.728871373922756,5.94762504841982
11.920928250804069,11.728871373922756,5.94762504841982
11.920928250804069,11.728871373922756,5.94762504841982
22.531763797125883,5.183143609628276,6.1721466623721035
20.16811834843719,11.728871373922756,5.7280665777082795
11.920928250804069,17.265329612098682,3.5960436421386026
20.16811834843719,11.728871373922756,5.7280665777082795
11.920928250804069,11.728871373922756,6.91430873809947
15.326861479101531,2.632517075341746,0.09095193597188965
11.920928250804069,11.728871373922756,6.91430873809947
3.4923644339226847,2.740011735087712,3.070808775793819
17.244610037457555,11.728871373922756,5.678840286468872
11.920928250804069,11.728871373922756,5.94762504841982
20.16811834843719,11.728871373922756,7.043194335631895
20.16811834843719,5.09691434645418,3.2892332504279365
20.16811834843719,1.8778049558775791,0.10711951328256245
20.16811834843719,11.728871373922756,5.7280665777082795
17.244610037457555,11.728871373922756,5.678840286468872
55.7413390485849,11.728871373922756,7.184287750860992
3.4923644339226847,3.2259303118638263,6.60090991952717
11.920928250804069,11.728871373922756,6.219287782666342
20.16811834843719,11.728871373922756,5.7280665777082795
20.16811834843719,11.728871373922756,5.7280665777082795
3.4923644339226847,5.569465489738748,3.434141695632594
17.244610037457555,1.4431273427748579,2.8776441461557747
20.16811834843719,3.295886959989127,3.149455999079666
72.94589916606553,1.9270495375218673,0.10230891622922711
20.16811834843719,11.728871373922756,5.7280665777082795
17.244610037457555,11.728871373922756,8.365530711747393
11.920928250804069,11.728871373922756,6.91430873809947
20.16811834843719,11.728871373922756,5.7280665777082795
3.4923644339226847,0.7676860764911306,0.09092329977136349
22.531763797125883,5.183143609628276,6.1721466623721035
20.16811834843719,11.728871373922756,5.7280665777082795
17.244610037457555,11.728871373922756,5.678840286468872
32.58628427774908,11.728871373922756,9.524979584244853
20.16811834843719,5.09691434645418,3.2892332504279365
11.920928250804069,11.728871373922756,5.603631383139769
10.334120187170187,11.728871373922756,5.74891117108495
11.920928250804069,11.728871373922756,6.219287782666342
20.16811834843719,11.728871373922756,8.868249717614267
11.920928250804069,11.728871373922756,5.94762504841982
10.334120187170187,11.728871373922756,5.74891117108495
20.16811834843719,11.728871373922756,5.7280665777082795
20.16811834843719,11.728871373922756,5.7280665777082795
11.920928250804069,11.728871373922756,5.94762504841982
72.94589916606553,11.728871373922756,0.10006100431460203
22.531763797125883,5.183143609628276,6.1721466623721035
72.94589916606553,1.9270495375218673,0.6761208587767098
20.16811834843719,11.728871373922756,5.7280665777082795
11.920928250804069,11.728871373922756,5.94762504841982
20.16811834843719,11.728871373922756,5.7280665777082795
11.920928250804069,11.728871373922756,6.219287782666342
20.16811834843719,11.728871373922756,5.7280665777082795
11.920928250804069,11.728871373922756,5.94762504841982
17.244610037457555,11.728871373922756,5.678840286468872
11.920928250804069,11.728871373922756,5.607144878361801
11.920928250804069,11.728871373922756,5.94762504841982
20.16811834843719,11.728871373922756,5.7280665777082795
20.16811834843719,11.728871373922756,5.7280665777082795
32.58628427774908,11.728871373922756,9.524979584244853
31.150407038615263,11.728871373922756,5.332793641023034
20.16811834843719,11.728871373922756,5.7280665777082795
20.16811834843719,5.09691434645418,3.2892332504279365
11.920928250804069,11.728871373922756,6.590664213641749
20.16811834843719,11.728871373922756,5.7280665777082795
20.16811834843719,11.728871373922756,5.7280665777082795
11.920928250804069,11.728871373922756,6.219287782666342
20.16811834843719,11.728871373922756,5.7280665777082795
72.94589916606553,11.728871373922756,0.10006100431460203
17.244610037457555,11.728871373922756,5.678840286468872
20.16811834843719,11.728871373922756,5.7280665777082795
13.448344242391123,5.569465489738748,5.883079313425335
11.920928250804069,17.265329612098682,3.5960436421386026
20.16811834843719,1.8778049558775791,2.8748422837935523
17.244610037457555,11.728871373922756,5.678840286468872
17.244610037457555,11.728871373922756,5.678840286468872
20.16811834843719,11.728871373922756,5.7280665777082795
11.920928250804069,11.728871373922756,5.603631383139769
11.920928250804069,11.728871373922756,6.590664213641749
20.16811834843719,11.728871373922756,5.7280665777082795
11.920928250804069,11.728871373922756,5.346053986941711
20.16811834843719,1.8778049558775791,0.10732550300904961
17.244610037457555,11.728871373922756,8.365530711747393
72.94589916606553,1.9270495375218673,0.6761208587767098
17.244610037457555,11.728871373922756,9.652474390366525
20.16811834843719,11.552500905557745,6.376492015279023
11.920928250804069,11.728871373922756,5.94762504841982
20.16811834843719,1.8778049558775791,2.8748422837935523
11.920928250804069,11.728871373922756,5.94762504841982
15.326861479101531,2.632517075341746,0.09095193597188965
44.60038482872791,5.569465489738748,1.2283800078992146
20.16811834843719,11.728871373922756,5.7280665777082795
20.16811834843719,5.09691434645418,3.2892332504279365
20.16811834843719,11.728871373922756,10.12628050271211
3.8333415848458436,11.728871373922756,5.856302465189657
72.94589916606553,1.9270495375218673,0.6761208587767098
20.16811834843719,11.728871373922756,10.12628050271211
20.16811834843719,11.728871373922756,5.7280665777082795
15.326861479101531,2.632517075341746,0.09095193597188965
20.16811834843719,11.728871373922756,5.7280665777082795
17.244610037457555,11.728871373922756,5.678840286468872
13.448344242391123,5.569465489738748,5.883079313425335
56.500242681013,8.075662616477649,0.09245808606459581
11.920928250804069,11.728871373922756,5.346053986941711
20.16811834843719,11.728871373922756,5.7280665777082795
3.4923644339226847,3.2259303118638263,6.60090991952717
17.244610037457555,11.728871373922756,9.652474390366525
20.16811834843719,1.8778049558775791,0.10732550300904961
55.7413390485849,11.728871373922756,7.184287750860992
20.16811834843719,11.728871373922756,5.7280665777082795
15.326861479101531,2.632517075341746,0.09095193597188965
11.920928250804069,0.28998474603540103,0.09935953075983513
11.920928250804069,11.728871373922756,5.94762504841982
17.244610037457555,11.728871373922756,5.678840286468872
11.920928250804069,11.728871373922756,5.94762504841982
72.94589916606553,11.728871373922756,0.10006100431460203
20.16811834843719,11.728871373922756,9.532500995698394
106.98267419228041,13.843042830958538,0.10851102311938757
21.075885825749427,19.72349421788209,6.606253922165864
20.16811834843719,11.728871373922756,8.868249717614267
20.16811834843719,5.09691434645418,3.2892332504279365
3.4923644339226847,2.740011735087712,3.070808775793819
20.16811834843719,11.552500905557745,6.376492015279023
17.244610037457555,1.4431273427748579,2.8776441461557747
17.244610037457555,11.728871373922756,9.652474390366525
11.920928250804069,11.728871373922756,5.780424885262177
17.244610037457555,11.728871373922756,9.652474390366525
20.16811834843719,11.728871373922756,5.7280665777082795
72.94589916606553,1.9270495375218673,0.6761208587767098
3.8333415848458436,11.728871373922756,5.856302465189657
11.920928250804069,17.265329612098682,3.5960436421386026
72.94589916606553,1.9270495375218673,0.6761208587767098
72.94589916606553,2.257755795335926,1.2283800078992146
3.4923644339226847,5.569465489738748,3.434141695632594
11.920928250804069,11.728871373922756,6.219287782666342
3.8333415848458436,11.728871373922756,5.856302465189657
20.16811834843719,1.8778049558775791,2.8748422837935523
20.16811834843719,11.728871373922756,5.7280665777082795
17.244610037457555,1.4431273427748579,2.8776441461557747
32.73879196539061,11.728871373922756,3.1533308391663444
11.920928250804069,11.728871373922756,5.780424885262177
72.94589916606553,1.9270495375218673,0.10230891622922711
17.244610037457555,11.728871373922756,5.678840286468872
72.94589916606553,1.9270495375218673,0.09172535948829148
11.920928250804069,17.265329612098682,3.5960436421386026
20.16811834843719,11.728871373922756,5.7280665777082795
11.920928250804069,11.728871373922756,5.607144878361801
56.500242681013,8.075662616477649,0.09245808606459581
20.16811834843719,11.728871373922756,5.7280665777082795
11.920928250804069,11.728871373922756,6.219287782666342
72.94589916606553,1.9270495375218673,0.09172535948829148
56.500242681013,8.075662616477649,0.09245808606459581
11.920928250804069,11.728871373922756,5.94762504841982
11.920928250804069,11.728871373922756,6.219287782666342
20.16811834843719,11.728871373922756,8.887516775293573
20.16811834843719,11.728871373922756,5.7280665777082795
20.16811834843719,11.728871373922756,8.856828911432032
11.920928250804069,11.728871373922756,5.346053986941711
11.920928250804069,11.728871373922756,6.590664213641749
31.150407038615263,11.728871373922756,5.332793641023034
72.94589916606553,11.728871373922756,0.10006100431460203
10.334120187170187,11.728871373922756,5.74891117108495
20.16811834843719,11.728871373922756,5.7280665777082795
17.244610037457555,11.728871373922756,5.678840286468872
10.334120187170187,11.728871373922756,5.74891117108495
17.244610037457555,11.728871373922756,5.678840286468872
11.920928250804069,11.728871373922756,5.94762504841982
20.16811834843719,11.728871373922756,10.12628050271211
4.697130230306097,8.984159161732109,6.44119208994247
17.244610037457555,11.728871373922756,5.678840286468872
20.16811834843719,5.09691434645418,3.2892332504279365
20.16811834843719,11.728871373922756,5.7280665777082795
17.244610037457555,11.728871373922756,5.678840286468872
3.8333415848458436,11.728871373922756,5.856302465189657
20.16811834843719,5.09691434645418,3.2892332504279365
11.920928250804069,11.728871373922756,5.603631383139769
32.73879196539061,11.728871373922756,3.1533308391663444
20.16811834843719,11.728871373922756,7.043194335631895
3.4923644339226847,0.7676860764911306,0.09092329977136349
20.16811834843719,1.8778049558775791,0.10711951328256245
11.920928250804069,11.728871373922756,5.94762504841982
56.500242681013,8.075662616477649,0.09245808606459581
20.16811834843719,1.8778049558775791,0.10732550300904961
11.920928250804069,17.265329612098682,3.5960436421386026
20.16811834843719,11.728871373922756,5.7280665777082795
3.8333415848458436,11.728871373922756,5.856302465189657
17.244610037457555,11.728871373922756,8.365530711747393
11.920928250804069,11.728871373922756,5.780424885262177
13.448344242391123,5.569465489738748,5.883079313425335
11.920928250804069,11.728871373922756,5.94762504841982
11.920928250804069,11.728871373922756,5.94762504841982
20.16811834843719,1.367460568816659,2.944853698159446
20.16811834843719,11.728871373922756,6.44119208994247
32.73879196539061,11.728871373922756,3.1533308391663444
11.920928250804069,11.728871373922756,5.346053986941711
11.920928250804069,11.728871373922756,5.94762504841982
72.94589916606553,11.728871373922756,0.10006100431460203
20.16811834843719,1.8778049558775791,0.10711951328256245
20.16811834843719,5.09691434645418,3.2892332504279365
20.16811834843719,11.728871373922756,5.7280665777082795
10.334120187170187,11.728871373922756,5.74891117108495
17.244610037457555,11.728871373922756,5.678840286468872
22.531763797125883,5.183143609628276,6.1721466623721035
20.16811834843719,11.728871373922756,8.856828911432032
17.244610037457555,11.728871373922756,5.678840286468872
17.244610037457555,11.728871373922756,9.652474390366525
11.920928250804069,11.728871373922756,5.94762504841982
17.244610037457555,11.728871373922756,5.678840286468872
72.94589916606553,2.784258593456074,0.09890754290041566
31.150407038615263,11.728871373922756,5.332793641023034
17.244610037457555,11.728871373922756,5.678840286468872
20.16811834843719,1.8778049558775791,0.10711951328256245
17.244610037457555,11.728871373922756,5.678840286468872
20.16811834843719,11.728871373922756,5.7280665777082795
3.4923644339226847,5.569465489738748,3.434141695632594
20.16811834843719,11.728871373922756,5.7280665777082795
56.500242681013,8.075662616477649,0.09245808606459581
72.94589916606553,2.784258593456074,0.09890754290041566
3.4923644339226847,0.7676860764911306,0.09092329977136349
10.334120187170187,11.728871373922756,5.74891117108495
20.16811834843719,1.8778049558775791,0.10732550300904961
20.16811834843719,11.728871373922756,5.7280665777082795
72.94589916606553,2.257755795335926,1.2283800078992146
20.16811834843719,11.728871373922756,5.7280665777082795
72.94589916606553,11.728871373922756,0.10006100431460203
11.920928250804069,11.728871373922756,5.346053986941711
20.16811834843719,1.8778049558775791,0.10732550300904961
11.920928250804069,11.728871373922756,5.607144878361801
20.16811834843719,11.728871373922756,5.7280665777082795
22.531763797125883,5.183143609628276,6.1721466623721035
20.16811834843719,11.728871373922756,9.532500995698394
20.16811834843719,11.728871373922756,5.7280665777082795
20.16811834843719,11.728871373922756,5.7280665777082795
17.244610037457555,11.728871373922756,8.365530711747393
15.326861479101531,2.632517075341746,0.09095193597188965
17.244610037457555,11.728871373922756,5.678840286468872
11.920928250804069,11.728871373922756,5.346053986941711
72.94589916606553,5.569465489738748,0.09062452635989822
20.16811834843719,1.8778049558775791,2.8748422837935523
11.920928250804069,11.728871373922756,5.346053986941711
11.920928250804069,11.728871373922756,5.94762504841982
3.8333415848458436,11.728871373922756,5.856302465189657
20.16811834843719,11.552500905557745,6.376492015279023
20.16811834843719,11.728871373922756,5.7280665777082795
10.334120187170187,11.728871373922756,5.74891117108495
20.16811834843719,3.27294099628775,3.3877269766487474
11.920928250804069,11.728871373922756,5.94762504841982
44.60038482872791,5.569465489738748,1.2283800078992146
13.448344242391123,5.569465489738748,5.883079313425335
11.920928250804069,11.728871373922756,5.94762504841982
11.920928250804069,11.728871373922756,5.94762504841982
20.16811834843719,5.09691434645418,3.2892332504279365
11.920928250804069,11.728871373922756,5.780424885262177
17.244610037457555,11.728871373922756,5.678840286468872
20.16811834843719,11.552500905557745,6.376492015279023
20.16811834843719,11.728871373922756,5.7280665777082795
11.920928250804069,11.728871373922756,6.219287782666342
106.98267419228041,13.843042830958538,0.10851102311938757
13.448344242391123,5.569465489738748,5.883079313425335
20.16811834843719,11.728871373922756,5.7280665777082795
72.94589916606553,1.9270495375218673,0.6761208587767098
17.244610037457555,11.728871373922756,5.678840286468872
20.16811834843719,1.8778049558775791,0.10711951328256245
0.7550058398997699,11.728871373922756,0.3580733846683143
56.500242681013,8.075662616477649,0.09245808606459581
20.16811834843719,11.728871373922756,10.12628050271211
13.448344242391123,5.569465489738748,5.883079313425335
20.16811834843719,11.728871373922756,5.7280665777082795
3.8333415848458436,11.728871373922756,5.856302465189657
3.4923644339226847,0.7676860764911306,0.09092329977136349
11.920928250804069,0.28998474603540103,0.09935953075983513
11.920928250804069,11.728871373922756,5.603631383139769
20.16811834843719,11.728871373922756,5.7280665777082795
20.16811834843719,11.728871373922756,8.856828911432032
20.16811834843719,11.728871373922756,7.043194335631895
20.16811834843719,1.8778049558775791,2.8748422837935523
72.94589916606553,1.9270495375218673,0.09172535948829148
20.16811834843719,3.27294099628775,3.3877269766487474
20.16811834843719,11.728871373922756,5.7280665777082795
17.244610037457555,1.4431273427748579,2.8776441461557747
20.16811834843719,11.728871373922756,5.7280665777082795
20.16811834843719,11.728871373922756,9.532500995698394
72.94589916606553,5.569465489738748,0.09062452635989822
17.244610037457555,11.728871373922756,5.678840286468872
20.16811834843719,1.8778049558775791,0.10732550300904961
21.075885825749427,19.72349421788209,6.606253922165864
11.920928250804069,11.728871373922756,5.94762504841982
17.244610037457555,11.728871373922756,5.678840286468872
32.73879196539061,11.728871373922756,3.1533308391663444
20.16811834843719,11.728871373922756,8.856828911432032
20.16811834843719,11.728871373922756,5.7280665777082795
72.94589916606553,2.784258593456074,0.09890754290041566
17.244610037457555,11.728871373922756,5.678840286468872
20.16811834843719,11.728871373922756,7.043194335631895
106.98267419228041,13.843042830958538,0.10851102311938757
10.334120187170187,11.728871373922756,5.74891117108495
20.16811834843719,11.728871373922756,5.7280665777082795
55.7413390485849,11.728871373922756,7.184287750860992
20.16811834843719,11.728871373922756,8.868249717614267
11.920928250804069,11.728871373922756,5.94762504841982
20.16811834843719,11.728871373922756,5.7280665777082795
20.16811834843719,11.728871373922756,9.532500995698394
3.4923644339226847,5.569465489738748,3.434141695632594
10.334120187170187,11.728871373922756,5.74891117108495
11.920928250804069,11.728871373922756,5.94762504841982
3.4923644339226847,0.7676860764911306,0.09092329977136349
20.16811834843719,11.728871373922756,5.7280665777082795
20.16811834843719,5.09691434645418,3.2892332504279365
20.16811834843719,11.728871373922756,5.7280665777082795
56.500242681013,8.075662616477649,0.09245808606459581
20.16811834843719,1.367460568816659,2.944853698159446
11.920928250804069,11.728871373922756,5.346053986941711
20.16811834843719,11.728871373922756,5.7280665777082795
20.16811834843719,11.728871373922756,5.7280665777082795
17.244610037457555,11.728871373922756,8.365530711747393
32.58628427774908,11.728871373922756,9.524979584244853
17.244610037457555,11.728871373922756,5.678840286468872
20.16811834843719,11.552500905557745,6.376492015279023
20.16811834843719,11.728871373922756,5.7280665777082795
11.920928250804069,11.728871373922756,5.346053986941711
10.334120187170187,11.728871373922756,5.74891117108495
20.16811834843719,11.728871373922756,5.7280665777082795
3.4923644339226847,5.569465489738748,3.434141695632594
11.920928250804069,11.728871373922756,5.346053986941711
20.16811834843719,1.8778049558775791,0.10711951328256245
20.16811834843719,11.728871373922756,6.44119208994247
72.94589916606553,1.9270495375218673,0.6761208587767098
20.16811834843719,11.728871373922756,10.12628050271211
20.16811834843719,11.728871373922756,6.44119208994247
3.8333415848458436,11.728871373922756,5.856302465189657
11.920928250804069,11.728871373922756,5.603631383139769
3.4923644339226847,5.569465489738748,3.434141695632594
20.16811834843719,11.728871373922756,5.7280665777082795
11.920928250804069,11.728871373922756,5.94762504841982
17.244610037457555,1.4431273427748579,2.8776441461557747
32.58628427774908,11.728871373922756,9.524979584244853
32.58628427774908,11.728871373922756,9.524979584244853
20.16811834843719,11.728871373922756,5.7280665777082795
11.920928250804069,11.346518094874886,5.450364075103026
20.16811834843719,11.728871373922756,5.7280665777082795
32.73879196539061,11.728871373922756,3.1533308391663444
17.244610037457555,1.4431273427748579,2.8776441461557747
44.60038482872791,5.569465489738748,1.2283800078992146
4.697130230306097,8.984159161732109,6.44119208994247
72.94589916606553,11.728871373922756,0.10006100431460203
3.4923644339226847,3.2259303118638263,6.60090991952717
17.244610037457555,1.4431273427748579,2.8776441461557747
20.16811834843719,11.728871373922756,9.532500995698394
20.16811834843719,1.8778049558775791,2.8748422837935523
3.4923644339226847,3.2259303118638263,6.60090991952717
20.16811834843719,3.27294099628775,3.3877269766487474
20.16811834843719,1.367460568816659,2.944853698159446
20.16811834843719,11.728871373922756,5.7280665777082795
20.16811834843719,11.728871373922756,5.7280665777082795
11.920928250804069,17.265329612098682,3.5960436421386026
31.150407038615263,11.728871373922756,5.332793641023034
106.98267419228041,13.843042830958538,0.10851102311938757
11.920928250804069,11.728871373922756,5.346053986941711
20.16811834843719,11.728871373922756,5.7280665777082795
11.920928250804069,11.728871373922756,5.94762504841982
11.920928250804069,11.728871373922756,5.94762504841982
20.16811834843719,11.728871373922756,5.7280665777082795
72.94589916606553,1.9270495375218673,0.6761208587767098
20.16811834843719,1.8778049558775791,2.8748422837935523
20.16811834843719,11.728871373922756,8.887516775293573
56.500242681013,8.075662616477649,0.09245808606459581
21.075885825749427,19.72349421788209,6.606253922165864
0.7550058398997699,11.728871373922756,0.3580733846683143
11.920928250804069,11.728871373922756,5.607144878361801
3.8333415848458436,11.728871373922756,5.856302465189657
20.16811834843719,11.728871373922756,5.7280665777082795
20.16811834843719,11.728871373922756,5.7280665777082795
32.58628427774908,11.728871373922756,9.524979584244853
20.16811834843719,11.728871373922756,5.7280665777082795
3.8333415848458436,11.728871373922756,5.856302465189657
20.16811834843719,11.728871373922756,5.7280665777082795
20.16811834843719,11.728871373922756,8.887516775293573
17.244610037457555,11.728871373922756,5.678840286468872
20.16811834843719,11.728871373922756,8.887516775293573
44.60038482872791,5.569465489738748,1.2283800078992146
17.244610037457555,11.728871373922756,5.678840286468872
11.920928250804069,0.28998474603540103,0.09935953075983513
20.16811834843719,11.728871373922756,6.44119208994247
56.500242681013,8.075662616477649,0.09245808606459581
20.16811834843719,11.728871373922756,5.7280665777082795
20.16811834843719,3.27294099628775,3.3877269766487474
44.60038482872791,5.569465489738748,1.2283800078992146
11.920928250804069,11.728871373922756,5.94762504841982
20.16811834843719,11.728871373922756,5.7280665777082795
11.920928250804069,11.728871373922756,5.780424885262177
56.500242681013,8.075662616477649,0.09245808606459581
20.16811834843719,11.728871373922756,5.7280665777082795
0.7550058398997699,11.728871373922756,0.3580733846683143
11.920928250804069,11.728871373922756,6.590664213641749
17.244610037457555,1.4431273427748579,2.8776441461557747
11.920928250804069,11.728871373922756,5.94762504841982
3.4923644339226847,5.569465489738748,3.434141695632594
20.16811834843719,11.728871373922756,8.856828911432032
20.16811834843719,1.8778049558775791,2.8748422837935523
4.697130230306097,8.984159161732109,6.44119208994247
17.244610037457555,11.728871373922756,5.678840286468872
11.920928250804069,11.728871373922756,5.346053986941711
15.326861479101531,2.632517075341746,0.09095193597188965
3.4923644339226847,2.740011735087712,3.070808775793819
11.920928250804069,11.728871373922756,6.91430873809947
72.94589916606553,1.9270495375218673,0.6761208587767098
11.920928250804069,11.728871373922756,6.590664213641749
20.16811834843719,5.09691434645418,3.2892332504279365
72.94589916606553,1.9270495375218673,0.10230891622922711
11.920928250804069,11.728871373922756,5.603631383139769
17.244610037457555,11.728871373922756,9.652474390366525
72.94589916606553,2.257755795335926,1.2283800078992146
72.94589916606553,2.784258593456074,0.09890754290041566
20.16811834843719,11.728871373922756,5.7280665777082795
20.16811834843719,11.728871373922756,5.7280665777082795
20.16811834843719,11.728871373922756,8.856828911432032
20.16811834843719,11.728871373922756,5.7280665777082795
55.7413390485849,11.728871373922756,7.184287750860992
20.16811834843719,1.8778049558775791,2.8748422837935523
20.16811834843719,11.552500905557745,6.376492015279023
72.94589916606553,11.728871373922756,0.10006100431460203
20.16811834843719,11.728871373922756,5.7280665777082795
11.920928250804069,17.265329612098682,3.5960436421386026
20.16811834843719,11.728871373922756,5.7280665777082795
20.16811834843719,11.728871373922756,5.7280665777082795
72.94589916606553,1.9270495375218673,0.09172535948829148
13.448344242391123,5.569465489738748,5.883079313425335
11.920928250804069,11.728871373922756,6.91430873809947
31.150407038615263,11.728871373922756,5.332793641023034
20.16811834843719,1.367460568816659,2.944853698159446
72.94589916606553,1.9270495375218673,0.10230891622922711
72.94589916606553,2.257755795335926,1.2283800078992146
17.244610037457555,11.728871373922756,5.678840286468872
20.16811834843719,5.09691434645418,3.2892332504279365
11.920928250804069,11.728871373922756,5.603631383139769
17.244610037457555,11.728871373922756,5.678840286468872
72.94589916606553,1.9270495375218673,0.6761208587767098
21.075885825749427,19.72349421788209,6.606253922165864
20.16811834843719,11.728871373922756,5.7280665777082795
3.8333415848458436,11.728871373922756,5.856302465189657
20.16811834843719,11.728871373922756,9.532500995698394
11.920928250804069,11.728871373922756,5.94762504841982
20.16811834843719,11.728871373922756,6.44119208994247
17.244610037457555,1.4431273427748579,2.8776441461557747
0.7550058398997699,11.728871373922756,0.3580733846683143
20.16811834843719,11.728871373922756,5.7280665777082795
56.500242681013,8.075662616477649,0.09245808606459581
20.16811834843719,11.728871373922756,5.7280665777082795
20.16811834843719,11.728871373922756,5.7280665777082795
31.150407038615263,11.728871373922756,5.332793641023034
11.920928250804069,17.265329612098682,3.5960436421386026
20.16811834843719,11.728871373922756,5.7280665777082795
44.60038482872791,5.569465489738748,1.2283800078992146
17.244610037457555,11.728871373922756,5.678840286468872
3.8333415848458436,11.728871373922756,5.856302465189657
20.16811834843719,11.728871373922756,5.7280665777082795
106.98267419228041,13.843042830958538,0.10851102311938757
20.16811834843719,3.27294099628775,3.3877269766487474
20.16811834843719,11.728871373922756,5.7280665777082795
72.94589916606553,5.569465489738748,0.09062452635989822
20.16811834843719,1.8778049558775791,2.8748422837935523
20.16811834843719,11.728871373922756,8.868249717614267
11.920928250804069,11.728871373922756,5.94762504841982
55.7413390485849,11.728871373922756,7.184287750860992
3.4923644339226847,0.7676860764911306,0.09092329977136349
17.244610037457555,11.728871373922756,5.678840286468872
32.73879196539061,11.728871373922756,3.1533308391663444
20.16811834843719,11.728871373922756,10.12628050271211
17.244610037457555,1.4431273427748579,2.8776441461557747
22.531763797125883,5.183143609628276,6.1721466623721035
20.16811834843719,11.728871373922756,5.7280665777082795
11.920928250804069,0.28998474603540103,0.09935953075983513
20.16811834843719,11.728871373922756,5.7280665777082795
22.531763797125883,5.183143609628276,6.1721466623721035
72.94589916606553,1.9270495375218673,0.09172535948829148
20.16811834843719,3.295886959989127,3.149455999079666
3.4923644339226847,3.2259303118638263,6.60090991952717
11.920928250804069,11.728871373922756,6.590664213641749
11.920928250804069,11.728871373922756,6.590664213641749
20.16811834843719,11.728871373922756,5.7280665777082795
72.94589916606553,1.9270495375218673,0.09172535948829148
32.73879196539061,11.728871373922756,3.1533308391663444
3.4923644339226847,3.2259303118638263,6.60090991952717
20.16811834843719,11.728871373922756,6.44119208994247
72.94589916606553,5.569465489738748,0.09062452635989822
72.94589916606553,11.728871373922756,0.10006100431460203
20.16811834843719,11.728871373922756,9.532500995698394
20.16811834843719,11.728871373922756,5.7280665777082795
11.920928250804069,11.728871373922756,5.94762504841982
20.16811834843719,11.728871373922756,5.7280665777082795
32.73879196539061,11.728871373922756,3.1533308391663444
20.16811834843719,1.8778049558775791,0.10732550300904961
22.531763797125883,5.183143609628276,6.1721466623721035
20.16811834843719,11.728871373922756,8.868249717614267
17.244610037457555,11.728871373922756,5.678840286468872
20.16811834843719,11.728871373922756,5.7280665777082795
17.244610037457555,1.4431273427748579,2.8776441461557747
11.920928250804069,11.728871373922756,5.346053986941711
11.920928250804069,11.728871373922756,5.94762504841982
17.244610037457555,11.728871373922756,9.652474390366525
20.16811834843719,3.295886959989127,3.149455999079666
20.16811834843719,11.728871373922756,5.7280665777082795
11.920928250804069,0.28998474603540103,0.09935953075983513
11.920928250804069,11.728871373922756,5.346053986941711
13.448344242391123,5.569465489738748,5.883079313425335
17.244610037457555,11.728871373922756,5.678840286468872
20.16811834843719,11.728871373922756,5.7280665777082795
20.16811834843719,11.728871373922756,5.7280665777082795
3.4923644339226847,0.7676860764911306,0.09092329977136349
20.16811834843719,11.728871373922756,5.7280665777082795
11.920928250804069,11.728871373922756,5.94762504841982
44.60038482872791,5.569465489738748,1.2283800078992146
31.150407038615263,11.728871373922756,5.332793641023034
20.16811834843719,11.728871373922756,5.7280665777082795
20.16811834843719,11.728871373922756,5.7280665777082795
20.16811834843719,1.8778049558775791,2.8748422837935523
72.94589916606553,1.9270495375218673,0.6761208587767098
20.16811834843719,11.728871373922756,5.7280665777082795
11.920928250804069,11.728871373922756,5.94762504841982
11.920928250804069,11.728871373922756,6.219287782666342
17.244610037457555,11.728871373922756,5.678840286468872
11.920928250804069,11.728871373922756,5.603631383139769
11.920928250804069,11.728871373922756,5.94762504841982
20.16811834843719,3.295886959989127,3.149455999079666
13.448344242391123,5.569465489738748,5.883079313425335
17.244610037457555,11.728871373922756,5.678840286468872
11.920928250804069,11.728871373922756,6.219287782666342
11.920928250804069,11.728871373922756,5.94762504841982
11.920928250804069,11.346518094874886,5.450364075103026
17.244610037457555,1.4431273427748579,2.8776441461557747
15.326861479101531,2.632517075341746,0.09095193597188965
44.60038482872791,5.569465489738748,1.2283800078992146
15.326861479101531,2.632517075341746,0.09095193597188965
22.531763797125883,5.183143609628276,6.1721466623721035
72.94589916606553,11.728871373922756,0.10006100431460203
55.7413390485849,11.728871373922756,7.184287750860992
32.58628427774908,11.728871373922756,9.524979584244853
72.94589916606553,1.9270495375218673,0.09172535948829148
20.16811834843719,11.728871373922756,5.7280665777082795
72.94589916606553,2.257755795335926,1.2283800078992146
72.94589916606553,1.9270495375218673,0.09172535948829148
72.94589916606553,2.784258593456074,0.09890754290041566
11.920928250804069,11.728871373922756,5.94762504841982
17.244610037457555,11.728871373922756,5.678840286468872
20.16811834843719,11.728871373922756,5.7280665777082795
11.920928250804069,11.728871373922756,5.607144878361801
17.244610037457555,11.728871373922756,8.365530711747393
11.920928250804069,11.728871373922756,5.603631383139769
20.16811834843719,11.728871373922756,5.7280665777082795
20.16811834843719,11.728871373922756,7.043194335631895
15.326861479101531,2.632517075341746,0.09095193597188965
17.244610037457555,11.728871373922756,5.678840286468872
3.8333415848458436,11.728871373922756,5.856302465189657
11.920928250804069,11.728871373922756,5.346053986941711
20.16811834843719,1.8778049558775791,0.10711951328256245
17.244610037457555,11.728871373922756,5.678840286468872
20.16811834843719,11.728871373922756,5.7280665777082795
20.16811834843719,11.728871373922756,5.7280665777082795
3.4923644339226847,3.2259303118638263,6.60090991952717
11.920928250804069,11.728871373922756,6.590664213641749
20.16811834843719,1.8778049558775791,0.10711951328256245
20.16811834843719,11.728871373922756,5.7280665777082795
13.448344242391123,5.569465489738748,5.883079313425335
20.16811834843719,11.728871373922756,8.887516775293573
11.920928250804069,11.728871373922756,6.590664213641749
72.94589916606553,5.569465489738748,0.09062452635989822
15.326861479101531,2.632517075341746,0.09095193597188965
11.920928250804069,0.28998474603540103,0.09935953075983513
11.920928250804069,11.728871373922756,5.94762504841982
20.16811834843719,11.728871373922756,5.7280665777082795
11.920928250804069,11.728871373922756,5.94762504841982
11.920928250804069,11.728871373922756,5.780424885262177
11.920928250804069,11.728871373922756,6.219287782666342
20.16811834843719,11.728871373922756,8.887516775293573
20.16811834843719,3.27294099628775,3.3877269766487474
72.94589916606553,1.9270495375218673,0.10230891622922711
20.16811834843719,3.295886959989127,3.149455999079666
20.16811834843719,11.728871373922756,10.12628050271211
17.244610037457555,11.728871373922756,9.652474390366525
44.60038482872791,5.569465489738748,1.2283800078992146
72.94589916606553,2.257755795335926,1.2283800078992146
32.58628427774908,11.728871373922756,9.524979584244853
20.16811834843719,11.728871373922756,8.868249717614267
15.326861479101531,2.632517075341746,0.09095193597188965
11.920928250804069,11.728871373922756,5.603631383139769
17.244610037457555,11.728871373922756,5.678840286468872
72.94589916606553,1.9270495375218673,0.09172535948829148
11.920928250804069,11.728871373922756,5.603631383139769
11.920928250804069,11.728871373922756,5.94762504841982
20.16811834843719,11.728871373922756,5.7280665777082795
20.16811834843719,11.728871373922756,6.44119208994247
17.244610037457555,11.728871373922756,5.678840286468872
20.16811834843719,1.8778049558775791,2.8748422837935523
20.16811834843719,11.728871373922756,5.7280665777082795
11.920928250804069,11.728871373922756,6.219287782666342
20.16811834843719,11.728871373922756,5.7280665777082795
20.16811834843719,11.728871373922756,5.7280665777082795
17.244610037457555,1.4431273427748579,2.8776441461557747
17.244610037457555,11.728871373922756,5.678840286468872
3.4923644339226847,0.7676860764911306,0.09092329977136349
21.075885825749427,19.72349421788209,6.606253922165864
20.16811834843719,1.8778049558775791,2.8748422837935523
11.920928250804069,11.728871373922756,5.603631383139769
17.244610037457555,11.728871373922756,8.365530711747393
10.334120187170187,11.728871373922756,5.74891117108495
20.16811834843719,3.27294099628775,3.3877269766487474
11.920928250804069,11.728871373922756,5.94762504841982
20.16811834843719,11.728871373922756,8.887516775293573
17.244610037457555,11.728871373922756,9.652474390366525
20.16811834843719,11.728871373922756,10.12628050271211
15.326861479101531,2.632517075341746,0.09095193597188965
20.16811834843719,11.728871373922756,5.7280665777082795
11.920928250804069,11.728871373922756,5.94762504841982
56.500242681013,8.075662616477649,0.09245808606459581
20.16811834843719,11.728871373922756,5.7280665777082795
20.16811834843719,3.295886959989127,3.149455999079666
20.16811834843719,1.8778049558775791,0.10711951328256245
72.94589916606553,2.784258593456074,0.09890754290041566
72.94589916606553,11.728871373922756,0.10006100431460203
32.73879196539061,11.728871373922756,3.1533308391663444
13.448344242391123,5.569465489738748,5.883079313425335
20.16811834843719,11.728871373922756,5.7280665777082795
72.94589916606553,11.728871373922756,0.10006100431460203
31.150407038615263,11.728871373922756,5.332793641023034
17.244610037457555,11.728871373922756,5.678840286468872
20.16811834843719,11.728871373922756,5.7280665777082795
20.16811834843719,11.728871373922756,5.7280665777082795
32.73879196539061,11.728871373922756,3.1533308391663444
11.920928250804069,11.728871373922756,5.780424885262177
11.920928250804069,11.728871373922756,5.603631383139769
11.920928250804069,11.728871373922756,5.603631383139769
11.920928250804069,11.728871373922756,5.94762504841982
72.94589916606553,11.728871373922756,0.10006100431460203
11.920928250804069,11.728871373922756,5.94762504841982
15.326861479101531,2.632517075341746,0.09095193597188965
11.920928250804069,11.728871373922756,5.94762504841982
11.920928250804069,11.346518094874886,5.450364075103026
11.920928250804069,11.728871373922756,6.219287782666342
11.920928250804069,11.728871373922756,5.346053986941711
20.16811834843719,11.728871373922756,5.7280665777082795
11.920928250804069,11.728871373922756,5.780424885262177
20.16811834843719,11.728871373922756,10.12628050271211
17.244610037457555,11.728871373922756,5.678840286468872
11.920928250804069,11.728871373922756,5.94762504841982
17.244610037457555,11.728871373922756,5.678840286468872
20.16811834843719,11.728871373922756,7.043194335631895
20.16811834843719,1.367460568816659,2.944853698159446
11.920928250804069,11.346518094874886,5.450364075103026
20.16811834843719,11.728871373922756,5.7280665777082795
11.920928250804069,11.728871373922756,5.94762504841982
20.16811834843719,11.728871373922756,9.532500995698394
11.920928250804069,11.728871373922756,6.91430873809947
20.16811834843719,11.728871373922756,5.7280665777082795
11.920928250804069,11.728871373922756,5.94762504841982
3.4923644339226847,2.740011735087712,3.070808775793819
32.73879196539061,11.728871373922756,3.1533308391663444
17.244610037457555,1.4431273427748579,2.8776441461557747
4.697130230306097,8.984159161732109,6.44119208994247
0.7550058398997699,11.728871373922756,0.3580733846683143
11.920928250804069,11.346518094874886,5.450364075103026
20.16811834843719,3.295886959989127,3.149455999079666
13.448344242391123,5.569465489738748,5.883079313425335
11.920928250804069,11.728871373922756,5.94762504841982
11.920928250804069,11.728871373922756,5.94762504841982
11.920928250804069,11.728871373922756,5.346053986941711
32.73879196539061,11.728871373922756,3.1533308391663444
17.244610037457555,11.728871373922756,5.678840286468872
15.326861479101531,2.632517075341746,0.09095193597188965
20.16811834843719,11.728871373922756,5.7280665777082795
20.16811834843719,11.728871373922756,5.7280665777082795
11.920928250804069,11.728871373922756,5.603631383139769
72.94589916606553,1.9270495375218673,0.10230891622922711
20.16811834843719,11.728871373922756,5.7280665777082795
11.920928250804069,11.728871373922756,5.346053986941711
11.920928250804069,17.265329612098682,3.5960436421386026
20.16811834843719,11.728871373922756,10.12628050271211
20.16811834843719,11.728871373922756,5.7280665777082795
20.16811834843719,11.728871373922756,5.7280665777082795
20.16811834843719,11.728871373922756,5.7280665777082795
20.16811834843719,11.728871373922756,5.7280665777082795
72.94589916606553,1.9270495375218673,0.6761208587767098
20.16811834843719,11.728871373922756,5.7280665777082795
20.16811834843719,1.8778049558775791,2.8748422837935523
31.150407038615263,11.728871373922756,5.332793641023034
0.7550058398997699,11.728871373922756,0.3580733846683143
72.94589916606553,1.9270495375218673,0.09172535948829148
17.244610037457555,11.728871373922756,5.678840286468872
72.94589916606553,1.9270495375218673,0.10230891622922711
3.4923644339226847,5.569465489738748,3.434141695632594
20.16811834843719,11.728871373922756,6.44119208994247
13.448344242391123,5.569465489738748,5.883079313425335
20.16811834843719,3.295886959989127,3.149455999079666
72.94589916606553,1.9270495375218673,0.10230891622922711
20.16811834843719,11.728871373922756,8.887516775293573
11.920928250804069,11.728871373922756,5.94762504841982
20.16811834843719,11.728871373922756,5.7280665777082795
3.8333415848458436,11.728871373922756,5.856302465189657
72.94589916606553,1.9270495375218673,0.6761208587767098
3.4923644339226847,0.7676860764911306,0.09092329977136349
20.16811834843719,11.728871373922756,5.7280665777082795
20.16811834843719,11.728871373922756,5.7280665777082795
17.244610037457555,11.728871373922756,5.678840286468872
72.94589916606553,2.784258593456074,0.09890754290041566
20.16811834843719,11.728871373922756,5.7280665777082795
17.244610037457555,1.4431273427748579,2.8776441461557747
15.326861479101531,2.632517075341746,0.09095193597188965
11.920928250804069,11.728871373922756,5.94762504841982
11.920928250804069,11.728871373922756,5.346053986941711
20.16811834843719,11.728871373922756,5.7280665777082795
72.94589916606553,5.569465489738748,0.09062452635989822
3.4923644339226847,2.740011735087712,3.070808775793819
20.16811834843719,11.728871373922756,7.043194335631895
20.16811834843719,1.367460568816659,2.944853698159446
3.4923644339226847,3.2259303118638263,6.60090991952717
72.94589916606553,2.257755795335926,1.2283800078992146
44.60038482872791,5.569465489738748,1.2283800078992146
20.16811834843719,11.728871373922756,5.7280665777082795
20.16811834843719,11.728871373922756,5.7280665777082795
72.94589916606553,11.728871373922756,0.10006100431460203
20.16811834843719,11.728871373922756,6.44119208994247
20.16811834843719,11.728871373922756,5.7280665777082795
44.60038482872791,5.569465489738748,1.2283800078992146
11.920928250804069,11.728871373922756,5.607144878361801
11.920928250804069,11.728871373922756,5.346053986941711
20.16811834843719,11.728871373922756,5.7280665777082795
32.73879196539061,11.728871373922756,3.1533308391663444
17.244610037457555,11.728871373922756,5.678840286468872
11.920928250804069,11.728871373922756,5.603631383139769
55.7413390485849,11.728871373922756,7.184287750860992
72.94589916606553,1.9270495375218673,0.10230891622922711
10.334120187170187,11.728871373922756,5.74891117108495
20.16811834843719,11.728871373922756,5.7280665777082795
20.16811834843719,11.728871373922756,5.7280665777082795
72.94589916606553,1.9270495375218673,0.10230891622922711
72.94589916606553,5.569465489738748,0.09062452635989822
11.920928250804069,11.728871373922756,5.94762504841982
11.920928250804069,11.346518094874886,5.450364075103026
11.920928250804069,11.728871373922756,5.94762504841982
13.448344242391123,5.569465489738748,5.883079313425335
11.920928250804069,11.728871373922756,5.780424885262177
20.16811834843719,11.728871373922756,5.7280665777082795
20.16811834843719,11.552500905557745,6.376492015279023
20.16811834843719,11.728871373922756,5.7280665777082795
20.16811834843719,11.728871373922756,5.7280665777082795
11.920928250804069,11.728871373922756,5.94762504841982
17.244610037457555,11.728871373922756,9.652474390366525
3.4923644339226847,3.2259303118638263,6.60090991952717
10.334120187170187,11.728871373922756,5.74891117108495
20.16811834843719,11.728871373922756,5.7280665777082795
72.94589916606553,1.9270495375218673,0.10230891622922711
11.920928250804069,11.728871373922756,5.94762504841982
20.16811834843719,11.728871373922756,8.856828911432032
17.244610037457555,11.728871373922756,5.678840286468872
20.16811834843719,11.728871373922756,6.44119208994247
72.94589916606553,11.728871373922756,0.10006100431460203
20.16811834843719,11.728871373922756,5.7280665777082795
15.326861479101531,2.632517075341746,0.09095193597188965
11.920928250804069,11.728871373922756,6.219287782666342
20.16811834843719,11.728871373922756,5.7280665777082795
20.16811834843719,5.09691434645418,3.2892332504279365
20.16811834843719,1.367460568816659,2.944853698159446
11.920928250804069,11.728871373922756,5.603631383139769
72.94589916606553,11.728871373922756,0.10006100431460203
20.16811834843719,11.728871373922756,5.7280665777082795
11.920928250804069,0.28998474603540103,0.09935953075983513
20.16811834843719,11.728871373922756,5.7280665777082795
20.16811834843719,1.367460568816659,2.944853698159446
20.16811834843719,3.295886959989127,3.149455999079666
11.920928250804069,11.728871373922756,6.219287782666342
17.244610037457555,11.728871373922756,9.652474390366525
20.16811834843719,11.728871373922756,10.12628050271211
31.150407038615263,11.728871373922756,5.332793641023034
11.920928250804069,11.728871373922756,5.346053986941711
17.244610037457555,11.728871373922756,5.678840286468872
11.920928250804069,11.728871373922756,6.219287782666342
11.920928250804069,11.728871373922756,6.91430873809947
20.16811834843719,11.728871373922756,5.7280665777082795
11.920928250804069,11.728871373922756,5.94762504841982
11.920928250804069,11.728871373922756,5.346053986941711
10.334120187170187,11.728871373922756,5.74891117108495
20.16811834843719,11.728871373922756,9.532500995698394
11.920928250804069,11.728871373922756,5.94762504841982
3.8333415848458436,11.728871373922756,5.856302465189657
20.16811834843719,11.728871373922756,5.7280665777082795
11.920928250804069,0.28998474603540103,0.09935953075983513
20.16811834843719,11.728871373922756,8.856828911432032
11.920928250804069,11.728871373922756,5.94762504841982
20.16811834843719,11.728871373922756,5.7280665777082795
20.16811834843719,11.728871373922756,9.532500995698394
11.920928250804069,11.728871373922756,5.94762504841982
17.244610037457555,11.728871373922756,5.678840286468872
20.16811834843719,11.728871373922756,8.887516775293573
11.920928250804069,17.265329612098682,3.5960436421386026
11.920928250804069,17.265329612098682,3.5960436421386026
4.697130230306097,8.984159161732109,6.44119208994247
20.16811834843719,11.728871373922756,5.7280665777082795
0.7550058398997699,11.728871373922756,0.3580733846683143
11.920928250804069,11.728871373922756,5.94762504841982
11.920928250804069,11.728871373922756,6.590664213641749
72.94589916606553,11.728871373922756,0.10006100431460203
17.244610037457555,1.4431273427748579,2.8776441461557747
11.920928250804069,11.728871373922756,5.94762504841982
20.16811834843719,11.728871373922756,6.44119208994247
20.16811834843719,11.728871373922756,5.7280665777082795
20.16811834843719,11.552500905557745,6.376492015279023
20.16811834843719,11.728871373922756,5.7280665777082795
11.920928250804069,11.728871373922756,5.603631383139769
17.244610037457555,11.728871373922756,5.678840286468872
11.920928250804069,11.728871373922756,6.219287782666342
20.16811834843719,11.552500905557745,6.376492015279023
3.8333415848458436,11.728871373922756,5.856302465189657
20.16811834843719,11.728871373922756,9.532500995698394
11.920928250804069,17.265329612098682,3.5960436421386026
20.16811834843719,11.728871373922756,5.7280665777082795
20.16811834843719,11.728871373922756,10.12628050271211
20.16811834843719,11.728871373922756,9.532500995698394
11.920928250804069,11.728871373922756,5.94762504841982
20.16811834843719,3.295886959989127,3.149455999079666
11.920928250804069,11.728871373922756,5.94762504841982
11.920928250804069,11.728871373922756,5.607144878361801
10.334120187170187,11.728871373922756,5.74891117108495
20.16811834843719,11.728871373922756,5.7280665777082795
11.920928250804069,11.728871373922756,5.780424885262177
20.16811834843719,11.728871373922756,5.7280665777082795
20.16811834843719,11.728871373922756,5.7280665777082795
20.16811834843719,11.728871373922756,5.7280665777082795
20.16811834843719,11.728871373922756,5.7280665777082795
20.16811834843719,11.728871373922756,5.7280665777082795
20.16811834843719,1.8778049558775791,2.8748422837935523
20.16811834843719,11.728871373922756,5.7280665777082795
17.244610037457555,11.728871373922756,5.678840286468872
20.16811834843719,1.367460568816659,2.944853698159446
17.244610037457555,11.728871373922756,5.678840286468872
20.16811834843719,11.728871373922756,10.12628050271211
20.16811834843719,11.728871373922756,5.7280665777082795
20.16811834843719,11.728871373922756,5.7280665777082795
17.244610037457555,1.4431273427748579,2.8776441461557747
32.73879196539061,11.728871373922756,3.1533308391663444
0.7550058398997699,11.728871373922756,0.3580733846683143
20.16811834843719,11.728871373922756,5.7280665777082795
11.920928250804069,11.346518094874886,5.450364075103026
11.920928250804069,11.728871373922756,5.346053986941711
11.920928250804069,17.265329612098682,3.5960436421386026
20.16811834843719,1.367460568816659,2.944853698159446
11.920928250804069,11.728871373922756,5.346053986941711
20.16811834843719,11.728871373922756,5.7280665777082795
20.16811834843719,11.728871373922756,5.7280665777082795
20.16811834843719,11.728871373922756,5.7280665777082795
20.16811834843719,1.367460568816659,2.944853698159446
20.16811834843719,11.728871373922756,5.7280665777082795
20.16811834843719,1.367460568816659,2.944853698159446
20.16811834843719,11.728871373922756,5.7280665777082795
17.244610037457555,11.728871373922756,5.678840286468872
17.244610037457555,11.728871373922756,5.678840286468872
31.150407038615263,11.728871373922756,5.332793641023034
20.16811834843719,11.728871373922756,5.7280665777082795
17.244610037457555,11.728871373922756,8.365530711747393
20.16811834843719,11.728871373922756,5.7280665777082795
17.244610037457555,1.4431273427748579,2.8776441461557747
17.244610037457555,11.728871373922756,5.678840286468872
72.94589916606553,11.728871373922756,0.10006100431460203
20.16811834843719,11.728871373922756,5.7280665777082795
0.7550058398997699,11.728871373922756,0.3580733846683143
17.244610037457555,11.728871373922756,5.678840286468872
20.16811834843719,11.728871373922756,5.7280665777082795
20.16811834843719,11.728871373922756,5.7280665777082795
17.244610037457555,11.728871373922756,5.678840286468872
