10.794855798318238,7.389877496145805,3.416186179372252
20.236680926394058,16.435674739098562,7.594037016586725
4.430060501191658,11.728871373922756,2.4676311665244244
20.16811834843719,9.502225676552401,6.833838635775983
26.317612585883182,9.502225676552401,5.5519770069169425
6.039105249991462,16.435674739098562,3.036713842810592
10.794855798318238,7.389877496145805,3.416186179372252
5.711679824076445,16.435674739098562,3.292542738025996
20.236680926394058,17.276686571885488,5.981604004313835
20.16811834843719,9.502225676552401,6.833838635775983
20.236680926394058,16.435674739098562,7.553828932715966
10.794855798318238,7.389877496145805,3.416186179372252
20.236680926394058,16.435674739098562,7.553828932715966
20.236680926394058,16.435674739098562,7.553828932715966
10.794855798318238,7.389877496145805,3.416186179372252
49.25748188080016,11.728871373922756,0.0984122985478664
20.16811834843719,11.728871373922756,8.79522810569053
20.16811834843719,11.728871373922756,8.79522810569053
20.236680926394058,16.435674739098562,5.2925058994571845
20.16811834843719,11.728871373922756,7.205643545966254
20.16811834843719,9.502225676552401,6.833838635775983
20.236680926394058,18.90424277753734,7.188178476358532
32.251634170308535,11.728871373922756,4.87670495091613
20.236680926394058,11.728871373922756,6.3977242506063945
20.16811834843719,11.728871373922756,8.79522810569053
4.430060501191658,11.728871373922756,4.11343852629365
4.430060501191658,16.435674739098562,1.7422824251780915
4.430060501191658,14.421717996838906,1.8187524021999615
5.453097970590566,11.728871373922756,4.11343852629365
37.98239281655984,9.502225676552401,0.43986112020460366
20.236680926394058,16.435674739098562,7.594037016586725
37.910098943233905,7.976170045604925,7.8310366664041275
20.236680926394058,11.728871373922756,7.337159921198284
4.430060501191658,16.435674739098562,1.6339437516604762
4.430060501191658,16.435674739098562,1.6339437516604762
0.3424627937526372,11.728871373922756,1.2355176213198118
6.484623213931641,16.435674739098562,2.5512660679611865
20.16811834843719,11.728871373922756,10.193659511868352
20.16811834843719,11.728871373922756,9.273611006106366
24.60638233408366,11.16480729242307,6.188418153408641
49.25748188080016,11.728871373922756,0.0984122985478664
31.72732469661877,16.435674739098562,2.6291476515216092
20.16811834843719,16.435674739098562,6.206756506055271
4.430060501191658,16.435674739098562,1.7422824251780915
20.236680926394058,11.728871373922756,9.342907947588287
5.453097970590566,11.728871373922756,4.11343852629365
0.3424627937526372,11.728871373922756,1.2355176213198118
20.236680926394058,16.435674739098562,7.961831039990439
20.236680926394058,11.16480729242307,9.4924393610303
10.353237831369416,11.728871373922756,6.110650592670635
20.236680926394058,16.435674739098562,6.202368742008749
20.16811834843719,9.502225676552401,6.833838635775983
10.794855798318238,7.389877496145805,3.416186179372252
20.16811834843719,9.502225676552401,9.557869527348037
20.236680926394058,16.435674739098562,6.202368742008749
20.16811834843719,9.502225676552401,6.833838635775983
32.73879196539061,8.445549183041642,0.10299613458989962
20.236680926394058,16.435674739098562,6.202368742008749
4.430060501191658,32.65126912673452,10.0
20.16811834843719,16.435674739098562,6.206756506055271
20.236680926394058,16.435674739098562,5.2925058994571845
32.251634170308535,11.728871373922756,4.87670495091613
20.236680926394058,16.435674739098562,7.553828932715966
20.16811834843719,9.502225676552401,6.833838635775983
20.16811834843719,9.502225676552401,9.557869527348037
20.236680926394058,11.728871373922756,6.3977242506063945
20.236680926394058,16.435674739098562,6.202368742008749
20.16811834843719,16.435674739098562,6.206756506055271
2.651744812437876,16.435674739098562,6.658043272774211
20.16811834843719,9.502225676552401,6.669045817088109
10.794855798318238,7.389877496145805,3.416186179372252
19.809673370492273,16.435674739098562,6.225942521492922
5.711679824076445,16.435674739098562,3.292542738025996
0.3424627937526372,11.728871373922756,1.2355176213198118
20.16811834843719,16.435674739098562,6.206756506055271
0.3424627937526372,11.728871373922756,1.2355176213198118
20.236680926394058,11.728871373922756,6.3977242506063945
3.4653522327005977,22.537801193220794,0.8917642482148549
20.236680926394058,16.435674739098562,7.594037016586725
20.236680926394058,16.435674739098562,6.202368742008749
20.236680926394058,18.90424277753734,7.188178476358532
4.430060501191658,11.728871373922756,4.11343852629365
4.430060501191658,11.728871373922756,3.8776935429223145
20.236680926394058,11.728871373922756,7.337159921198284
37.98239281655984,9.502225676552401,0.43986112020460366
20.16811834843719,16.435674739098562,6.206756506055271
20.16811834843719,9.502225676552401,6.833838635775983
7.64165509542423,11.728871373922756,4.388789341850835
20.16811834843719,16.435674739098562,6.206756506055271
37.98239281655984,9.502225676552401,0.43986112020460366
4.430060501191658,32.65126912673452,10.0
19.809673370492273,16.435674739098562,6.225942521492922
4.430060501191658,11.728871373922756,4.11343852629365
4.430060501191658,32.65126912673452,10.0
20.43761373407207,11.728871373922756,7.136439563094557
20.16811834843719,11.16480729242307,8.364002906563462
20.16811834843719,16.435674739098562,6.206756506055271
20.236680926394058,16.435674739098562,7.553828932715966
4.430060501191658,16.435674739098562,1.7422824251780915
20.236680926394058,18.90424277753734,7.188178476358532
4.430060501191658,14.421717996838906,1.8187524021999615
4.430060501191658,16.435674739098562,1.5479582111911663
20.16811834843719,15.630886859015531,5.420982904181619
4.430060501191658,11.728871373922756,2.227451932155674
20.16811834843719,9.502225676552401,6.669045817088109
26.317612585883182,9.502225676552401,5.5519770069169425
20.16811834843719,20.908006568471674,10.0
20.236680926394058,11.16480729242307,9.4924393610303
20.16811834843719,9.502225676552401,6.833838635775983
3.4653522327005977,22.537801193220794,0.8917642482148549
20.236680926394058,11.728871373922756,9.342907947588287
0.3424627937526372,11.728871373922756,1.2355176213198118
32.251634170308535,11.728871373922756,4.87670495091613
20.16811834843719,11.728871373922756,7.205643545966254
20.16811834843719,11.728871373922756,9.273611006106366
20.236680926394058,16.435674739098562,7.594037016586725
20.236680926394058,18.90424277753734,7.188178476358532
20.16811834843719,11.16480729242307,8.364002906563462
32.251634170308535,11.728871373922756,4.87670495091613
20.236680926394058,16.435674739098562,7.553828932715966
20.236680926394058,16.435674739098562,6.202368742008749
20.16811834843719,16.435674739098562,6.206756506055271
20.236680926394058,11.728871373922756,9.347365207454372
4.430060501191658,32.65126912673452,10.0
32.73879196539061,8.445549183041642,0.10299613458989962
20.16811834843719,9.502225676552401,6.669045817088109
4.430060501191658,11.728871373922756,2.4676311665244244
6.484623213931641,16.435674739098562,2.5512660679611865
10.794855798318238,7.389877496145805,3.416186179372252
2.651744812437876,16.435674739098562,6.658043272774211
4.430060501191658,11.728871373922756,4.11343852629365
20.236680926394058,16.435674739098562,7.961831039990439
20.16811834843719,9.502225676552401,6.833838635775983
4.430060501191658,11.728871373922756,3.8776935429223145
6.039105249991462,16.435674739098562,3.036713842810592
20.236680926394058,16.435674739098562,7.961831039990439
20.16811834843719,9.502225676552401,6.669045817088109
20.16811834843719,15.630886859015531,5.420982904181619
20.16811834843719,9.502225676552401,6.833838635775983
20.16811834843719,16.435674739098562,6.206756506055271
20.236680926394058,16.435674739098562,7.961831039990439
20.16811834843719,15.81570938448339,5.38912049558654
20.16811834843719,16.435674739098562,6.206756506055271
5.453097970590566,11.728871373922756,4.11343852629365
20.236680926394058,16.435674739098562,7.961831039990439
3.4653522327005977,22.537801193220794,0.8917642482148549
4.430060501191658,11.728871373922756,4.11343852629365
6.484623213931641,16.435674739098562,2.5512660679611865
20.16811834843719,11.728871373922756,7.205643545966254
12.81806790144562,20.908006568471674,5.820138071690139
49.25748188080016,11.728871373922756,0.0984122985478664
20.236680926394058,11.728871373922756,7.337159921198284
20.236680926394058,11.728871373922756,7.011976048864956
20.236680926394058,16.435674739098562,6.202368742008749
4.430060501191658,11.728871373922756,4.074506179046696
20.236680926394058,12.698580438717046,7.011976048864956
4.430060501191658,16.435674739098562,1.7422824251780915
10.353237831369416,11.728871373922756,6.110650592670635
20.236680926394058,11.728871373922756,7.337159921198284
4.430060501191658,11.728871373922756,2.227451932155674
26.317612585883182,9.502225676552401,5.5519770069169425
20.236680926394058,21.581331907646277,7.011976048864956
20.16811834843719,15.630886859015531,5.420982904181619
4.430060501191658,11.728871373922756,2.4676311665244244
20.236680926394058,11.728871373922756,9.342907947588287
20.236680926394058,16.435674739098562,7.553828932715966
20.16811834843719,16.435674739098562,6.206756506055271
5.453097970590566,11.728871373922756,4.11343852629365
20.236680926394058,16.435674739098562,7.80515722823919
20.236680926394058,16.435674739098562,7.961831039990439
20.16811834843719,15.81570938448339,5.38912049558654
20.16811834843719,9.502225676552401,6.669045817088109
4.430060501191658,32.65126912673452,10.0
20.16811834843719,9.502225676552401,9.557869527348037
10.353237831369416,11.728871373922756,6.110650592670635
32.73879196539061,8.445549183041642,0.10299613458989962
4.430060501191658,11.728871373922756,4.11343852629365
6.484623213931641,16.435674739098562,2.5512660679611865
4.430060501191658,11.728871373922756,4.11343852629365
20.236680926394058,11.728871373922756,6.3977242506063945
20.236680926394058,11.728871373922756,9.342907947588287
20.43761373407207,11.728871373922756,7.136439563094557
32.73879196539061,8.445549183041642,0.10299613458989962
4.430060501191658,16.435674739098562,1.5479582111911663
20.236680926394058,11.728871373922756,7.337159921198284
20.236680926394058,11.728871373922756,7.337159921198284
19.809673370492273,16.435674739098562,6.225942521492922
20.16811834843719,15.81570938448339,5.38912049558654
20.43761373407207,11.728871373922756,7.136439563094557
0.3424627937526372,11.728871373922756,1.2355176213198118
10.794855798318238,7.389877496145805,3.416186179372252
5.711679824076445,16.435674739098562,3.292542738025996
20.236680926394058,11.728871373922756,7.337159921198284
20.236680926394058,11.728871373922756,7.337159921198284
20.236680926394058,16.435674739098562,7.553828932715966
20.16811834843719,11.728871373922756,7.205643545966254
37.910098943233905,7.976170045604925,7.8310366664041275
4.02420426949126,21.05953509870788,2.0330879109081117
20.16811834843719,9.502225676552401,6.833838635775983
3.4653522327005977,22.537801193220794,0.8917642482148549
5.711679824076445,16.435674739098562,3.292542738025996
19.809673370492273,16.435674739098562,6.225942521492922
20.16811834843719,9.502225676552401,9.557869527348037
6.484623213931641,16.435674739098562,2.5512660679611865
20.16811834843719,20.908006568471674,10.0
20.236680926394058,11.728871373922756,9.347365207454372
4.430060501191658,16.435674739098562,1.6339437516604762
20.16811834843719,11.728871373922756,8.79522810569053
4.430060501191658,11.728871373922756,3.8776935429223145
1.6802719466945994,16.435674739098562,0.5937400576603854
5.453097970590566,11.728871373922756,4.11343852629365
7.64165509542423,11.728871373922756,4.388789341850835
3.4653522327005977,22.537801193220794,0.8917642482148549
20.16811834843719,20.908006568471674,10.0
20.16811834843719,15.630886859015531,5.420982904181619
4.430060501191658,11.728871373922756,4.11343852629365
5.711679824076445,16.435674739098562,3.292542738025996
20.16811834843719,9.502225676552401,6.833838635775983
4.430060501191658,11.728871373922756,3.8776935429223145
20.43761373407207,11.728871373922756,7.136439563094557
12.81806790144562,20.908006568471674,5.820138071690139
4.430060501191658,16.435674739098562,1.7422824251780915
32.73879196539061,8.445549183041642,0.10299613458989962
20.236680926394058,21.581331907646277,7.011976048864956
20.236680926394058,24.523362485485528,4.58203123173376
32.73879196539061,8.445549183041642,0.10299613458989962
4.430060501191658,16.435674739098562,1.7422824251780915
20.16811834843719,9.502225676552401,6.833838635775983
20.16811834843719,9.502225676552401,9.557869527348037
20.43761373407207,11.728871373922756,7.136439563094557
19.809673370492273,16.435674739098562,6.225942521492922
20.16811834843719,20.908006568471674,10.0
4.430060501191658,11.728871373922756,2.227451932155674
20.236680926394058,16.435674739098562,7.80515722823919
20.16811834843719,16.435674739098562,6.206756506055271
20.16811834843719,9.502225676552401,6.669045817088109
49.25748188080016,11.728871373922756,0.0984122985478664
37.910098943233905,7.976170045604925,7.8310366664041275
20.236680926394058,16.435674739098562,6.202368742008749
10.794855798318238,7.389877496145805,3.416186179372252
20.236680926394058,16.435674739098562,6.805903556867366
20.16811834843719,16.435674739098562,6.206756506055271
24.60638233408366,11.16480729242307,6.188418153408641
20.16811834843719,20.908006568471674,10.0
20.236680926394058,11.16480729242307,9.4924393610303
4.430060501191658,11.728871373922756,2.227451932155674
37.910098943233905,7.976170045604925,7.8310366664041275
20.236680926394058,11.728871373922756,6.3977242506063945
2.651744812437876,16.435674739098562,6.658043272774211
20.236680926394058,18.90424277753734,7.188178476358532
20.43761373407207,11.728871373922756,7.136439563094557
20.236680926394058,21.581331907646277,7.011976048864956
5.453097970590566,11.728871373922756,4.11343852629365
32.73879196539061,8.445549183041642,0.10299613458989962
20.16811834843719,20.908006568471674,10.0
20.236680926394058,16.435674739098562,7.238496283240385
4.430060501191658,16.435674739098562,1.6339437516604762
20.236680926394058,21.581331907646277,7.011976048864956
31.72732469661877,16.435674739098562,2.6291476515216092
1.6802719466945994,16.435674739098562,0.5937400576603854
32.73879196539061,8.445549183041642,0.10299613458989962
1.6802719466945994,16.435674739098562,0.5937400576603854
4.430060501191658,11.728871373922756,4.11343852629365
20.16811834843719,11.728871373922756,9.273611006106366
4.430060501191658,11.728871373922756,4.11343852629365
6.484623213931641,16.435674739098562,2.5512660679611865
20.16811834843719,9.502225676552401,6.833838635775983
20.236680926394058,21.581331907646277,7.011976048864956
4.430060501191658,16.435674739098562,1.7422824251780915
4.430060501191658,16.435674739098562,1.7422824251780915
20.236680926394058,11.16480729242307,9.4924393610303
4.02420426949126,21.05953509870788,2.0330879109081117
20.236680926394058,11.728871373922756,7.337159921198284
12.81806790144562,20.908006568471674,5.820138071690139
20.16811834843719,9.502225676552401,6.833838635775983
20.16811834843719,9.502225676552401,6.669045817088109
20.16811834843719,11.16480729242307,8.364002906563462
20.236680926394058,16.435674739098562,6.202368742008749
4.430060501191658,14.421717996838906,1.8187524021999615
4.430060501191658,11.728871373922756,2.227451932155674
2.651744812437876,16.435674739098562,6.658043272774211
1.6802719466945994,16.435674739098562,0.5937400576603854
4.430060501191658,16.435674739098562,1.6339437516604762
20.236680926394058,12.698580438717046,7.011976048864956
4.430060501191658,16.435674739098562,1.6339437516604762
20.236680926394058,16.435674739098562,6.202368742008749
20.236680926394058,16.435674739098562,6.202368742008749
20.16811834843719,16.435674739098562,6.206756506055271
20.236680926394058,16.435674739098562,7.961831039990439
20.16811834843719,16.435674739098562,6.206756506055271
20.16811834843719,15.81570938448339,5.38912049558654
20.236680926394058,11.728871373922756,6.3977242506063945
20.236680926394058,16.435674739098562,7.238496283240385
4.430060501191658,11.728871373922756,2.227451932155674
4.430060501191658,11.728871373922756,3.8776935429223145
20.16811834843719,9.502225676552401,6.833838635775983
20.236680926394058,11.728871373922756,9.342907947588287
20.236680926394058,11.728871373922756,9.347365207454372
32.251634170308535,11.728871373922756,4.87670495091613
20.16811834843719,9.502225676552401,6.833838635775983
20.16811834843719,9.502225676552401,6.669045817088109
20.43761373407207,11.728871373922756,7.136439563094557
4.430060501191658,16.435674739098562,1.5479582111911663
20.236680926394058,11.728871373922756,7.011976048864956
6.039105249991462,16.435674739098562,3.036713842810592
20.236680926394058,17.276686571885488,5.981604004313835
20.16811834843719,9.502225676552401,6.833838635775983
2.651744812437876,16.435674739098562,6.658043272774211
20.16811834843719,16.435674739098562,6.206756506055271
20.236680926394058,16.435674739098562,6.202368742008749
20.16811834843719,9.502225676552401,6.833838635775983
4.430060501191658,11.728871373922756,3.8776935429223145
20.236680926394058,18.90424277753734,7.188178476358532
20.236680926394058,16.435674739098562,7.80515722823919
20.236680926394058,11.728871373922756,6.3977242506063945
4.430060501191658,11.728871373922756,4.074506179046696
4.02420426949126,21.05953509870788,2.0330879109081117
32.73879196539061,8.445549183041642,0.10299613458989962
32.251634170308535,11.728871373922756,4.87670495091613
7.64165509542423,11.728871373922756,4.388789341850835
20.236680926394058,11.728871373922756,7.337159921198284
4.430060501191658,11.728871373922756,2.4676311665244244
6.039105249991462,16.435674739098562,3.036713842810592
1.6802719466945994,16.435674739098562,0.5937400576603854
4.430060501191658,16.435674739098562,1.7422824251780915
4.02420426949126,21.05953509870788,2.0330879109081117
20.236680926394058,16.435674739098562,6.202368742008749
20.16811834843719,16.435674739098562,6.206756506055271
32.73879196539061,8.445549183041642,0.10299613458989962
3.4653522327005977,22.537801193220794,0.8917642482148549
20.16811834843719,11.728871373922756,7.205643545966254
20.16811834843719,9.502225676552401,6.833838635775983
20.16811834843719,11.728871373922756,9.273611006106366
5.453097970590566,11.728871373922756,4.11343852629365
24.60638233408366,11.16480729242307,6.188418153408641
20.16811834843719,9.502225676552401,9.557869527348037
32.73879196539061,8.445549183041642,0.10299613458989962
32.251634170308535,11.728871373922756,4.87670495091613
4.430060501191658,16.435674739098562,1.5479582111911663
2.651744812437876,16.435674739098562,6.658043272774211
4.430060501191658,32.65126912673452,10.0
4.430060501191658,11.728871373922756,3.8776935429223145
7.64165509542423,11.728871373922756,4.388789341850835
4.430060501191658,11.728871373922756,4.11343852629365
20.16811834843719,16.435674739098562,6.206756506055271
20.16811834843719,11.728871373922756,9.273611006106366
20.16811834843719,15.81570938448339,5.38912049558654
20.236680926394058,11.728871373922756,7.337159921198284
20.236680926394058,16.435674739098562,6.202368742008749
20.16811834843719,9.502225676552401,6.833838635775983
20.43761373407207,11.728871373922756,7.136439563094557
20.236680926394058,16.435674739098562,6.202368742008749
4.02420426949126,21.05953509870788,2.0330879109081117
7.64165509542423,11.728871373922756,4.388789341850835
20.236680926394058,24.523362485485528,4.58203123173376
12.81806790144562,20.908006568471674,5.820138071690139
20.16811834843719,9.502225676552401,6.833838635775983
20.236680926394058,11.728871373922756,7.337159921198284
7.64165509542423,11.728871373922756,4.388789341850835
20.236680926394058,16.435674739098562,5.2925058994571845
4.430060501191658,11.728871373922756,4.11343852629365
20.236680926394058,16.435674739098562,6.805903556867366
20.236680926394058,16.435674739098562,7.238496283240385
4.430060501191658,14.421717996838906,1.8187524021999615
6.039105249991462,16.435674739098562,3.036713842810592
20.16811834843719,11.728871373922756,7.205643545966254
4.430060501191658,16.435674739098562,1.6339437516604762
20.16811834843719,11.728871373922756,9.273611006106366
2.651744812437876,16.435674739098562,6.658043272774211
20.236680926394058,11.16480729242307,9.4924393610303
4.430060501191658,11.728871373922756,2.227451932155674
32.73879196539061,8.445549183041642,0.10299613458989962
20.16811834843719,9.502225676552401,6.833838635775983
20.236680926394058,11.728871373922756,7.337159921198284
20.236680926394058,16.435674739098562,7.553828932715966
4.430060501191658,11.728871373922756,4.074506179046696
20.236680926394058,11.728871373922756,9.342907947588287
4.430060501191658,11.728871373922756,2.227451932155674
20.16811834843719,11.728871373922756,9.273611006106366
4.430060501191658,11.728871373922756,4.11343852629365
4.430060501191658,16.435674739098562,1.7422824251780915
20.236680926394058,16.435674739098562,6.202368742008749
6.039105249991462,16.435674739098562,3.036713842810592
20.236680926394058,16.435674739098562,6.202368742008749
4.430060501191658,16.435674739098562,1.6339437516604762
4.430060501191658,11.728871373922756,4.11343852629365
20.236680926394058,17.276686571885488,5.981604004313835
20.16811834843719,15.81570938448339,5.38912049558654
4.430060501191658,16.435674739098562,1.6339437516604762
20.236680926394058,16.435674739098562,6.202368742008749
20.16811834843719,16.435674739098562,6.206756506055271
20.16811834843719,9.502225676552401,6.833838635775983
4.430060501191658,11.728871373922756,4.074506179046696
20.16811834843719,9.502225676552401,6.669045817088109
20.16811834843719,11.16480729242307,8.364002906563462
20.236680926394058,16.435674739098562,7.594037016586725
24.60638233408366,11.16480729242307,6.188418153408641
26.317612585883182,9.502225676552401,5.5519770069169425
20.16811834843719,15.81570938448339,5.38912049558654
20.16811834843719,9.502225676552401,6.833838635775983
4.430060501191658,14.421717996838906,1.8187524021999615
20.16811834843719,9.502225676552401,6.833838635775983
7.64165509542423,11.728871373922756,4.388789341850835
4.430060501191658,32.65126912673452,10.0
4.430060501191658,11.728871373922756,4.074506179046696
3.4653522327005977,22.537801193220794,0.8917642482148549
20.236680926394058,11.728871373922756,9.347365207454372
37.98239281655984,9.502225676552401,0.43986112020460366
6.039105249991462,16.435674739098562,3.036713842810592
20.236680926394058,11.728871373922756,6.3977242506063945
20.236680926394058,11.16480729242307,9.4924393610303
20.16811834843719,9.502225676552401,6.833838635775983
20.16811834843719,9.502225676552401,6.833838635775983
20.16811834843719,16.435674739098562,6.206756506055271
6.039105249991462,16.435674739098562,3.036713842810592
20.236680926394058,18.90424277753734,7.188178476358532
0.3424627937526372,11.728871373922756,1.2355176213198118
20.16811834843719,16.435674739098562,6.206756506055271
20.16811834843719,11.728871373922756,7.205643545966254
20.16811834843719,11.728871373922756,10.193659511868352
4.430060501191658,11.728871373922756,2.4676311665244244
20.16811834843719,9.502225676552401,6.833838635775983
24.60638233408366,11.16480729242307,6.188418153408641
20.16811834843719,15.630886859015531,5.420982904181619
20.236680926394058,16.435674739098562,7.594037016586725
12.81806790144562,20.908006568471674,5.820138071690139
20.236680926394058,16.435674739098562,6.202368742008749
4.430060501191658,11.728871373922756,4.11343852629365
20.236680926394058,11.728871373922756,9.347365207454372
20.236680926394058,16.435674739098562,6.202368742008749
20.236680926394058,16.435674739098562,7.553828932715966
20.16811834843719,9.502225676552401,6.833838635775983
20.236680926394058,11.728871373922756,9.342907947588287
20.236680926394058,11.728871373922756,6.3977242506063945
20.236680926394058,16.435674739098562,7.553828932715966
2.651744812437876,16.435674739098562,6.658043272774211
20.236680926394058,16.435674739098562,5.2925058994571845
4.430060501191658,11.728871373922756,4.074506179046696
4.430060501191658,11.728871373922756,3.8776935429223145
20.236680926394058,16.435674739098562,7.594037016586725
20.236680926394058,12.698580438717046,7.011976048864956
20.16811834843719,15.81570938448339,5.38912049558654
20.236680926394058,11.728871373922756,6.3977242506063945
20.236680926394058,11.728871373922756,7.337159921198284
20.16811834843719,9.502225676552401,6.833838635775983
20.16811834843719,16.435674739098562,6.206756506055271
20.16811834843719,9.502225676552401,6.833838635775983
4.430060501191658,32.65126912673452,10.0
4.02420426949126,21.05953509870788,2.0330879109081117
20.16811834843719,9.502225676552401,6.833838635775983
24.60638233408366,11.16480729242307,6.188418153408641
1.6802719466945994,16.435674739098562,0.5937400576603854
4.430060501191658,11.728871373922756,4.11343852629365
20.16811834843719,16.435674739098562,6.206756506055271
19.809673370492273,16.435674739098562,6.225942521492922
20.236680926394058,11.728871373922756,9.347365207454372
20.16811834843719,11.728871373922756,8.79522810569053
20.236680926394058,16.435674739098562,5.2925058994571845
1.6802719466945994,16.435674739098562,0.5937400576603854
20.16811834843719,9.502225676552401,6.833838635775983
20.16811834843719,16.435674739098562,6.206756506055271
4.430060501191658,11.728871373922756,3.8776935429223145
20.236680926394058,17.276686571885488,5.981604004313835
2.651744812437876,16.435674739098562,6.658043272774211
20.236680926394058,11.728871373922756,7.337159921198284
26.317612585883182,9.502225676552401,5.5519770069169425
4.430060501191658,11.728871373922756,2.227451932155674
20.236680926394058,16.435674739098562,6.202368742008749
20.236680926394058,16.435674739098562,6.202368742008749
6.484623213931641,16.435674739098562,2.5512660679611865
20.236680926394058,16.435674739098562,6.202368742008749
20.16811834843719,11.728871373922756,8.79522810569053
4.430060501191658,11.728871373922756,4.11343852629365
20.236680926394058,16.435674739098562,7.961831039990439
20.236680926394058,9.502225676552401,6.8294508717294615
4.430060501191658,11.728871373922756,2.4676311665244244
20.236680926394058,12.698580438717046,7.011976048864956
20.16811834843719,16.435674739098562,6.206756506055271
5.711679824076445,16.435674739098562,3.292542738025996
20.16811834843719,9.502225676552401,6.669045817088109
4.430060501191658,11.728871373922756,2.227451932155674
20.16811834843719,11.16480729242307,8.364002906563462
4.430060501191658,14.421717996838906,1.8187524021999615
4.430060501191658,16.435674739098562,1.6339437516604762
12.81806790144562,20.908006568471674,5.820138071690139
20.236680926394058,11.728871373922756,9.347365207454372
31.72732469661877,16.435674739098562,2.6291476515216092
20.16811834843719,11.728871373922756,9.273611006106366
20.236680926394058,12.698580438717046,7.011976048864956
31.72732469661877,16.435674739098562,2.6291476515216092
20.16811834843719,11.728871373922756,10.193659511868352
4.430060501191658,14.421717996838906,1.8187524021999615
20.236680926394058,11.728871373922756,7.337159921198284
20.236680926394058,11.728871373922756,6.3977242506063945
20.236680926394058,11.728871373922756,7.337159921198284
20.16811834843719,20.908006568471674,10.0
20.236680926394058,16.435674739098562,7.961831039990439
4.430060501191658,16.435674739098562,1.7422824251780915
20.16811834843719,9.502225676552401,6.833838635775983
20.16811834843719,16.435674739098562,6.206756506055271
20.236680926394058,9.502225676552401,6.8294508717294615
20.236680926394058,11.16480729242307,9.4924393610303
20.16811834843719,16.435674739098562,6.206756506055271
4.430060501191658,14.421717996838906,1.8187524021999615
49.25748188080016,11.728871373922756,0.0984122985478664
20.16811834843719,9.502225676552401,6.669045817088109
20.236680926394058,17.276686571885488,5.981604004313835
20.236680926394058,16.435674739098562,6.202368742008749
4.430060501191658,11.728871373922756,3.8776935429223145
10.794855798318238,7.389877496145805,3.416186179372252
5.453097970590566,11.728871373922756,4.11343852629365
32.251634170308535,11.728871373922756,4.87670495091613
20.236680926394058,11.728871373922756,9.342907947588287
20.236680926394058,11.728871373922756,9.347365207454372
7.64165509542423,11.728871373922756,4.388789341850835
5.711679824076445,16.435674739098562,3.292542738025996
0.3424627937526372,11.728871373922756,1.2355176213198118
20.16811834843719,16.435674739098562,6.206756506055271
20.236680926394058,16.435674739098562,6.805903556867366
20.16811834843719,16.435674739098562,6.206756506055271
20.16811834843719,16.435674739098562,6.206756506055271
20.236680926394058,12.698580438717046,7.011976048864956
20.16811834843719,11.728871373922756,9.273611006106366
26.317612585883182,9.502225676552401,5.5519770069169425
20.236680926394058,12.698580438717046,7.011976048864956
20.236680926394058,24.523362485485528,4.58203123173376
20.236680926394058,18.90424277753734,7.188178476358532
20.16811834843719,9.502225676552401,6.833838635775983
20.16811834843719,11.728871373922756,9.273611006106366
4.430060501191658,11.728871373922756,2.227451932155674
19.809673370492273,16.435674739098562,6.225942521492922
0.3424627937526372,11.728871373922756,1.2355176213198118
20.236680926394058,21.581331907646277,7.011976048864956
20.236680926394058,16.435674739098562,6.805903556867366
20.16811834843719,11.728871373922756,7.205643545966254
20.236680926394058,11.728871373922756,6.3977242506063945
20.43761373407207,11.728871373922756,7.136439563094557
26.317612585883182,9.502225676552401,5.5519770069169425
20.16811834843719,16.435674739098562,6.206756506055271
4.02420426949126,21.05953509870788,2.0330879109081117
20.16811834843719,20.908006568471674,10.0
20.236680926394058,11.728871373922756,7.337159921198284
20.16811834843719,9.502225676552401,6.833838635775983
20.43761373407207,11.728871373922756,7.136439563094557
20.16811834843719,20.908006568471674,10.0
20.236680926394058,11.728871373922756,6.3977242506063945
20.16811834843719,9.502225676552401,6.833838635775983
10.353237831369416,11.728871373922756,6.110650592670635
1.6802719466945994,16.435674739098562,0.5937400576603854
20.16811834843719,9.502225676552401,9.557869527348037
20.236680926394058,16.435674739098562,7.961831039990439
20.16811834843719,11.728871373922756,8.79522810569053
20.16811834843719,16.435674739098562,6.206756506055271
4.430060501191658,11.728871373922756,3.8776935429223145
20.236680926394058,16.435674739098562,7.553828932715966
20.236680926394058,11.728871373922756,7.337159921198284
4.430060501191658,32.65126912673452,10.0
20.236680926394058,16.435674739098562,7.553828932715966
20.236680926394058,16.435674739098562,6.202368742008749
20.236680926394058,16.435674739098562,6.202368742008749
31.72732469661877,16.435674739098562,2.6291476515216092
20.236680926394058,16.435674739098562,7.238496283240385
20.236680926394058,16.435674739098562,6.202368742008749
20.236680926394058,11.728871373922756,9.347365207454372
2.651744812437876,16.435674739098562,6.658043272774211
20.236680926394058,16.435674739098562,7.80515722823919
20.16811834843719,11.728871373922756,9.273611006106366
20.236680926394058,11.728871373922756,9.347365207454372
20.236680926394058,16.435674739098562,6.202368742008749
20.236680926394058,21.581331907646277,7.011976048864956
3.4653522327005977,22.537801193220794,0.8917642482148549
20.16811834843719,15.630886859015531,5.420982904181619
37.98239281655984,9.502225676552401,0.43986112020460366
20.236680926394058,11.728871373922756,6.3977242506063945
20.16811834843719,20.908006568471674,10.0
20.236680926394058,9.502225676552401,6.8294508717294615
26.317612585883182,9.502225676552401,5.5519770069169425
4.430060501191658,11.728871373922756,4.11343852629365
20.16811834843719,11.728871373922756,9.273611006106366
4.430060501191658,11.728871373922756,2.4676311665244244
20.236680926394058,16.435674739098562,6.805903556867366
20.236680926394058,11.728871373922756,7.337159921198284
20.236680926394058,11.728871373922756,6.3977242506063945
4.430060501191658,11.728871373922756,4.074506179046696
37.910098943233905,7.976170045604925,7.8310366664041275
20.236680926394058,16.435674739098562,6.202368742008749
20.236680926394058,21.581331907646277,7.011976048864956
20.236680926394058,16.435674739098562,7.961831039990439
20.236680926394058,11.728871373922756,6.3977242506063945
4.430060501191658,11.728871373922756,3.8776935429223145
37.98239281655984,9.502225676552401,0.43986112020460366
20.236680926394058,11.728871373922756,9.347365207454372
1.6802719466945994,16.435674739098562,0.5937400576603854
20.236680926394058,16.435674739098562,7.553828932715966
20.236680926394058,16.435674739098562,7.80515722823919
20.236680926394058,16.435674739098562,7.594037016586725
20.16811834843719,9.502225676552401,9.557869527348037
20.236680926394058,16.435674739098562,6.202368742008749
20.16811834843719,16.435674739098562,6.206756506055271
4.430060501191658,11.728871373922756,4.074506179046696
4.430060501191658,32.65126912673452,10.0
20.236680926394058,16.435674739098562,6.202368742008749
20.16811834843719,16.435674739098562,6.206756506055271
20.236680926394058,17.276686571885488,5.981604004313835
37.98239281655984,9.502225676552401,0.43986112020460366
20.236680926394058,17.276686571885488,5.981604004313835
4.430060501191658,16.435674739098562,1.7422824251780915
20.236680926394058,18.90424277753734,7.188178476358532
6.039105249991462,16.435674739098562,3.036713842810592
20.16811834843719,20.908006568471674,10.0
20.236680926394058,16.435674739098562,6.202368742008749
20.16811834843719,15.630886859015531,5.420982904181619
20.236680926394058,16.435674739098562,7.553828932715966
20.236680926394058,9.502225676552401,6.8294508717294615
20.16811834843719,15.81570938448339,5.38912049558654
20.236680926394058,24.523362485485528,4.58203123173376
20.236680926394058,16.435674739098562,5.2925058994571845
4.430060501191658,11.728871373922756,3.8776935429223145
20.236680926394058,16.435674739098562,7.961831039990439
20.236680926394058,9.502225676552401,6.8294508717294615
4.02420426949126,21.05953509870788,2.0330879109081117
6.484623213931641,16.435674739098562,2.5512660679611865
20.236680926394058,16.435674739098562,7.594037016586725
10.794855798318238,7.389877496145805,3.416186179372252
20.236680926394058,11.728871373922756,7.337159921198284
6.484623213931641,16.435674739098562,2.5512660679611865
4.430060501191658,11.728871373922756,2.4676311665244244
4.430060501191658,14.421717996838906,1.8187524021999615
20.236680926394058,16.435674739098562,6.202368742008749
20.236680926394058,16.435674739098562,7.961831039990439
4.430060501191658,16.435674739098562,1.5479582111911663
4.430060501191658,11.728871373922756,2.227451932155674
20.236680926394058,16.435674739098562,7.961831039990439
4.430060501191658,11.728871373922756,4.074506179046696
20.16811834843719,11.728871373922756,9.273611006106366
5.711679824076445,16.435674739098562,3.292542738025996
20.236680926394058,11.728871373922756,7.337159921198284
20.236680926394058,16.435674739098562,7.553828932715966
32.73879196539061,8.445549183041642,0.10299613458989962
20.236680926394058,11.728871373922756,6.3977242506063945
4.430060501191658,16.435674739098562,1.6339437516604762
20.236680926394058,11.728871373922756,7.337159921198284
20.236680926394058,16.435674739098562,6.202368742008749
20.236680926394058,16.435674739098562,6.202368742008749
20.236680926394058,11.728871373922756,9.347365207454372
20.236680926394058,16.435674739098562,6.805903556867366
20.236680926394058,11.728871373922756,6.3977242506063945
5.711679824076445,16.435674739098562,3.292542738025996
20.16811834843719,11.728871373922756,10.193659511868352
20.16811834843719,9.502225676552401,6.833838635775983
5.453097970590566,11.728871373922756,4.11343852629365
20.236680926394058,11.728871373922756,7.337159921198284
6.039105249991462,16.435674739098562,3.036713842810592
20.236680926394058,12.698580438717046,7.011976048864956
20.236680926394058,17.276686571885488,5.981604004313835
37.98239281655984,9.502225676552401,0.43986112020460366
20.16811834843719,9.502225676552401,6.833838635775983
20.16811834843719,20.908006568471674,10.0
31.72732469661877,16.435674739098562,2.6291476515216092
20.236680926394058,11.728871373922756,7.337159921198284
20.16811834843719,15.81570938448339,5.38912049558654
20.16811834843719,11.728871373922756,9.273611006106366
20.16811834843719,15.630886859015531,5.420982904181619
49.25748188080016,11.728871373922756,0.0984122985478664
20.236680926394058,16.435674739098562,6.202368742008749
24.60638233408366,11.16480729242307,6.188418153408641
20.16811834843719,9.502225676552401,9.557869527348037
3.4653522327005977,22.537801193220794,0.8917642482148549
4.430060501191658,11.728871373922756,2.227451932155674
20.43761373407207,11.728871373922756,7.136439563094557
32.73879196539061,8.445549183041642,0.10299613458989962
24.60638233408366,11.16480729242307,6.188418153408641
0.3424627937526372,11.728871373922756,1.2355176213198118
4.430060501191658,11.728871373922756,4.11343852629365
10.794855798318238,7.389877496145805,3.416186179372252
4.430060501191658,16.435674739098562,1.5479582111911663
4.430060501191658,32.65126912673452,10.0
20.236680926394058,9.502225676552401,6.8294508717294615
32.251634170308535,11.728871373922756,4.87670495091613
20.16811834843719,11.16480729242307,8.364002906563462
4.430060501191658,32.65126912673452,10.0
20.236680926394058,21.581331907646277,7.011976048864956
20.16811834843719,9.502225676552401,9.557869527348037
6.039105249991462,16.435674739098562,3.036713842810592
20.236680926394058,16.435674739098562,6.202368742008749
4.430060501191658,32.65126912673452,10.0
3.4653522327005977,22.537801193220794,0.8917642482148549
5.453097970590566,11.728871373922756,4.11343852629365
20.236680926394058,16.435674739098562,7.553828932715966
20.236680926394058,16.435674739098562,5.2925058994571845
20.236680926394058,11.16480729242307,9.4924393610303
20.236680926394058,11.728871373922756,9.342907947588287
20.236680926394058,11.728871373922756,6.3977242506063945
4.430060501191658,11.728871373922756,4.11343852629365
10.794855798318238,7.389877496145805,3.416186179372252
20.236680926394058,18.90424277753734,7.188178476358532
20.236680926394058,16.435674739098562,7.553828932715966
20.236680926394058,16.435674739098562,6.202368742008749
20.16811834843719,15.630886859015531,5.420982904181619
4.430060501191658,16.435674739098562,1.7422824251780915
20.236680926394058,11.728871373922756,9.347365207454372
20.236680926394058,16.435674739098562,5.2925058994571845
20.16811834843719,20.908006568471674,10.0
37.910098943233905,7.976170045604925,7.8310366664041275
20.236680926394058,11.728871373922756,7.337159921198284
24.60638233408366,11.16480729242307,6.188418153408641
1.6802719466945994,16.435674739098562,0.5937400576603854
4.430060501191658,11.728871373922756,2.4676311665244244
4.430060501191658,11.728871373922756,4.11343852629365
20.236680926394058,16.435674739098562,6.202368742008749
5.711679824076445,16.435674739098562,3.292542738025996
19.809673370492273,16.435674739098562,6.225942521492922
20.236680926394058,16.435674739098562,7.961831039990439
20.236680926394058,16.435674739098562,7.553828932715966
20.236680926394058,11.728871373922756,7.337159921198284
20.236680926394058,18.90424277753734,7.188178476358532
20.236680926394058,16.435674739098562,7.961831039990439
37.98239281655984,9.502225676552401,0.43986112020460366
20.236680926394058,16.435674739098562,6.202368742008749
20.236680926394058,12.698580438717046,7.011976048864956
31.72732469661877,16.435674739098562,2.6291476515216092
20.236680926394058,16.435674739098562,6.202368742008749
20.16811834843719,11.728871373922756,9.273611006106366
20.236680926394058,16.435674739098562,6.202368742008749
20.236680926394058,18.90424277753734,7.188178476358532
20.16811834843719,15.81570938448339,5.38912049558654
4.430060501191658,11.728871373922756,4.074506179046696
0.3424627937526372,11.728871373922756,1.2355176213198118
4.430060501191658,11.728871373922756,4.11343852629365
4.430060501191658,11.728871373922756,4.11343852629365
2.651744812437876,16.435674739098562,6.658043272774211
20.236680926394058,11.728871373922756,7.011976048864956
20.236680926394058,11.728871373922756,7.337159921198284
20.236680926394058,21.581331907646277,7.011976048864956
0.3424627937526372,11.728871373922756,1.2355176213198118
4.430060501191658,16.435674739098562,1.6339437516604762
20.236680926394058,16.435674739098562,7.238496283240385
4.430060501191658,11.728871373922756,3.8776935429223145
20.16811834843719,9.502225676552401,6.833838635775983
0.3424627937526372,11.728871373922756,1.2355176213198118
10.794855798318238,7.389877496145805,3.416186179372252
4.430060501191658,11.728871373922756,2.227451932155674
20.16811834843719,9.502225676552401,6.833838635775983
32.73879196539061,8.445549183041642,0.10299613458989962
37.910098943233905,7.976170045604925,7.8310366664041275
20.236680926394058,16.435674739098562,5.2925058994571845
20.236680926394058,16.435674739098562,5.2925058994571845
26.317612585883182,9.502225676552401,5.5519770069169425
20.16811834843719,16.435674739098562,6.206756506055271
5.453097970590566,11.728871373922756,4.11343852629365
20.236680926394058,16.435674739098562,7.961831039990439
1.6802719466945994,16.435674739098562,0.5937400576603854
20.236680926394058,16.435674739098562,6.202368742008749
20.236680926394058,16.435674739098562,6.202368742008749
12.81806790144562,20.908006568471674,5.820138071690139
20.236680926394058,12.698580438717046,7.011976048864956
4.430060501191658,11.728871373922756,2.227451932155674
10.353237831369416,11.728871373922756,6.110650592670635
20.16811834843719,20.908006568471674,10.0
32.251634170308535,11.728871373922756,4.87670495091613
20.16811834843719,9.502225676552401,6.833838635775983
4.02420426949126,21.05953509870788,2.0330879109081117
20.16811834843719,11.728871373922756,9.273611006106366
20.16811834843719,16.435674739098562,6.206756506055271
24.60638233408366,11.16480729242307,6.188418153408641
4.430060501191658,11.728871373922756,4.11343852629365
19.809673370492273,16.435674739098562,6.225942521492922
20.16811834843719,11.728871373922756,9.273611006106366
20.16811834843719,16.435674739098562,6.206756506055271
10.353237831369416,11.728871373922756,6.110650592670635
20.236680926394058,11.728871373922756,6.3977242506063945
10.353237831369416,11.728871373922756,6.110650592670635
4.430060501191658,16.435674739098562,1.6339437516604762
20.236680926394058,17.276686571885488,5.981604004313835
49.25748188080016,11.728871373922756,0.0984122985478664
20.236680926394058,16.435674739098562,6.202368742008749
20.16811834843719,20.908006568471674,10.0
6.484623213931641,16.435674739098562,2.5512660679611865
32.73879196539061,8.445549183041642,0.10299613458989962
4.430060501191658,16.435674739098562,1.6339437516604762
4.430060501191658,11.728871373922756,4.074506179046696
20.16811834843719,15.81570938448339,5.38912049558654
20.236680926394058,16.435674739098562,6.805903556867366
20.16811834843719,20.908006568471674,10.0
20.16811834843719,11.728871373922756,10.193659511868352
20.16811834843719,9.502225676552401,6.833838635775983
20.16811834843719,11.728871373922756,8.79522810569053
0.3424627937526372,11.728871373922756,1.2355176213198118
20.16811834843719,9.502225676552401,6.669045817088109
20.236680926394058,18.90424277753734,7.188178476358532
20.16811834843719,9.502225676552401,9.557869527348037
4.430060501191658,11.728871373922756,2.227451932155674
20.236680926394058,16.435674739098562,7.238496283240385
20.236680926394058,16.435674739098562,7.80515722823919
20.236680926394058,16.435674739098562,7.961831039990439
4.430060501191658,14.421717996838906,1.8187524021999615
7.64165509542423,11.728871373922756,4.388789341850835
20.16811834843719,9.502225676552401,6.833838635775983
20.236680926394058,12.698580438717046,7.011976048864956
20.16811834843719,11.728871373922756,8.79522810569053
20.236680926394058,11.728871373922756,9.347365207454372
20.16811834843719,11.728871373922756,7.205643545966254
20.236680926394058,16.435674739098562,6.202368742008749
20.16811834843719,16.435674739098562,6.206756506055271
20.236680926394058,24.523362485485528,4.58203123173376
20.236680926394058,16.435674739098562,6.202368742008749
19.809673370492273,16.435674739098562,6.225942521492922
1.6802719466945994,16.435674739098562,0.5937400576603854
20.16811834843719,9.502225676552401,9.557869527348037
20.16811834843719,16.435674739098562,6.206756506055271
20.236680926394058,11.16480729242307,9.4924393610303
4.430060501191658,11.728871373922756,2.227451932155674
5.711679824076445,16.435674739098562,3.292542738025996
4.430060501191658,11.728871373922756,3.8776935429223145
20.16811834843719,15.81570938448339,5.38912049558654
26.317612585883182,9.502225676552401,5.5519770069169425
1.6802719466945994,16.435674739098562,0.5937400576603854
20.236680926394058,11.728871373922756,7.337159921198284
20.43761373407207,11.728871373922756,7.136439563094557
20.236680926394058,11.728871373922756,7.337159921198284
20.16811834843719,9.502225676552401,6.833838635775983
20.16811834843719,16.435674739098562,6.206756506055271
37.910098943233905,7.976170045604925,7.8310366664041275
20.16811834843719,11.728871373922756,7.205643545966254
20.236680926394058,24.523362485485528,4.58203123173376
20.236680926394058,11.728871373922756,6.3977242506063945
20.236680926394058,11.728871373922756,9.347365207454372
20.236680926394058,16.435674739098562,6.202368742008749
20.236680926394058,16.435674739098562,6.202368742008749
20.236680926394058,12.698580438717046,7.011976048864956
32.251634170308535,11.728871373922756,4.87670495091613
4.430060501191658,16.435674739098562,1.7422824251780915
20.16811834843719,11.728871373922756,9.273611006106366
10.794855798318238,7.389877496145805,3.416186179372252
20.16811834843719,9.502225676552401,6.669045817088109
20.236680926394058,16.435674739098562,6.202368742008749
0.3424627937526372,11.728871373922756,1.2355176213198118
20.16811834843719,9.502225676552401,6.833838635775983
20.16811834843719,11.728871373922756,10.193659511868352
20.16811834843719,20.908006568471674,10.0
2.651744812437876,16.435674739098562,6.658043272774211
20.16811834843719,11.728871373922756,10.193659511868352
20.16811834843719,16.435674739098562,6.206756506055271
26.317612585883182,9.502225676552401,5.5519770069169425
4.430060501191658,16.435674739098562,1.7422824251780915
4.430060501191658,16.435674739098562,1.6339437516604762
4.430060501191658,32.65126912673452,10.0
20.16811834843719,11.728871373922756,9.273611006106366
20.236680926394058,11.728871373922756,7.337159921198284
5.453097970590566,11.728871373922756,4.11343852629365
32.73879196539061,8.445549183041642,0.10299613458989962
6.039105249991462,16.435674739098562,3.036713842810592
4.430060501191658,16.435674739098562,1.5479582111911663
4.430060501191658,11.728871373922756,2.227451932155674
20.236680926394058,11.728871373922756,9.342907947588287
20.16811834843719,9.502225676552401,6.833838635775983
20.236680926394058,11.16480729242307,9.4924393610303
20.16811834843719,15.630886859015531,5.420982904181619
20.236680926394058,16.435674739098562,6.202368742008749
20.236680926394058,21.581331907646277,7.011976048864956
31.72732469661877,16.435674739098562,2.6291476515216092
0.3424627937526372,11.728871373922756,1.2355176213198118
20.236680926394058,16.435674739098562,7.594037016586725
12.81806790144562,20.908006568471674,5.820138071690139
49.25748188080016,11.728871373922756,0.0984122985478664
6.484623213931641,16.435674739098562,2.5512660679611865
20.236680926394058,16.435674739098562,7.594037016586725
20.43761373407207,11.728871373922756,7.136439563094557
20.16811834843719,16.435674739098562,6.206756506055271
20.16811834843719,9.502225676552401,6.833838635775983
20.16811834843719,11.728871373922756,8.79522810569053
20.16811834843719,11.728871373922756,8.79522810569053
19.809673370492273,16.435674739098562,6.225942521492922
20.43761373407207,11.728871373922756,7.136439563094557
20.236680926394058,21.581331907646277,7.011976048864956
20.16811834843719,9.502225676552401,6.833838635775983
20.236680926394058,16.435674739098562,6.202368742008749
4.430060501191658,16.435674739098562,1.5479582111911663
4.430060501191658,11.728871373922756,3.8776935429223145
10.794855798318238,7.389877496145805,3.416186179372252
20.236680926394058,16.435674739098562,5.2925058994571845
20.16811834843719,9.502225676552401,6.833838635775983
6.484623213931641,16.435674739098562,2.5512660679611865
20.236680926394058,21.581331907646277,7.011976048864956
20.236680926394058,9.502225676552401,6.8294508717294615
20.236680926394058,16.435674739098562,7.594037016586725
20.236680926394058,11.728871373922756,9.342907947588287
20.236680926394058,17.276686571885488,5.981604004313835
2.651744812437876,16.435674739098562,6.658043272774211
0.3424627937526372,11.728871373922756,1.2355176213198118
20.236680926394058,11.728871373922756,7.337159921198284
20.16811834843719,9.502225676552401,6.669045817088109
20.16811834843719,16.435674739098562,6.206756506055271
20.16811834843719,16.435674739098562,6.206756506055271
6.039105249991462,16.435674739098562,3.036713842810592
49.25748188080016,11.728871373922756,0.0984122985478664
20.236680926394058,11.728871373922756,7.337159921198284
20.236680926394058,11.728871373922756,7.337159921198284
20.236680926394058,16.435674739098562,7.80515722823919
1.6802719466945994,16.435674739098562,0.5937400576603854
20.16811834843719,15.81570938448339,5.38912049558654
20.16811834843719,15.630886859015531,5.420982904181619
20.16811834843719,16.435674739098562,6.206756506055271
4.430060501191658,11.728871373922756,4.074506179046696
4.430060501191658,16.435674739098562,1.6339437516604762
20.16811834843719,16.435674739098562,6.206756506055271
2.651744812437876,16.435674739098562,6.658043272774211
24.60638233408366,11.16480729242307,6.188418153408641
4.430060501191658,11.728871373922756,2.227451932155674
20.236680926394058,12.698580438717046,7.011976048864956
4.430060501191658,16.435674739098562,1.7422824251780915
20.16811834843719,9.502225676552401,6.833838635775983
20.16811834843719,9.502225676552401,6.833838635775983
20.236680926394058,17.276686571885488,5.981604004313835
20.236680926394058,16.435674739098562,6.202368742008749
20.16811834843719,9.502225676552401,6.833838635775983
20.16811834843719,16.435674739098562,6.206756506055271
20.236680926394058,11.728871373922756,7.337159921198284
20.236680926394058,11.728871373922756,6.3977242506063945
20.16811834843719,9.502225676552401,6.833838635775983
20.236680926394058,11.728871373922756,6.3977242506063945
20.236680926394058,11.728871373922756,7.011976048864956
0.3424627937526372,11.728871373922756,1.2355176213198118
4.430060501191658,14.421717996838906,1.8187524021999615
4.430060501191658,16.435674739098562,1.6339437516604762
4.430060501191658,14.421717996838906,1.8187524021999615
20.236680926394058,16.435674739098562,7.594037016586725
4.430060501191658,11.728871373922756,3.8776935429223145
20.236680926394058,11.16480729242307,9.4924393610303
4.430060501191658,11.728871373922756,4.11343852629365
20.43761373407207,11.728871373922756,7.136439563094557
4.430060501191658,16.435674739098562,1.7422824251780915
20.236680926394058,24.523362485485528,4.58203123173376
20.43761373407207,11.728871373922756,7.136439563094557
20.236680926394058,16.435674739098562,6.202368742008749
20.236680926394058,11.728871373922756,6.3977242506063945
20.236680926394058,17.276686571885488,5.981604004313835
20.236680926394058,11.728871373922756,7.337159921198284
4.02420426949126,21.05953509870788,2.0330879109081117
4.430060501191658,11.728871373922756,2.4676311665244244
20.236680926394058,16.435674739098562,6.202368742008749
19.809673370492273,16.435674739098562,6.225942521492922
3.4653522327005977,22.537801193220794,0.8917642482148549
4.430060501191658,14.421717996838906,1.8187524021999615
20.236680926394058,16.435674739098562,7.80515722823919
20.16811834843719,11.728871373922756,9.273611006106366
20.236680926394058,16.435674739098562,7.961831039990439
37.98239281655984,9.502225676552401,0.43986112020460366
20.236680926394058,11.728871373922756,6.3977242506063945
20.16811834843719,15.81570938448339,5.38912049558654
24.60638233408366,11.16480729242307,6.188418153408641
20.16811834843719,9.502225676552401,6.833838635775983
20.16811834843719,11.728871373922756,8.79522810569053
37.98239281655984,9.502225676552401,0.43986112020460366
19.809673370492273,16.435674739098562,6.225942521492922
20.236680926394058,11.728871373922756,7.337159921198284
10.353237831369416,11.728871373922756,6.110650592670635
20.16811834843719,11.728871373922756,8.79522810569053
4.430060501191658,16.435674739098562,1.5479582111911663
4.430060501191658,14.421717996838906,1.8187524021999615
49.25748188080016,11.728871373922756,0.0984122985478664
20.16811834843719,11.16480729242307,8.364002906563462
20.16811834843719,11.728871373922756,10.193659511868352
20.236680926394058,16.435674739098562,6.202368742008749
20.236680926394058,16.435674739098562,6.805903556867366
20.16811834843719,9.502225676552401,6.833838635775983
10.353237831369416,11.728871373922756,6.110650592670635
32.73879196539061,8.445549183041642,0.10299613458989962
20.16811834843719,11.728871373922756,7.205643545966254
20.16811834843719,16.435674739098562,6.206756506055271
31.72732469661877,16.435674739098562,2.6291476515216092
20.16811834843719,16.435674739098562,6.206756506055271
4.430060501191658,16.435674739098562,1.6339437516604762
20.236680926394058,24.523362485485528,4.58203123173376
4.430060501191658,11.728871373922756,4.11343852629365
20.236680926394058,11.728871373922756,9.342907947588287
4.430060501191658,14.421717996838906,1.8187524021999615
20.236680926394058,16.435674739098562,6.202368742008749
20.236680926394058,17.276686571885488,5.981604004313835
20.43761373407207,11.728871373922756,7.136439563094557
20.236680926394058,16.435674739098562,6.202368742008749
20.236680926394058,16.435674739098562,6.202368742008749
20.16811834843719,11.728871373922756,10.193659511868352
20.236680926394058,16.435674739098562,6.202368742008749
20.236680926394058,16.435674739098562,6.202368742008749
4.430060501191658,11.728871373922756,2.227451932155674
19.809673370492273,16.435674739098562,6.225942521492922
20.16811834843719,9.502225676552401,6.833838635775983
4.430060501191658,11.728871373922756,4.11343852629365
20.16811834843719,15.81570938448339,5.38912049558654
0.3424627937526372,11.728871373922756,1.2355176213198118
4.430060501191658,32.65126912673452,10.0
20.16811834843719,15.630886859015531,5.420982904181619
32.251634170308535,11.728871373922756,4.87670495091613
4.430060501191658,11.728871373922756,2.227451932155674
20.236680926394058,16.435674739098562,6.202368742008749
4.430060501191658,11.728871373922756,2.4676311665244244
20.236680926394058,16.435674739098562,7.553828932715966
32.73879196539061,8.445549183041642,0.10299613458989962
20.236680926394058,11.728871373922756,6.3977242506063945
10.353237831369416,11.728871373922756,6.110650592670635
20.16811834843719,16.435674739098562,6.206756506055271
31.72732469661877,16.435674739098562,2.6291476515216092
4.430060501191658,14.421717996838906,1.8187524021999615
19.809673370492273,16.435674739098562,6.225942521492922
20.16811834843719,9.502225676552401,6.669045817088109
20.16811834843719,20.908006568471674,10.0
4.430060501191658,16.435674739098562,1.7422824251780915
20.16811834843719,16.435674739098562,6.206756506055271
37.98239281655984,9.502225676552401,0.43986112020460366
20.236680926394058,16.435674739098562,6.202368742008749
4.430060501191658,11.728871373922756,3.8776935429223145
20.236680926394058,21.581331907646277,7.011976048864956
20.236680926394058,11.728871373922756,7.337159921198284
6.039105249991462,16.435674739098562,3.036713842810592
4.430060501191658,11.728871373922756,3.8776935429223145
20.16811834843719,16.435674739098562,6.206756506055271
20.236680926394058,11.728871373922756,6.3977242506063945
12.81806790144562,20.908006568471674,5.820138071690139
19.809673370492273,16.435674739098562,6.225942521492922
20.236680926394058,21.581331907646277,7.011976048864956
20.236680926394058,16.435674739098562,6.805903556867366
20.236680926394058,16.435674739098562,6.202368742008749
20.236680926394058,16.435674739098562,6.202368742008749
20.16811834843719,9.502225676552401,6.833838635775983
4.430060501191658,11.728871373922756,3.8776935429223145
4.430060501191658,11.728871373922756,4.074506179046696
4.430060501191658,14.421717996838906,1.8187524021999615
20.236680926394058,11.728871373922756,6.3977242506063945
20.236680926394058,11.728871373922756,7.011976048864956
20.16811834843719,9.502225676552401,6.833838635775983
20.236680926394058,11.728871373922756,7.337159921198284
20.16811834843719,11.728871373922756,10.193659511868352
20.236680926394058,16.435674739098562,6.805903556867366
31.72732469661877,16.435674739098562,2.6291476515216092
20.236680926394058,11.728871373922756,6.3977242506063945
4.430060501191658,11.728871373922756,4.074506179046696
4.430060501191658,32.65126912673452,10.0
3.4653522327005977,22.537801193220794,0.8917642482148549
37.910098943233905,7.976170045604925,7.8310366664041275
20.236680926394058,11.728871373922756,7.011976048864956
20.236680926394058,16.435674739098562,5.2925058994571845
4.430060501191658,11.728871373922756,4.074506179046696
10.794855798318238,7.389877496145805,3.416186179372252
20.16811834843719,9.502225676552401,6.833838635775983
12.81806790144562,20.908006568471674,5.820138071690139
20.236680926394058,16.435674739098562,6.202368742008749
7.64165509542423,11.728871373922756,4.388789341850835
20.236680926394058,21.581331907646277,7.011976048864956
0.3424627937526372,11.728871373922756,1.2355176213198118
20.236680926394058,16.435674739098562,7.238496283240385
20.16811834843719,9.502225676552401,6.833838635775983
20.236680926394058,11.728871373922756,7.011976048864956
20.16811834843719,16.435674739098562,6.206756506055271
20.236680926394058,11.728871373922756,7.337159921198284
20.236680926394058,16.435674739098562,6.202368742008749
20.16811834843719,9.502225676552401,6.833838635775983
20.236680926394058,16.435674739098562,7.961831039990439
20.236680926394058,21.581331907646277,7.011976048864956
4.430060501191658,32.65126912673452,10.0
4.430060501191658,14.421717996838906,1.8187524021999615
6.484623213931641,16.435674739098562,2.5512660679611865
20.236680926394058,11.728871373922756,7.337159921198284
20.236680926394058,16.435674739098562,6.202368742008749
20.16811834843719,11.728871373922756,7.205643545966254
6.039105249991462,16.435674739098562,3.036713842810592
20.236680926394058,11.728871373922756,7.337159921198284
26.317612585883182,9.502225676552401,5.5519770069169425
31.72732469661877,16.435674739098562,2.6291476515216092
20.16811834843719,11.728871373922756,10.193659511868352
6.484623213931641,16.435674739098562,2.5512660679611865
6.039105249991462,16.435674739098562,3.036713842810592
4.430060501191658,11.728871373922756,4.11343852629365
20.236680926394058,12.698580438717046,7.011976048864956
20.236680926394058,11.728871373922756,7.337159921198284
4.430060501191658,11.728871373922756,2.227451932155674
20.16811834843719,16.435674739098562,6.206756506055271
20.16811834843719,9.502225676552401,6.833838635775983
20.43761373407207,11.728871373922756,7.136439563094557
20.236680926394058,17.276686571885488,5.981604004313835
20.16811834843719,11.728871373922756,7.205643545966254
20.236680926394058,18.90424277753734,7.188178476358532
20.236680926394058,16.435674739098562,6.202368742008749
20.236680926394058,11.728871373922756,7.337159921198284
20.16811834843719,16.435674739098562,6.206756506055271
20.16811834843719,11.728871373922756,7.205643545966254
10.353237831369416,11.728871373922756,6.110650592670635
20.16811834843719,9.502225676552401,6.669045817088109
2.651744812437876,16.435674739098562,6.658043272774211
20.16811834843719,11.728871373922756,9.273611006106366
20.236680926394058,12.698580438717046,7.011976048864956
20.16811834843719,15.630886859015531,5.420982904181619
4.430060501191658,16.435674739098562,1.7422824251780915
1.6802719466945994,16.435674739098562,0.5937400576603854
20.236680926394058,17.276686571885488,5.981604004313835
20.236680926394058,16.435674739098562,6.202368742008749
4.430060501191658,11.728871373922756,4.11343852629365
0.3424627937526372,11.728871373922756,1.2355176213198118
4.430060501191658,14.421717996838906,1.8187524021999615
4.430060501191658,11.728871373922756,4.074506179046696
20.236680926394058,16.435674739098562,7.961831039990439
20.16811834843719,11.728871373922756,10.193659511868352
4.430060501191658,16.435674739098562,1.5479582111911663
7.64165509542423,11.728871373922756,4.388789341850835
3.4653522327005977,22.537801193220794,0.8917642482148549
37.910098943233905,7.976170045604925,7.8310366664041275
20.16811834843719,9.502225676552401,6.833838635775983
20.236680926394058,24.523362485485528,4.58203123173376
4.430060501191658,16.435674739098562,1.6339437516604762
20.16811834843719,15.81570938448339,5.38912049558654
6.484623213931641,16.435674739098562,2.5512660679611865
4.430060501191658,11.728871373922756,3.8776935429223145
20.236680926394058,16.435674739098562,6.202368742008749
20.16811834843719,11.728871373922756,10.193659511868352
4.430060501191658,16.435674739098562,1.6339437516604762
4.02420426949126,21.05953509870788,2.0330879109081117
20.236680926394058,11.728871373922756,7.337159921198284
2.651744812437876,16.435674739098562,6.658043272774211
20.236680926394058,21.581331907646277,7.011976048864956
20.236680926394058,11.728871373922756,6.3977242506063945
20.236680926394058,16.435674739098562,6.202368742008749
20.236680926394058,11.16480729242307,9.4924393610303
20.16811834843719,11.728871373922756,7.205643545966254
20.236680926394058,16.435674739098562,7.553828932715966
2.651744812437876,16.435674739098562,6.658043272774211
4.430060501191658,11.728871373922756,4.11343852629365
20.16811834843719,11.728871373922756,7.205643545966254
4.430060501191658,16.435674739098562,1.5479582111911663
20.16811834843719,9.502225676552401,6.833838635775983
20.236680926394058,11.728871373922756,7.011976048864956
20.16811834843719,9.502225676552401,6.669045817088109
20.236680926394058,11.728871373922756,7.337159921198284
20.236680926394058,16.435674739098562,6.805903556867366
20.236680926394058,11.728871373922756,7.337159921198284
5.711679824076445,16.435674739098562,3.292542738025996
20.16811834843719,11.728871373922756,10.193659511868352
20.16811834843719,11.728871373922756,10.193659511868352
20.16811834843719,9.502225676552401,6.833838635775983
20.16811834843719,16.435674739098562,6.206756506055271
20.16811834843719,9.502225676552401,6.833838635775983
20.236680926394058,16.435674739098562,7.553828932715966
20.236680926394058,16.435674739098562,5.2925058994571845
20.16811834843719,11.728871373922756,7.205643545966254
4.430060501191658,11.728871373922756,4.074506179046696
20.16811834843719,9.502225676552401,9.557869527348037
20.236680926394058,16.435674739098562,7.80515722823919
20.236680926394058,16.435674739098562,6.202368742008749
4.430060501191658,11.728871373922756,3.8776935429223145
20.16811834843719,11.728871373922756,10.193659511868352
4.430060501191658,14.421717996838906,1.8187524021999615
20.16811834843719,9.502225676552401,6.833838635775983
20.236680926394058,16.435674739098562,5.2925058994571845
20.236680926394058,11.728871373922756,9.347365207454372
37.910098943233905,7.976170045604925,7.8310366664041275
20.236680926394058,16.435674739098562,6.202368742008749
4.430060501191658,11.728871373922756,3.8776935429223145
6.039105249991462,16.435674739098562,3.036713842810592
49.25748188080016,11.728871373922756,0.0984122985478664
24.60638233408366,11.16480729242307,6.188418153408641
37.910098943233905,7.976170045604925,7.8310366664041275
20.16811834843719,16.435674739098562,6.206756506055271
20.16811834843719,9.502225676552401,6.833838635775983
20.16811834843719,16.435674739098562,6.206756506055271
31.72732469661877,16.435674739098562,2.6291476515216092
20.16811834843719,16.435674739098562,6.206756506055271
20.236680926394058,16.435674739098562,7.961831039990439
20.236680926394058,17.276686571885488,5.981604004313835
20.16811834843719,9.502225676552401,6.833838635775983
20.16811834843719,9.502225676552401,6.833838635775983
4.430060501191658,11.728871373922756,4.11343852629365
20.16811834843719,11.16480729242307,8.364002906563462
20.236680926394058,16.435674739098562,7.961831039990439
20.236680926394058,16.435674739098562,7.553828932715966
10.794855798318238,7.389877496145805,3.416186179372252
20.16811834843719,9.502225676552401,6.833838635775983
20.16811834843719,11.728871373922756,9.273611006106366
20.16811834843719,11.728871373922756,10.193659511868352
49.25748188080016,11.728871373922756,0.0984122985478664
20.16811834843719,9.502225676552401,9.557869527348037
4.430060501191658,11.728871373922756,4.074506179046696
6.484623213931641,16.435674739098562,2.5512660679611865
10.794855798318238,7.389877496145805,3.416186179372252
20.236680926394058,11.728871373922756,6.3977242506063945
20.236680926394058,16.435674739098562,6.202368742008749
10.353237831369416,11.728871373922756,6.110650592670635
26.317612585883182,9.502225676552401,5.5519770069169425
26.317612585883182,9.502225676552401,5.5519770069169425
20.236680926394058,16.435674739098562,7.238496283240385
2.651744812437876,16.435674739098562,6.658043272774211
20.16811834843719,9.502225676552401,6.833838635775983
20.16811834843719,9.502225676552401,6.669045817088109
20.16811834843719,11.728871373922756,8.79522810569053
4.430060501191658,11.728871373922756,3.8776935429223145
0.3424627937526372,11.728871373922756,1.2355176213198118
20.236680926394058,16.435674739098562,6.202368742008749
20.236680926394058,16.435674739098562,6.202368742008749
4.430060501191658,16.435674739098562,1.7422824251780915
5.711679824076445,16.435674739098562,3.292542738025996
20.16811834843719,16.435674739098562,6.206756506055271
20.236680926394058,16.435674739098562,6.202368742008749
20.236680926394058,17.276686571885488,5.981604004313835
20.16811834843719,9.502225676552401,6.833838635775983
5.711679824076445,16.435674739098562,3.292542738025996
20.16811834843719,11.728871373922756,9.273611006106366
10.794855798318238,7.389877496145805,3.416186179372252
26.317612585883182,9.502225676552401,5.5519770069169425
6.039105249991462,16.435674739098562,3.036713842810592
31.72732469661877,16.435674739098562,2.6291476515216092
10.794855798318238,7.389877496145805,3.416186179372252
20.16811834843719,11.16480729242307,8.364002906563462
20.16811834843719,16.435674739098562,6.206756506055271
20.16811834843719,11.16480729242307,8.364002906563462
4.02420426949126,21.05953509870788,2.0330879109081117
20.236680926394058,16.435674739098562,7.553828932715966
20.16811834843719,16.435674739098562,6.206756506055271
20.236680926394058,16.435674739098562,6.805903556867366
24.60638233408366,11.16480729242307,6.188418153408641
12.81806790144562,20.908006568471674,5.820138071690139
24.60638233408366,11.16480729242307,6.188418153408641
1.6802719466945994,16.435674739098562,0.5937400576603854
6.484623213931641,16.435674739098562,2.5512660679611865
4.430060501191658,11.728871373922756,2.227451932155674
4.430060501191658,11.728871373922756,4.11343852629365
20.236680926394058,16.435674739098562,6.202368742008749
37.910098943233905,7.976170045604925,7.8310366664041275
20.236680926394058,11.728871373922756,6.3977242506063945
31.72732469661877,16.435674739098562,2.6291476515216092
20.16811834843719,15.81570938448339,5.38912049558654
6.484623213931641,16.435674739098562,2.5512660679611865
0.3424627937526372,11.728871373922756,1.2355176213198118
20.236680926394058,21.581331907646277,7.011976048864956
20.16811834843719,9.502225676552401,6.833838635775983
2.651744812437876,16.435674739098562,6.658043272774211
20.236680926394058,11.728871373922756,7.011976048864956
20.236680926394058,16.435674739098562,7.961831039990439
26.317612585883182,9.502225676552401,5.5519770069169425
37.910098943233905,7.976170045604925,7.8310366664041275
20.236680926394058,11.728871373922756,7.337159921198284
20.236680926394058,11.728871373922756,7.337159921198284
6.039105249991462,16.435674739098562,3.036713842810592
20.236680926394058,16.435674739098562,5.2925058994571845
37.910098943233905,7.976170045604925,7.8310366664041275
20.236680926394058,11.728871373922756,7.337159921198284
37.910098943233905,7.976170045604925,7.8310366664041275
20.16811834843719,16.435674739098562,6.206756506055271
20.236680926394058,11.728871373922756,6.3977242506063945
20.236680926394058,17.276686571885488,5.981604004313835
20.16811834843719,16.435674739098562,6.206756506055271
4.430060501191658,16.435674739098562,1.7422824251780915
4.430060501191658,11.728871373922756,2.4676311665244244
19.809673370492273,16.435674739098562,6.225942521492922
0.3424627937526372,11.728871373922756,1.2355176213198118
20.236680926394058,11.728871373922756,6.3977242506063945
4.430060501191658,11.728871373922756,3.8776935429223145
20.16811834843719,11.728871373922756,10.193659511868352
20.16811834843719,9.502225676552401,6.833838635775983
20.236680926394058,16.435674739098562,7.80515722823919
24.60638233408366,11.16480729242307,6.188418153408641
4.430060501191658,11.728871373922756,4.11343852629365
4.430060501191658,32.65126912673452,10.0
20.16811834843719,15.81570938448339,5.38912049558654
20.236680926394058,16.435674739098562,6.202368742008749
4.430060501191658,11.728871373922756,4.11343852629365
20.16811834843719,16.435674739098562,6.206756506055271
20.16811834843719,16.435674739098562,6.206756506055271
37.910098943233905,7.976170045604925,7.8310366664041275
20.16811834843719,9.502225676552401,6.833838635775983
0.3424627937526372,11.728871373922756,1.2355176213198118
1.6802719466945994,16.435674739098562,0.5937400576603854
20.236680926394058,17.276686571885488,5.981604004313835
7.64165509542423,11.728871373922756,4.388789341850835
4.430060501191658,11.728871373922756,4.11343852629365
20.16811834843719,11.728871373922756,9.273611006106366
20.16811834843719,9.502225676552401,6.833838635775983
3.4653522327005977,22.537801193220794,0.8917642482148549
26.317612585883182,9.502225676552401,5.5519770069169425
20.16811834843719,11.728871373922756,10.193659511868352
20.16811834843719,11.728871373922756,10.193659511868352
20.236680926394058,11.728871373922756,7.337159921198284
20.16811834843719,20.908006568471674,10.0
20.16811834843719,11.728871373922756,10.193659511868352
20.236680926394058,16.435674739098562,6.202368742008749
4.430060501191658,16.435674739098562,1.6339437516604762
10.353237831369416,11.728871373922756,6.110650592670635
49.25748188080016,11.728871373922756,0.0984122985478664
4.430060501191658,11.728871373922756,4.074506179046696
20.16811834843719,9.502225676552401,6.833838635775983
4.430060501191658,16.435674739098562,1.6339437516604762
20.236680926394058,11.728871373922756,9.347365207454372
4.430060501191658,16.435674739098562,1.6339437516604762
20.236680926394058,11.728871373922756,9.342907947588287
20.16811834843719,9.502225676552401,6.833838635775983
6.484623213931641,16.435674739098562,2.5512660679611865
4.430060501191658,11.728871373922756,2.227451932155674
20.236680926394058,11.728871373922756,7.337159921198284
20.16811834843719,11.728871373922756,7.205643545966254
6.484623213931641,16.435674739098562,2.5512660679611865
20.16811834843719,9.502225676552401,6.833838635775983
20.236680926394058,16.435674739098562,6.202368742008749
5.711679824076445,16.435674739098562,3.292542738025996
20.236680926394058,16.435674739098562,7.80515722823919
4.430060501191658,11.728871373922756,2.4676311665244244
20.16811834843719,9.502225676552401,6.669045817088109
20.236680926394058,16.435674739098562,6.202368742008749
19.809673370492273,16.435674739098562,6.225942521492922
32.73879196539061,8.445549183041642,0.10299613458989962
4.430060501191658,11.728871373922756,3.8776935429223145
7.64165509542423,11.728871373922756,4.388789341850835
20.16811834843719,11.728871373922756,8.79522810569053
20.236680926394058,9.502225676552401,6.8294508717294615
20.16811834843719,9.502225676552401,6.669045817088109
32.251634170308535,11.728871373922756,4.87670495091613
4.430060501191658,11.728871373922756,2.227451932155674
31.72732469661877,16.435674739098562,2.6291476515216092
20.236680926394058,16.435674739098562,6.202368742008749
20.236680926394058,16.435674739098562,5.2925058994571845
20.236680926394058,11.728871373922756,9.342907947588287
20.16811834843719,16.435674739098562,6.206756506055271
4.430060501191658,11.728871373922756,4.074506179046696
20.236680926394058,16.435674739098562,6.805903556867366
4.430060501191658,11.728871373922756,4.11343852629365
37.910098943233905,7.976170045604925,7.8310366664041275
31.72732469661877,16.435674739098562,2.6291476515216092
2.651744812437876,16.435674739098562,6.658043272774211
10.794855798318238,7.389877496145805,3.416186179372252
20.236680926394058,16.435674739098562,6.202368742008749
20.236680926394058,16.435674739098562,7.238496283240385
20.236680926394058,11.16480729242307,9.4924393610303
20.236680926394058,9.502225676552401,6.8294508717294615
20.16811834843719,16.435674739098562,6.206756506055271
4.430060501191658,11.728871373922756,4.074506179046696
32.73879196539061,8.445549183041642,0.10299613458989962
4.430060501191658,11.728871373922756,2.227451932155674
20.16811834843719,9.502225676552401,6.833838635775983
12.81806790144562,20.908006568471674,5.820138071690139
4.430060501191658,16.435674739098562,1.7422824251780915
20.16811834843719,9.502225676552401,6.833838635775983
20.236680926394058,16.435674739098562,6.805903556867366
4.430060501191658,16.435674739098562,1.5479582111911663
20.236680926394058,16.435674739098562,7.594037016586725
20.16811834843719,11.728871373922756,10.193659511868352
20.16811834843719,9.502225676552401,6.833838635775983
20.16811834843719,9.502225676552401,6.833838635775983
20.236680926394058,17.276686571885488,5.981604004313835
20.16811834843719,11.728871373922756,10.193659511868352
4.430060501191658,16.435674739098562,1.5479582111911663
37.98239281655984,9.502225676552401,0.43986112020460366
6.484623213931641,16.435674739098562,2.5512660679611865
20.236680926394058,11.728871373922756,7.011976048864956
19.809673370492273,16.435674739098562,6.225942521492922
20.236680926394058,16.435674739098562,7.80515722823919
20.16811834843719,9.502225676552401,6.833838635775983
4.430060501191658,11.728871373922756,2.227451932155674
20.236680926394058,16.435674739098562,6.202368742008749
10.794855798318238,7.389877496145805,3.416186179372252
20.16811834843719,11.728871373922756,10.193659511868352
0.3424627937526372,11.728871373922756,1.2355176213198118
10.353237831369416,11.728871373922756,6.110650592670635
4.430060501191658,11.728871373922756,3.8776935429223145
20.236680926394058,16.435674739098562,6.202368742008749
6.039105249991462,16.435674739098562,3.036713842810592
49.25748188080016,11.728871373922756,0.0984122985478664
20.236680926394058,11.728871373922756,7.337159921198284
20.236680926394058,16.435674739098562,7.594037016586725
20.236680926394058,11.728871373922756,9.347365207454372
20.236680926394058,24.523362485485528,4.58203123173376
37.98239281655984,9.502225676552401,0.43986112020460366
4.430060501191658,16.435674739098562,1.6339437516604762
4.430060501191658,11.728871373922756,2.227451932155674
5.711679824076445,16.435674739098562,3.292542738025996
20.16811834843719,11.728871373922756,8.79522810569053
20.236680926394058,16.435674739098562,5.2925058994571845
20.16811834843719,9.502225676552401,6.833838635775983
20.16811834843719,9.502225676552401,6.833838635775983
20.236680926394058,16.435674739098562,6.805903556867366
20.236680926394058,11.16480729242307,9.4924393610303
10.794855798318238,7.389877496145805,3.416186179372252
20.236680926394058,11.728871373922756,7.337159921198284
4.430060501191658,11.728871373922756,3.8776935429223145
20.236680926394058,16.435674739098562,7.961831039990439
3.4653522327005977,22.537801193220794,0.8917642482148549
20.16811834843719,20.908006568471674,10.0
20.236680926394058,16.435674739098562,5.2925058994571845
5.711679824076445,16.435674739098562,3.292542738025996
32.73879196539061,8.445549183041642,0.10299613458989962
20.236680926394058,16.435674739098562,7.80515722823919
20.236680926394058,11.728871373922756,9.347365207454372
5.453097970590566,11.728871373922756,4.11343852629365
10.794855798318238,7.389877496145805,3.416186179372252
20.16811834843719,9.502225676552401,6.833838635775983
20.236680926394058,11.728871373922756,9.347365207454372
10.353237831369416,11.728871373922756,6.110650592670635
20.16811834843719,15.81570938448339,5.38912049558654
20.236680926394058,9.502225676552401,6.8294508717294615
20.16811834843719,9.502225676552401,6.833838635775983
4.430060501191658,11.728871373922756,2.227451932155674
20.16811834843719,16.435674739098562,6.206756506055271
4.430060501191658,11.728871373922756,2.4676311665244244
20.16811834843719,9.502225676552401,6.833838635775983
20.16811834843719,16.435674739098562,6.206756506055271
20.16811834843719,9.502225676552401,6.833838635775983
20.236680926394058,16.435674739098562,6.202368742008749
7.64165509542423,11.728871373922756,4.388789341850835
20.236680926394058,11.728871373922756,9.342907947588287
20.16811834843719,11.728871373922756,10.193659511868352
20.236680926394058,11.728871373922756,6.3977242506063945
20.236680926394058,16.435674739098562,5.2925058994571845
20.43761373407207,11.728871373922756,7.136439563094557
20.16811834843719,9.502225676552401,6.833838635775983
20.236680926394058,11.728871373922756,6.3977242506063945
4.430060501191658,14.421717996838906,1.8187524021999615
20.16811834843719,16.435674739098562,6.206756506055271
24.60638233408366,11.16480729242307,6.188418153408641
20.16811834843719,11.728871373922756,7.205643545966254
20.236680926394058,11.728871373922756,6.3977242506063945
20.236680926394058,16.435674739098562,7.594037016586725
20.236680926394058,11.16480729242307,9.4924393610303
20.16811834843719,9.502225676552401,6.833838635775983
4.430060501191658,14.421717996838906,1.8187524021999615
4.430060501191658,11.728871373922756,4.11343852629365
20.16811834843719,11.728871373922756,10.193659511868352
20.16811834843719,9.502225676552401,6.833838635775983
20.16811834843719,11.728871373922756,7.205643545966254
37.98239281655984,9.502225676552401,0.43986112020460366
37.98239281655984,9.502225676552401,0.43986112020460366
20.16811834843719,9.502225676552401,6.669045817088109
20.16811834843719,9.502225676552401,6.669045817088109
20.236680926394058,16.435674739098562,6.202368742008749
20.236680926394058,11.728871373922756,7.011976048864956
4.430060501191658,11.728871373922756,2.227451932155674
20.236680926394058,11.728871373922756,6.3977242506063945
20.236680926394058,11.728871373922756,7.011976048864956
20.16811834843719,15.81570938448339,5.38912049558654
1.6802719466945994,16.435674739098562,0.5937400576603854
20.16811834843719,15.630886859015531,5.420982904181619
7.64165509542423,11.728871373922756,4.388789341850835
12.81806790144562,20.908006568471674,5.820138071690139
26.317612585883182,9.502225676552401,5.5519770069169425
20.16811834843719,11.16480729242307,8.364002906563462
5.453097970590566,11.728871373922756,4.11343852629365
20.236680926394058,11.728871373922756,6.3977242506063945
20.236680926394058,11.16480729242307,9.4924393610303
6.039105249991462,16.435674739098562,3.036713842810592
4.430060501191658,32.65126912673452,10.0
20.236680926394058,16.435674739098562,7.961831039990439
4.430060501191658,16.435674739098562,1.6339437516604762
26.317612585883182,9.502225676552401,5.5519770069169425
6.039105249991462,16.435674739098562,3.036713842810592
20.236680926394058,16.435674739098562,7.594037016586725
20.16811834843719,11.728871373922756,10.193659511868352
20.16811834843719,11.728871373922756,7.205643545966254
4.02420426949126,21.05953509870788,2.0330879109081117
20.16811834843719,9.502225676552401,9.557869527348037
20.236680926394058,16.435674739098562,7.961831039990439
19.809673370492273,16.435674739098562,6.225942521492922
20.16811834843719,9.502225676552401,6.833838635775983
20.16811834843719,11.728871373922756,7.205643545966254
20.16811834843719,16.435674739098562,6.206756506055271
20.236680926394058,11.728871373922756,7.337159921198284
20.236680926394058,16.435674739098562,6.202368742008749
20.236680926394058,16.435674739098562,7.80515722823919
20.16811834843719,11.728871373922756,7.205643545966254
20.236680926394058,11.728871373922756,7.337159921198284
6.484623213931641,16.435674739098562,2.5512660679611865
20.16811834843719,11.16480729242307,8.364002906563462
20.16811834843719,9.502225676552401,6.833838635775983
20.16811834843719,11.728871373922756,7.205643545966254
4.430060501191658,16.435674739098562,1.6339437516604762
10.794855798318238,7.389877496145805,3.416186179372252
20.236680926394058,16.435674739098562,7.238496283240385
20.16811834843719,11.728871373922756,7.205643545966254
37.910098943233905,7.976170045604925,7.8310366664041275
20.16811834843719,9.502225676552401,6.833838635775983
0.3424627937526372,11.728871373922756,1.2355176213198118
20.236680926394058,16.435674739098562,7.80515722823919
37.910098943233905,7.976170045604925,7.8310366664041275
4.430060501191658,11.728871373922756,4.11343852629365
20.236680926394058,11.728871373922756,7.337159921198284
1.6802719466945994,16.435674739098562,0.5937400576603854
20.236680926394058,16.435674739098562,5.2925058994571845
4.430060501191658,11.728871373922756,3.8776935429223145
32.251634170308535,11.728871373922756,4.87670495091613
31.72732469661877,16.435674739098562,2.6291476515216092
20.16811834843719,9.502225676552401,6.669045817088109
20.16811834843719,15.630886859015531,5.420982904181619
37.910098943233905,7.976170045604925,7.8310366664041275
4.430060501191658,11.728871373922756,2.227451932155674
20.236680926394058,11.728871373922756,6.3977242506063945
20.236680926394058,16.435674739098562,6.202368742008749
1.6802719466945994,16.435674739098562,0.5937400576603854
20.236680926394058,18.90424277753734,7.188178476358532
20.16811834843719,16.435674739098562,6.206756506055271
5.453097970590566,11.728871373922756,4.11343852629365
20.236680926394058,16.435674739098562,7.80515722823919
20.16811834843719,16.435674739098562,6.206756506055271
4.430060501191658,11.728871373922756,4.074506179046696
2.651744812437876,16.435674739098562,6.658043272774211
20.16811834843719,16.435674739098562,6.206756506055271
20.16811834843719,11.16480729242307,8.364002906563462
20.43761373407207,11.728871373922756,7.136439563094557
20.16811834843719,9.502225676552401,6.833838635775983
20.236680926394058,16.435674739098562,6.202368742008749
20.236680926394058,16.435674739098562,5.2925058994571845
20.236680926394058,11.728871373922756,9.347365207454372
20.236680926394058,16.435674739098562,7.238496283240385
20.236680926394058,24.523362485485528,4.58203123173376
3.4653522327005977,22.537801193220794,0.8917642482148549
12.81806790144562,20.908006568471674,5.820138071690139
20.236680926394058,11.728871373922756,7.337159921198284
32.251634170308535,11.728871373922756,4.87670495091613
20.16811834843719,15.81570938448339,5.38912049558654
2.651744812437876,16.435674739098562,6.658043272774211
20.16811834843719,11.728871373922756,8.79522810569053
6.039105249991462,16.435674739098562,3.036713842810592
20.16811834843719,9.502225676552401,6.669045817088109
2.651744812437876,16.435674739098562,6.658043272774211
20.236680926394058,11.728871373922756,7.337159921198284
4.430060501191658,11.728871373922756,2.227451932155674
5.711679824076445,16.435674739098562,3.292542738025996
20.236680926394058,11.728871373922756,7.337159921198284
10.353237831369416,11.728871373922756,6.110650592670635
4.02420426949126,21.05953509870788,2.0330879109081117
20.236680926394058,11.728871373922756,7.337159921198284
20.236680926394058,11.728871373922756,7.011976048864956
20.16811834843719,16.435674739098562,6.206756506055271
1.6802719466945994,16.435674739098562,0.5937400576603854
4.430060501191658,11.728871373922756,4.11343852629365
20.236680926394058,11.728871373922756,7.337159921198284
20.16811834843719,11.16480729242307,8.364002906563462
4.02420426949126,21.05953509870788,2.0330879109081117
20.236680926394058,16.435674739098562,7.594037016586725
20.16811834843719,11.728871373922756,9.273611006106366
20.236680926394058,21.581331907646277,7.011976048864956
37.98239281655984,9.502225676552401,0.43986112020460366
37.98239281655984,9.502225676552401,0.43986112020460366
20.236680926394058,11.728871373922756,7.337159921198284
20.236680926394058,18.90424277753734,7.188178476358532
20.16811834843719,9.502225676552401,6.833838635775983
20.16811834843719,15.81570938448339,5.38912049558654
20.16811834843719,16.435674739098562,6.206756506055271
20.236680926394058,16.435674739098562,7.553828932715966
20.236680926394058,16.435674739098562,6.202368742008749
20.236680926394058,11.728871373922756,7.337159921198284
20.16811834843719,16.435674739098562,6.206756506055271
0.3424627937526372,11.728871373922756,1.2355176213198118
20.16811834843719,16.435674739098562,6.206756506055271
26.317612585883182,9.502225676552401,5.5519770069169425
20.16811834843719,11.728871373922756,10.193659511868352
20.16811834843719,16.435674739098562,6.206756506055271
20.43761373407207,11.728871373922756,7.136439563094557
20.236680926394058,11.728871373922756,7.337159921198284
10.353237831369416,11.728871373922756,6.110650592670635
20.236680926394058,11.16480729242307,9.4924393610303
4.430060501191658,11.728871373922756,4.11343852629365
20.16811834843719,11.728871373922756,7.205643545966254
20.16811834843719,16.435674739098562,6.206756506055271
20.16811834843719,15.81570938448339,5.38912049558654
2.651744812437876,16.435674739098562,6.658043272774211
4.430060501191658,14.421717996838906,1.8187524021999615
20.236680926394058,11.16480729242307,9.4924393610303
4.430060501191658,16.435674739098562,1.6339437516604762
10.353237831369416,11.728871373922756,6.110650592670635
20.236680926394058,16.435674739098562,6.202368742008749
20.16811834843719,9.502225676552401,6.833838635775983
31.72732469661877,16.435674739098562,2.6291476515216092
20.16811834843719,9.502225676552401,6.833838635775983
32.251634170308535,11.728871373922756,4.87670495091613
19.809673370492273,16.435674739098562,6.225942521492922
4.430060501191658,16.435674739098562,1.7422824251780915
20.236680926394058,16.435674739098562,6.805903556867366
20.236680926394058,21.581331907646277,7.011976048864956
20.236680926394058,16.435674739098562,6.202368742008749
20.236680926394058,16.435674739098562,6.805903556867366
20.16811834843719,11.728871373922756,10.193659511868352
20.236680926394058,11.728871373922756,9.342907947588287
20.236680926394058,11.728871373922756,7.337159921198284
20.236680926394058,12.698580438717046,7.011976048864956
6.039105249991462,16.435674739098562,3.036713842810592
20.236680926394058,24.523362485485528,4.58203123173376
32.251634170308535,11.728871373922756,4.87670495091613
20.16811834843719,11.16480729242307,8.364002906563462
4.430060501191658,11.728871373922756,4.11343852629365
5.453097970590566,11.728871373922756,4.11343852629365
19.809673370492273,16.435674739098562,6.225942521492922
20.236680926394058,11.728871373922756,7.337159921198284
20.236680926394058,21.581331907646277,7.011976048864956
20.236680926394058,11.728871373922756,9.347365207454372
20.236680926394058,11.728871373922756,7.011976048864956
5.453097970590566,11.728871373922756,4.11343852629365
20.236680926394058,12.698580438717046,7.011976048864956
20.236680926394058,16.435674739098562,6.202368742008749
20.16811834843719,16.435674739098562,6.206756506055271
20.236680926394058,9.502225676552401,6.8294508717294615
20.236680926394058,16.435674739098562,7.553828932715966
0.3424627937526372,11.728871373922756,1.2355176213198118
20.16811834843719,9.502225676552401,9.557869527348037
20.236680926394058,24.523362485485528,4.58203123173376
20.236680926394058,16.435674739098562,7.594037016586725
4.430060501191658,11.728871373922756,3.8776935429223145
6.039105249991462,16.435674739098562,3.036713842810592
20.236680926394058,11.728871373922756,7.337159921198284
10.794855798318238,7.389877496145805,3.416186179372252
20.236680926394058,11.728871373922756,7.011976048864956
4.430060501191658,16.435674739098562,1.5479582111911663
19.809673370492273,16.435674739098562,6.225942521492922
20.236680926394058,16.435674739098562,6.202368742008749
0.3424627937526372,11.728871373922756,1.2355176213198118
32.251634170308535,11.728871373922756,4.87670495091613
20.16811834843719,9.502225676552401,6.833838635775983
20.16811834843719,11.728871373922756,8.79522810569053
4.430060501191658,11.728871373922756,4.074506179046696
12.81806790144562,20.908006568471674,5.820138071690139
20.236680926394058,16.435674739098562,6.202368742008749
0.3424627937526372,11.728871373922756,1.2355176213198118
6.484623213931641,16.435674739098562,2.5512660679611865
31.72732469661877,16.435674739098562,2.6291476515216092
20.16811834843719,11.16480729242307,8.364002906563462
20.16811834843719,9.502225676552401,6.833838635775983
20.16811834843719,9.502225676552401,6.833838635775983
20.236680926394058,16.435674739098562,6.202368742008749
5.711679824076445,16.435674739098562,3.292542738025996
20.16811834843719,11.16480729242307,8.364002906563462
5.453097970590566,11.728871373922756,4.11343852629365
20.16811834843719,9.502225676552401,6.833838635775983
4.430060501191658,11.728871373922756,4.11343852629365
4.430060501191658,32.65126912673452,10.0
20.236680926394058,16.435674739098562,7.961831039990439
20.236680926394058,16.435674739098562,6.805903556867366
19.809673370492273,16.435674739098562,6.225942521492922
20.236680926394058,11.728871373922756,7.337159921198284
1.6802719466945994,16.435674739098562,0.5937400576603854
26.317612585883182,9.502225676552401,5.5519770069169425
20.236680926394058,16.435674739098562,6.202368742008749
20.16811834843719,11.728871373922756,8.79522810569053
20.16811834843719,9.502225676552401,6.833838635775983
4.430060501191658,11.728871373922756,4.11343852629365
20.236680926394058,11.728871373922756,6.3977242506063945
4.430060501191658,16.435674739098562,1.5479582111911663
20.236680926394058,9.502225676552401,6.8294508717294615
20.16811834843719,15.81570938448339,5.38912049558654
4.430060501191658,16.435674739098562,1.6339437516604762
20.16811834843719,15.630886859015531,5.420982904181619
20.236680926394058,9.502225676552401,6.8294508717294615
4.430060501191658,32.65126912673452,10.0
20.236680926394058,11.728871373922756,6.3977242506063945
20.236680926394058,11.728871373922756,6.3977242506063945
10.353237831369416,11.728871373922756,6.110650592670635
20.16811834843719,11.16480729242307,8.364002906563462
20.236680926394058,11.16480729242307,9.4924393610303
20.16811834843719,16.435674739098562,6.206756506055271
20.16811834843719,9.502225676552401,6.669045817088109
20.236680926394058,16.435674739098562,6.202368742008749
20.236680926394058,16.435674739098562,5.2925058994571845
20.236680926394058,16.435674739098562,6.202368742008749
20.236680926394058,16.435674739098562,6.202368742008749
5.711679824076445,16.435674739098562,3.292542738025996
19.809673370492273,16.435674739098562,6.225942521492922
20.236680926394058,16.435674739098562,7.961831039990439
20.16811834843719,16.435674739098562,6.206756506055271
20.236680926394058,16.435674739098562,6.202368742008749
24.60638233408366,11.16480729242307,6.188418153408641
20.16811834843719,9.502225676552401,6.833838635775983
20.16811834843719,9.502225676552401,6.669045817088109
20.16811834843719,16.435674739098562,6.206756506055271
20.16811834843719,9.502225676552401,6.833838635775983
20.236680926394058,16.435674739098562,6.202368742008749
20.236680926394058,16.435674739098562,6.805903556867366
20.236680926394058,9.502225676552401,6.8294508717294615
20.16811834843719,9.502225676552401,6.833838635775983
20.16811834843719,11.728871373922756,10.193659511868352
20.236680926394058,11.728871373922756,7.337159921198284
20.236680926394058,16.435674739098562,7.961831039990439
20.236680926394058,16.435674739098562,7.238496283240385
20.236680926394058,11.728871373922756,7.337159921198284
20.236680926394058,9.502225676552401,6.8294508717294615
20.236680926394058,16.435674739098562,7.961831039990439
10.794855798318238,7.389877496145805,3.416186179372252
20.236680926394058,16.435674739098562,6.202368742008749
26.317612585883182,9.502225676552401,5.5519770069169425
20.16811834843719,9.502225676552401,6.833838635775983
19.809673370492273,16.435674739098562,6.225942521492922
20.236680926394058,16.435674739098562,6.202368742008749
26.317612585883182,9.502225676552401,5.5519770069169425
20.236680926394058,17.276686571885488,5.981604004313835
20.16811834843719,16.435674739098562,6.206756506055271
20.236680926394058,11.728871373922756,9.347365207454372
37.98239281655984,9.502225676552401,0.43986112020460366
20.16811834843719,9.502225676552401,6.669045817088109
10.794855798318238,7.389877496145805,3.416186179372252
20.16811834843719,9.502225676552401,6.833838635775983
20.16811834843719,16.435674739098562,6.206756506055271
20.236680926394058,16.435674739098562,6.805903556867366
4.430060501191658,11.728871373922756,4.074506179046696
20.236680926394058,16.435674739098562,6.202368742008749
4.430060501191658,11.728871373922756,4.074506179046696
20.16811834843719,9.502225676552401,6.833838635775983
20.236680926394058,16.435674739098562,6.202368742008749
20.236680926394058,16.435674739098562,6.202368742008749
20.16811834843719,16.435674739098562,6.206756506055271
20.236680926394058,16.435674739098562,7.553828932715966
20.236680926394058,16.435674739098562,7.80515722823919
4.430060501191658,11.728871373922756,4.074506179046696
20.236680926394058,24.523362485485528,4.58203123173376
20.236680926394058,16.435674739098562,6.202368742008749
31.72732469661877,16.435674739098562,2.6291476515216092
20.236680926394058,11.728871373922756,7.337159921198284
20.16811834843719,16.435674739098562,6.206756506055271
5.711679824076445,16.435674739098562,3.292542738025996
20.16811834843719,9.502225676552401,6.833838635775983
20.236680926394058,11.728871373922756,7.337159921198284
