20.16811834843719,11.728871373922756,5.130264763521151
121.30795952459269,17.68309206453179,2.441091434188394
20.16811834843719,17.07063039021666,7.266738741412222
98.19599874141694,11.728871373922756,3.8832139481342534
29.081359604434578,10.852600923547719,3.7724811082739644
20.16811834843719,0.8203561306673244,0.1066146405762032
22.252948659459985,22.674988018987293,6.1101183193831625
20.16811834843719,2.5185879146143826,0.09842719565747182
31.746993819580503,22.674988018987293,5.827435902987686
20.16811834843719,32.94069933743465,6.439034325695935
20.16811834843719,17.68309206453179,5.418294716750576
20.16811834843719,17.68309206453179,5.665545668380121
20.16811834843719,22.674988018987293,6.152423467649695
31.746993819580503,22.674988018987293,5.827435902987686
20.16811834843719,17.68309206453179,6.167048531306092
56.500242681013,30.294355439969177,9.19844260085402
121.30795952459269,17.68309206453179,0.10943658410495719
20.16811834843719,17.07063039021666,6.673825211097338
31.746993819580503,28.913934583363844,8.24952344222259
20.16811834843719,17.68309206453179,6.606119431725788
20.16811834843719,11.728871373922756,5.130264763521151
121.30795952459269,32.94069933743465,3.4618310431337527
20.16811834843719,32.94069933743465,7.7214648392963605
20.16811834843719,11.728871373922756,9.603121379101868
31.746993819580503,5.337087862441674,0.10404388464824477
20.16811834843719,17.68309206453179,5.665545668380121
31.746993819580503,22.674988018987293,5.827435902987686
18.47749321222144,17.07063039021666,7.130160555601778
20.16811834843719,30.016339044332355,7.21862787299037
26.16647278128447,11.593108400708546,5.801256026927769
31.746993819580503,22.674988018987293,5.827435902987686
1.5491104003677023,17.68309206453179,0.5660919040915418
20.16811834843719,43.693908146980775,6.053122427673564
20.16811834843719,17.68309206453179,6.6232404057285486
20.16811834843719,11.728871373922756,10.395795747604094
13.879166219227162,17.68309206453179,4.761757929357149
20.16811834843719,23.596192837839986,6.14507484493472
56.500242681013,17.68309206453179,4.5318084695838285
57.518149020372306,17.68309206453179,4.509201307807118
20.16811834843719,17.68309206453179,5.665545668380121
20.16811834843719,11.728871373922756,5.130264763521151
20.16811834843719,17.68309206453179,5.418294716750576
121.30795952459269,17.07063039021666,2.8934837163041625
20.16811834843719,11.728871373922756,10.325221632694626
31.746993819580503,11.728871373922756,4.805277198859143
20.16811834843719,17.68309206453179,5.418294716750576
20.16811834843719,11.728871373922756,9.021289446761712
20.16811834843719,53.727887478655035,2.4728938211984257
35.03959199379409,30.016339044332355,6.776046056870001
56.500242681013,11.728871373922756,3.9965275647248584
20.16811834843719,17.07063039021666,7.271867964521614
19.096645564239168,7.76322631470898,2.548515938845183
46.01167999694403,10.852600923547719,7.0466584183779215
128.87330983317253,17.20853965138223,0.10169965775960686
20.16811834843719,1.5695572961760433,0.108237496944569
7.143436297904655,17.68309206453179,5.418294716750576
38.96016479670811,46.28408963840218,5.463585044171991
20.16811834843719,1.0765324671131111,6.14507484493472
20.16811834843719,23.596192837839986,6.262290764628948
56.500242681013,30.678562576343246,6.197736660632589
51.14397225159027,15.176145521328243,0.09116065966132053
20.16811834843719,32.94069933743465,6.439034325695935
56.500242681013,43.652315164507264,7.594285298060809
56.500242681013,30.294355439969177,6.132099268674354
20.16811834843719,20.60496481253284,6.276692951230662
19.491461102944218,22.674988018987293,6.164017958872166
133.02215644964892,17.07063039021666,0.10914302833492923
20.16811834843719,17.68309206453179,6.220752156396854
20.16811834843719,23.596192837839986,7.506904207756065
20.16811834843719,17.07063039021666,7.008619765086705
20.16811834843719,17.68309206453179,6.110019810114723
20.16811834843719,17.68309206453179,5.665545668380121
0.7781352115041003,53.727887478655035,6.210022792965878
20.16811834843719,11.728871373922756,5.130264763521151
20.16811834843719,17.68309206453179,7.179672498256414
60.930200626665076,6.403781830182252,0.10456118994166717
20.16811834843719,11.728871373922756,6.357991808812684
3.9534666317194045,17.68309206453179,5.511774597638578
56.500242681013,11.728871373922756,3.9965275647248584
20.16811834843719,11.728871373922756,5.130264763521151
