20.16811834843719,17.68309206453179,7.313734484801107
24.92758652500305,17.68309206453179,9.013653415529973
33.54567013992059,15.756076783720205,7.744075017905084
26.926436805629482,16.848173776603264,8.937445492409104
40.03020911787853,14.00954663511649,3.1209857453126464
24.92758652500305,17.68309206453179,9.013653415529973
32.97674552139988,10.085758494842745,0.40020327976540565
24.92758652500305,11.435821920957636,6.888260862901966
40.03020911787853,9.100618557422157,0.10690256947336016
22.80745344899791,14.00954663511649,8.884092009085233
26.27020842976925,12.445764226842577,7.182453409082188
17.01922683802573,11.048335013335649,9.579528464755745
27.673004159344405,16.62005481294857,9.550426874044918
26.926436805629482,16.848173776603264,9.818664324138902
20.16811834843719,17.68309206453179,6.347634068142277
32.97674552139988,10.085758494842745,0.40020327976540565
20.16811834843719,11.435821920957636,9.576243630193401
26.926436805629482,16.848173776603264,9.761864020884401
15.535321061521266,6.197699636039751,5.152748207754171
24.92758652500305,16.603283497178538,8.665557589887282
26.926436805629482,17.68309206453179,9.519896777970304
34.45705257020275,7.405842578095633,0.09840709168892041
26.926436805629482,17.68309206453179,9.519896777970304
15.535321061521266,6.197699636039751,5.152748207754171
24.92758652500305,17.68309206453179,8.014715018440889
40.03020911787853,9.100618557422157,0.10690256947336016
24.92758652500305,17.68309206453179,8.798151204823515
20.16811834843719,17.68309206453179,6.347634068142277
24.92758652500305,11.435821920957636,6.888260862901966
20.16811834843719,11.243310636436938,8.328903560844767
29.642021448520392,6.439647186791913,0.1089881619441102
20.16811834843719,17.68309206453179,7.313734484801107
20.16811834843719,16.848173776603264,7.557041960533055
26.27020842976925,12.445764226842577,7.527712651486559
24.92758652500305,17.68309206453179,9.013653415529973
26.27020842976925,1.0146035742773947,0.09648209639186535
24.92758652500305,16.603283497178538,8.665557589887282
26.926436805629482,16.848173776603264,9.761864020884401
