0.6881189909420264,6.142442107065753,10.220068525487166
22.531763797125883,19.170546471734735,6.1721466623721035
72.94589916606553,18.27596724950585,10.0
20.16811834843719,5.569465489738748,0.10441212978711352
3.9534666317194045,11.728871373922756,2.1206843352587272
20.16811834843719,11.728871373922756,6.9234119888548245
0.6881189909420264,6.142442107065753,10.220068525487166
37.24948021699696,17.68309206453179,7.324673940336313
20.16811834843719,11.728871373922756,5.4282953326045185
20.16811834843719,5.569465489738748,0.10441212978711352
20.16811834843719,18.27596724950585,6.827201694376553
0.6881189909420264,6.142442107065753,10.220068525487166
20.16811834843719,18.27596724950585,6.827201694376553
20.16811834843719,18.27596724950585,6.827201694376553
0.6881189909420264,6.142442107065753,10.220068525487166
20.16811834843719,5.569465489738748,3.8110054566860083
20.16811834843719,27.476031430744204,5.551593533712362
20.16811834843719,27.476031430744204,5.551593533712362
20.16811834843719,18.27596724950585,10.555678069719082
18.653155855402094,11.728871373922756,9.1066054668611
72.94589916606553,1.9270495375218673,10.0
20.16811834843719,11.728871373922756,9.35111830933542
20.16811834843719,18.27596724950585,5.99906765682928
20.16811834843719,11.728871373922756,6.9234119888548245
20.16811834843719,27.476031430744204,5.551593533712362
0.006935151436624487,11.728871373922756,6.548681696550917
20.16811834843719,18.27596724950585,6.827201694376553
20.16811834843719,5.569465489738748,5.475735292806581
56.500242681013,69.86511491701135,4.601645483891238
20.16811834843719,1.8778049558775791,3.351336124464476
22.531763797125883,19.170546471734735,6.1721466623721035
35.03959199379409,23.36679899649367,8.821495311147043
20.16811834843719,5.569465489738748,5.475735292806581
20.16811834843719,4.0935670898043375,0.09380264840103146
20.16811834843719,4.0935670898043375,0.09380264840103146
20.16811834843719,18.27596724950585,6.827201694376553
27.969241025235192,16.723274137784806,9.225442455661423
20.16811834843719,11.728871373922756,6.9234119888548245
56.500242681013,43.652315164507264,7.577836737056136
20.16811834843719,7.8213961727889245,4.392439105063492
20.16811834843719,5.569465489738748,3.8110054566860083
20.16811834843719,11.728871373922756,6.9234119888548245
20.16811834843719,11.728871373922756,6.9234119888548245
20.16811834843719,18.27596724950585,6.827201694376553
20.16811834843719,11.728871373922756,5.4282953326045185
56.500242681013,69.86511491701135,4.601645483891238
20.16811834843719,18.27596724950585,6.827201694376553
20.16811834843719,11.728871373922756,5.4282953326045185
20.16811834843719,20.103702962470244,6.062152233961694
20.16811834843719,18.27596724950585,6.827201694376553
37.80332025700537,11.728871373922756,10.634614613613753
6.7945663237105,11.728871373922756,3.3451324653264427
0.6881189909420264,6.142442107065753,10.220068525487166
72.94589916606553,1.9270495375218673,2.020274990586178
20.16811834843719,18.27596724950585,6.827201694376553
72.94589916606553,1.9270495375218673,10.0
20.16811834843719,1.9270495375218673,3.3877269766487474
20.16811834843719,18.27596724950585,6.0499761476303995
20.16811834843719,11.728871373922756,6.9234119888548245
27.921185662927748,11.728871373922756,6.037151169267997
20.16811834843719,18.27596724950585,10.555678069719082
20.16811834843719,18.27596724950585,5.99906765682928
20.16811834843719,18.27596724950585,6.827201694376553
6.7945663237105,11.728871373922756,3.3451324653264427
72.94589916606553,1.9270495375218673,2.020274990586178
20.16811834843719,11.728871373922756,6.9234119888548245
37.80332025700537,11.728871373922756,10.634614613613753
20.16811834843719,11.728871373922756,6.9234119888548245
11.60738414194035,11.728871373922756,6.114441218570952
20.16811834843719,18.27596724950585,6.972249455944729
0.6881189909420264,6.142442107065753,10.220068525487166
20.16811834843719,18.27596724950585,6.827201694376553
37.24948021699696,17.68309206453179,7.324673940336313
20.16811834843719,18.27596724950585,6.827201694376553
27.921185662927748,11.728871373922756,6.037151169267997
20.16811834843719,18.27596724950585,6.827201694376553
20.16811834843719,5.740218700782444,5.547174691229166
56.500242681013,21.26095691008804,6.253416138199308
22.531763797125883,19.170546471734735,6.1721466623721035
56.500242681013,1.2394305678703645,1.640750338034319
20.16811834843719,11.728871373922756,9.35111830933542
0.006935151436624487,11.728871373922756,6.548681696550917
20.16811834843719,18.27596724950585,6.827201694376553
20.16811834843719,5.569465489738748,5.475735292806581
20.16811834843719,1.8778049558775791,3.351336124464476
27.921185662927748,11.728871373922756,6.037151169267997
20.16811834843719,16.723274137784806,6.935266756446729
20.16811834843719,20.943250141438668,6.130132544618237
20.16811834843719,18.27596724950585,6.827201694376553
20.16811834843719,1.8778049558775791,3.351336124464476
20.16811834843719,11.728871373922756,6.9234119888548245
20.16811834843719,18.27596724950585,6.827201694376553
0.006935151436624487,11.728871373922756,6.548681696550917
20.16811834843719,11.728871373922756,6.9234119888548245
24.283843409388986,10.788355267888448,5.273387603160899
20.16811834843719,1.2394305678703645,0.0926300441096769
27.921185662927748,11.728871373922756,6.037151169267997
20.16811834843719,18.27596724950585,6.827201694376553
20.16811834843719,18.27596724950585,6.827201694376553
20.16811834843719,11.728871373922756,9.35111830933542
20.16811834843719,5.569465489738748,5.475735292806581
20.16811834843719,1.2394305678703645,0.10813756475039661
127.65665829583287,18.27596724950585,10.0
20.16811834843719,18.27596724950585,6.827201694376553
20.16811834843719,18.27596724950585,6.972249455944729
3.9534666317194045,11.728871373922756,2.1206843352587272
56.500242681013,18.27596724950585,6.434912679592106
20.16811834843719,20.103702962470244,6.062152233961694
20.16811834843719,16.723274137784806,6.935266756446729
56.500242681013,21.26095691008804,6.253416138199308
20.16811834843719,11.728871373922756,5.4282953326045185
20.16811834843719,18.27596724950585,6.827201694376553
20.16811834843719,18.27596724950585,5.99906765682928
18.653155855402094,11.728871373922756,9.1066054668611
56.500242681013,43.652315164507264,7.577836737056136
22.531763797125883,19.170546471734735,6.1721466623721035
20.16811834843719,11.728871373922756,9.35111830933542
20.16811834843719,1.2394305678703645,0.0926300441096769
20.16811834843719,18.27596724950585,5.99906765682928
20.16811834843719,18.27596724950585,6.827201694376553
56.500242681013,1.2394305678703645,1.640750338034319
20.16811834843719,18.27596724950585,6.827201694376553
20.16811834843719,55.233774533325956,4.672224479871219
20.16811834843719,11.728871373922756,6.9234119888548245
20.16811834843719,1.9270495375218673,3.3877269766487474
20.16811834843719,18.27596724950585,6.972249455944729
72.94589916606553,18.27596724950585,10.0
27.969241025235192,16.723274137784806,9.225442455661423
0.6881189909420264,6.142442107065753,10.220068525487166
11.60738414194035,11.728871373922756,6.114441218570952
20.16811834843719,11.728871373922756,5.4282953326045185
20.16811834843719,11.728871373922756,5.4282953326045185
31.806871734554527,11.728871373922756,10.493790474926112
20.16811834843719,18.27596724950585,6.827201694376553
20.16811834843719,11.728871373922756,6.9234119888548245
20.16811834843719,11.728871373922756,5.4282953326045185
20.16811834843719,18.27596724950585,6.972249455944729
127.65665829583287,18.27596724950585,10.0
72.94589916606553,1.9270495375218673,10.0
20.16811834843719,11.728871373922756,6.9234119888548245
20.16811834843719,11.728871373922756,5.4282953326045185
20.16811834843719,5.569465489738748,3.8110054566860083
20.16811834843719,18.27596724950585,6.827201694376553
56.500242681013,69.86511491701135,4.601645483891238
20.16811834843719,11.728871373922756,5.4282953326045185
56.500242681013,21.26095691008804,6.253416138199308
0.006935151436624487,11.728871373922756,6.548681696550917
27.969241025235192,16.723274137784806,9.225442455661423
18.653155855402094,11.728871373922756,9.1066054668611
29.063534139898536,11.728871373922756,8.006871046486173
20.16811834843719,5.569465489738748,3.8110054566860083
20.16811834843719,5.569465489738748,5.475735292806581
72.94589916606553,1.9270495375218673,10.0
20.16811834843719,18.27596724950585,6.827201694376553
20.16811834843719,18.27596724950585,6.827201694376553
29.063534139898536,11.728871373922756,7.089968077060107
20.16811834843719,18.27596724950585,6.827201694376553
20.16811834843719,18.27596724950585,6.827201694376553
24.596611346923147,85.14467716546704,4.743677860510477
20.16811834843719,18.27596724950585,6.827201694376553
3.9534666317194045,11.728871373922756,2.1206843352587272
3.450164888760014,18.27596724950585,1.19599256623114
127.65665829583287,18.27596724950585,10.0
72.94589916606553,18.27596724950585,10.0
20.16811834843719,11.728871373922756,5.4282953326045185
20.16811834843719,18.27596724950585,6.827201694376553
20.16811834843719,18.27596724950585,6.827201694376553
56.500242681013,69.86511491701135,4.601645483891238
20.16811834843719,11.728871373922756,6.037151169267997
20.16811834843719,11.728871373922756,5.4282953326045185
20.16811834843719,5.569465489738748,3.8110054566860083
20.16811834843719,18.27596724950585,6.972249455944729
20.16811834843719,11.728871373922756,6.9234119888548245
72.94589916606553,1.9270495375218673,2.020274990586178
20.16811834843719,18.27596724950585,6.827201694376553
20.16811834843719,1.9270495375218673,3.3877269766487474
20.16811834843719,11.728871373922756,5.4282953326045185
27.969241025235192,16.723274137784806,9.225442455661423
20.16811834843719,11.728871373922756,5.4282953326045185
20.16811834843719,11.728871373922756,6.9234119888548245
20.16811834843719,11.728871373922756,5.4282953326045185
24.283843409388986,10.788355267888448,5.273387603160899
20.16811834843719,1.9270495375218673,3.3877269766487474
20.16811834843719,1.2394305678703645,0.10813756475039661
20.16811834843719,5.569465489738748,5.475735292806581
24.596611346923147,85.14467716546704,4.743677860510477
20.16811834843719,18.27596724950585,6.827201694376553
20.16811834843719,5.569465489738748,3.8110054566860083
24.283843409388986,10.788355267888448,5.273387603160899
20.16811834843719,18.27596724950585,6.827201694376553
0.6881189909420264,6.142442107065753,10.220068525487166
37.24948021699696,17.68309206453179,7.324673940336313
20.16811834843719,5.569465489738748,5.475735292806581
20.16811834843719,5.569465489738748,5.475735292806581
20.16811834843719,18.27596724950585,6.827201694376553
18.653155855402094,11.728871373922756,9.1066054668611
35.03959199379409,23.36679899649367,8.821495311147043
20.16811834843719,11.728871373922756,10.365729622153244
20.16811834843719,5.569465489738748,0.10441212978711352
56.500242681013,21.26095691008804,6.253416138199308
37.24948021699696,17.68309206453179,7.324673940336313
20.16811834843719,18.27596724950585,6.827201694376553
72.94589916606553,1.9270495375218673,2.020274990586178
27.969241025235192,16.723274137784806,9.225442455661423
56.500242681013,18.27596724950585,6.434912679592106
20.16811834843719,55.233774533325956,4.672224479871219
20.16811834843719,4.0935670898043375,0.09380264840103146
20.16811834843719,27.476031430744204,5.551593533712362
20.16811834843719,18.27596724950585,6.827201694376553
20.16811834843719,10.197129127780993,7.434408155325431
56.500242681013,69.86511491701135,4.601645483891238
20.16811834843719,20.943250141438668,6.130132544618237
56.500242681013,21.26095691008804,6.253416138199308
56.500242681013,18.27596724950585,6.434912679592106
127.65665829583287,18.27596724950585,10.0
0.006935151436624487,11.728871373922756,6.548681696550917
37.24948021699696,17.68309206453179,7.324673940336313
72.94589916606553,1.9270495375218673,10.0
20.16811834843719,18.27596724950585,6.827201694376553
24.283843409388986,10.788355267888448,5.273387603160899
29.063534139898536,11.728871373922756,8.006871046486173
20.16811834843719,18.27596724950585,6.827201694376553
20.16811834843719,1.9270495375218673,3.3877269766487474
3.450164888760014,18.27596724950585,1.19599256623114
9.363999089600796,11.728871373922756,5.4282953326045185
20.16811834843719,1.9270495375218673,3.3877269766487474
20.16811834843719,18.27596724950585,6.827201694376553
31.806871734554527,11.728871373922756,10.493790474926112
72.94589916606553,1.9270495375218673,2.020274990586178
24.283843409388986,10.788355267888448,5.273387603160899
20.16811834843719,18.27596724950585,6.827201694376553
56.500242681013,18.27596724950585,6.434912679592106
20.16811834843719,18.27596724950585,6.827201694376553
20.16811834843719,11.728871373922756,6.037151169267997
20.16811834843719,11.728871373922756,6.9234119888548245
20.16811834843719,18.27596724950585,6.972249455944729
20.16811834843719,5.569465489738748,3.8110054566860083
35.03959199379409,23.36679899649367,8.821495311147043
20.16811834843719,18.27596724950585,6.827201694376553
0.6881189909420264,6.142442107065753,10.220068525487166
56.500242681013,18.27596724950585,6.434912679592106
20.16811834843719,5.569465489738748,5.475735292806581
20.16811834843719,7.8213961727889245,4.392439105063492
56.500242681013,18.27596724950585,6.434912679592106
20.16811834843719,20.103702962470244,6.062152233961694
20.16811834843719,18.27596724950585,6.827201694376553
35.03959199379409,23.36679899649367,8.821495311147043
20.16811834843719,5.740218700782444,5.547174691229166
11.60738414194035,11.728871373922756,6.114441218570952
20.16811834843719,11.728871373922756,9.35111830933542
24.283843409388986,10.788355267888448,5.273387603160899
3.450164888760014,18.27596724950585,1.19599256623114
56.500242681013,69.86511491701135,4.601645483891238
20.16811834843719,1.9270495375218673,3.3877269766487474
56.500242681013,18.27596724950585,6.434912679592106
59.47432690578385,11.728871373922756,2.158269763048432
20.16811834843719,4.0935670898043375,0.09380264840103146
3.450164888760014,18.27596724950585,1.19599256623114
20.16811834843719,11.728871373922756,6.9234119888548245
20.16811834843719,10.197129127780993,7.434408155325431
20.16811834843719,1.9270495375218673,3.3877269766487474
20.16811834843719,10.197129127780993,7.434408155325431
20.16811834843719,11.728871373922756,5.4282953326045185
56.500242681013,43.652315164507264,7.577836737056136
20.16811834843719,11.728871373922756,5.4282953326045185
27.969241025235192,16.723274137784806,9.225442455661423
20.16811834843719,5.569465489738748,0.10441212978711352
3.450164888760014,18.27596724950585,1.19599256623114
20.16811834843719,18.27596724950585,6.827201694376553
20.16811834843719,18.27596724950585,6.827201694376553
20.16811834843719,20.103702962470244,6.062152233961694
20.16811834843719,11.728871373922756,10.365729622153244
20.16811834843719,5.569465489738748,5.475735292806581
29.063534139898536,11.728871373922756,8.006871046486173
20.16811834843719,16.723274137784806,6.935266756446729
20.16811834843719,18.27596724950585,6.972249455944729
20.16811834843719,1.2394305678703645,0.0926300441096769
20.16811834843719,18.27596724950585,6.827201694376553
20.16811834843719,5.569465489738748,5.475735292806581
20.16811834843719,18.27596724950585,6.827201694376553
11.60738414194035,11.728871373922756,6.114441218570952
20.16811834843719,10.197129127780993,7.434408155325431
20.16811834843719,4.0935670898043375,0.09380264840103146
29.063534139898536,11.728871373922756,7.089968077060107
20.16811834843719,4.0935670898043375,0.09380264840103146
37.80332025700537,11.728871373922756,10.634614613613753
56.500242681013,1.2394305678703645,1.640750338034319
20.16811834843719,18.27596724950585,6.827201694376553
20.16811834843719,11.728871373922756,5.4282953326045185
20.16811834843719,18.27596724950585,6.827201694376553
20.16811834843719,5.569465489738748,3.8110054566860083
20.16811834843719,11.728871373922756,6.9234119888548245
59.47432690578385,11.728871373922756,2.158269763048432
20.16811834843719,18.27596724950585,6.827201694376553
20.16811834843719,18.27596724950585,6.827201694376553
20.16811834843719,16.723274137784806,6.935266756446729
20.16811834843719,11.728871373922756,5.4282953326045185
20.16811834843719,55.233774533325956,4.672224479871219
20.16811834843719,18.27596724950585,5.99906765682928
31.806871734554527,11.728871373922756,10.493790474926112
20.16811834843719,18.27596724950585,6.972249455944729
24.283843409388986,10.788355267888448,5.273387603160899
20.16811834843719,1.2394305678703645,0.10813756475039661
72.94589916606553,1.9270495375218673,10.0
20.16811834843719,11.728871373922756,6.9234119888548245
20.16811834843719,11.728871373922756,5.4282953326045185
20.16811834843719,16.723274137784806,6.935266756446729
11.60738414194035,11.728871373922756,6.114441218570952
20.16811834843719,5.569465489738748,5.475735292806581
20.16811834843719,18.27596724950585,6.0499761476303995
72.94589916606553,1.9270495375218673,10.0
20.16811834843719,18.27596724950585,6.827201694376553
20.16811834843719,11.728871373922756,9.35111830933542
20.16811834843719,11.728871373922756,6.037151169267997
20.16811834843719,5.740218700782444,5.547174691229166
20.16811834843719,18.27596724950585,6.827201694376553
20.16811834843719,11.728871373922756,10.365729622153244
20.16811834843719,1.9270495375218673,3.3877269766487474
20.16811834843719,18.27596724950585,5.99906765682928
20.16811834843719,20.943250141438668,6.130132544618237
24.596611346923147,85.14467716546704,4.743677860510477
72.94589916606553,18.27596724950585,10.0
20.16811834843719,11.728871373922756,6.9234119888548245
20.16811834843719,10.197129127780993,7.434408155325431
20.16811834843719,18.27596724950585,6.827201694376553
20.16811834843719,11.728871373922756,10.365729622153244
20.16811834843719,5.569465489738748,3.8110054566860083
27.921185662927748,11.728871373922756,6.037151169267997
20.16811834843719,1.9270495375218673,3.3877269766487474
56.500242681013,21.26095691008804,6.253416138199308
18.653155855402094,11.728871373922756,9.1066054668611
20.16811834843719,5.569465489738748,0.10441212978711352
56.500242681013,43.652315164507264,7.577836737056136
56.500242681013,69.86511491701135,4.601645483891238
20.16811834843719,7.8213961727889245,4.392439105063492
72.94589916606553,1.9270495375218673,2.020274990586178
20.16811834843719,1.9270495375218673,3.3877269766487474
20.16811834843719,18.27596724950585,5.99906765682928
20.16811834843719,1.2394305678703645,0.10813756475039661
11.60738414194035,11.728871373922756,6.114441218570952
20.16811834843719,11.728871373922756,6.9234119888548245
20.16811834843719,18.27596724950585,6.827201694376553
20.16811834843719,20.943250141438668,6.130132544618237
20.16811834843719,11.728871373922756,5.4282953326045185
27.921185662927748,11.728871373922756,6.037151169267997
56.500242681013,43.652315164507264,7.577836737056136
20.16811834843719,5.569465489738748,3.8110054566860083
24.596611346923147,85.14467716546704,4.743677860510477
56.500242681013,1.2394305678703645,1.640750338034319
20.16811834843719,5.569465489738748,0.10441212978711352
24.283843409388986,10.788355267888448,5.273387603160899
20.16811834843719,18.27596724950585,6.0499761476303995
20.16811834843719,11.728871373922756,10.365729622153244
20.16811834843719,20.943250141438668,6.130132544618237
9.363999089600796,11.728871373922756,5.4282953326045185
29.063534139898536,11.728871373922756,8.006871046486173
31.806871734554527,11.728871373922756,10.493790474926112
20.16811834843719,5.569465489738748,5.475735292806581
20.16811834843719,20.943250141438668,6.130132544618237
20.16811834843719,18.27596724950585,10.555678069719082
0.006935151436624487,11.728871373922756,6.548681696550917
56.500242681013,18.27596724950585,6.434912679592106
59.47432690578385,11.728871373922756,2.158269763048432
20.16811834843719,5.569465489738748,5.475735292806581
20.16811834843719,11.728871373922756,6.9234119888548245
18.653155855402094,11.728871373922756,9.1066054668611
20.16811834843719,4.0935670898043375,0.09380264840103146
56.500242681013,43.652315164507264,7.577836737056136
11.60738414194035,11.728871373922756,6.114441218570952
20.16811834843719,20.103702962470244,6.062152233961694
20.16811834843719,18.27596724950585,6.827201694376553
20.16811834843719,1.9270495375218673,3.3877269766487474
20.16811834843719,16.723274137784806,6.935266756446729
20.16811834843719,5.569465489738748,5.475735292806581
20.16811834843719,18.27596724950585,6.827201694376553
20.16811834843719,18.27596724950585,6.827201694376553
20.16811834843719,11.728871373922756,5.4282953326045185
20.16811834843719,18.27596724950585,6.827201694376553
56.500242681013,43.652315164507264,7.577836737056136
20.16811834843719,11.728871373922756,5.4282953326045185
20.16811834843719,18.27596724950585,6.827201694376553
20.16811834843719,18.27596724950585,6.0499761476303995
20.16811834843719,11.728871373922756,6.9234119888548245
20.16811834843719,5.569465489738748,3.8110054566860083
20.16811834843719,4.0935670898043375,0.09380264840103146
20.16811834843719,11.728871373922756,5.4282953326045185
20.16811834843719,11.728871373922756,5.4282953326045185
20.16811834843719,5.569465489738748,3.8110054566860083
20.16811834843719,4.0935670898043375,0.09380264840103146
20.16811834843719,18.27596724950585,6.0499761476303995
27.921185662927748,11.728871373922756,6.037151169267997
20.16811834843719,16.723274137784806,6.935266756446729
20.16811834843719,18.27596724950585,6.827201694376553
20.16811834843719,18.27596724950585,6.972249455944729
20.16811834843719,1.2394305678703645,0.0926300441096769
22.531763797125883,19.170546471734735,6.1721466623721035
20.16811834843719,7.8213961727889245,4.392439105063492
3.9534666317194045,11.728871373922756,2.1206843352587272
20.16811834843719,5.569465489738748,3.8110054566860083
6.7945663237105,11.728871373922756,3.3451324653264427
20.16811834843719,5.569465489738748,5.475735292806581
6.7945663237105,11.728871373922756,3.3451324653264427
20.16811834843719,20.943250141438668,6.130132544618237
20.16811834843719,11.728871373922756,6.9234119888548245
20.16811834843719,18.27596724950585,6.827201694376553
56.500242681013,21.26095691008804,6.253416138199308
20.16811834843719,55.233774533325956,4.672224479871219
20.16811834843719,1.8778049558775791,3.351336124464476
20.16811834843719,11.728871373922756,6.9234119888548245
20.16811834843719,5.740218700782444,5.547174691229166
20.16811834843719,20.103702962470244,6.062152233961694
20.16811834843719,5.569465489738748,0.10441212978711352
72.94589916606553,1.9270495375218673,10.0
27.921185662927748,11.728871373922756,6.037151169267997
20.16811834843719,11.728871373922756,6.9234119888548245
20.16811834843719,11.728871373922756,9.35111830933542
20.16811834843719,18.27596724950585,6.827201694376553
20.16811834843719,5.569465489738748,5.475735292806581
18.653155855402094,11.728871373922756,9.1066054668611
20.16811834843719,11.728871373922756,6.9234119888548245
72.94589916606553,18.27596724950585,10.0
6.7945663237105,11.728871373922756,3.3451324653264427
20.16811834843719,7.8213961727889245,4.392439105063492
127.65665829583287,18.27596724950585,10.0
22.531763797125883,19.170546471734735,6.1721466623721035
29.063534139898536,11.728871373922756,8.006871046486173
37.80332025700537,11.728871373922756,10.634614613613753
20.16811834843719,11.728871373922756,5.4282953326045185
20.16811834843719,55.233774533325956,4.672224479871219
20.16811834843719,18.27596724950585,6.827201694376553
20.16811834843719,18.27596724950585,6.827201694376553
72.94589916606553,1.9270495375218673,10.0
20.16811834843719,11.728871373922756,5.4282953326045185
20.16811834843719,11.728871373922756,6.9234119888548245
20.16811834843719,18.27596724950585,6.827201694376553
11.60738414194035,11.728871373922756,6.114441218570952
20.16811834843719,18.27596724950585,10.555678069719082
20.16811834843719,18.27596724950585,6.827201694376553
20.16811834843719,18.27596724950585,6.827201694376553
22.531763797125883,19.170546471734735,6.1721466623721035
29.063534139898536,11.728871373922756,7.089968077060107
20.16811834843719,5.569465489738748,3.8110054566860083
20.16811834843719,11.728871373922756,6.9234119888548245
24.596611346923147,85.14467716546704,4.743677860510477
72.94589916606553,1.9270495375218673,10.0
27.921185662927748,11.728871373922756,6.037151169267997
20.16811834843719,16.723274137784806,6.935266756446729
20.16811834843719,11.728871373922756,6.9234119888548245
20.16811834843719,11.728871373922756,10.365729622153244
20.16811834843719,16.723274137784806,6.935266756446729
20.16811834843719,7.8213961727889245,4.392439105063492
20.16811834843719,10.197129127780993,7.434408155325431
20.16811834843719,11.728871373922756,5.4282953326045185
20.16811834843719,11.728871373922756,6.9234119888548245
20.16811834843719,18.27596724950585,6.827201694376553
20.16811834843719,55.233774533325956,4.672224479871219
20.16811834843719,27.476031430744204,5.551593533712362
20.16811834843719,18.27596724950585,10.555678069719082
20.16811834843719,10.197129127780993,7.434408155325431
72.94589916606553,1.9270495375218673,10.0
27.921185662927748,11.728871373922756,6.037151169267997
20.16811834843719,18.27596724950585,6.827201694376553
20.16811834843719,11.728871373922756,5.4282953326045185
11.60738414194035,11.728871373922756,6.114441218570952
20.16811834843719,5.569465489738748,5.475735292806581
3.9534666317194045,11.728871373922756,2.1206843352587272
20.16811834843719,18.27596724950585,6.827201694376553
37.80332025700537,11.728871373922756,10.634614613613753
37.80332025700537,11.728871373922756,10.634614613613753
27.969241025235192,16.723274137784806,9.225442455661423
20.16811834843719,18.27596724950585,6.827201694376553
20.16811834843719,27.476031430744204,5.551593533712362
0.006935151436624487,11.728871373922756,6.548681696550917
20.16811834843719,11.728871373922756,5.4282953326045185
20.16811834843719,1.8778049558775791,6.833681582430287
72.94589916606553,18.27596724950585,10.0
29.063534139898536,11.728871373922756,7.089968077060107
20.16811834843719,18.27596724950585,6.827201694376553
37.24948021699696,17.68309206453179,7.324673940336313
20.16811834843719,18.27596724950585,6.972249455944729
20.16811834843719,18.27596724950585,6.827201694376553
20.16811834843719,1.2394305678703645,0.0926300441096769
20.16811834843719,5.569465489738748,5.475735292806581
20.16811834843719,4.0935670898043375,0.09380264840103146
29.063534139898536,11.728871373922756,8.006871046486173
20.16811834843719,55.233774533325956,4.672224479871219
20.16811834843719,11.728871373922756,6.9234119888548245
56.500242681013,43.652315164507264,7.577836737056136
29.063534139898536,11.728871373922756,7.089968077060107
20.16811834843719,11.728871373922756,6.9234119888548245
20.16811834843719,11.728871373922756,6.9234119888548245
20.16811834843719,5.569465489738748,5.475735292806581
24.596611346923147,85.14467716546704,4.743677860510477
20.16811834843719,5.740218700782444,5.547174691229166
20.16811834843719,5.569465489738748,5.475735292806581
56.500242681013,18.27596724950585,6.434912679592106
20.16811834843719,11.728871373922756,5.4282953326045185
20.16811834843719,18.27596724950585,6.827201694376553
20.16811834843719,5.569465489738748,0.10441212978711352
20.16811834843719,18.27596724950585,6.827201694376553
20.16811834843719,1.8778049558775791,6.833681582430287
20.16811834843719,20.103702962470244,6.062152233961694
27.921185662927748,11.728871373922756,6.037151169267997
20.16811834843719,5.569465489738748,5.475735292806581
20.16811834843719,5.569465489738748,3.8110054566860083
20.16811834843719,18.27596724950585,6.972249455944729
20.16811834843719,11.728871373922756,5.4282953326045185
20.16811834843719,5.569465489738748,3.8110054566860083
20.16811834843719,18.27596724950585,6.827201694376553
0.6881189909420264,6.142442107065753,10.220068525487166
56.500242681013,69.86511491701135,4.601645483891238
20.16811834843719,18.27596724950585,5.99906765682928
20.16811834843719,11.728871373922756,5.4282953326045185
20.16811834843719,55.233774533325956,4.672224479871219
20.16811834843719,20.943250141438668,6.130132544618237
37.24948021699696,17.68309206453179,7.324673940336313
20.16811834843719,18.27596724950585,6.827201694376553
20.16811834843719,18.27596724950585,6.827201694376553
56.500242681013,18.27596724950585,6.434912679592106
20.16811834843719,18.27596724950585,6.827201694376553
27.921185662927748,11.728871373922756,6.037151169267997
29.063534139898536,11.728871373922756,7.089968077060107
56.500242681013,43.652315164507264,7.577836737056136
3.9534666317194045,11.728871373922756,2.1206843352587272
29.063534139898536,11.728871373922756,7.089968077060107
9.363999089600796,11.728871373922756,5.4282953326045185
20.16811834843719,11.728871373922756,9.35111830933542
72.94589916606553,1.9270495375218673,10.0
56.500242681013,43.652315164507264,7.577836737056136
20.16811834843719,18.27596724950585,6.827201694376553
20.16811834843719,18.27596724950585,6.827201694376553
20.16811834843719,18.27596724950585,6.827201694376553
3.450164888760014,18.27596724950585,1.19599256623114
56.500242681013,18.27596724950585,6.434912679592106
18.653155855402094,11.728871373922756,9.1066054668611
20.16811834843719,5.740218700782444,5.547174691229166
24.283843409388986,10.788355267888448,5.273387603160899
3.9534666317194045,11.728871373922756,2.1206843352587272
27.921185662927748,11.728871373922756,6.037151169267997
20.16811834843719,11.728871373922756,10.365729622153244
56.500242681013,18.27596724950585,6.434912679592106
24.596611346923147,85.14467716546704,4.743677860510477
72.94589916606553,1.9270495375218673,10.0
24.283843409388986,10.788355267888448,5.273387603160899
56.500242681013,18.27596724950585,6.434912679592106
20.16811834843719,11.728871373922756,6.9234119888548245
72.94589916606553,1.9270495375218673,10.0
20.16811834843719,18.27596724950585,6.827201694376553
20.16811834843719,10.197129127780993,7.434408155325431
72.94589916606553,1.9270495375218673,2.020274990586178
20.16811834843719,11.728871373922756,5.4282953326045185
20.16811834843719,27.476031430744204,5.551593533712362
20.16811834843719,11.728871373922756,6.9234119888548245
20.16811834843719,18.27596724950585,6.827201694376553
20.16811834843719,18.27596724950585,6.827201694376553
24.596611346923147,85.14467716546704,4.743677860510477
20.16811834843719,11.728871373922756,6.9234119888548245
20.16811834843719,18.27596724950585,6.827201694376553
37.80332025700537,11.728871373922756,10.634614613613753
20.16811834843719,5.569465489738748,3.8110054566860083
20.16811834843719,11.728871373922756,6.9234119888548245
59.47432690578385,11.728871373922756,2.158269763048432
37.80332025700537,11.728871373922756,10.634614613613753
20.16811834843719,55.233774533325956,4.672224479871219
11.60738414194035,11.728871373922756,6.114441218570952
20.16811834843719,11.728871373922756,6.037151169267997
56.500242681013,43.652315164507264,7.577836737056136
20.16811834843719,55.233774533325956,4.672224479871219
20.16811834843719,18.27596724950585,6.827201694376553
3.450164888760014,18.27596724950585,1.19599256623114
56.500242681013,21.26095691008804,6.253416138199308
127.65665829583287,18.27596724950585,10.0
20.16811834843719,1.8778049558775791,3.351336124464476
20.16811834843719,11.728871373922756,6.9234119888548245
56.500242681013,18.27596724950585,6.434912679592106
20.16811834843719,1.8778049558775791,6.833681582430287
3.9534666317194045,11.728871373922756,2.1206843352587272
0.006935151436624487,11.728871373922756,6.548681696550917
56.500242681013,43.652315164507264,7.577836737056136
72.94589916606553,18.27596724950585,10.0
56.500242681013,18.27596724950585,6.434912679592106
20.16811834843719,5.569465489738748,5.475735292806581
20.16811834843719,11.728871373922756,6.9234119888548245
20.16811834843719,18.27596724950585,6.827201694376553
35.03959199379409,23.36679899649367,8.821495311147043
56.500242681013,1.2394305678703645,1.640750338034319
3.450164888760014,18.27596724950585,1.19599256623114
20.16811834843719,11.728871373922756,5.4282953326045185
20.16811834843719,11.728871373922756,6.9234119888548245
20.16811834843719,18.27596724950585,6.827201694376553
20.16811834843719,1.8778049558775791,3.351336124464476
20.16811834843719,55.233774533325956,4.672224479871219
20.16811834843719,10.197129127780993,7.434408155325431
20.16811834843719,18.27596724950585,6.827201694376553
20.16811834843719,11.728871373922756,6.037151169267997
22.531763797125883,19.170546471734735,6.1721466623721035
72.94589916606553,1.9270495375218673,2.020274990586178
37.80332025700537,11.728871373922756,10.634614613613753
20.16811834843719,18.27596724950585,6.827201694376553
20.16811834843719,18.27596724950585,6.827201694376553
20.16811834843719,11.728871373922756,6.9234119888548245
20.16811834843719,18.27596724950585,6.0499761476303995
20.16811834843719,11.728871373922756,6.9234119888548245
20.16811834843719,11.728871373922756,5.4282953326045185
20.16811834843719,1.8778049558775791,3.351336124464476
20.16811834843719,11.728871373922756,5.4282953326045185
20.16811834843719,18.27596724950585,6.827201694376553
20.16811834843719,11.728871373922756,9.35111830933542
20.16811834843719,11.728871373922756,6.9234119888548245
56.500242681013,18.27596724950585,6.434912679592106
20.16811834843719,18.27596724950585,6.0499761476303995
127.65665829583287,18.27596724950585,10.0
20.16811834843719,18.27596724950585,6.827201694376553
20.16811834843719,1.8778049558775791,6.833681582430287
20.16811834843719,5.569465489738748,3.8110054566860083
9.363999089600796,11.728871373922756,5.4282953326045185
20.16811834843719,18.27596724950585,10.555678069719082
20.16811834843719,18.27596724950585,6.827201694376553
20.16811834843719,11.728871373922756,5.4282953326045185
20.16811834843719,1.8778049558775791,6.833681582430287
20.16811834843719,11.728871373922756,10.365729622153244
27.969241025235192,16.723274137784806,9.225442455661423
22.531763797125883,19.170546471734735,6.1721466623721035
0.6881189909420264,6.142442107065753,10.220068525487166
24.596611346923147,85.14467716546704,4.743677860510477
27.969241025235192,16.723274137784806,9.225442455661423
72.94589916606553,18.27596724950585,10.0
20.16811834843719,5.569465489738748,5.475735292806581
37.80332025700537,11.728871373922756,10.634614613613753
20.16811834843719,11.728871373922756,5.4282953326045185
20.16811834843719,1.2394305678703645,0.10813756475039661
20.16811834843719,18.27596724950585,6.827201694376553
20.16811834843719,11.728871373922756,5.4282953326045185
20.16811834843719,18.27596724950585,6.827201694376553
56.500242681013,43.652315164507264,7.577836737056136
37.24948021699696,17.68309206453179,7.324673940336313
24.596611346923147,85.14467716546704,4.743677860510477
20.16811834843719,18.27596724950585,6.827201694376553
20.16811834843719,1.9270495375218673,3.3877269766487474
20.16811834843719,11.728871373922756,6.9234119888548245
20.16811834843719,4.0935670898043375,0.09380264840103146
20.16811834843719,5.569465489738748,5.475735292806581
20.16811834843719,5.569465489738748,3.8110054566860083
20.16811834843719,5.569465489738748,3.8110054566860083
20.16811834843719,55.233774533325956,4.672224479871219
56.500242681013,18.27596724950585,6.434912679592106
20.16811834843719,5.740218700782444,5.547174691229166
37.24948021699696,17.68309206453179,7.324673940336313
20.16811834843719,11.728871373922756,6.9234119888548245
72.94589916606553,1.9270495375218673,10.0
56.500242681013,69.86511491701135,4.601645483891238
20.16811834843719,5.569465489738748,5.475735292806581
20.16811834843719,11.728871373922756,6.9234119888548245
29.063534139898536,11.728871373922756,7.089968077060107
20.16811834843719,11.728871373922756,5.4282953326045185
20.16811834843719,1.8778049558775791,3.351336124464476
31.806871734554527,11.728871373922756,10.493790474926112
56.500242681013,18.27596724950585,6.434912679592106
20.16811834843719,11.728871373922756,6.9234119888548245
20.16811834843719,5.569465489738748,5.475735292806581
20.16811834843719,5.569465489738748,3.8110054566860083
56.500242681013,43.652315164507264,7.577836737056136
127.65665829583287,18.27596724950585,10.0
20.16811834843719,5.569465489738748,3.8110054566860083
20.16811834843719,18.27596724950585,6.827201694376553
20.16811834843719,7.8213961727889245,4.392439105063492
72.94589916606553,1.9270495375218673,2.020274990586178
56.500242681013,21.26095691008804,6.253416138199308
20.16811834843719,18.27596724950585,6.827201694376553
24.283843409388986,10.788355267888448,5.273387603160899
20.16811834843719,1.9270495375218673,3.3877269766487474
20.16811834843719,7.8213961727889245,4.392439105063492
20.16811834843719,18.27596724950585,6.827201694376553
0.006935151436624487,11.728871373922756,6.548681696550917
0.6881189909420264,6.142442107065753,10.220068525487166
20.16811834843719,1.2394305678703645,0.10813756475039661
20.16811834843719,11.728871373922756,6.9234119888548245
20.16811834843719,1.8778049558775791,6.833681582430287
20.16811834843719,18.27596724950585,5.99906765682928
20.16811834843719,1.2394305678703645,0.0926300441096769
20.16811834843719,11.728871373922756,6.9234119888548245
3.450164888760014,18.27596724950585,1.19599256623114
72.94589916606553,1.9270495375218673,2.020274990586178
20.16811834843719,11.728871373922756,6.9234119888548245
20.16811834843719,18.27596724950585,6.0499761476303995
20.16811834843719,11.728871373922756,6.9234119888548245
56.500242681013,21.26095691008804,6.253416138199308
56.500242681013,69.86511491701135,4.601645483891238
20.16811834843719,18.27596724950585,6.827201694376553
20.16811834843719,18.27596724950585,10.555678069719082
20.16811834843719,20.103702962470244,6.062152233961694
20.16811834843719,11.728871373922756,5.4282953326045185
20.16811834843719,11.728871373922756,6.9234119888548245
0.006935151436624487,11.728871373922756,6.548681696550917
0.6881189909420264,6.142442107065753,10.220068525487166
20.16811834843719,11.728871373922756,9.35111830933542
20.16811834843719,18.27596724950585,6.827201694376553
20.16811834843719,5.569465489738748,3.8110054566860083
127.65665829583287,18.27596724950585,10.0
20.16811834843719,18.27596724950585,6.827201694376553
20.16811834843719,55.233774533325956,4.672224479871219
20.16811834843719,18.27596724950585,10.555678069719082
56.500242681013,18.27596724950585,6.434912679592106
35.03959199379409,23.36679899649367,8.821495311147043
20.16811834843719,5.569465489738748,5.475735292806581
20.16811834843719,7.8213961727889245,4.392439105063492
20.16811834843719,10.197129127780993,7.434408155325431
72.94589916606553,18.27596724950585,10.0
20.16811834843719,11.728871373922756,5.4282953326045185
37.80332025700537,11.728871373922756,10.634614613613753
37.24948021699696,17.68309206453179,7.324673940336313
20.16811834843719,18.27596724950585,6.827201694376553
20.16811834843719,11.728871373922756,5.4282953326045185
20.16811834843719,18.27596724950585,6.827201694376553
24.596611346923147,85.14467716546704,4.743677860510477
20.16811834843719,11.728871373922756,9.35111830933542
20.16811834843719,11.728871373922756,5.4282953326045185
20.16811834843719,1.8778049558775791,3.351336124464476
56.500242681013,1.2394305678703645,1.640750338034319
29.063534139898536,11.728871373922756,7.089968077060107
20.16811834843719,11.728871373922756,6.9234119888548245
56.500242681013,1.2394305678703645,1.640750338034319
56.500242681013,43.652315164507264,7.577836737056136
20.16811834843719,18.27596724950585,6.827201694376553
20.16811834843719,11.728871373922756,9.35111830933542
20.16811834843719,5.569465489738748,3.8110054566860083
20.16811834843719,18.27596724950585,6.827201694376553
20.16811834843719,18.27596724950585,6.827201694376553
20.16811834843719,11.728871373922756,5.4282953326045185
20.16811834843719,11.728871373922756,5.4282953326045185
11.60738414194035,11.728871373922756,6.114441218570952
72.94589916606553,1.9270495375218673,10.0
24.596611346923147,85.14467716546704,4.743677860510477
3.450164888760014,18.27596724950585,1.19599256623114
20.16811834843719,18.27596724950585,6.827201694376553
20.16811834843719,4.0935670898043375,0.09380264840103146
59.47432690578385,11.728871373922756,2.158269763048432
20.16811834843719,18.27596724950585,6.827201694376553
20.16811834843719,5.569465489738748,0.10441212978711352
20.16811834843719,18.27596724950585,6.827201694376553
0.6881189909420264,6.142442107065753,10.220068525487166
20.16811834843719,18.27596724950585,6.827201694376553
20.16811834843719,5.569465489738748,0.10441212978711352
20.16811834843719,1.9270495375218673,3.3877269766487474
35.03959199379409,23.36679899649367,8.821495311147043
20.16811834843719,18.27596724950585,10.555678069719082
20.16811834843719,18.27596724950585,10.555678069719082
3.9534666317194045,11.728871373922756,2.1206843352587272
20.16811834843719,11.728871373922756,6.9234119888548245
56.500242681013,69.86511491701135,4.601645483891238
20.16811834843719,11.728871373922756,5.4282953326045185
20.16811834843719,10.197129127780993,7.434408155325431
20.16811834843719,5.569465489738748,3.8110054566860083
20.16811834843719,5.569465489738748,3.8110054566860083
29.063534139898536,11.728871373922756,8.006871046486173
29.063534139898536,11.728871373922756,7.089968077060107
20.16811834843719,18.27596724950585,6.827201694376553
20.16811834843719,18.27596724950585,6.827201694376553
56.500242681013,18.27596724950585,6.434912679592106
20.16811834843719,18.27596724950585,5.99906765682928
31.806871734554527,11.728871373922756,10.493790474926112
20.16811834843719,11.728871373922756,10.365729622153244
56.500242681013,43.652315164507264,7.577836737056136
27.921185662927748,11.728871373922756,6.037151169267997
20.16811834843719,7.8213961727889245,4.392439105063492
20.16811834843719,11.728871373922756,5.4282953326045185
20.16811834843719,18.27596724950585,6.827201694376553
56.500242681013,43.652315164507264,7.577836737056136
27.921185662927748,11.728871373922756,6.037151169267997
20.16811834843719,18.27596724950585,6.827201694376553
20.16811834843719,5.740218700782444,5.547174691229166
20.16811834843719,18.27596724950585,6.827201694376553
20.16811834843719,4.0935670898043375,0.09380264840103146
20.16811834843719,11.728871373922756,5.4282953326045185
20.16811834843719,5.569465489738748,3.8110054566860083
56.500242681013,1.2394305678703645,1.640750338034319
56.500242681013,18.27596724950585,6.434912679592106
27.969241025235192,16.723274137784806,9.225442455661423
20.16811834843719,1.9270495375218673,3.3877269766487474
20.16811834843719,4.0935670898043375,0.09380264840103146
20.16811834843719,18.27596724950585,6.827201694376553
20.16811834843719,5.569465489738748,3.8110054566860083
56.500242681013,18.27596724950585,6.434912679592106
56.500242681013,18.27596724950585,6.434912679592106
20.16811834843719,11.728871373922756,6.9234119888548245
31.806871734554527,11.728871373922756,10.493790474926112
20.16811834843719,27.476031430744204,5.551593533712362
20.16811834843719,18.27596724950585,6.827201694376553
20.16811834843719,18.27596724950585,6.972249455944729
20.16811834843719,11.728871373922756,9.35111830933542
72.94589916606553,1.9270495375218673,2.020274990586178
20.16811834843719,18.27596724950585,6.827201694376553
59.47432690578385,11.728871373922756,2.158269763048432
20.16811834843719,11.728871373922756,6.037151169267997
20.16811834843719,11.728871373922756,5.4282953326045185
20.16811834843719,5.569465489738748,5.475735292806581
20.16811834843719,20.943250141438668,6.130132544618237
6.7945663237105,11.728871373922756,3.3451324653264427
29.063534139898536,11.728871373922756,7.089968077060107
20.16811834843719,27.476031430744204,5.551593533712362
20.16811834843719,55.233774533325956,4.672224479871219
18.653155855402094,11.728871373922756,9.1066054668611
20.16811834843719,18.27596724950585,6.827201694376553
20.16811834843719,18.27596724950585,6.827201694376553
9.363999089600796,11.728871373922756,5.4282953326045185
20.16811834843719,18.27596724950585,6.0499761476303995
20.16811834843719,18.27596724950585,6.827201694376553
20.16811834843719,10.197129127780993,7.434408155325431
72.94589916606553,1.9270495375218673,2.020274990586178
27.921185662927748,11.728871373922756,6.037151169267997
20.16811834843719,20.103702962470244,6.062152233961694
20.16811834843719,18.27596724950585,6.827201694376553
37.24948021699696,17.68309206453179,7.324673940336313
20.16811834843719,18.27596724950585,6.827201694376553
20.16811834843719,5.569465489738748,3.8110054566860083
3.9534666317194045,11.728871373922756,2.1206843352587272
20.16811834843719,10.197129127780993,7.434408155325431
24.596611346923147,85.14467716546704,4.743677860510477
24.283843409388986,10.788355267888448,5.273387603160899
20.16811834843719,5.569465489738748,5.475735292806581
6.7945663237105,11.728871373922756,3.3451324653264427
20.16811834843719,11.728871373922756,6.9234119888548245
35.03959199379409,23.36679899649367,8.821495311147043
18.653155855402094,11.728871373922756,9.1066054668611
9.363999089600796,11.728871373922756,5.4282953326045185
20.16811834843719,5.740218700782444,5.547174691229166
20.16811834843719,55.233774533325956,4.672224479871219
20.16811834843719,18.27596724950585,6.827201694376553
37.80332025700537,11.728871373922756,10.634614613613753
29.063534139898536,11.728871373922756,7.089968077060107
20.16811834843719,18.27596724950585,5.99906765682928
20.16811834843719,18.27596724950585,6.827201694376553
56.500242681013,43.652315164507264,7.577836737056136
0.6881189909420264,6.142442107065753,10.220068525487166
20.16811834843719,18.27596724950585,6.972249455944729
56.500242681013,1.2394305678703645,1.640750338034319
20.16811834843719,18.27596724950585,6.827201694376553
31.806871734554527,11.728871373922756,10.493790474926112
20.16811834843719,11.728871373922756,6.9234119888548245
56.500242681013,18.27596724950585,6.434912679592106
11.60738414194035,11.728871373922756,6.114441218570952
20.16811834843719,11.728871373922756,6.9234119888548245
20.16811834843719,11.728871373922756,6.9234119888548245
3.9534666317194045,11.728871373922756,2.1206843352587272
20.16811834843719,18.27596724950585,6.827201694376553
20.16811834843719,4.0935670898043375,0.09380264840103146
20.16811834843719,11.728871373922756,6.9234119888548245
56.500242681013,43.652315164507264,7.577836737056136
24.596611346923147,85.14467716546704,4.743677860510477
56.500242681013,69.86511491701135,4.601645483891238
20.16811834843719,1.9270495375218673,3.3877269766487474
20.16811834843719,11.728871373922756,6.9234119888548245
20.16811834843719,1.2394305678703645,0.10813756475039661
20.16811834843719,18.27596724950585,6.827201694376553
20.16811834843719,11.728871373922756,5.4282953326045185
20.16811834843719,16.723274137784806,6.935266756446729
20.16811834843719,20.103702962470244,6.062152233961694
127.65665829583287,18.27596724950585,10.0
37.80332025700537,11.728871373922756,10.634614613613753
3.450164888760014,18.27596724950585,1.19599256623114
20.16811834843719,11.728871373922756,6.9234119888548245
20.16811834843719,18.27596724950585,6.827201694376553
22.531763797125883,19.170546471734735,6.1721466623721035
29.063534139898536,11.728871373922756,8.006871046486173
20.16811834843719,5.569465489738748,3.8110054566860083
27.969241025235192,16.723274137784806,9.225442455661423
22.531763797125883,19.170546471734735,6.1721466623721035
24.283843409388986,10.788355267888448,5.273387603160899
20.16811834843719,5.569465489738748,5.475735292806581
20.16811834843719,5.569465489738748,0.10441212978711352
20.16811834843719,27.476031430744204,5.551593533712362
20.16811834843719,27.476031430744204,5.551593533712362
20.16811834843719,18.27596724950585,6.827201694376553
24.283843409388986,10.788355267888448,5.273387603160899
3.450164888760014,18.27596724950585,1.19599256623114
20.16811834843719,5.569465489738748,0.10441212978711352
56.500242681013,1.2394305678703645,1.640750338034319
20.16811834843719,1.2394305678703645,0.10813756475039661
20.16811834843719,18.27596724950585,6.827201694376553
0.6881189909420264,6.142442107065753,10.220068525487166
20.16811834843719,18.27596724950585,10.555678069719082
20.16811834843719,16.723274137784806,6.935266756446729
27.969241025235192,16.723274137784806,9.225442455661423
3.450164888760014,18.27596724950585,1.19599256623114
20.16811834843719,1.8778049558775791,6.833681582430287
22.531763797125883,19.170546471734735,6.1721466623721035
20.16811834843719,11.728871373922756,5.4282953326045185
20.16811834843719,11.728871373922756,5.4282953326045185
11.60738414194035,11.728871373922756,6.114441218570952
20.16811834843719,18.27596724950585,6.827201694376553
20.16811834843719,5.569465489738748,5.475735292806581
20.16811834843719,18.27596724950585,6.972249455944729
20.16811834843719,18.27596724950585,6.827201694376553
20.16811834843719,5.569465489738748,5.475735292806581
20.16811834843719,11.728871373922756,6.9234119888548245
20.16811834843719,5.569465489738748,3.8110054566860083
20.16811834843719,5.569465489738748,5.475735292806581
20.16811834843719,5.569465489738748,5.475735292806581
20.16811834843719,11.728871373922756,6.037151169267997
20.16811834843719,10.197129127780993,7.434408155325431
20.16811834843719,5.569465489738748,3.8110054566860083
127.65665829583287,18.27596724950585,10.0
27.921185662927748,11.728871373922756,6.037151169267997
20.16811834843719,18.27596724950585,6.827201694376553
20.16811834843719,4.0935670898043375,0.09380264840103146
20.16811834843719,11.728871373922756,6.9234119888548245
11.60738414194035,11.728871373922756,6.114441218570952
20.16811834843719,7.8213961727889245,4.392439105063492
20.16811834843719,18.27596724950585,6.827201694376553
29.063534139898536,11.728871373922756,7.089968077060107
20.16811834843719,18.27596724950585,6.827201694376553
20.16811834843719,16.723274137784806,6.935266756446729
72.94589916606553,1.9270495375218673,10.0
20.16811834843719,11.728871373922756,5.4282953326045185
20.16811834843719,18.27596724950585,6.827201694376553
20.16811834843719,16.723274137784806,6.935266756446729
20.16811834843719,5.569465489738748,5.475735292806581
20.16811834843719,5.569465489738748,5.475735292806581
20.16811834843719,5.740218700782444,5.547174691229166
72.94589916606553,1.9270495375218673,10.0
20.16811834843719,11.728871373922756,6.9234119888548245
72.94589916606553,1.9270495375218673,10.0
20.16811834843719,18.27596724950585,6.827201694376553
20.16811834843719,5.569465489738748,5.475735292806581
20.16811834843719,4.0935670898043375,0.09380264840103146
20.16811834843719,5.569465489738748,5.475735292806581
22.531763797125883,19.170546471734735,6.1721466623721035
20.16811834843719,18.27596724950585,6.827201694376553
20.16811834843719,20.103702962470244,6.062152233961694
20.16811834843719,11.728871373922756,5.4282953326045185
24.283843409388986,10.788355267888448,5.273387603160899
20.16811834843719,18.27596724950585,6.827201694376553
9.363999089600796,11.728871373922756,5.4282953326045185
24.283843409388986,10.788355267888448,5.273387603160899
20.16811834843719,18.27596724950585,6.0499761476303995
20.16811834843719,11.728871373922756,6.9234119888548245
20.16811834843719,11.728871373922756,5.4282953326045185
24.596611346923147,85.14467716546704,4.743677860510477
20.16811834843719,11.728871373922756,10.365729622153244
72.94589916606553,18.27596724950585,10.0
20.16811834843719,18.27596724950585,6.827201694376553
20.16811834843719,18.27596724950585,6.827201694376553
56.500242681013,21.26095691008804,6.253416138199308
20.16811834843719,5.569465489738748,5.475735292806581
20.16811834843719,11.728871373922756,6.037151169267997
56.500242681013,43.652315164507264,7.577836737056136
20.16811834843719,11.728871373922756,5.4282953326045185
20.16811834843719,1.8778049558775791,3.351336124464476
20.16811834843719,5.740218700782444,5.547174691229166
20.16811834843719,5.569465489738748,3.8110054566860083
20.16811834843719,7.8213961727889245,4.392439105063492
20.16811834843719,5.569465489738748,0.10441212978711352
20.16811834843719,27.476031430744204,5.551593533712362
20.16811834843719,1.8778049558775791,3.351336124464476
20.16811834843719,18.27596724950585,6.827201694376553
20.16811834843719,5.569465489738748,5.475735292806581
20.16811834843719,18.27596724950585,6.827201694376553
20.16811834843719,27.476031430744204,5.551593533712362
20.16811834843719,1.2394305678703645,0.10813756475039661
20.16811834843719,5.569465489738748,5.475735292806581
20.16811834843719,5.569465489738748,3.8110054566860083
20.16811834843719,1.2394305678703645,0.0926300441096769
20.16811834843719,11.728871373922756,6.9234119888548245
20.16811834843719,5.569465489738748,3.8110054566860083
56.500242681013,18.27596724950585,6.434912679592106
72.94589916606553,1.9270495375218673,10.0
20.16811834843719,18.27596724950585,6.827201694376553
20.16811834843719,1.9270495375218673,3.3877269766487474
18.653155855402094,11.728871373922756,9.1066054668611
20.16811834843719,5.569465489738748,5.475735292806581
20.16811834843719,11.728871373922756,6.9234119888548245
20.16811834843719,18.27596724950585,6.827201694376553
20.16811834843719,4.0935670898043375,0.09380264840103146
9.363999089600796,11.728871373922756,5.4282953326045185
20.16811834843719,11.728871373922756,5.4282953326045185
20.16811834843719,11.728871373922756,5.4282953326045185
20.16811834843719,5.569465489738748,5.475735292806581
20.16811834843719,18.27596724950585,6.827201694376553
20.16811834843719,11.728871373922756,5.4282953326045185
24.283843409388986,10.788355267888448,5.273387603160899
20.16811834843719,18.27596724950585,6.827201694376553
20.16811834843719,5.569465489738748,3.8110054566860083
20.16811834843719,11.728871373922756,6.9234119888548245
56.500242681013,1.2394305678703645,1.640750338034319
37.80332025700537,11.728871373922756,10.634614613613753
20.16811834843719,18.27596724950585,6.827201694376553
20.16811834843719,18.27596724950585,6.827201694376553
72.94589916606553,1.9270495375218673,10.0
0.006935151436624487,11.728871373922756,6.548681696550917
20.16811834843719,5.569465489738748,3.8110054566860083
20.16811834843719,18.27596724950585,6.827201694376553
20.16811834843719,11.728871373922756,6.9234119888548245
127.65665829583287,18.27596724950585,10.0
20.16811834843719,18.27596724950585,5.99906765682928
20.16811834843719,18.27596724950585,6.827201694376553
20.16811834843719,18.27596724950585,6.827201694376553
72.94589916606553,18.27596724950585,10.0
20.16811834843719,18.27596724950585,6.827201694376553
20.16811834843719,1.9270495375218673,3.3877269766487474
20.16811834843719,11.728871373922756,6.9234119888548245
20.16811834843719,18.27596724950585,6.827201694376553
20.16811834843719,18.27596724950585,6.827201694376553
20.16811834843719,11.728871373922756,6.9234119888548245
20.16811834843719,5.569465489738748,5.475735292806581
20.16811834843719,18.27596724950585,6.827201694376553
20.16811834843719,18.27596724950585,6.972249455944729
56.500242681013,18.27596724950585,6.434912679592106
20.16811834843719,18.27596724950585,6.827201694376553
20.16811834843719,5.569465489738748,5.475735292806581
20.16811834843719,1.8778049558775791,3.351336124464476
20.16811834843719,18.27596724950585,6.0499761476303995
20.16811834843719,18.27596724950585,6.827201694376553
3.450164888760014,18.27596724950585,1.19599256623114
20.16811834843719,5.569465489738748,5.475735292806581
20.16811834843719,11.728871373922756,6.9234119888548245
20.16811834843719,18.27596724950585,6.827201694376553
20.16811834843719,11.728871373922756,6.9234119888548245
20.16811834843719,5.740218700782444,5.547174691229166
29.063534139898536,11.728871373922756,8.006871046486173
20.16811834843719,18.27596724950585,6.827201694376553
3.450164888760014,18.27596724950585,1.19599256623114
56.500242681013,18.27596724950585,6.434912679592106
20.16811834843719,18.27596724950585,6.827201694376553
20.16811834843719,18.27596724950585,6.827201694376553
20.16811834843719,16.723274137784806,6.935266756446729
20.16811834843719,18.27596724950585,6.827201694376553
20.16811834843719,18.27596724950585,6.827201694376553
20.16811834843719,5.569465489738748,5.475735292806581
20.16811834843719,11.728871373922756,6.9234119888548245
72.94589916606553,1.9270495375218673,10.0
72.94589916606553,1.9270495375218673,10.0
20.16811834843719,5.569465489738748,5.475735292806581
20.16811834843719,11.728871373922756,6.9234119888548245
56.500242681013,18.27596724950585,6.434912679592106
20.16811834843719,11.728871373922756,6.9234119888548245
