5.093024867495414,1.7279365417254953,0.09911320623066869
5.494808666419562,7.496272996291079,4.100697230497101
5.093024867495414,1.7279365417254953,0.09911320623066869
5.494808666419562,7.496272996291079,4.100697230497101
5.093024867495414,1.7279365417254953,0.09911320623066869
5.494808666419562,3.207809960218685,9.45555396613842
5.494808666419562,7.496272996291079,4.100697230497101
5.494808666419562,3.207809960218685,9.45555396613842
5.494808666419562,7.496272996291079,4.100697230497101
5.093024867495414,1.7279365417254953,0.09911320623066869
5.494808666419562,7.496272996291079,4.100697230497101
4.8623378814211895,3.6747888150124854,8.691503255499061
5.494808666419562,3.207809960218685,9.45555396613842
5.494808666419562,7.496272996291079,4.100697230497101
5.494808666419562,1.585392399565679,0.0910308098001412
5.494808666419562,7.496272996291079,4.100697230497101
4.8623378814211895,3.6747888150124854,8.691503255499061
5.494808666419562,3.207809960218685,9.45555396613842
5.494808666419562,1.585392399565679,0.0910308098001412
5.494808666419562,7.496272996291079,4.100697230497101
4.8623378814211895,3.6747888150124854,8.691503255499061
5.494808666419562,1.585392399565679,0.0910308098001412
5.494808666419562,7.496272996291079,4.100697230497101
5.093024867495414,1.7279365417254953,0.09911320623066869
0.08431076724303868,4.560017115702793,0.10300693884429075
5.494808666419562,7.496272996291079,4.100697230497101
5.494808666419562,3.6747888150124854,9.159804257741031
5.494808666419562,1.585392399565679,0.0910308098001412
0.08431076724303868,4.560017115702793,0.10300693884429075
5.494808666419562,3.207809960218685,8.812630030113652
5.494808666419562,3.207809960218685,10.502759632530697
5.494808666419562,3.207809960218685,10.502759632530697
5.093024867495414,1.7279365417254953,0.09911320623066869
5.494808666419562,3.6747888150124854,9.159804257741031
4.8623378814211895,3.6747888150124854,8.691503255499061
0.08431076724303868,4.560017115702793,0.10300693884429075
5.494808666419562,7.496272996291079,4.100697230497101
5.494808666419562,1.585392399565679,0.0910308098001412
5.494808666419562,0.9408412148320111,0.10010843630541705
4.8623378814211895,3.6747888150124854,8.691503255499061
5.494808666419562,3.207809960218685,8.812630030113652
5.494808666419562,3.207809960218685,9.45555396613842
0.08431076724303868,4.560017115702793,0.10300693884429075
5.494808666419562,3.207809960218685,10.502759632530697
5.093024867495414,1.7279365417254953,0.09911320623066869
5.494808666419562,0.9408412148320111,0.10010843630541705
5.494808666419562,1.585392399565679,0.0910308098001412
5.494808666419562,5.546687499023369,5.861691090166426
5.494808666419562,3.207809960218685,9.45555396613842
5.494808666419562,3.6747888150124854,9.159804257741031
5.494808666419562,0.9408412148320111,0.10010843630541705
4.8623378814211895,3.6747888150124854,8.691503255499061
0.46236173593511776,4.210482896199265,0.693387051488271
5.494808666419562,3.6747888150124854,8.840694261819282
5.494808666419562,3.207809960218685,10.502759632530697
5.093024867495414,1.7279365417254953,0.09911320623066869
5.494808666419562,1.3974953246305315,0.10002087829373871
5.494808666419562,1.585392399565679,0.0910308098001412
5.494808666419562,3.207809960218685,9.403643680967354
5.494808666419562,3.207809960218685,9.45555396613842
5.494808666419562,5.546687499023369,5.861691090166426
5.494808666419562,0.9408412148320111,0.09347960138455563
5.494808666419562,7.496272996291079,4.100697230497101
5.494808666419562,3.207809960218685,10.502759632530697
5.093024867495414,1.7279365417254953,0.09911320623066869
0.08431076724303868,4.560017115702793,0.10300693884429075
5.494808666419562,6.273216775938124,5.652804050810494
5.494808666419562,3.207809960218685,9.314405799217427
5.9420789404550645,3.207809960218685,8.82832390303155
5.494808666419562,3.207809960218685,8.812630030113652
4.8623378814211895,3.6747888150124854,8.691503255499061
5.494808666419562,1.585392399565679,0.0910308098001412
5.494808666419562,3.6747888150124854,8.792061151810875
5.494808666419562,5.546687499023369,5.861691090166426
5.494808666419562,3.207809960218685,9.403643680967354
3.272360466425374,7.507955594003288,2.4035042870460015
0.46236173593511776,4.210482896199265,0.693387051488271
5.494808666419562,3.207809960218685,8.812630030113652
5.494808666419562,5.546687499023369,5.861691090166426
5.494808666419562,3.207809960218685,9.403643680967354
5.9420789404550645,3.207809960218685,8.82832390303155
5.494808666419562,3.6747888150124854,8.792061151810875
5.494808666419562,1.585392399565679,0.0910308098001412
5.494808666419562,3.207809960218685,9.45555396613842
5.494808666419562,6.273216775938124,5.652804050810494
5.494808666419562,3.6747888150124854,8.840694261819282
4.8623378814211895,3.6747888150124854,8.691503255499061
5.494808666419562,3.207809960218685,8.849115036299493
5.093024867495414,1.7279365417254953,0.09911320623066869
0.46236173593511776,4.210482896199265,0.693387051488271
3.272360466425374,7.507955594003288,2.4035042870460015
5.494808666419562,3.207809960218685,9.314405799217427
5.494808666419562,3.207809960218685,8.788355405891906
5.494808666419562,2.2373779767910866,4.803579467015375
5.494808666419562,3.207809960218685,9.45555396613842
5.494808666419562,3.207809960218685,8.812630030113652
5.494808666419562,3.6747888150124854,8.840694261819282
5.494808666419562,3.207809960218685,8.967229962901074
5.494808666419562,1.3974953246305315,0.10002087829373871
5.494808666419562,7.496272996291079,4.100697230497101
5.494808666419562,3.207809960218685,9.314405799217427
5.494808666419562,0.9408412148320111,0.09347960138455563
7.851554337894958,1.1961941653315593,0.10736355175458397
4.8623378814211895,3.6747888150124854,8.691503255499061
5.494808666419562,6.273216775938124,5.652804050810494
0.46236173593511776,4.210482896199265,0.693387051488271
5.494808666419562,3.207809960218685,10.502759632530697
6.828256089575899,5.097457696811885,7.261181646608841
5.494808666419562,2.2373779767910866,5.176955754965067
5.494808666419562,3.207809960218685,9.06521632435932
5.494808666419562,5.546687499023369,5.861691090166426
5.494808666419562,3.6747888150124854,9.159804257741031
5.494808666419562,3.207809960218685,9.403643680967354
5.494808666419562,3.6747888150124854,8.792061151810875
5.494808666419562,0.9408412148320111,0.0940320740225226
5.494808666419562,0.7736800454829603,0.10235791290601941
5.9420789404550645,3.207809960218685,8.82832390303155
5.494808666419562,3.207809960218685,9.234886380042544
5.494808666419562,3.207809960218685,9.403643680967354
5.494808666419562,1.585392399565679,0.0910308098001412
5.093024867495414,1.7279365417254953,0.09911320623066869
5.494808666419562,3.207809960218685,9.45555396613842
0.46236173593511776,4.210482896199265,0.693387051488271
5.494808666419562,3.6747888150124854,8.792061151810875
5.494808666419562,2.2373779767910866,4.803579467015375
7.908129925205052,0.6478909559926556,0.10297819350825316
5.494808666419562,0.9408412148320111,0.09347960138455563
5.494808666419562,3.207809960218685,10.502759632530697
5.494808666419562,3.207809960218685,8.788355405891906
5.494808666419562,5.546687499023369,5.861691090166426
5.494808666419562,0.9408412148320111,0.0940320740225226
5.494808666419562,3.207809960218685,9.06521632435932
5.494808666419562,3.6747888150124854,8.840694261819282
5.494808666419562,3.6747888150124854,8.920364520694822
5.494808666419562,3.6747888150124854,9.159804257741031
4.8623378814211895,3.6747888150124854,8.691503255499061
5.006114335541582,3.6747888150124854,6.746774928691109
5.494808666419562,3.207809960218685,10.144346988713702
3.315625344687825,0.9408412148320111,0.10979197380002204
5.494808666419562,3.207809960218685,8.849115036299493
5.494808666419562,2.2373779767910866,5.176955754965067
9.7948686659737,3.6747888150124854,4.252932682423248
5.494808666419562,0.9408412148320111,0.0940320740225226
5.494808666419562,2.2373779767910866,5.176955754965067
5.006114335541582,3.6747888150124854,6.746774928691109
5.494808666419562,6.79230801503981,5.12513200008401
3.315625344687825,0.9408412148320111,0.10979197380002204
5.494808666419562,3.6747888150124854,9.159804257741031
5.494808666419562,3.207809960218685,10.683659428782809
7.851554337894958,1.1961941653315593,0.10736355175458397
3.272360466425374,7.507955594003288,2.4035042870460015
5.494808666419562,3.207809960218685,9.45555396613842
5.494808666419562,3.207809960218685,10.502759632530697
5.494808666419562,3.207809960218685,9.06521632435932
9.99180802896333,3.207809960218685,9.779018474965627
5.494808666419562,0.7736800454829603,0.10235791290601941
5.494808666419562,3.6747888150124854,8.840694261819282
5.494808666419562,3.207809960218685,8.849115036299493
0.46236173593511776,4.210482896199265,0.693387051488271
5.494808666419562,3.207809960218685,9.403643680967354
5.494808666419562,3.207809960218685,9.234886380042544
5.9420789404550645,3.207809960218685,8.82832390303155
5.494808666419562,3.6747888150124854,8.920364520694822
5.494808666419562,1.585392399565679,0.0910308098001412
0.8488448198903491,3.207809960218685,1.5200980158181308
5.494808666419562,0.9408412148320111,0.10010843630541705
5.494808666419562,3.207809960218685,10.144346988713702
4.8623378814211895,3.6747888150124854,8.691503255499061
8.426687203032785,3.207809960218685,4.246131308583455
5.494808666419562,0.9408412148320111,0.09347960138455563
7.908129925205052,0.6478909559926556,0.10297819350825316
5.494808666419562,6.273216775938124,5.5438106159399
5.494808666419562,6.439855966738548,5.130300651145957
5.494808666419562,5.546687499023369,5.861691090166426
3.315625344687825,0.9408412148320111,0.10979197380002204
5.494808666419562,3.207809960218685,8.812630030113652
5.494808666419562,3.207809960218685,9.474228043667253
0.08431076724303868,4.560017115702793,0.10300693884429075
3.272360466425374,7.507955594003288,2.4035042870460015
5.494808666419562,3.207809960218685,10.144346988713702
5.494808666419562,7.496272996291079,4.100697230497101
5.494808666419562,1.585392399565679,0.0910308098001412
5.494808666419562,3.207809960218685,9.45555396613842
10.97428564381676,3.207809960218685,0.10505900880238965
5.494808666419562,3.6747888150124854,8.858404138561085
5.494808666419562,3.207809960218685,8.788355405891906
6.828256089575899,5.097457696811885,7.261181646608841
5.494808666419562,3.6747888150124854,9.552727463995252
5.494808666419562,3.207809960218685,10.502759632530697
5.494808666419562,3.207809960218685,8.967229962901074
5.494808666419562,2.2373779767910866,4.803579467015375
5.494808666419562,3.6747888150124854,9.159804257741031
5.494808666419562,6.273216775938124,5.5438106159399
5.494808666419562,3.6747888150124854,8.840694261819282
8.426687203032785,3.207809960218685,4.246131308583455
5.494808666419562,1.3974953246305315,0.10002087829373871
5.494808666419562,2.2373779767910866,5.176955754965067
5.494808666419562,2.2373779767910866,4.780714104116086
4.8623378814211895,3.6747888150124854,8.691503255499061
5.494808666419562,0.9408412148320111,0.0940320740225226
5.494808666419562,4.292151791740027,7.108279458371289
5.494808666419562,3.6747888150124854,9.251535992562719
7.851554337894958,1.1961941653315593,0.10736355175458397
5.494808666419562,0.9408412148320111,0.09444662938841954
5.494808666419562,6.273216775938124,5.652804050810494
5.494808666419562,0.9408412148320111,0.09347960138455563
9.7948686659737,3.6747888150124854,4.252932682423248
5.494808666419562,6.273216775938124,4.880092885165587
5.494808666419562,3.6747888150124854,8.792061151810875
5.494808666419562,0.9408412148320111,0.10010843630541705
5.494808666419562,3.6747888150124854,8.920364520694822
0.46236173593511776,4.210482896199265,0.693387051488271
