6.018977560329349,3.6747888150124854,10.198544672284351
5.494808666419562,3.207809960218685,9.433955349273063
4.4408222899810985,1.5858555249760995,5.775934153531633
5.494808666419562,6.273216775938124,5.552398719716789
5.494808666419562,3.207809960218685,10.411455983674959
0.742251309210797,3.207809960218685,1.4451530494501186
8.827378220901455,3.6747888150124854,5.469272148100819
6.0225212740578655,3.6747888150124854,9.850074841047844
3.190417097846799,3.207809960218685,6.186055136226759
4.4408222899810985,3.6747888150124854,6.8984406326233865
3.05975095940983,2.015723169989492,9.814857395316468
5.494808666419562,3.6747888150124854,9.328464880257492
1.86604148623137,3.6747888150124854,5.612341658537616
4.36266355408285,3.207809960218685,8.240358224406904
5.494808666419562,3.207809960218685,8.834714576181113
4.4408222899810985,3.207809960218685,8.469213222460974
4.4408222899810985,3.207809960218685,8.040043668849878
8.723748576758027,3.8594252055114806,10.0
5.494808666419562,3.207809960218685,7.7213705260395225
8.827378220901455,6.414411214059181,8.205802806710551
4.598898793251444,3.6747888150124854,7.025430108903922
0.10468143377443617,3.207809960218685,5.658475205890888
5.494808666419562,7.496272996291079,4.384543456984534
4.4408222899810985,3.207809960218685,6.818771772723309
1.86604148623137,3.6747888150124854,3.050658127119894
5.494808666419562,3.6747888150124854,8.715061208852088
7.0106872314470685,3.6747888150124854,9.326902115227242
6.418636539588268,5.588307859495543,6.49768978411985
5.494808666419562,3.207809960218685,9.325055738389635
8.827378220901455,1.4785021313781597,4.051230884931117
4.4408222899810985,3.6747888150124854,7.279997114505784
5.494808666419562,1.4785021313781597,5.7915884671074505
4.4408222899810985,0.9125506644861201,0.10977958261700511
5.494808666419562,4.775158442241674,7.563652320274649
5.494808666419562,3.207809960218685,7.7213705260395225
5.494808666419562,3.207809960218685,10.190693857518333
5.494808666419562,3.6747888150124854,7.499092533650193
4.4408222899810985,3.207809960218685,6.818771772723309
5.494808666419562,6.573992727003454,5.4176368614175505
5.494808666419562,0.37177387409243545,0.10438655429869168
5.494808666419562,3.207809960218685,7.7213705260395225
5.494808666419562,3.207809960218685,7.7213705260395225
2.3305678793499314,3.207809960218685,3.967726697368701
4.4408222899810985,3.6747888150124854,7.910227324184381
1.86604148623137,3.6747888150124854,3.140367109381094
1.86604148623137,3.6747888150124854,2.896848665558636
5.494808666419562,3.207809960218685,10.277462894983195
5.494808666419562,3.207809960218685,9.063677352228208
2.0908993094961383,3.6747888150124854,7.334129724516504
0.3797884790512045,3.6747888150124854,0.6644096841901751
4.4408222899810985,3.207809960218685,8.280722510327864
4.4408222899810985,3.6747888150124854,7.334129724516504
5.494808666419562,6.22646700171529,5.954556417377575
2.876171912497803,2.803471510129474,5.7708443035569905
0.10592657642803607,3.207809960218685,0.21113939534353268
5.494808666419562,3.207809960218685,7.7213705260395225
8.691497335687423,0.6111798189758462,0.09126423089178363
5.494808666419562,3.028633400803453,7.634114747845821
5.494808666419562,3.207809960218685,7.7213705260395225
4.4408222899810985,4.533890472734948,7.565813802089134
5.494808666419562,3.6747888150124854,8.478852631743342
4.4408222899810985,3.6747888150124854,7.772695320079555
9.00759771691527,3.6747888150124854,5.817106455512845
5.494808666419562,1.4785021313781597,5.7915884671074505
4.4408222899810985,3.6747888150124854,7.14556391099876
7.829274257356493,0.1844709264734381,0.09396508255914232
5.494808666419562,1.2828350892939668,0.10753576817744381
4.4408222899810985,3.207809960218685,7.5899139490586665
5.494808666419562,1.176060615205551,0.09951764513930605
4.4408222899810985,3.6747888150124854,6.740848717194583
0.5858459855582021,3.6747888150124854,1.03271339099614
4.4408222899810985,4.424837088745988,7.591830052606421
5.494808666419562,3.6747888150124854,8.392497366832727
5.494808666419562,3.6747888150124854,8.596658106125275
5.494808666419562,3.7306918590412512,7.839422500203738
5.494808666419562,1.4785021313781597,0.10811184815087951
0.128991093681526,3.6747888150124854,0.21295890318876867
5.494808666419562,3.207809960218685,7.7213705260395225
8.827378220901455,1.4785021313781597,0.09195591369900229
5.494808666419562,3.207809960218685,9.443797439707655
