5.494808666419562,3.207809960218685,8.856213308071373
5.494808666419562,3.0822665943933063,8.811155552657334
5.494808666419562,3.0822665943933063,8.811155552657334
5.494808666419562,3.207809960218685,10.125552254988202
5.494808666419562,3.207809960218685,8.856213308071373
5.494808666419562,3.207809960218685,9.160157765762577
5.494808666419562,3.207809960218685,10.125552254988202
0.9209448683844976,3.207809960218685,1.7351916230625022
5.494808666419562,3.0822665943933063,8.811155552657334
0.9209448683844976,3.207809960218685,1.7351916230625022
5.494808666419562,3.207809960218685,9.160157765762577
5.494808666419562,3.207809960218685,8.856213308071373
5.494808666419562,3.207809960218685,9.907540742300272
5.494808666419562,3.0822665943933063,8.811155552657334
5.494808666419562,3.207809960218685,10.125552254988202
2.593648287730226,5.580243061175773,2.740811019958594
5.494808666419562,3.207809960218685,8.856213308071373
5.494808666419562,3.207809960218685,9.160157765762577
5.494808666419562,3.207809960218685,9.907540742300272
0.9209448683844976,3.207809960218685,1.7351916230625022
5.494808666419562,3.0822665943933063,8.811155552657334
5.494808666419562,3.207809960218685,8.856213308071373
5.494808666419562,3.0822665943933063,8.452970190880103
0.9209448683844976,3.207809960218685,1.7351916230625022
5.494808666419562,6.798063950395671,4.488838212285826
5.494808666419562,3.207809960218685,9.160157765762577
5.494808666419562,3.207809960218685,9.907540742300272
5.296550193847011,3.207809960218685,9.202134241940369
5.494808666419562,3.207809960218685,9.907540742300272
5.494808666419562,6.798063950395671,4.488838212285826
0.9209448683844976,3.207809960218685,1.7351916230625022
5.494808666419562,3.0822665943933063,8.452970190880103
5.494808666419562,3.207809960218685,10.125552254988202
5.494808666419562,3.0822665943933063,8.811155552657334
5.494808666419562,6.274374845108188,5.112523163785724
5.494808666419562,3.207809960218685,9.160157765762577
5.494808666419562,3.207809960218685,9.160157765762577
5.494808666419562,3.0822665943933063,8.452970190880103
5.494808666419562,3.207809960218685,8.856213308071373
5.296550193847011,3.207809960218685,9.202134241940369
0.9209448683844976,3.207809960218685,1.7351916230625022
5.494808666419562,3.207809960218685,9.907540742300272
5.494808666419562,6.274374845108188,5.112523163785724
5.494808666419562,3.207809960218685,9.181053595436387
3.2504076302349736,3.207809960218685,5.922900857549149
5.494808666419562,3.207809960218685,9.907540742300272
5.494808666419562,3.207809960218685,9.160157765762577
2.593648287730226,5.580243061175773,2.740811019958594
5.494808666419562,6.798063950395671,4.488838212285826
5.494808666419562,3.207809960218685,10.125552254988202
5.494808666419562,3.207809960218685,10.470841495537247
5.494808666419562,3.0822665943933063,8.452970190880103
5.494808666419562,3.207809960218685,9.30493009461625
5.494808666419562,6.274374845108188,5.112523163785724
2.593648287730226,5.580243061175773,2.740811019958594
5.494808666419562,3.207809960218685,10.470841495537247
5.494808666419562,2.202586456732245,4.7891719056983
5.494808666419562,3.207809960218685,9.160157765762577
2.9137126740896058,3.207809960218685,5.043196818718613
5.494808666419562,3.0822665943933063,8.811155552657334
5.494808666419562,3.207809960218685,8.856213308071373
5.494808666419562,3.207809960218685,9.10495579281101
5.494808666419562,2.500670258179148,7.065875093319972
5.494808666419562,3.207809960218685,9.907540742300272
3.2504076302349736,3.207809960218685,5.922900857549149
1.3623004108813301,4.372642314336743,2.047309104339237
5.494808666419562,3.0822665943933063,8.452970190880103
5.494808666419562,3.207809960218685,9.181053595436387
5.494808666419562,6.798063950395671,4.488838212285826
5.494808666419562,6.274374845108188,5.112523163785724
5.494808666419562,3.207809960218685,9.907540742300272
5.494808666419562,3.207809960218685,9.30493009461625
5.494808666419562,3.207809960218685,10.470841495537247
2.593648287730226,5.580243061175773,2.740811019958594
5.494808666419562,3.207809960218685,8.95907184943327
5.494808666419562,6.798063950395671,4.488838212285826
8.008949396363729,3.207809960218685,4.767415756765072
5.494808666419562,3.0822665943933063,8.452970190880103
1.3623004108813301,4.372642314336743,2.047309104339237
3.2504076302349736,3.207809960218685,5.922900857549149
10.436212800616856,6.3228093259921865,9.501595450339515
5.494808666419562,3.207809960218685,9.181053595436387
5.494808666419562,3.207809960218685,9.160157765762577
0.9495469032784962,3.416734529489604,1.6208293371499334
5.296550193847011,3.207809960218685,9.202134241940369
5.494808666419562,3.207809960218685,9.10495579281101
5.494808666419562,2.202586456732245,4.7891719056983
5.494808666419562,1.857053030437816,9.926541444681877
5.494808666419562,2.500670258179148,7.065875093319972
5.494808666419562,6.798063950395671,4.488838212285826
5.494808666419562,2.202586456732245,4.7891719056983
5.494808666419562,3.207809960218685,9.907540742300272
5.296550193847011,3.207809960218685,9.202134241940369
5.494808666419562,3.0822665943933063,8.811155552657334
5.494808666419562,3.207809960218685,8.79028719781123
6.686061032279806,3.207809960218685,7.150604205844619
5.494808666419562,3.207809960218685,10.470841495537247
5.494808666419562,2.191222580549004,4.638506342301364
10.34273291361978,3.207809960218685,0.6114346858105439
2.593648287730226,5.580243061175773,2.740811019958594
5.494808666419562,3.207809960218685,9.98065990305364
5.494808666419562,3.207809960218685,8.856213308071373
5.494808666419562,3.207809960218685,9.30493009461625
5.494808666419562,3.207809960218685,9.302544258368224
5.494808666419562,3.207809960218685,9.37079171503182
0.9209448683844976,3.207809960218685,1.7351916230625022
5.115495268454122,3.207809960218685,9.58052515936528
5.494808666419562,3.207809960218685,9.968166377759399
3.2504076302349736,3.207809960218685,5.922900857549149
0.9495469032784962,3.416734529489604,1.6208293371499334
1.8524729953578079,3.207809960218685,3.441497591384641
5.494808666419562,3.207809960218685,9.10495579281101
10.436212800616856,6.3228093259921865,9.501595450339515
5.494808666419562,3.207809960218685,10.641736137586783
5.494808666419562,3.207809960218685,10.16948315260793
5.494808666419562,2.500670258179148,7.030058773657092
6.686061032279806,3.207809960218685,7.150604205844619
5.494808666419562,3.207809960218685,10.125552254988202
5.494808666419562,3.207809960218685,8.856213308071373
5.494808666419562,3.207809960218685,9.907540742300272
5.494808666419562,2.500670258179148,7.065875093319972
5.494808666419562,3.0822665943933063,8.452970190880103
5.494808666419562,3.207809960218685,9.912777787875001
10.34273291361978,3.207809960218685,0.6114346858105439
5.494808666419562,3.207809960218685,10.470841495537247
5.494808666419562,3.207809960218685,9.10495579281101
5.494808666419562,6.274374845108188,5.112523163785724
0.9209448683844976,3.207809960218685,1.7351916230625022
5.494808666419562,3.207809960218685,9.968166377759399
5.494808666419562,3.207809960218685,8.95907184943327
5.494808666419562,2.202586456732245,4.7891719056983
1.8524729953578079,3.207809960218685,3.441497591384641
5.494808666419562,3.207809960218685,8.90826098316915
5.494808666419562,3.207809960218685,8.79028719781123
3.2504076302349736,3.207809960218685,5.922900857549149
8.897713922823254,3.207809960218685,3.491825970571699
8.008949396363729,3.207809960218685,4.767415756765072
8.878168362287045,3.207809960218685,3.3600555983751685
8.738088237330265,3.207809960218685,3.9204819737336165
5.494808666419562,3.207809960218685,9.160157765762577
5.494808666419562,3.207809960218685,9.302544258368224
5.296550193847011,3.207809960218685,9.17272037963941
5.494808666419562,1.857053030437816,9.926541444681877
0.9209448683844976,3.207809960218685,1.7351916230625022
6.474030414186755,3.207809960218685,7.231159529940814
5.494808666419562,3.207809960218685,10.16948315260793
2.9137126740896058,3.207809960218685,5.043196818718613
5.494808666419562,2.191222580549004,4.638506342301364
8.738088237330265,3.207809960218685,3.9204819737336165
5.494808666419562,3.207809960218685,10.641736137586783
5.494808666419562,3.207809960218685,9.30493009461625
5.494808666419562,2.500670258179148,7.030058773657092
5.494808666419562,3.207809960218685,9.181053595436387
5.494808666419562,3.0822665943933063,8.452970190880103
5.494808666419562,3.207809960218685,9.10495579281101
8.008949396363729,3.207809960218685,4.767415756765072
2.593648287730226,5.580243061175773,2.740811019958594
10.436212800616856,6.3228093259921865,9.501595450339515
5.494808666419562,2.202586456732245,4.7891719056983
5.494808666419562,3.207809960218685,9.98065990305364
5.494808666419562,3.207809960218685,8.79028719781123
5.494808666419562,3.207809960218685,8.856213308071373
5.494808666419562,3.207809960218685,10.370743100343446
5.296550193847011,3.207809960218685,9.17272037963941
5.494808666419562,3.207809960218685,9.907540742300272
5.494808666419562,6.274374845108188,5.112523163785724
5.494808666419562,3.207809960218685,8.95907184943327
5.494808666419562,3.207809960218685,10.125552254988202
1.3623004108813301,4.372642314336743,2.047309104339237
5.494808666419562,6.798063950395671,4.488838212285826
5.494808666419562,6.049203796659473,4.9152630163552145
5.494808666419562,2.500670258179148,7.159044944024488
5.494808666419562,3.207809960218685,9.68003081122469
5.494808666419562,2.500670258179148,7.18404441954343
8.897713922823254,3.207809960218685,3.491825970571699
5.494808666419562,2.500670258179148,7.242696749385577
5.494808666419562,3.207809960218685,9.968166377759399
2.4275321906978298,2.500670258179148,5.835522961983356
5.115495268454122,3.207809960218685,9.58052515936528
1.8524729953578079,3.207809960218685,3.441497591384641
5.494808666419562,3.0394823370343795,9.946133681474176
5.494808666419562,0.09975638688706479,0.1066029184243898
6.686061032279806,3.207809960218685,7.150604205844619
