5.494808666419562,3.207809960218685,10.513483603714667
5.494808666419562,3.207809960218685,10.513483603714667
5.494808666419562,3.207809960218685,10.513483603714667
5.494808666419562,3.207809960218685,10.513483603714667
5.494808666419562,3.207809960218685,10.513483603714667
5.494808666419562,3.207809960218685,10.513483603714667
5.494808666419562,3.207809960218685,10.513483603714667
5.494808666419562,3.207809960218685,10.513483603714667
5.494808666419562,3.207809960218685,10.513483603714667
5.494808666419562,3.207809960218685,10.513483603714667
5.494808666419562,3.207809960218685,10.513483603714667
5.494808666419562,3.207809960218685,10.513483603714667
5.494808666419562,3.207809960218685,10.513483603714667
5.494808666419562,3.0822665943933063,8.731014281841412
5.494808666419562,3.207809960218685,10.513483603714667
5.494808666419562,3.0822665943933063,8.505779764845416
5.494808666419562,3.207809960218685,10.513483603714667
5.494808666419562,3.0822665943933063,8.505779764845416
5.434771263016762,3.207809960218685,9.052231058169765
5.494808666419562,3.0822665943933063,8.731014281841412
5.494808666419562,3.207809960218685,9.850217151988844
5.434771263016762,3.207809960218685,9.052231058169765
5.494808666419562,3.207809960218685,10.513483603714667
5.494808666419562,4.673285311495791,8.883877719508744
5.494808666419562,3.0822665943933063,8.505779764845416
8.878168362287045,6.294275350433747,7.671107734453879
5.494808666419562,3.207809960218685,10.513483603714667
5.494808666419562,4.673285311495791,8.883877719508744
5.494808666419562,3.207809960218685,9.850217151988844
5.494808666419562,3.0822665943933063,8.731014281841412
5.494808666419562,2.045176832097896,4.143457414753092
5.296550193847011,3.207809960218685,9.975635765204302
5.494808666419562,3.207809960218685,10.61707455226073
5.494808666419562,3.0822665943933063,8.505779764845416
5.494808666419562,3.207809960218685,10.513483603714667
5.434771263016762,3.207809960218685,9.052231058169765
1.3623004108813301,3.207809960218685,2.4417898973856045
5.296550193847011,3.207809960218685,10.361067256363322
5.494808666419562,3.0822665943933063,8.731014281841412
5.296550193847011,3.207809960218685,9.975635765204302
5.494808666419562,3.207809960218685,9.850217151988844
5.494808666419562,3.207809960218685,10.61707455226073
5.494808666419562,4.673285311495791,8.883877719508744
8.878168362287045,6.294275350433747,7.671107734453879
5.494808666419562,3.0822665943933063,8.505779764845416
5.494808666419562,2.045176832097896,4.143457414753092
5.494808666419562,3.207809960218685,10.513483603714667
5.296550193847011,3.207809960218685,10.361067256363322
5.494808666419562,3.0822665943933063,8.731014281841412
0.10468143377443617,4.150017832386205,0.15406905741368937
5.494808666419562,3.0822665943933063,10.092719998609535
5.494808666419562,3.207809960218685,10.322861420749566
5.494808666419562,4.673285311495791,8.883877719508744
5.494808666419562,0.45396845433934185,0.09168601791916067
5.494808666419562,3.207809960218685,9.850217151988844
5.494808666419562,3.207809960218685,10.61707455226073
6.376525717037246,2.914349316107796,6.862801930543852
8.878168362287045,6.294275350433747,7.671107734453879
5.494808666419562,3.207809960218685,10.509084477003306
5.494808666419562,3.207809960218685,10.322861420749566
5.494808666419562,3.207809960218685,10.61707455226073
5.494808666419562,3.207809960218685,8.923531366476483
0.10468143377443617,4.150017832386205,0.15406905741368937
5.296550193847011,3.207809960218685,10.361067256363322
5.494808666419562,3.207809960218685,10.513483603714667
5.494808666419562,0.45396845433934185,0.09168601791916067
5.494808666419562,4.673285311495791,8.883877719508744
8.827378220901455,1.4785021313781597,0.1043957350172294
5.494808666419562,3.0822665943933063,10.092719998609535
5.434771263016762,3.207809960218685,9.052231058169765
5.494808666419562,3.0822665943933063,8.505779764845416
5.494808666419562,3.207809960218685,9.949579794840322
4.4408222899810985,3.6747888150124854,6.797806290683927
5.494808666419562,3.207809960218685,9.850217151988844
5.494808666419562,2.158881550499852,5.125067714738235
5.494808666419562,2.045176832097896,4.143457414753092
8.878168362287045,6.294275350433747,7.671107734453879
5.494808666419562,3.207809960218685,9.850217151988844
5.494808666419562,3.207809960218685,10.509084477003306
5.494808666419562,3.0822665943933063,10.092719998609535
5.494808666419562,3.0822665943933063,8.731014281841412
5.494808666419562,4.948327144942525,10.573984321353956
5.494808666419562,3.207809960218685,10.513483603714667
5.494808666419562,2.158881550499852,5.125067714738235
5.494808666419562,3.207809960218685,10.309437334069777
4.4408222899810985,3.6747888150124854,6.797806290683927
5.494808666419562,3.207809960218685,8.923531366476483
5.296550193847011,3.207809960218685,10.361067256363322
5.494808666419562,2.045176832097896,4.143457414753092
6.376525717037246,2.914349316107796,6.862801930543852
5.494808666419562,4.673285311495791,8.883877719508744
5.494808666419562,3.207809960218685,10.61707455226073
8.827378220901455,1.4785021313781597,0.1043957350172294
5.296550193847011,3.207809960218685,9.975635765204302
5.494808666419562,3.0822665943933063,8.646260903709662
5.494808666419562,3.207809960218685,9.949579794840322
5.494808666419562,3.207809960218685,10.036286940839682
5.494808666419562,3.207809960218685,8.859318209458326
8.827378220901455,1.4785021313781597,0.1043957350172294
5.494808666419562,0.45396845433934185,0.09701949783908664
3.2504076302349736,3.207809960218685,5.850463236410789
5.494808666419562,3.0822665943933063,8.836574066429309
5.494808666419562,3.207809960218685,10.322861420749566
5.494808666419562,3.207809960218685,10.61707455226073
5.494808666419562,4.948327144942525,10.573984321353956
5.494808666419562,3.207809960218685,9.850217151988844
1.3623004108813301,3.207809960218685,2.4417898973856045
5.494808666419562,3.207809960218685,8.859318209458326
5.494808666419562,0.45396845433934185,0.09168601791916067
5.434771263016762,3.207809960218685,9.052231058169765
5.494808666419562,3.207809960218685,9.716383972225989
5.296550193847011,3.207809960218685,9.975635765204302
5.296550193847011,3.207809960218685,10.361067256363322
5.494808666419562,3.207809960218685,10.509084477003306
5.494808666419562,2.045176832097896,4.143457414753092
5.494808666419562,3.0822665943933063,10.092719998609535
5.494808666419562,3.207809960218685,9.354852060854974
5.494808666419562,3.207809960218685,9.949579794840322
10.684318558861563,3.207809960218685,0.10501741959104176
5.494808666419562,2.158881550499852,5.125067714738235
5.494808666419562,3.0822665943933063,8.646260903709662
8.878168362287045,6.294275350433747,7.671107734453879
1.3623004108813301,3.207809960218685,2.4417898973856045
5.494808666419562,3.207809960218685,9.716383972225989
2.0297627309302984,0.9948219265609901,7.8511559055468565
5.494808666419562,3.207809960218685,10.513483603714667
5.494808666419562,3.0822665943933063,9.647158602258614
10.684318558861563,3.207809960218685,0.10501741959104176
5.494808666419562,3.207809960218685,10.322861420749566
5.494808666419562,3.207809960218685,9.850217151988844
5.494808666419562,3.207809960218685,8.759980960022071
5.494808666419562,3.207809960218685,10.609732239759566
0.10468143377443617,4.150017832386205,0.15406905741368937
5.494808666419562,3.0822665943933063,8.505779764845416
5.494808666419562,3.207809960218685,8.859318209458326
5.494808666419562,3.0822665943933063,8.731014281841412
5.494808666419562,3.207809960218685,10.261361632651063
3.798320343958264,4.886044171953811,4.769844809232852
5.494808666419562,3.207809960218685,10.309437334069777
5.494808666419562,3.207809960218685,10.61707455226073
3.2504076302349736,3.207809960218685,5.850463236410789
1.3623004108813301,3.786799564124591,1.9901348203877938
5.296550193847011,3.207809960218685,10.361067256363322
5.296550193847011,3.207809960218685,9.975635765204302
5.494808666419562,4.948327144942525,10.573984321353956
5.494808666419562,2.158881550499852,5.125067714738235
5.494808666419562,3.0822665943933063,8.836574066429309
5.494808666419562,3.0822665943933063,10.092719998609535
5.494808666419562,3.207809960218685,10.036286940839682
5.494808666419562,0.45396845433934185,0.09168601791916067
5.494808666419562,3.207809960218685,9.369384524309195
8.055261215786514,3.0822665943933063,4.181656800498985
5.3754487659241565,0.45396845433934185,0.10625463091051768
5.494808666419562,3.207809960218685,9.949579794840322
5.494808666419562,3.0822665943933063,9.647158602258614
5.494808666419562,3.207809960218685,10.61707455226073
5.494808666419562,3.207809960218685,9.354852060854974
5.494808666419562,3.207809960218685,9.716383972225989
8.055261215786514,3.0822665943933063,4.181656800498985
1.3623004108813301,3.207809960218685,2.4417898973856045
5.494808666419562,3.8729243384644456,9.180736810477388
5.494808666419562,3.207809960218685,10.609732239759566
5.3754487659241565,3.207809960218685,9.224755341639474
5.494808666419562,0.45396845433934185,0.09168601791916067
5.494808666419562,3.207809960218685,9.615128891117926
1.1511581125277583,3.207809960218685,2.0054934490761624
5.494808666419562,3.207809960218685,8.923531366476483
5.494808666419562,0.45396845433934185,0.09701949783908664
8.878168362287045,6.294275350433747,7.671107734453879
5.494808666419562,2.045176832097896,4.143457414753092
5.494808666419562,3.0822665943933063,10.092719998609535
1.3623004108813301,3.786799564124591,1.9901348203877938
3.2504076302349736,3.207809960218685,5.850463236410789
5.494808666419562,2.158881550499852,5.125067714738235
5.494808666419562,0.45396845433934185,0.09354394680448229
5.494808666419562,3.207809960218685,10.509084477003306
5.494808666419562,3.207809960218685,10.036286940839682
0.10468143377443617,4.150017832386205,0.15406905741368937
5.494808666419562,3.207809960218685,10.191221919723713
5.494808666419562,3.207809960218685,9.850217151988844
0.9495469032784962,3.416734529489604,1.6719494519671694
6.376525717037246,2.914349316107796,6.862801930543852
5.494808666419562,3.207809960218685,10.261361632651063
10.684318558861563,3.207809960218685,0.10501741959104176
5.494808666419562,3.207809960218685,9.369384524309195
5.296550193847011,3.207809960218685,10.361067256363322
2.0297627309302984,0.9948219265609901,7.8511559055468565
5.296550193847011,3.207809960218685,9.975635765204302
5.494808666419562,3.207809960218685,10.513483603714667
1.3732417976991345,3.207809960218685,2.4877121362072967
5.494808666419562,3.0822665943933063,8.646260903709662
5.494808666419562,0.7012437607923871,0.10280785154341801
