4.250331451673368,10.73604744945321,2.204264990815601
17.357085740463535,9.738158242129478,9.0755168958989
19.735200100391893,9.738158242129478,7.61196141543094
17.61895376424242,22.485515429790816,9.58434430131325
17.357085740463535,4.11841987478994,0.10751117873799644
17.357085740463535,9.738158242129478,8.94147077089165
29.963298322717563,5.740116480278646,0.09363434863103287
17.357085740463535,9.46805681005928,8.443658172813757
17.357085740463535,3.6747888150124854,0.10062668714700272
5.494808666419562,1.9921341376413908,4.875430523598045
17.210536836855503,10.73604744945321,9.356526554125887
30.232240466775227,10.73604744945321,3.012548443926056
29.963298322717563,2.469274305213208,2.583343166422565
17.61895376424242,2.179154701937712,0.10415557235062156
17.61895376424242,9.738158242129478,8.360434042168334
29.963298322717563,0.3761091105139034,0.10155469781084163
17.357085740463535,3.6747888150124854,0.09368608318108454
17.210536836855503,9.738158242129478,9.758249950497095
17.210536836855503,10.73604744945321,9.81754542204109
7.01588200787976,13.5878080408577,6.514188148745572
5.494808666419562,9.46805681005928,6.958167419370641
5.494808666419562,9.738158242129478,3.0746174689540497
17.357085740463535,7.473254200825888,6.266523867906463
8.921759125422328,9.718794160223732,8.851123700409017
5.494808666419562,3.6747888150124854,6.110945992350842
29.963298322717563,7.129192816401952,4.306633468200237
17.357085740463535,9.738158242129478,7.61196141543094
5.494808666419562,4.591551065108549,6.527744261175638
29.963298322717563,9.46805681005928,0.9456867504644545
29.963298322717563,6.4745292341614995,0.0991010424138762
20.50929005055236,3.6747888150124854,5.635190043171922
5.494808666419562,9.46805681005928,6.958167419370641
17.61895376424242,12.639937756206495,7.768326503430913
17.357085740463535,17.57685172592494,7.279535343154654
5.494808666419562,3.6747888150124854,6.110945992350842
17.357085740463535,3.6747888150124854,0.09409228706467254
29.963298322717563,0.5066071697756094,0.10524971331847033
29.963298322717563,9.46805681005928,5.436862958991501
5.494808666419562,9.738158242129478,6.9355239345870405
5.494808666419562,3.6747888150124854,6.110945992350842
5.494808666419562,3.6747888150124854,8.29083243004282
17.357085740463535,9.738158242129478,9.433190572339345
17.61895376424242,9.738158242129478,9.020727657443604
3.0348073002443723,13.008249924551722,1.3156260917166633
5.494808666419562,9.46805681005928,6.958167419370641
1.1506697952907672,3.6747888150124854,3.5781411185808008
17.210536836855503,18.93936610601287,5.962794932059628
17.357085740463535,9.46805681005928,8.926908947370725
17.357085740463535,3.6747888150124854,6.321572616044921
29.963298322717563,9.738158242129478,1.6289787334587555
5.494808666419562,3.6747888150124854,9.001113958865757
6.821050730879703,9.46805681005928,4.7206639236493
29.963298322717563,3.6747888150124854,0.10760231780812793
12.877132380878905,9.738158242129478,7.9984110296413675
29.963298322717563,12.866173486575953,5.648219595534336
17.210536836855503,0.08170823192953414,0.0936797855961071
29.963298322717563,4.11841987478994,0.09381582259184855
3.258787176481526,9.738158242129478,8.875555493049488
10.25314660114989,10.73604744945321,5.39018294882775
17.357085740463535,9.738158242129478,8.863802812040223
28.900033761437058,9.46805681005928,1.7415848197332549
17.210536836855503,9.738158242129478,8.537772260716327
20.126866820240018,9.46805681005928,6.903086908664419
33.446778627597986,10.214532526058093,0.3316880249829902
29.963298322717563,4.57302376360909,3.808161208760119
17.357085740463535,9.738158242129478,10.02416581774216
17.61895376424242,29.499038867776193,6.416555281665326
10.547356437640936,9.46805681005928,5.436862958991501
29.963298322717563,1.5966543757779466,0.1
17.357085740463535,5.268535471286484,9.977239246072953
17.357085740463535,3.6747888150124854,6.321572616044921
5.494808666419562,9.46805681005928,6.958167419370641
17.61895376424242,9.738158242129478,9.503546938998344
17.357085740463535,9.46805681005928,8.575944407933305
6.071469299367301,3.882874212377372,9.615483390182375
29.963298322717563,9.738158242129478,1.4708400977909988
4.271755209935204,3.6747888150124854,6.695736871886045
29.963298322717563,9.46805681005928,0.9961912684111535
5.494808666419562,3.6747888150124854,9.209375719849483
5.494808666419562,3.6747888150124854,9.480006318178162
