5.494808666419562,3.207809960218685,10.125552254988202
1.8214290978190184,6.102997301939517,1.8180802727657925
8.897713922823254,3.207809960218685,3.331564999203083
8.878168362287045,3.207809960218685,3.206451051188182
5.494808666419562,3.207809960218685,9.22492688707957
5.296550193847011,3.207809960218685,9.17272037963941
5.494808666419562,3.207809960218685,8.860868518357826
5.494808666419562,2.6732788253710003,7.230796164232408
5.494808666419562,3.207809960218685,7.7837930658087044
0.9209448683844976,3.207809960218685,1.7351916230625022
0.4699515292338621,3.207809960218685,9.37079171503182
5.319167106776148,5.261979808505082,5.869401051971446
5.494808666419562,3.207809960218685,9.968166377759399
5.494808666419562,3.207809960218685,8.106089927080372
5.494808666419562,3.207809960218685,7.7837930658087044
10.641335387050749,3.207809960218685,0.10967355806550136
5.494808666419562,3.8293218712266754,8.195874889789334
5.494808666419562,1.857053030437816,9.926541444681877
0.9495469032784962,3.416734529489604,1.5241472921346866
5.494808666419562,2.500670258179148,7.159044944024488
5.494808666419562,5.2270801047311375,6.466827165127929
5.494808666419562,3.207809960218685,10.504794365328902
0.9459712918438445,3.0394823370343795,1.88345093514109
5.494808666419562,3.207809960218685,10.528890255537409
6.686061032279806,3.207809960218685,6.924955736634918
5.494808666419562,3.0394823370343795,9.946133681474176
5.494808666419562,3.207809960218685,10.16948315260793
5.494808666419562,3.207809960218685,9.901903398547477
5.494808666419562,3.207809960218685,7.7837930658087044
5.494808666419562,3.207809960218685,9.656462107286718
5.494808666419562,3.207809960218685,10.160703942198802
7.078060641083691,2.202586456732245,4.7891719056983
5.494808666419562,3.207809960218685,7.7837930658087044
4.523688389493609,3.7189643577708544,8.741201642397646
1.3623004108813301,4.372642314336743,1.9043166475698594
5.494808666419562,3.002888559043927,10.641736137586783
5.494808666419562,3.207809960218685,7.7837930658087044
5.296550193847011,3.207809960218685,9.202134241940369
5.494808666419562,3.207809960218685,9.912777787875001
5.494808666419562,3.0394823370343795,9.788111321219585
1.4850034154242682,3.0822665943933063,2.782897475274803
10.34273291361978,3.207809960218685,0.6114346858105439
5.494808666419562,2.500670258179148,6.454036232864048
1.8524729953578079,3.207809960218685,3.441497591384641
5.494808666419562,5.67591834080687,6.090236188839113
5.494808666419562,3.207809960218685,7.7837930658087044
5.494808666419562,3.207809960218685,9.60222025350773
5.494808666419562,6.274374845108188,5.112523163785724
5.494808666419562,3.207809960218685,7.7837930658087044
5.494808666419562,3.207809960218685,9.42625245991206
2.593648287730226,5.580243061175773,2.528323589832293
5.494808666419562,3.207809960218685,9.739572628369967
5.494808666419562,2.191222580549004,4.638506342301364
5.494808666419562,3.207809960218685,9.907540742300272
5.494808666419562,4.672559767451946,7.240017312069754
5.494808666419562,3.207809960218685,7.7837930658087044
5.494808666419562,3.207809960218685,7.7837930658087044
9.029606311543825,2.500670258179148,0.10472262744042371
5.494808666419562,2.500670258179148,6.790887760956034
5.494808666419562,3.207809960218685,7.7837930658087044
5.494808666419562,3.207809960218685,10.315881808540897
5.494808666419562,3.207809960218685,9.715123551884671
5.494808666419562,3.207809960218685,8.481445588568324
5.056772660175674,5.660593734924207,5.525006796092228
5.494808666419562,3.207809960218685,7.7837930658087044
5.494808666419562,2.500670258179148,7.065875093319972
5.494808666419562,3.207809960218685,9.078502342139547
5.494808666419562,3.207809960218685,7.7837930658087044
3.6252310846933975,3.0394823370343795,6.9856407673659815
5.494808666419562,3.207809960218685,9.160157765762577
5.494808666419562,1.8810562978737988,2.4560751553830067
5.494808666419562,3.207809960218685,9.127357471259643
5.494808666419562,3.207809960218685,7.7837930658087044
5.494808666419562,3.207809960218685,7.7837930658087044
5.494808666419562,2.500670258179148,6.479400593018928
2.232002827268899,3.207809960218685,3.807369078534208
10.436212800616856,6.3228093259921865,9.501595450339515
5.494808666419562,2.4773252749483694,6.1455152164651885
9.891781417876501,3.207809960218685,1.4728348554637387
5.494808666419562,3.207809960218685,7.7837930658087044
