4.250331451673368,10.73604744945321,2.204264990815601
17.357085740463535,9.738158242129478,10.015367354135034
17.357085740463535,9.738158242129478,7.61196141543094
17.61895376424242,22.485515429790816,9.58434430131325
17.357085740463535,4.11841987478994,5.994595616400828
17.357085740463535,9.738158242129478,9.370374111739222
29.963298322717563,5.740116480278646,5.080883032907902
17.357085740463535,9.46805681005928,7.667524191983061
17.210536836855503,10.73604744945321,9.324742329370025
42.161159720496,6.444475380753317,0.10077505022347819
17.210536836855503,10.73604744945321,9.356526554125887
30.232240466775227,10.73604744945321,3.012548443926056
29.963298322717563,18.16308211056939,4.1367494914521
17.61895376424242,18.93936610601287,5.324323771442331
17.61895376424242,9.738158242129478,8.360434042168334
17.357085740463535,9.46805681005928,7.667524191983061
1.9860128910012502,9.738158242129478,1.2188864792607137
17.210536836855503,9.738158242129478,9.184716044436485
17.210536836855503,10.73604744945321,8.826921916103167
29.963298322717563,13.5878080408577,6.514188148745572
7.541761245118934,10.73604744945321,6.07523690061379
17.357085740463535,9.738158242129478,9.873435995395297
17.357085740463535,7.473254200825888,6.266523867906463
17.210536836855503,9.738158242129478,8.851123700409017
17.357085740463535,9.738158242129478,8.885450572576598
17.61895376424242,4.11841987478994,5.95806421291668
17.357085740463535,9.738158242129478,7.61196141543094
0.4670377554977634,10.73604744945321,0.275198846934675
39.23745806756456,11.069845653773418,0.09906566308071874
29.963298322717563,6.4745292341614995,5.3868666533990925
17.357085740463535,4.9663090601240265,0.0948563317837126
16.95393592029104,9.738158242129478,9.808290788085273
17.61895376424242,7.499050005174791,7.82598926269482
17.357085740463535,9.738158242129478,7.279535343154654
17.357085740463535,9.738158242129478,9.426986548239103
31.63285307463398,26.015716057128056,7.6375805533157095
29.963298322717563,8.091685313030961,0.10524971331847033
29.963298322717563,9.46805681005928,5.436862958991501
17.05879535962626,4.933802768472859,0.10399149048524897
17.357085740463535,4.5686269930800085,0.09101970107592883
48.336703887684614,13.564552551670522,0.1015722500893313
17.357085740463535,9.738158242129478,9.433190572339345
17.61895376424242,9.738158242129478,8.257597825042195
3.0348073002443723,13.008249924551722,1.3516740158685354
17.357085740463535,9.46805681005928,9.448465850834454
17.210536836855503,9.738158242129478,9.376365066803833
17.210536836855503,18.93936610601287,5.256332747421625
17.61895376424242,9.738158242129478,8.459338502492539
21.965123191546148,10.73604744945321,7.241517304183116
29.963298322717563,9.738158242129478,1.4155684853583756
9.448364376144234,5.285148400387424,8.673444368345683
17.357085740463535,9.46805681005928,8.324128001527932
3.0348073002443723,13.845432169808731,1.254925218546752
12.877132380878905,9.738158242129478,7.9984110296413675
29.963298322717563,12.866173486575953,5.451238033433752
17.210536836855503,10.73604744945321,7.199879203298173
29.963298322717563,4.11841987478994,3.7639343834092673
17.357085740463535,9.738158242129478,8.875555493049488
10.25314660114989,10.73604744945321,5.39018294882775
17.357085740463535,9.738158242129478,9.909467947835587
17.357085740463535,9.46805681005928,7.667524191983061
17.210536836855503,9.738158242129478,9.161052944620018
17.61895376424242,9.46805681005928,9.44608006056655
33.446778627597986,10.214532526058093,0.3316880249829902
17.357085740463535,9.738158242129478,9.431104995002263
17.357085740463535,9.738158242129478,10.02416581774216
17.61895376424242,16.945618099796334,6.416555281665326
29.963298322717563,9.46805681005928,5.436862958991501
29.963298322717563,1.5966543757779466,0.1
17.357085740463535,4.11841987478994,9.977239246072953
29.963298322717563,9.46805681005928,5.436862958991501
17.357085740463535,6.778873476308069,4.596432131074224
17.61895376424242,9.738158242129478,8.204938957573441
17.357085740463535,9.46805681005928,9.856107466682575
6.071469299367301,3.882874212377372,8.856432416607834
29.963298322717563,9.738158242129478,5.3813001824393805
44.31145703556405,13.166561208468709,0.09133106378042304
17.357085740463535,9.738158242129478,9.948892517849828
5.494808666419562,3.6747888150124854,8.750857937844097
29.963298322717563,9.46805681005928,5.89741083017387
