7.057261812303934,8.879699593613724,2.204264990815601
17.357085740463535,9.738158242129478,9.0755168958989
19.735200100391893,9.738158242129478,7.61196141543094
17.61895376424242,22.485515429790816,9.58434430131325
29.419524066008446,4.11841987478994,0.10751117873799644
17.357085740463535,9.738158242129478,9.889506255420129
29.963298322717563,5.740116480278646,0.0958139962824088
17.357085740463535,8.296065531504507,6.691077275521771
17.357085740463535,4.040919157109684,0.10062668714700272
5.494808666419562,1.9921341376413908,3.4491209878796023
5.494808666419562,3.6747888150124854,8.878318754069069
30.232240466775227,10.73604744945321,2.935227071324019
5.494808666419562,3.6747888150124854,5.743738853703311
17.61895376424242,1.502041477467342,0.10415557235062156
29.250128052681383,9.738158242129478,8.360434042168334
17.357085740463535,3.6747888150124854,0.09461976041469979
17.357085740463535,3.6747888150124854,0.09176323691856575
5.494808666419562,5.268535471286484,6.363202303549263
17.210536836855503,10.73604744945321,9.195239596531696
5.494808666419562,3.6747888150124854,8.415871567421542
3.184584763349056,9.46805681005928,6.958167419370641
5.494808666419562,9.738158242129478,3.431821198463309
17.357085740463535,7.473254200825888,6.131262762322519
2.496234134879023,9.718794160223732,1.6383878601285355
5.494808666419562,9.738158242129478,6.485390460870029
5.494808666419562,3.6747888150124854,9.210811621871764
17.357085740463535,9.738158242129478,8.459315181265952
5.494808666419562,5.268535471286484,6.691366986645748
29.963298322717563,9.46805681005928,0.9456867504644545
17.357085740463535,3.6747888150124854,5.7258024226399655
20.50929005055236,3.6747888150124854,0.0961433136691337
5.494808666419562,3.6747888150124854,5.743738853703311
17.357085740463535,9.738158242129478,9.608116574650918
5.494808666419562,3.882874212377372,5.8396665044322695
17.357085740463535,9.738158242129478,6.467454029806683
17.357085740463535,3.6747888150124854,0.09409228706467254
5.494808666419562,9.46805681005928,6.544575170663135
17.357085740463535,9.738158242129478,6.467454029806683
5.494808666419562,9.738158242129478,3.3352235563999755
5.494808666419562,5.4993960705988165,5.750306820405918
5.494808666419562,3.6747888150124854,9.512087500236635
17.357085740463535,9.738158242129478,8.6755413039527
17.61895376424242,9.738158242129478,9.020727657443604
3.0348073002443723,13.008249924551722,1.4429861009459035
6.071469299367301,3.882874212377372,6.119065887992373
5.494808666419562,9.738158242129478,6.485390460870029
17.357085740463535,5.268535471286484,0.24515923516603041
3.586912350007012,9.738158242129478,5.13825871357549
17.357085740463535,3.6747888150124854,0.09908855973006155
29.963298322717563,9.738158242129478,1.6289787334587555
6.071469299367301,3.6747888150124854,6.023138237263415
5.494808666419562,3.6747888150124854,5.743738853703311
29.963298322717563,3.6747888150124854,0.10760231780812793
12.877132380878905,9.738158242129478,7.9984110296413675
29.963298322717563,12.866173486575953,5.648219595534336
3.3458556725558015,9.738158242129478,2.2660495171683737
5.494808666419562,3.6747888150124854,5.743738853703311
17.357085740463535,7.818167793493177,7.267633475982386
10.25314660114989,10.73604744945321,5.972927565069176
17.357085740463535,9.738158242129478,9.33406431617334
28.900033761437058,9.46805681005928,1.7570839495545982
17.210536836855503,9.738158242129478,8.642907407235596
20.126866820240018,9.46805681005928,6.903086908664419
33.446778627597986,10.214532526058093,0.3499815751508181
29.963298322717563,4.57302376360909,3.808161208760119
17.357085740463535,9.738158242129478,10.02416581774216
5.494808666419562,10.214532526058093,3.2089651099477674
5.494808666419562,3.6747888150124854,5.743738853703311
29.963298322717563,0.6732004011620868,0.0968719866648624
5.494808666419562,3.6747888150124854,8.550466259457245
17.357085740463535,3.6747888150124854,6.321572616044921
6.071469299367301,3.882874212377372,9.472983436894754
17.357085740463535,9.738158242129478,9.069436569288355
17.357085740463535,9.46805681005928,8.575944407933305
6.071469299367301,3.882874212377372,9.615483390182375
5.494808666419562,3.6747888150124854,5.743738853703311
8.060341986562733,3.6747888150124854,6.347702799066031
29.963298322717563,9.46805681005928,1.0390841293825175
5.494808666419562,3.6747888150124854,8.676756897137945
5.494808666419562,3.6747888150124854,8.303022924400375
