5.494808666419562,0.9408412148320111,3.2193003448845574
5.494808666419562,3.207809960218685,9.28566687976927
5.494808666419562,2.2373779767910866,5.350475599513526
5.494808666419562,6.273216775938124,4.7504677825479895
5.494808666419562,3.6747888150124854,9.479575632468418
5.494808666419562,3.207809960218685,6.6964186539312465
0.49130014675709344,0.6059650510633778,0.1
5.494808666419562,0.9408412148320111,0.09933436758390632
5.494808666419562,3.6747888150124854,7.1690735205359495
5.968211320254771,3.207809960218685,8.785789118663642
5.494808666419562,3.207809960218685,6.856083872262588
5.494808666419562,2.2373779767910866,4.967501968286236
5.494808666419562,5.546687499023369,5.861691090166426
5.494808666419562,3.6747888150124854,7.1690735205359495
5.494808666419562,0.9408412148320111,0.1060457652438991
5.494808666419562,3.6747888150124854,7.1690735205359495
5.494808666419562,3.6747888150124854,9.83165560184649
5.9420789404550645,2.3870792610406504,8.82832390303155
5.494808666419562,3.207809960218685,6.856083872262588
5.494808666419562,3.6747888150124854,9.738763501944007
5.494808666419562,3.207809960218685,10.332389837409625
0.08431076724303868,4.560017115702793,0.10300693884429075
5.494808666419562,7.496272996291079,4.044311571529395
8.426687203032785,3.207809960218685,4.246131308583455
5.494808666419562,0.9408412148320111,0.0940320740225226
5.494808666419562,0.9408412148320111,0.09347960138455563
5.494808666419562,1.4961163568262377,0.09889873258949712
5.494808666419562,3.6747888150124854,8.754312558400557
5.494808666419562,3.207809960218685,6.856083872262588
3.586668073768947,3.6747888150124854,8.840694261819282
8.476910814953813,3.207809960218685,4.241142892077861
5.494808666419562,6.439855966738548,5.474806963349783
5.494808666419562,3.207809960218685,6.6964186539312465
0.6879169561980678,3.207809960218685,1.3579775892709167
7.851554337894958,2.1802586564504662,0.09878670992068336
4.8623378814211895,3.6747888150124854,8.107940579472908
5.3401231212560845,1.7279365417254953,0.09911320623066869
5.494808666419562,5.19575450195309,10.502759632530697
5.494808666419562,3.6747888150124854,8.561258104911817
5.494808666419562,0.7736800454829603,0.10235791290601941
5.494808666419562,6.273216775938124,5.096856055932353
5.494808666419562,3.6747888150124854,8.659381896151778
5.494808666419562,3.207809960218685,9.234886380042544
5.494808666419562,0.9408412148320111,0.09048593351764213
5.426795094910277,0.9408412148320111,0.1032820842657524
5.494808666419562,6.273216775938124,5.199094630016014
5.494808666419562,3.6747888150124854,8.564827380781486
5.006114335541582,3.6747888150124854,6.746774928691109
5.494808666419562,3.207809960218685,6.6964186539312465
5.494808666419562,0.9408412148320111,0.1032534846397782
5.494808666419562,3.9961742350768676,7.758010531266198
0.5535785259216848,5.383296816494055,0.5997717408161323
5.494808666419562,3.207809960218685,10.683659428782809
1.0238372653945147,0.9408412148320111,6.290482720395983
5.494808666419562,3.207809960218685,10.592212857803386
5.494808666419562,6.273216775938124,5.460052280399385
5.494808666419562,3.6747888150124854,7.1690735205359495
5.494808666419562,0.9408412148320111,0.10821305691025673
5.494808666419562,3.6747888150124854,8.931379988448695
5.494808666419562,3.207809960218685,6.856083872262588
5.494808666419562,4.292151791740027,8.066401042817288
5.494808666419562,2.2373779767910866,4.870869778219186
5.494808666419562,1.3974953246305315,0.10002087829373871
7.753249547359887,3.207809960218685,6.065353078888686
5.494808666419562,3.207809960218685,9.925836299780267
10.643701724962085,0.9408412148320111,0.09013207141476169
5.494808666419562,3.6747888150124854,8.792061151810875
5.494808666419562,6.273216775938124,4.744768201557349
5.494808666419562,3.207809960218685,8.967229962901074
5.494808666419562,0.9408412148320111,0.10024412903949681
5.494808666419562,3.6747888150124854,7.1690735205359495
5.494808666419562,0.9408412148320111,3.2193003448845574
5.494808666419562,3.6747888150124854,8.920364520694822
5.494808666419562,6.273216775938124,4.7504677825479895
5.494808666419562,0.9408412148320111,0.10970265696556343
6.018977560329349,3.6747888150124854,10.583116709797247
5.494808666419562,3.6747888150124854,7.1690735205359495
5.494808666419562,0.9408412148320111,0.09501687997241433
4.4408222899810985,3.6747888150124854,7.984718475944746
5.494808666419562,0.9408412148320111,0.1010510437146361
