20.989710649321864,1.706416753007365,0.10148237240984909
20.989710649321864,0.0730046791487684,0.09039075957382509
20.989710649321864,1.706416753007365,0.10148237240984909
20.989710649321864,0.0730046791487684,0.09039075957382509
20.989710649321864,1.706416753007365,0.10148237240984909
20.989710649321864,0.0730046791487684,0.09039075957382509
20.989710649321864,0.0730046791487684,0.09039075957382509
20.989710649321864,1.706416753007365,0.10148237240984909
20.989710649321864,1.706416753007365,0.10148237240984909
20.989710649321864,0.0730046791487684,0.09039075957382509
20.989710649321864,0.09170341786815894,0.09148314967701683
20.989710649321864,1.706416753007365,0.10148237240984909
20.989710649321864,0.09170341786815894,0.09148314967701683
20.989710649321864,12.511509995151336,10.780885151038348
20.989710649321864,21.801610612689533,6.131513310157449
20.989710649321864,12.511509995151336,10.780885151038348
20.989710649321864,0.09170341786815894,0.09148314967701683
20.989710649321864,12.511509995151336,9.40480446986278
20.989710649321864,1.706416753007365,0.10148237240984909
9.300274624030443,12.511509995151336,4.736140487154571
20.989710649321864,12.511509995151336,9.822438128512061
20.989710649321864,0.0730046791487684,0.09039075957382509
20.989710649321864,12.511509995151336,9.017400906203898
20.989710649321864,12.511509995151336,10.780885151038348
20.989710649321864,12.511509995151336,9.40480446986278
20.989710649321864,12.511509995151336,9.822438128512061
20.989710649321864,12.511509995151336,9.017400906203898
20.989710649321864,1.706416753007365,0.10148237240984909
20.989710649321864,12.511509995151336,10.166156719799162
20.989710649321864,0.0730046791487684,0.09039075957382509
20.989710649321864,0.09170341786815894,0.09148314967701683
20.989710649321864,12.511509995151336,9.40480446986278
20.989710649321864,12.511509995151336,10.780885151038348
20.989710649321864,0.09170341786815894,0.09148314967701683
20.989710649321864,12.511509995151336,9.017400906203898
20.989710649321864,0.0730046791487684,0.09039075957382509
20.989710649321864,12.511509995151336,9.40480446986278
20.989710649321864,21.801610612689533,6.131513310157449
9.300274624030443,12.511509995151336,4.736140487154571
3.6325578908237004,12.511509995151336,1.8816552401599267
20.989710649321864,1.706416753007365,0.10148237240984909
20.989710649321864,1.706416753007365,0.10148237240984909
4.075940576987588,12.387030734753978,1.9979460189321625
20.989710649321864,12.511509995151336,10.780885151038348
20.989710649321864,0.09170341786815894,0.09148314967701683
20.989710649321864,0.0730046791487684,0.09039075957382509
20.989710649321864,12.511509995151336,9.017400906203898
20.989710649321864,12.511509995151336,9.822438128512061
20.989710649321864,21.801610612689533,6.131513310157449
3.6325578908237004,12.511509995151336,1.8816552401599267
4.075940576987588,12.387030734753978,1.9979460189321625
7.334815273127475,0.0730046791487684,0.10306214726431855
20.989710649321864,0.0730046791487684,0.09039075957382509
20.989710649321864,0.09170341786815894,0.09148314967701683
20.989710649321864,12.511509995151336,9.017400906203898
20.989710649321864,16.845315116453662,7.191158651175408
9.300274624030443,12.511509995151336,4.736140487154571
20.989710649321864,1.706416753007365,0.10148237240984909
20.989710649321864,12.511509995151336,9.40480446986278
20.989710649321864,12.511509995151336,10.370638828371229
9.300274624030443,12.511509995151336,4.736140487154571
4.075940576987588,12.387030734753978,1.9979460189321625
20.989710649321864,0.09170341786815894,0.09148314967701683
20.989710649321864,0.0730046791487684,0.09039075957382509
20.989710649321864,12.511509995151336,9.102326308883477
20.989710649321864,12.511509995151336,10.780885151038348
20.989710649321864,12.511509995151336,9.822438128512061
20.989710649321864,12.511509995151336,9.40480446986278
3.6325578908237004,12.511509995151336,1.8816552401599267
20.989710649321864,21.801610612689533,6.131513310157449
7.334815273127475,0.0730046791487684,0.10306214726431855
20.989710649321864,0.0730046791487684,0.09039075957382509
9.300274624030443,12.511509995151336,4.736140487154571
20.989710649321864,12.511509995151336,10.370638828371229
20.989710649321864,12.511509995151336,9.822438128512061
20.989710649321864,12.511509995151336,10.166156719799162
20.989710649321864,0.09170341786815894,0.09148314967701683
20.989710649321864,12.511509995151336,9.40480446986278
4.075940576987588,12.387030734753978,1.9979460189321625
20.989710649321864,12.511509995151336,9.102326308883477
20.989710649321864,1.706416753007365,0.10148237240984909
7.334815273127475,0.0730046791487684,0.10306214726431855
20.989710649321864,16.845315116453662,7.191158651175408
20.989710649321864,21.801610612689533,6.131513310157449
20.989710649321864,21.801610612689533,6.131513310157449
7.334815273127475,0.0730046791487684,0.10306214726431855
20.989710649321864,12.511509995151336,9.822438128512061
20.989710649321864,12.511509995151336,10.370638828371229
20.989710649321864,12.511509995151336,10.780885151038348
4.075940576987588,12.387030734753978,1.9979460189321625
20.989710649321864,1.706416753007365,0.10148237240984909
20.989710649321864,12.511509995151336,9.102326308883477
20.989710649321864,0.0730046791487684,0.09039075957382509
9.300274624030443,12.511509995151336,4.736140487154571
20.989710649321864,12.511509995151336,10.166156719799162
20.989710649321864,12.511509995151336,9.053816373364958
20.989710649321864,16.845315116453662,7.191158651175408
16.67295155382604,12.511509995151336,8.690334401792605
20.989710649321864,12.511509995151336,10.370638828371229
20.989710649321864,1.706416753007365,0.10148237240984909
4.075940576987588,12.387030734753978,1.9979460189321625
20.989710649321864,0.09170341786815894,0.09148314967701683
20.989710649321864,12.511509995151336,9.822438128512061
20.989710649321864,12.511509995151336,9.053816373364958
20.989710649321864,12.511509995151336,10.166156719799162
3.6325578908237004,12.511509995151336,1.8816552401599267
16.67295155382604,12.511509995151336,8.690334401792605
31.64115575863873,12.511509995151336,4.6636619988332075
1.8268237005051162,0.1647498129756605,0.09951686416366338
20.989710649321864,12.511509995151336,9.102326308883477
20.989710649321864,16.845315116453662,7.191158651175408
20.989710649321864,21.801610612689533,6.131513310157449
20.989710649321864,12.511509995151336,9.017400906203898
9.300274624030443,12.511509995151336,4.736140487154571
20.989710649321864,12.511509995151336,9.102326308883477
20.989710649321864,12.511509995151336,9.40480446986278
7.334815273127475,0.0730046791487684,0.10306214726431855
9.300274624030443,12.511509995151336,4.736140487154571
20.989710649321864,6.651244193340675,1.0719012011455258
31.64115575863873,12.511509995151336,4.6636619988332075
20.989710649321864,12.511509995151336,9.289612267273297
11.933247082973205,8.351113004593797,8.288732631805205
16.67295155382604,12.511509995151336,8.690334401792605
20.989710649321864,16.845315116453662,7.191158651175408
20.989710649321864,12.511509995151336,9.017400906203898
3.919039941334785,12.511509995151336,1.9344408345923205
20.989710649321864,12.511509995151336,9.822438128512061
1.8268237005051162,0.1647498129756605,0.09951686416366338
20.989710649321864,20.28980157097738,6.456308275702235
20.989710649321864,21.801610612689533,6.131513310157449
20.989710649321864,12.511509995151336,10.370638828371229
20.989710649321864,1.706416753007365,0.10148237240984909
23.200251451939803,12.511509995151336,9.252570009805877
20.989710649321864,12.511509995151336,10.803890154133033
3.6325578908237004,12.511509995151336,1.8816552401599267
20.989710649321864,24.906864221845723,10.734636802650403
33.21621184131337,12.511509995151336,4.445620646965993
20.989710649321864,0.0730046791487684,0.09039075957382509
4.075940576987588,12.387030734753978,1.9979460189321625
20.989710649321864,12.511509995151336,10.918039651796285
20.989710649321864,12.511509995151336,9.822438128512061
1.8268237005051162,0.1647498129756605,0.09951686416366338
20.989710649321864,12.511509995151336,10.166156719799162
11.933247082973205,8.351113004593797,8.288732631805205
3.919039941334785,12.511509995151336,1.9344408345923205
20.989710649321864,12.511509995151336,9.347532728281507
20.989710649321864,12.511509995151336,9.289612267273297
23.200251451939803,12.511509995151336,9.252570009805877
20.989710649321864,0.09170341786815894,0.09148314967701683
20.989710649321864,13.233847863337495,9.781053488617804
16.67295155382604,12.511509995151336,8.690334401792605
20.989710649321864,12.511509995151336,9.40480446986278
20.989710649321864,20.28980157097738,6.456308275702235
20.989710649321864,16.845315116453662,7.191158651175408
20.989710649321864,6.651244193340675,1.0719012011455258
20.989710649321864,12.511509995151336,9.017400906203898
20.989710649321864,12.511509995151336,10.61769122631344
7.334815273127475,0.0730046791487684,0.10306214726431855
20.989710649321864,12.511509995151336,10.370638828371229
20.989710649321864,12.511509995151336,10.803890154133033
20.989710649321864,9.118688437659586,6.2625600554115515
20.989710649321864,0.0730046791487684,0.09914655429967341
20.989710649321864,12.511509995151336,9.102326308883477
20.989710649321864,12.511509995151336,9.289612267273297
20.989710649321864,13.233847863337495,9.781053488617804
20.989710649321864,12.511509995151336,9.81328958976002
20.989710649321864,12.511509995151336,9.064447961328943
0.2529837305289988,0.0730046791487684,0.09192633486158504
9.300274624030443,12.511509995151336,4.736140487154571
3.6325578908237004,12.511509995151336,1.8816552401599267
20.989710649321864,12.511509995151336,9.40480446986278
23.200251451939803,12.511509995151336,9.252570009805877
20.989710649321864,1.706416753007365,0.10148237240984909
20.989710649321864,12.511509995151336,10.918039651796285
20.989710649321864,12.511509995151336,9.102326308883477
4.075940576987588,12.387030734753978,1.9979460189321625
20.989710649321864,12.511509995151336,9.053816373364958
20.989710649321864,24.906864221845723,10.734636802650403
20.989710649321864,21.801610612689533,6.131513310157449
20.989710649321864,9.118688437659586,6.2625600554115515
20.989710649321864,12.511509995151336,10.697962619146786
20.989710649321864,16.845315116453662,7.191158651175408
20.989710649321864,12.511509995151336,9.613977381883164
20.989710649321864,0.09170341786815894,0.09148314967701683
20.989710649321864,6.651244193340675,1.0719012011455258
20.989710649321864,12.511509995151336,9.347532728281507
33.491554248957016,0.0730046791487684,0.09334987239927359
20.989710649321864,12.511509995151336,9.822438128512061
20.989710649321864,12.511509995151336,10.370638828371229
11.933247082973205,8.351113004593797,8.288732631805205
16.67295155382604,12.511509995151336,8.690334401792605
1.8268237005051162,0.1647498129756605,0.09951686416366338
20.989710649321864,0.0730046791487684,0.09039075957382509
31.64115575863873,12.511509995151336,4.6636619988332075
20.989710649321864,12.511509995151336,10.61769122631344
20.989710649321864,12.511509995151336,10.803890154133033
20.989710649321864,0.0730046791487684,0.09914655429967341
9.300274624030443,12.511509995151336,4.736140487154571
31.64115575863873,12.511509995151336,4.6636619988332075
1.8268237005051162,0.1647498129756605,0.09951686416366338
20.989710649321864,34.32009911219906,3.4189840375251883
20.989710649321864,12.511509995151336,9.289612267273297
33.21621184131337,12.511509995151336,4.445620646965993
20.989710649321864,24.906864221845723,10.734636802650403
20.989710649321864,12.511509995151336,10.357308282551784
20.989710649321864,3.5459708540492976,0.1044047497068392
20.989710649321864,21.801610612689533,6.131513310157449
11.933247082973205,8.351113004593797,8.288732631805205
20.989710649321864,1.706416753007365,0.10148237240984909
20.989710649321864,0.0730046791487684,0.09914655429967341
20.989710649321864,12.511509995151336,10.780885151038348
3.6325578908237004,12.511509995151336,1.8816552401599267
20.989710649321864,12.511509995151336,10.166156719799162
20.989710649321864,12.511509995151336,9.192456695399375
20.989710649321864,13.233847863337495,9.781053488617804
33.491554248957016,0.0730046791487684,0.09334987239927359
20.989710649321864,20.28980157097738,6.456308275702235
20.989710649321864,12.511509995151336,10.683366483119492
44.19220404110607,12.511509995151336,1.7317207898212623
14.09891292054445,3.7990389595628784,10.704906600475411
20.989710649321864,9.118688437659586,6.2625600554115515
16.67295155382604,12.511509995151336,8.690334401792605
20.989710649321864,12.511509995151336,9.064447961328943
20.989710649321864,12.511509995151336,9.053816373364958
20.989710649321864,12.511509995151336,9.347532728281507
20.989710649321864,12.511509995151336,9.102326308883477
20.989710649321864,12.511509995151336,9.822438128512061
20.989710649321864,0.0730046791487684,0.09039075957382509
4.023965734679731,12.511509995151336,2.0789113396655416
20.989710649321864,6.651244193340675,1.0719012011455258
3.919039941334785,12.511509995151336,1.9344408345923205
20.989710649321864,12.511509995151336,10.803890154133033
8.659232350586294,12.511509995151336,3.965555338846669
20.989710649321864,12.511509995151336,10.777462077541799
20.989710649321864,0.0730046791487684,0.0941918305916924
20.989710649321864,12.511509995151336,10.124533438325631
20.989710649321864,21.801610612689533,6.131513310157449
20.989710649321864,12.511509995151336,9.613977381883164
20.989710649321864,12.511509995151336,10.166156719799162
20.989710649321864,12.511509995151336,10.777462077541799
20.989710649321864,12.511509995151336,10.683366483119492
1.8268237005051162,0.1647498129756605,0.09951686416366338
20.989710649321864,12.511509995151336,10.803890154133033
20.989710649321864,12.511509995151336,9.813604116492204
20.989710649321864,34.32009911219906,3.4189840375251883
33.21621184131337,12.511509995151336,4.445620646965993
20.989710649321864,12.511509995151336,10.24498734800006
20.989710649321864,12.511509995151336,9.064447961328943
20.989710649321864,6.651244193340675,1.0719012011455258
20.989710649321864,12.511509995151336,10.697962619146786
16.67295155382604,12.511509995151336,8.690334401792605
20.989710649321864,12.511509995151336,10.918039651796285
20.989710649321864,12.511509995151336,9.102326308883477
20.989710649321864,12.511509995151336,9.501791644779464
20.989710649321864,0.0730046791487684,0.09039075957382509
4.023965734679731,12.511509995151336,2.0789113396655416
20.989710649321864,0.0730046791487684,0.0941918305916924
20.989710649321864,16.845315116453662,7.191158651175408
3.919039941334785,12.511509995151336,1.9344408345923205
20.989710649321864,12.511509995151336,9.192456695399375
20.989710649321864,9.118688437659586,6.2625600554115515
7.334815273127475,0.0730046791487684,0.10306214726431855
20.989710649321864,12.511509995151336,10.357308282551784
31.64115575863873,12.511509995151336,4.6636619988332075
20.989710649321864,0.09170341786815894,0.09148314967701683
33.491554248957016,0.0730046791487684,0.09334987239927359
20.989710649321864,12.511509995151336,10.370638828371229
11.933247082973205,8.351113004593797,8.288732631805205
9.300274624030443,12.511509995151336,4.736140487154571
20.989710649321864,12.511509995151336,9.289612267273297
20.989710649321864,12.511509995151336,9.017400906203898
20.989710649321864,20.28980157097738,6.456308275702235
20.989710649321864,12.511509995151336,10.780885151038348
20.989710649321864,0.0730046791487684,0.09914655429967341
20.989710649321864,12.511509995151336,9.139202634766528
20.989710649321864,12.511509995151336,9.822438128512061
20.989710649321864,22.39317926924075,5.282227360316175
20.989710649321864,12.511509995151336,10.61769122631344
20.989710649321864,12.511509995151336,9.81328958976002
23.200251451939803,12.511509995151336,9.252570009805877
20.989710649321864,3.5459708540492976,0.1044047497068392
20.989710649321864,12.511509995151336,9.053816373364958
3.6325578908237004,12.511509995151336,1.8816552401599267
