20.989710649321864,15.850993188197377,7.355579146778885
20.989710649321864,15.850993188197377,7.230951779842655
20.989710649321864,12.511509995151336,10.21877223056694
20.989710649321864,15.850993188197377,7.230951779842655
20.989710649321864,15.850993188197377,7.355579146778885
20.989710649321864,15.850993188197377,8.490386680778485
20.989710649321864,12.511509995151336,10.21877223056694
22.433276546017332,17.249160684324604,9.840832496037125
20.989710649321864,12.511509995151336,10.21877223056694
20.989710649321864,6.4072018823093435,0.33674562798460816
20.989710649321864,15.850993188197377,7.230951779842655
20.989710649321864,15.850993188197377,8.490386680778485
20.989710649321864,15.850993188197377,7.355579146778885
20.989710649321864,6.4072018823093435,0.33674562798460816
37.9573485616164,12.511509995151336,1.683640342813991
24.214585314706305,12.822682685742496,8.403069173005388
20.989710649321864,15.850993188197377,8.490386680778485
20.989710649321864,15.850993188197377,7.355579146778885
20.989710649321864,12.511509995151336,10.21877223056694
20.989710649321864,6.4072018823093435,0.33674562798460816
20.989710649321864,12.511509995151336,9.09926657359674
6.699872421844977,27.983782118311506,2.084804316360847
20.989710649321864,15.850993188197377,7.230951779842655
37.9573485616164,12.511509995151336,1.683640342813991
24.214585314706305,12.822682685742496,8.403069173005388
20.989710649321864,15.850993188197377,7.355579146778885
22.433276546017332,17.249160684324604,9.840832496037125
20.989710649321864,15.850993188197377,8.490386680778485
20.989710649321864,12.511509995151336,10.21877223056694
20.989710649321864,15.850993188197377,7.355579146778885
20.989710649321864,6.4072018823093435,0.33674562798460816
20.989710649321864,15.850993188197377,7.230951779842655
20.989710649321864,15.850993188197377,8.490386680778485
20.989710649321864,15.850993188197377,7.737174941427101
20.989710649321864,12.511509995151336,9.09926657359674
20.989710649321864,6.4072018823093435,0.33674562798460816
6.699872421844977,27.983782118311506,2.084804316360847
20.989710649321864,15.850993188197377,7.355579146778885
22.433276546017332,17.249160684324604,9.840832496037125
20.989710649321864,15.850993188197377,7.230951779842655
20.989710649321864,15.850993188197377,7.737174941427101
20.989710649321864,12.511509995151336,10.21877223056694
20.989710649321864,15.850993188197377,8.490386680778485
37.9573485616164,12.511509995151336,1.683640342813991
20.989710649321864,12.511509995151336,9.09926657359674
37.9573485616164,12.511509995151336,1.683640342813991
20.989710649321864,15.850993188197377,8.490386680778485
24.214585314706305,12.822682685742496,8.403069173005388
20.989710649321864,6.4072018823093435,0.33674562798460816
6.699872421844977,27.983782118311506,2.084804316360847
20.989710649321864,15.850993188197377,7.737174941427101
20.989710649321864,15.850993188197377,7.230951779842655
20.989710649321864,15.850993188197377,7.737174941427101
7.9212677257030535,12.511509995151336,3.5805584912513684
20.989710649321864,12.511509995151336,9.09926657359674
20.989710649321864,12.511509995151336,10.699144370836962
20.989710649321864,12.511509995151336,10.21877223056694
20.989710649321864,6.4072018823093435,0.33674562798460816
20.989710649321864,12.511509995151336,9.71298421942849
20.989710649321864,15.850993188197377,7.355579146778885
20.989710649321864,15.850993188197377,8.490386680778485
20.989710649321864,0.41462121304178545,0.09558899519360044
22.433276546017332,17.249160684324604,9.840832496037125
19.487276165776574,15.850993188197377,7.469095662873468
24.214585314706305,12.822682685742496,8.403069173005388
20.989710649321864,15.850993188197377,7.355579146778885
7.9212677257030535,12.511509995151336,3.5805584912513684
20.989710649321864,15.850993188197377,7.164672487561209
20.989710649321864,15.850993188197377,7.737174941427101
37.9573485616164,12.511509995151336,1.683640342813991
20.989710649321864,15.850993188197377,8.11030982762462
20.989710649321864,12.511509995151336,10.699144370836962
22.433276546017332,17.249160684324604,9.840832496037125
20.989710649321864,12.511509995151336,9.71298421942849
20.989710649321864,15.850993188197377,8.157539978267218
24.214585314706305,12.822682685742496,8.403069173005388
20.989710649321864,6.4072018823093435,0.33674562798460816
20.989710649321864,12.511509995151336,10.21877223056694
20.989710649321864,15.850993188197377,8.490386680778485
20.989710649321864,15.850993188197377,7.230951779842655
7.9212677257030535,12.511509995151336,3.5805584912513684
20.989710649321864,15.850993188197377,8.490386680778485
20.989710649321864,12.511509995151336,10.699144370836962
20.989710649321864,12.511509995151336,9.854241514628315
7.902343902933666,1.6819093024921656,3.0757856637359917
22.433276546017332,17.249160684324604,9.840832496037125
20.989710649321864,12.511509995151336,10.21877223056694
20.989710649321864,6.4072018823093435,0.33674562798460816
20.989710649321864,15.850993188197377,7.230951779842655
23.594224045917137,59.801866519691146,2.2487452991818335
19.487276165776574,15.850993188197377,7.469095662873468
20.989710649321864,15.850993188197377,7.164672487561209
6.699872421844977,27.983782118311506,2.084804316360847
20.989710649321864,15.850993188197377,8.11030982762462
20.989710649321864,15.850993188197377,7.355579146778885
20.989710649321864,15.314403231552498,7.928349987294843
20.989710649321864,15.850993188197377,8.157539978267218
20.989710649321864,12.511509995151336,9.71298421942849
20.989710649321864,12.511509995151336,9.09926657359674
20.989710649321864,15.850993188197377,8.285810212436447
20.989710649321864,12.511509995151336,9.999368696927178
20.989710649321864,0.41462121304178545,0.09558899519360044
20.989710649321864,15.850993188197377,7.164672487561209
20.989710649321864,12.511509995151336,9.854241514628315
19.487276165776574,15.850993188197377,7.469095662873468
20.989710649321864,15.314403231552498,7.928349987294843
24.214585314706305,12.822682685742496,8.403069173005388
7.9212677257030535,12.511509995151336,3.5805584912513684
20.989710649321864,15.850993188197377,7.355579146778885
20.989710649321864,12.511509995151336,10.699144370836962
20.989710649321864,12.511509995151336,10.685626627537706
22.433276546017332,17.249160684324604,9.840832496037125
20.989710649321864,15.850993188197377,8.11030982762462
20.989710649321864,6.4072018823093435,0.33674562798460816
20.989710649321864,15.850993188197377,8.490386680778485
37.9573485616164,12.511509995151336,1.683640342813991
20.989710649321864,12.511509995151336,9.290133194766529
20.989710649321864,12.511509995151336,9.71298421942849
20.989710649321864,15.850993188197377,7.737174941427101
20.989710649321864,12.511509995151336,10.21877223056694
20.989710649321864,15.850993188197377,8.157539978267218
20.989710649321864,15.850993188197377,8.097024315429797
23.594224045917137,59.801866519691146,2.2487452991818335
20.989710649321864,12.511509995151336,10.685626627537706
20.989710649321864,15.850993188197377,8.157539978267218
20.989710649321864,15.850993188197377,8.097024315429797
24.214585314706305,12.822682685742496,8.403069173005388
20.989710649321864,12.511509995151336,9.999368696927178
20.989710649321864,15.314403231552498,7.928349987294843
20.989710649321864,15.850993188197377,7.737174941427101
20.989710649321864,12.511509995151336,10.134325767115822
20.989710649321864,12.511509995151336,10.21877223056694
20.989710649321864,6.4072018823093435,0.33674562798460816
37.9573485616164,12.511509995151336,1.683640342813991
7.9212677257030535,12.511509995151336,3.5805584912513684
20.989710649321864,15.850993188197377,7.164672487561209
20.989710649321864,12.511509995151336,9.290133194766529
7.955647621925518,12.511509995151336,3.9444775740310147
7.902343902933666,1.6819093024921656,3.0757856637359917
23.594224045917137,59.801866519691146,2.2487452991818335
20.989710649321864,12.511509995151336,9.71298421942849
20.989710649321864,17.36024969219738,7.864909711455917
7.902343902933666,15.850993188197377,3.0161847474631016
20.989710649321864,12.511509995151336,9.874189157240542
6.699872421844977,27.983782118311506,2.084804316360847
20.989710649321864,0.41462121304178545,0.09558899519360044
22.433276546017332,17.249160684324604,9.840832496037125
29.589175804517826,12.511509995151336,6.119020955360259
20.989710649321864,15.850993188197377,7.8226693123642645
19.487276165776574,15.850993188197377,7.469095662873468
20.989710649321864,15.850993188197377,8.285810212436447
46.3018513774664,12.511509995151336,0.10827299601457605
20.989710649321864,6.4072018823093435,0.33674562798460816
6.699872421844977,27.983782118311506,2.084804316360847
20.989710649321864,12.511509995151336,9.290133194766529
20.989710649321864,12.511509995151336,10.685626627537706
20.989710649321864,0.41462121304178545,0.09558899519360044
20.989710649321864,12.511509995151336,10.089375523867535
20.989710649321864,12.511509995151336,10.024081700252301
3.4536560964454317,15.850993188197377,1.4244225511777722
26.91810059854797,15.850993188197377,9.266889494660045
20.989710649321864,12.511509995151336,10.134325767115822
20.989710649321864,15.850993188197377,8.37326365251701
20.989710649321864,12.511509995151336,9.854241514628315
20.989710649321864,15.850993188197377,8.11030982762462
7.9212677257030535,12.511509995151336,3.5805584912513684
20.989710649321864,12.511509995151336,10.21877223056694
20.989710649321864,15.314403231552498,7.928349987294843
7.53158843538376,12.511509995151336,3.872986667368217
20.989710649321864,12.511509995151336,9.999368696927178
20.989710649321864,12.511509995151336,10.373665147761866
20.989710649321864,15.850993188197377,7.283089769357987
37.9573485616164,12.511509995151336,1.683640342813991
20.989710649321864,15.850993188197377,8.490386680778485
20.989710649321864,15.850993188197377,7.8968935348108165
20.989710649321864,15.850993188197377,7.230951779842655
7.955647621925518,12.511509995151336,3.9444775740310147
20.989710649321864,15.850993188197377,7.164672487561209
24.214585314706305,12.822682685742496,8.403069173005388
23.594224045917137,59.801866519691146,2.2487452991818335
20.989710649321864,12.511509995151336,10.699144370836962
20.989710649321864,12.511509995151336,9.10788053526578
20.989710649321864,15.850993188197377,7.164672487561209
20.989710649321864,12.511509995151336,10.134325767115822
20.989710649321864,6.4072018823093435,0.33674562798460816
20.989710649321864,15.850993188197377,8.097024315429797
7.53158843538376,12.511509995151336,3.872986667368217
20.989710649321864,12.511509995151336,9.71298421942849
20.989710649321864,12.511509995151336,10.810026052993685
29.589175804517826,12.511509995151336,6.119020955360259
7.9212677257030535,12.511509995151336,3.5805584912513684
20.989710649321864,12.511509995151336,9.020496620482103
7.955647621925518,12.511509995151336,3.9444775740310147
20.989710649321864,17.36024969219738,7.864909711455917
20.989710649321864,15.850993188197377,8.490386680778485
20.989710649321864,15.850993188197377,7.355579146778885
20.989710649321864,12.511509995151336,10.685626627537706
19.75002107409627,15.850993188197377,7.766677997835997
20.989710649321864,15.850993188197377,8.11030982762462
20.989710649321864,15.850993188197377,7.8968935348108165
20.989710649321864,12.511509995151336,10.373665147761866
20.989710649321864,15.850993188197377,7.8226693123642645
20.989710649321864,15.850993188197377,7.230951779842655
20.989710649321864,15.850993188197377,8.157539978267218
20.989710649321864,12.511509995151336,10.221769201506735
20.989710649321864,12.511509995151336,9.999368696927178
19.487276165776574,15.850993188197377,7.469095662873468
20.989710649321864,9.588320315229968,10.5591149369615
46.3018513774664,12.511509995151336,0.10827299601457605
24.086497252280346,12.511509995151336,8.803952545702495
7.902343902933666,1.6819093024921656,3.0757856637359917
20.989710649321864,15.850993188197377,7.737174941427101
20.989710649321864,12.511509995151336,9.874189157240542
24.959442073519295,15.850993188197377,10.077459866227358
20.989710649321864,15.850993188197377,8.37326365251701
6.699872421844977,27.983782118311506,2.084804316360847
24.214585314706305,12.822682685742496,8.403069173005388
20.989710649321864,12.511509995151336,9.09926657359674
20.989710649321864,12.511509995151336,9.290133194766529
7.902343902933666,15.850993188197377,3.0161847474631016
20.989710649321864,15.850993188197377,8.285810212436447
20.989710649321864,12.511509995151336,10.024081700252301
20.989710649321864,15.850993188197377,7.283089769357987
20.989710649321864,15.850993188197377,7.230951779842655
20.989710649321864,12.511509995151336,9.71298421942849
20.989710649321864,12.511509995151336,10.685626627537706
20.989710649321864,15.850993188197377,8.285810212436447
20.989710649321864,15.850993188197377,8.11030982762462
7.955647621925518,12.511509995151336,3.9444775740310147
20.989710649321864,15.850993188197377,8.37326365251701
26.91810059854797,15.850993188197377,9.266889494660045
7.53158843538376,12.511509995151336,3.872986667368217
20.989710649321864,13.136477439530996,9.096779040010839
7.9212677257030535,12.511509995151336,3.5805584912513684
37.9573485616164,12.511509995151336,1.683640342813991
20.989710649321864,12.511509995151336,10.221769201506735
20.989710649321864,15.850993188197377,7.283089769357987
7.53158843538376,23.389210502499427,1.863053016284192
20.989710649321864,15.850993188197377,8.490386680778485
20.989710649321864,15.850993188197377,7.8968935348108165
20.989710649321864,12.511509995151336,9.10788053526578
20.989710649321864,15.850993188197377,8.097024315429797
24.959442073519295,15.850993188197377,10.077459866227358
20.989710649321864,12.511509995151336,9.874497030380295
12.22763200920921,15.850993188197377,5.057976365759429
3.4536560964454317,15.850993188197377,1.4244225511777722
20.989710649321864,0.41462121304178545,0.09558899519360044
20.989710649321864,12.511509995151336,10.373665147761866
20.989710649321864,12.511509995151336,9.616385337917494
20.989710649321864,12.511509995151336,9.020496620482103
20.989710649321864,15.850993188197377,8.350349527547442
20.989710649321864,17.36024969219738,7.864909711455917
20.989710649321864,12.511509995151336,10.810026052993685
20.989710649321864,12.511509995151336,9.854241514628315
20.989710649321864,15.850993188197377,8.157539978267218
20.989710649321864,15.850993188197377,7.164672487561209
20.989710649321864,12.511509995151336,10.21877223056694
20.989710649321864,12.511509995151336,10.024081700252301
30.538754504548308,0.8693330689029715,0.10546387286464518
20.989710649321864,12.511509995151336,9.874189157240542
20.989710649321864,12.511509995151336,10.134325767115822
20.989710649321864,12.511509995151336,9.999368696927178
20.989710649321864,12.511509995151336,9.564011343794448
20.989710649321864,12.511509995151336,10.166393905265442
7.902343902933666,15.850993188197377,3.0161847474631016
20.989710649321864,12.511509995151336,9.290133194766529
20.989710649321864,12.511509995151336,9.09926657359674
20.989710649321864,12.511509995151336,9.821875312150075
24.086497252280346,12.511509995151336,8.803952545702495
23.594224045917137,59.801866519691146,2.2487452991818335
20.989710649321864,15.850993188197377,7.8226693123642645
