34.349538404159425,15.850993188197377,7.866718501428892
20.989710649321864,12.511509995151336,10.570802225252773
38.63551126870474,13.649872721941229,9.805218883523121
20.989710649321864,12.511509995151336,10.053495215372887
14.996358046022888,44.25896101227392,2.9392043459882085
37.9573485616164,12.511509995151336,1.8198700475892364
38.63551126870474,13.649872721941229,9.805218883523121
20.989710649321864,12.511509995151336,10.570802225252773
20.989710649321864,15.850993188197377,8.385990442048318
20.989710649321864,12.511509995151336,10.053495215372887
34.349538404159425,15.850993188197377,7.866718501428892
4.023245456607267,15.850993188197377,1.580225426838111
22.433276546017332,12.511509995151336,8.398763086193213
14.996358046022888,44.25896101227392,2.9392043459882085
20.989710649321864,12.511509995151336,9.04862196570357
20.989710649321864,12.511509995151336,9.04862196570357
14.996358046022888,44.25896101227392,2.9392043459882085
34.349538404159425,15.850993188197377,7.866718501428892
20.989710649321864,12.511509995151336,10.053495215372887
37.9573485616164,12.511509995151336,1.8198700475892364
20.989710649321864,6.4072018823093435,0.3513320942808065
4.023245456607267,15.850993188197377,1.580225426838111
38.63551126870474,13.649872721941229,9.805218883523121
20.989710649321864,15.850993188197377,8.385990442048318
20.989710649321864,12.511509995151336,10.570802225252773
4.023245456607267,15.850993188197377,1.580225426838111
20.989710649321864,6.4072018823093435,0.3513320942808065
34.349538404159425,15.850993188197377,7.866718501428892
20.989710649321864,3.580811316987601,0.10867930581574708
20.989710649321864,4.942237286445998,0.09609179908234575
37.9573485616164,12.511509995151336,1.8198700475892364
20.989710649321864,15.850993188197377,8.385990442048318
20.989710649321864,15.343757279223528,10.57611738687343
20.989710649321864,12.511509995151336,10.570802225252773
14.996358046022888,44.25896101227392,2.9392043459882085
20.989710649321864,12.511509995151336,10.053495215372887
20.989710649321864,6.4072018823093435,0.3513320942808065
26.882644709607643,30.3120592585146,3.8421991813618392
37.9573485616164,15.850993188197377,5.835619800264665
38.63551126870474,13.649872721941229,9.805218883523121
20.989710649321864,3.580811316987601,0.10867930581574708
20.989710649321864,4.942237286445998,0.09609179908234575
20.989710649321864,12.511509995151336,10.570802225252773
22.433276546017332,12.511509995151336,8.398763086193213
20.989710649321864,12.511509995151336,9.04862196570357
20.989710649321864,15.850993188197377,8.385990442048318
37.9573485616164,12.511509995151336,1.9518178626401161
4.023245456607267,15.850993188197377,1.580225426838111
20.989710649321864,12.511509995151336,10.053495215372887
34.349538404159425,15.850993188197377,7.866718501428892
20.989710649321864,12.511509995151336,9.59611992261988
20.989710649321864,12.511509995151336,9.04862196570357
20.989710649321864,12.511509995151336,10.570802225252773
20.989710649321864,6.4072018823093435,0.3513320942808065
14.996358046022888,44.25896101227392,2.9392043459882085
31.331002061532978,12.511509995151336,5.368247874248608
38.63551126870474,13.649872721941229,9.805218883523121
20.989710649321864,15.343757279223528,10.57611738687343
34.349538404159425,15.850993188197377,7.866718501428892
20.989710649321864,15.850993188197377,8.385990442048318
37.9573485616164,12.511509995151336,1.7185750824516952
37.9573485616164,12.511509995151336,1.8198700475892364
4.023245456607267,15.850993188197377,1.580225426838111
26.882644709607643,30.3120592585146,3.8421991813618392
20.989710649321864,15.343757279223528,10.57611738687343
20.989710649321864,6.4072018823093435,0.3513320942808065
30.41576334716897,1.8602105646198055,0.10201579805529484
14.996358046022888,44.25896101227392,2.9392043459882085
37.9573485616164,15.850993188197377,5.835619800264665
25.009155628731836,12.511509995151336,8.753223316006082
20.989710649321864,12.511509995151336,10.570802225252773
22.433276546017332,12.511509995151336,8.398763086193213
38.63551126870474,13.649872721941229,9.805218883523121
37.9573485616164,12.511509995151336,1.7185750824516952
20.989710649321864,12.511509995151336,10.053495215372887
20.989710649321864,15.850993188197377,8.385990442048318
20.989710649321864,12.511509995151336,9.04862196570357
31.331002061532978,12.511509995151336,5.368247874248608
37.9573485616164,12.511509995151336,1.8762177883317632
37.9573485616164,12.511509995151336,1.8198700475892364
20.989710649321864,3.580811316987601,0.10867930581574708
34.349538404159425,15.850993188197377,7.866718501428892
4.023245456607267,15.850993188197377,1.580225426838111
14.996358046022888,44.25896101227392,2.9392043459882085
26.882644709607643,30.3120592585146,3.8421991813618392
20.989710649321864,15.850993188197377,7.2878802899537956
20.989710649321864,15.850993188197377,7.9308087750189555
20.989710649321864,3.580811316987601,0.10867930581574708
30.41576334716897,1.8602105646198055,0.10201579805529484
20.989710649321864,12.511509995151336,9.04862196570357
37.9573485616164,12.511509995151336,1.7919380787906098
20.989710649321864,15.850993188197377,8.33449350423243
20.989710649321864,15.850993188197377,8.385990442048318
20.989710649321864,4.942237286445998,0.09609179908234575
20.989710649321864,6.4072018823093435,0.3513320942808065
20.989710649321864,15.850993188197377,7.234505981265404
20.989710649321864,15.343757279223528,10.57611738687343
34.349538404159425,15.850993188197377,7.866718501428892
37.9573485616164,15.850993188197377,5.835619800264665
20.989710649321864,12.511509995151336,9.59611992261988
37.9573485616164,12.511509995151336,1.7185750824516952
4.023245456607267,15.850993188197377,1.580225426838111
37.9573485616164,12.511509995151336,1.8762177883317632
38.63551126870474,13.649872721941229,9.805218883523121
37.9573485616164,12.511509995151336,1.7185750824516952
12.475190008041807,7.739291660470958,10.440357023690144
37.9573485616164,12.511509995151336,1.7919380787906098
37.9573485616164,12.511509995151336,1.8762177883317632
26.882644709607643,30.3120592585146,3.8421991813618392
20.989710649321864,12.511509995151336,9.31129620023935
37.9573485616164,12.511509995151336,1.9518178626401161
14.996358046022888,44.25896101227392,2.9392043459882085
20.989710649321864,14.70052057019693,8.300820582028363
30.41576334716897,1.8602105646198055,0.10201579805529484
20.989710649321864,12.511509995151336,10.053495215372887
20.989710649321864,6.4072018823093435,0.3513320942808065
20.989710649321864,12.511509995151336,10.570569355327606
20.989710649321864,12.511509995151336,10.570802225252773
20.989710649321864,15.850993188197377,8.385990442048318
20.989710649321864,12.511509995151336,9.53515088046612
22.433276546017332,12.511509995151336,8.398763086193213
20.989710649321864,15.841066575605488,8.369562098993331
20.989710649321864,15.850993188197377,8.33449350423243
20.989710649321864,15.343757279223528,10.57611738687343
20.989710649321864,4.942237286445998,0.09609179908234575
37.9573485616164,12.511509995151336,1.8198700475892364
20.989710649321864,15.850993188197377,7.2878802899537956
31.331002061532978,12.511509995151336,5.368247874248608
20.989710649321864,12.511509995151336,9.59611992261988
20.989710649321864,15.850993188197377,7.9308087750189555
20.989710649321864,12.511509995151336,10.749252810338406
20.989710649321864,12.511509995151336,10.570802225252773
12.475190008041807,7.739291660470958,10.440357023690144
20.989710649321864,15.850993188197377,7.6202530837538305
30.41576334716897,1.8602105646198055,0.10201579805529484
20.989710649321864,15.343757279223528,10.57611738687343
37.9573485616164,12.511509995151336,1.7185750824516952
20.989710649321864,3.580811316987601,0.10867930581574708
37.9573485616164,12.511509995151336,1.7919380787906098
20.989710649321864,12.511509995151336,9.59611992261988
37.9573485616164,12.511509995151336,1.7006494871086395
14.996358046022888,44.25896101227392,2.9392043459882085
20.989710649321864,12.511509995151336,9.31129620023935
20.989710649321864,12.511509995151336,9.985757530099466
22.433276546017332,12.511509995151336,8.398763086193213
20.989710649321864,12.511509995151336,9.04862196570357
4.023245456607267,15.850993188197377,1.580225426838111
20.989710649321864,12.511509995151336,10.570569355327606
20.989710649321864,12.511509995151336,9.90189770319964
20.989710649321864,4.942237286445998,0.09609179908234575
31.331002061532978,12.511509995151336,5.368247874248608
20.989710649321864,6.4072018823093435,0.3513320942808065
20.989710649321864,15.850993188197377,7.2878802899537956
20.989710649321864,15.850993188197377,8.146893482704002
20.989710649321864,12.511509995151336,10.053495215372887
20.989710649321864,15.850993188197377,8.385990442048318
20.989710649321864,12.511509995151336,10.749252810338406
29.45209803638618,28.293584644676915,6.6241348284697965
38.63551126870474,13.649872721941229,9.805218883523121
2.686629115667724,12.511509995151336,1.2582469056689995
37.9573485616164,12.511509995151336,1.9518178626401161
25.009155628731836,12.511509995151336,8.753223316006082
20.989710649321864,15.850993188197377,8.33449350423243
12.475190008041807,7.739291660470958,10.440357023690144
20.989710649321864,15.850993188197377,8.385990442048318
20.989710649321864,12.511509995151336,9.31129620023935
20.989710649321864,12.511509995151336,10.489559131624333
20.989710649321864,12.511509995151336,9.59611992261988
20.989710649321864,15.850993188197377,8.146893482704002
30.41576334716897,1.8602105646198055,0.10201579805529484
37.9573485616164,12.511509995151336,1.7919380787906098
20.989710649321864,12.511509995151336,9.242577685837468
22.433276546017332,12.511509995151336,8.398763086193213
31.331002061532978,12.511509995151336,5.368247874248608
20.989710649321864,12.511509995151336,10.053495215372887
4.023245456607267,15.850993188197377,1.580225426838111
2.686629115667724,12.511509995151336,1.2582469056689995
20.989710649321864,15.850993188197377,7.9308087750189555
37.9573485616164,12.511509995151336,1.8198700475892364
37.9573485616164,12.511509995151336,1.9518178626401161
20.989710649321864,6.4072018823093435,0.3513320942808065
38.63551126870474,13.649872721941229,9.805218883523121
14.996358046022888,44.25896101227392,2.9392043459882085
37.9573485616164,17.109658833436914,7.029971441953671
20.989710649321864,15.841066575605488,8.369562098993331
20.989710649321864,15.850993188197377,7.6202530837538305
37.9573485616164,15.850993188197377,5.835619800264665
37.9573485616164,12.511509995151336,1.7006494871086395
20.989710649321864,12.511509995151336,9.985757530099466
20.989710649321864,12.511509995151336,10.570802225252773
33.59276042235881,3.6022025395072816,0.09248307809639122
20.989710649321864,12.511509995151336,10.740852355272901
20.989710649321864,12.511509995151336,9.90189770319964
20.989710649321864,15.850993188197377,8.33449350423243
20.989710649321864,12.511509995151336,10.570569355327606
26.882644709607643,30.3120592585146,3.8421991813618392
37.9573485616164,12.511509995151336,1.8762177883317632
20.989710649321864,12.511509995151336,9.657350834018285
20.989710649321864,15.850993188197377,7.2878802899537956
25.009155628731836,12.511509995151336,8.753223316006082
37.9573485616164,12.511509995151336,1.6393888355493251
37.9573485616164,12.511509995151336,1.9518178626401161
37.9573485616164,12.511509995151336,1.8198700475892364
31.331002061532978,12.511509995151336,5.368247874248608
37.9573485616164,12.511509995151336,1.7687573024491363
20.989710649321864,12.511509995151336,10.429703600259064
13.655319444717513,15.850993188197377,4.653490003270455
20.989710649321864,12.511509995151336,9.53515088046612
20.989710649321864,12.511509995151336,10.66881541035092
20.989710649321864,15.850993188197377,7.6202530837538305
20.989710649321864,12.511509995151336,10.489559131624333
20.989710649321864,15.841066575605488,8.369562098993331
20.989710649321864,12.511509995151336,10.740852355272901
20.989710649321864,15.850993188197377,7.2878802899537956
37.9573485616164,12.511509995151336,1.8762177883317632
20.989710649321864,4.942237286445998,0.09609179908234575
2.686629115667724,12.511509995151336,1.2582469056689995
12.475190008041807,7.739291660470958,10.440357023690144
20.989710649321864,12.511509995151336,10.570802225252773
20.989710649321864,12.511509995151336,9.31129620023935
20.989710649321864,15.850993188197377,8.146893482704002
20.989710649321864,15.850993188197377,7.234505981265404
20.989710649321864,12.511509995151336,9.985757530099466
37.9573485616164,12.511509995151336,1.8532540639482786
22.433276546017332,12.511509995151336,8.398763086193213
33.59276042235881,3.6022025395072816,0.09248307809639122
37.9573485616164,12.511509995151336,1.7006494871086395
20.989710649321864,6.4072018823093435,0.3513320942808065
20.989710649321864,15.850993188197377,8.385990442048318
20.989710649321864,15.850993188197377,7.9308087750189555
20.989710649321864,12.511509995151336,9.657350834018285
20.989710649321864,12.511509995151336,9.04862196570357
20.989710649321864,3.580811316987601,0.10867930581574708
20.989710649321864,15.850993188197377,8.71312748843515
37.9573485616164,12.511509995151336,1.6989414627474502
30.41576334716897,1.8602105646198055,0.10201579805529484
20.989710649321864,12.511509995151336,10.570569355327606
37.9573485616164,12.511509995151336,1.7185750824516952
20.989710649321864,12.511509995151336,9.60182650333057
37.9573485616164,12.511509995151336,1.7919380787906098
20.989710649321864,15.850993188197377,8.33449350423243
4.023245456607267,15.850993188197377,1.580225426838111
20.989710649321864,15.850993188197377,7.253766479121997
20.989710649321864,12.511509995151336,10.053495215372887
20.989710649321864,12.511509995151336,9.90189770319964
20.989710649321864,19.114894109946864,6.813493112691195
37.9573485616164,17.109658833436914,7.029971441953671
