14.845530458946513,8.824362719211596,10.69384122706502
14.845530458946513,8.824362719211596,10.69384122706502
89.04756183589667,0.8428608846407434,0.10439354352115754
14.845530458946513,8.824362719211596,10.69384122706502
89.04756183589667,0.8428608846407434,0.10439354352115754
89.04756183589667,0.8428608846407434,0.10439354352115754
89.04756183589667,0.8428608846407434,0.10439354352115754
89.04756183589667,0.8428608846407434,0.10439354352115754
20.487643536980453,34.64861947082325,7.41451292999608
29.17963970179568,14.420507327073892,7.2388941887451494
89.04756183589667,0.8428608846407434,0.10439354352115754
20.487643536980453,34.64861947082325,7.41451292999608
14.845530458946513,8.824362719211596,10.69384122706502
89.04756183589667,0.8428608846407434,0.10439354352115754
39.514942314227085,24.57409966109479,9.391725889466379
14.845530458946513,8.824362719211596,10.69384122706502
39.514942314227085,24.57409966109479,9.391725889466379
14.845530458946513,8.824362719211596,10.69384122706502
29.17963970179568,14.420507327073892,7.2388941887451494
0.7266831581918477,15.991911423971807,1.3457897511985035
40.806512908794076,21.312835984841357,8.73080479170697
29.17963970179568,14.420507327073892,7.2388941887451494
89.04756183589667,0.8428608846407434,0.10439354352115754
40.806512908794076,24.57409966109479,10.496388732369898
11.150208400518096,15.991911423971807,4.922417255912277
39.514942314227085,24.57409966109479,9.391725889466379
21.72057267494543,24.57409966109479,5.723371757646404
62.91391608620499,13.602114723167695,0.09399894043918283
11.150208400518096,15.991911423971807,4.922417255912277
52.974022157336414,14.821957769230337,0.09428585351752435
40.806512908794076,34.64861947082325,7.337553268997839
61.935042158073514,15.991911423971807,0.10987506101607726
39.514942314227085,24.57409966109479,9.729902408613553
95.96982193705287,16.45004972630673,0.10480729238616562
39.514942314227085,24.57409966109479,9.391725889466379
62.91391608620499,13.602114723167695,0.09399894043918283
40.806512908794076,12.134766261676777,0.09817699318166431
39.514942314227085,24.57409966109479,9.391725889466379
11.150208400518096,15.991911423971807,4.922417255912277
0.4126127952653238,24.57409966109479,0.10196874097766245
21.72057267494543,24.57409966109479,5.723371757646404
60.57748873988341,9.929897581107522,0.10645605588781237
40.806512908794076,24.57409966109479,10.041303443364699
40.806512908794076,21.312835984841357,8.73080479170697
39.514942314227085,24.57409966109479,9.729902408613553
52.974022157336414,14.821957769230337,0.09428585351752435
40.806512908794076,24.57409966109479,9.383418999027631
33.0793198322481,8.817180058826871,7.356319944608428
89.04756183589667,0.8428608846407434,0.10439354352115754
29.17963970179568,14.420507327073892,7.2388941887451494
39.514942314227085,24.57409966109479,9.225039888089084
62.91391608620499,13.602114723167695,0.09399894043918283
40.806512908794076,24.57409966109479,10.496388732369898
40.806512908794076,16.311016336589667,5.4139730479429655
2.4512176460445616,24.57409966109479,0.5768220747984002
40.806512908794076,34.64861947082325,7.286230125277691
10.564080850992198,46.34391363975131,2.75653777432675
21.72057267494543,24.57409966109479,5.723371757646404
40.806512908794076,34.64861947082325,7.337553268997839
22.84728460949691,6.048558115867387,0.0991831515484563
13.825153526693676,36.15927102033889,5.194757806728851
39.514942314227085,24.57409966109479,9.391725889466379
40.806512908794076,24.57409966109479,10.041303443364699
40.806512908794076,24.57409966109479,10.041303443364699
61.935042158073514,15.991911423971807,0.10987506101607726
40.806512908794076,37.494154162693974,7.018233913189556
14.845530458946513,8.824362719211596,10.69384122706502
20.754276091750388,24.57409966109479,4.780149166253867
63.70190150333731,39.362729549238516,4.192994902882529
40.806512908794076,12.134766261676777,0.09817699318166431
21.72057267494543,27.85787308275486,4.549782622906486
40.806512908794076,24.57409966109479,9.799017662536162
10.564080850992198,46.34391363975131,2.75653777432675
11.150208400518096,15.991911423971807,4.922417255912277
20.487643536980453,34.64861947082325,7.41451292999608
40.806512908794076,24.57409966109479,10.732635491881982
40.806512908794076,24.57409966109479,9.91263042953965
40.806512908794076,21.312835984841357,8.73080479170697
62.91391608620499,13.602114723167695,0.09399894043918283
0.4126127952653238,24.57409966109479,0.10196874097766245
40.806512908794076,24.57409966109479,9.383418999027631
39.514942314227085,24.57409966109479,9.729902408613553
32.96581786798627,24.57409966109479,8.342060875995326
89.04756183589667,0.8428608846407434,0.10439354352115754
40.806512908794076,34.64861947082325,7.337553268997839
50.052117706552515,24.57409966109479,8.441695881774331
40.806512908794076,37.494154162693974,5.950273763394191
14.214372306808816,24.57409966109479,3.695727327777915
40.806512908794076,40.60502917158597,10.649791633461557
39.514942314227085,24.57409966109479,9.225039888089084
39.514942314227085,24.57409966109479,9.742256092637186
40.806512908794076,24.57409966109479,9.91263042953965
21.72057267494543,24.57409966109479,5.6666957787922065
40.806512908794076,24.57409966109479,10.041303443364699
40.806512908794076,37.494154162693974,7.018233913189556
40.806512908794076,16.311016336589667,5.4139730479429655
40.806512908794076,24.57409966109479,9.570287847548345
40.806512908794076,24.57409966109479,10.282060457340325
33.639171427747186,24.57409966109479,8.570318516067912
40.806512908794076,12.134766261676777,0.09817699318166431
22.84728460949691,6.048558115867387,0.0991831515484563
40.806512908794076,24.57409966109479,9.477618610221406
40.806512908794076,24.57409966109479,9.799017662536162
39.514942314227085,24.57409966109479,9.391725889466379
40.806512908794076,24.57409966109479,10.85535311861484
