26.4970287307167,17.390949327689935,7.6989779756018
26.4970287307167,26.5267992573198,7.536761231708102
26.4970287307167,1.9868938244493948,0.09974347479156963
26.4970287307167,17.390949327689935,7.762351781406922
22.92830971739292,17.390949327689935,7.616241807836655
36.83093995013539,17.390949327689935,6.955178275990635
26.4970287307167,3.021091400368036,0.10939881965491176
38.58306993619965,21.312835984841357,10.402219684546361
26.4970287307167,5.325704200694815,3.0249037162149923
31.13763097312515,12.528849702498757,5.3237316376566834
27.622898211185127,22.551570419249785,7.28928957554852
6.24042440207419,12.528849702498757,2.7277867472446435
36.83093995013539,17.390949327689935,6.955178275990635
12.668287433945668,12.528849702498757,5.918722469106129
9.318380200767916,7.121454915885156,7.264874109348201
26.4970287307167,17.390949327689935,7.679200980808352
22.92830971739292,15.239171495785698,7.402501923612345
21.437934072672704,26.892955391211714,5.507080001480822
37.00408289027158,15.991911423971807,6.635287902918863
26.4970287307167,15.991911423971807,7.5617857388782035
26.4970287307167,12.528849702498757,7.782411413022832
26.4970287307167,17.390949327689935,8.3888676055581
11.162040199432088,2.227059051463546,0.09614463441415737
18.856884042925778,4.252046545593709,5.166497411754243
26.4970287307167,12.528849702498757,7.3169720727410095
36.83093995013539,17.390949327689935,6.955178275990635
1.7047509714621398,12.2728803695967,6.782348890613274
2.0697989458121935,15.991911423971807,8.276310432578907
22.406923120036573,15.991911423971807,8.647722686874744
26.4970287307167,17.390949327689935,7.762351781406922
26.4970287307167,17.390949327689935,8.468287242692945
38.576930665390265,2.5956141455622586,0.09577457471484593
10.552066000162595,17.390949327689935,3.3234214633078905
26.4970287307167,5.325704200694815,0.09610472534069453
36.83093995013539,17.390949327689935,7.4047758703114335
43.87392204452554,17.390949327689935,5.84769572752436
52.119826534192065,17.390949327689935,4.0320722175786585
3.8616299562106207,12.599540866795769,4.4860035251036035
26.4970287307167,6.121335304939784,3.0249037162149923
37.419020984891986,15.239171495785698,7.487016430990528
36.83093995013539,15.991911423971807,6.837763034060487
26.4970287307167,17.390949327689935,7.679200980808352
26.4970287307167,17.390949327689935,7.536761231708102
26.4970287307167,17.390949327689935,8.824618823088269
26.4970287307167,17.390949327689935,9.959073014936576
5.23672868325988,1.365225361600736,0.10177732025877367
2.9983809642313695,17.390949327689935,5.036295730735204
32.27649112041637,15.239171495785698,7.487016430990528
38.81470760148186,3.9820160605372426,3.254898258120832
26.4970287307167,17.390949327689935,7.762351781406922
26.4970287307167,14.668160677723721,9.623674433928798
26.4970287307167,2.2517460489318424,0.10054185457301332
111.19206807621737,0.6320900470331172,0.10523302517769484
26.4970287307167,2.3809655290515046,7.238939786536133
10.727996379485395,12.599540866795769,6.141041062115599
41.793229309179374,4.668221682218217,0.10444873428503659
26.4970287307167,15.991911423971807,10.12928002228639
24.851588664119113,3.303257331290591,4.332372574474396
26.4970287307167,15.991911423971807,9.457510271766367
26.4970287307167,2.8424561478485004,0.10983020989631817
49.36111847055004,5.6241136800185565,6.128675478856704
26.4970287307167,12.599540866795769,7.977954979789012
10.519842503317076,17.390949327689935,7.536761231708102
22.92830971739292,15.239171495785698,9.725974990929771
2.5684721342603254,7.199457307092722,0.920696218432116
26.4970287307167,17.390949327689935,8.472132323284182
38.323945446476785,17.390949327689935,6.599563134388383
26.4970287307167,12.528849702498757,7.465788253856132
36.83093995013539,15.891842463202257,6.826280607290451
26.4970287307167,17.390949327689935,7.536761231708102
26.4970287307167,17.390949327689935,8.644812135884633
26.4970287307167,5.164734120002915,0.10534362171660906
26.4970287307167,17.390949327689935,7.762351781406922
26.4970287307167,33.54727185387628,4.449529930736313
47.20774414737804,12.528849702498757,0.09415066012864609
26.4970287307167,17.390949327689935,9.52126923338483
26.4970287307167,17.390949327689935,8.2650487988258
52.189880403867534,14.785105153246336,0.09505453525730354
36.83093995013539,17.390949327689935,6.955178275990635
0.433916699665275,14.785984176608146,0.1003524774563773
