10.273002611911426,0.9633873343052093,0.10439354352115754
10.273002611911426,0.9633873343052093,0.10439354352115754
10.273002611911426,0.9633873343052093,0.10439354352115754
10.273002611911426,0.9633873343052093,0.10439354352115754
10.273002611911426,0.9633873343052093,0.10439354352115754
10.273002611911426,0.9633873343052093,0.10439354352115754
10.273002611911426,0.9633873343052093,0.10439354352115754
30.69757939190264,1.5393759315288769,0.09214694199717872
10.273002611911426,0.9633873343052093,0.10439354352115754
40.806512908794076,7.938263323715184,0.09800050497395547
78.49394939098985,23.37811290535498,0.09428585351752435
40.806512908794076,47.98839290107197,5.246176757000008
36.114354517933606,11.272792874852096,0.8086364380724945
30.69757939190264,1.5393759315288769,0.09214694199717872
78.49394939098985,23.37811290535498,0.09428585351752435
10.273002611911426,0.9633873343052093,0.10439354352115754
40.806512908794076,7.938263323715184,0.09800050497395547
23.8121820442229,3.1578862634673337,0.10512724656806656
22.617693748780574,13.904194218948863,9.964662395765226
40.806512908794076,6.707015686874452,10.732635491881982
30.69757939190264,1.5393759315288769,0.09214694199717872
10.273002611911426,0.9633873343052093,0.10439354352115754
37.525047991317535,24.57409966109479,5.804391771205672
22.617693748780574,13.904194218948863,9.964662395765226
28.683710156801826,24.57409966109479,7.243524135125551
23.8121820442229,3.1578862634673337,0.10512724656806656
61.79010400664194,24.57409966109479,2.153389052755293
40.806512908794076,7.938263323715184,0.09800050497395547
40.806512908794076,47.98839290107197,5.246176757000008
30.69757939190264,1.5393759315288769,0.09214694199717872
40.806512908794076,33.11215008934656,10.917501867684686
40.806512908794076,25.690853554110134,9.737116905685784
30.69757939190264,1.5393759315288769,0.09214694199717872
20.52562543565894,24.57409966109479,4.566608340753764
23.8121820442229,3.1578862634673337,0.10512724656806656
28.683710156801826,24.57409966109479,7.243524135125551
52.5483472228042,30.744314188265776,9.659322735687487
4.112008935372968,25.26162586866299,1.033726157970525
30.69757939190264,1.5393759315288769,0.09214694199717872
40.806512908794076,13.265030131027007,1.4914738896066184
40.806512908794076,24.57409966109479,9.128109928198326
40.806512908794076,8.024934509620454,0.10664008265918126
61.79010400664194,24.57409966109479,2.153389052755293
40.806512908794076,25.690853554110134,9.737116905685784
93.9580008115517,24.57409966109479,2.89989926331277
4.112008935372968,25.26162586866299,1.033726157970525
78.87954991923831,17.202651862879534,0.7448126431756595
4.112008935372968,25.26162586866299,1.033726157970525
40.806512908794076,25.690853554110134,9.737116905685784
20.52562543565894,24.57409966109479,4.566608340753764
153.3241940632238,44.74889085006552,0.09955771341010405
3.094601106568156,37.494154162693974,0.5405651122375499
40.806512908794076,7.938263323715184,0.09800050497395547
23.8121820442229,3.1578862634673337,0.10512724656806656
40.892998027817804,37.04283146315323,8.702579464493384
20.52562543565894,24.57409966109479,4.566608340753764
30.69757939190264,1.5393759315288769,0.09214694199717872
40.806512908794076,47.98839290107197,5.246176757000008
3.094601106568156,37.494154162693974,0.5405651122375499
40.806512908794076,13.265030131027007,1.4914738896066184
37.525047991317535,24.57409966109479,5.804391771205672
3.094601106568156,11.597202841756388,1.6648319751498213
30.69757939190264,1.5393759315288769,0.09214694199717872
52.5483472228042,30.744314188265776,9.659322735687487
72.35372175379754,24.57409966109479,2.3808211357945956
40.806512908794076,24.57409966109479,10.577741348209077
40.806512908794076,25.690853554110134,9.737116905685784
39.57124463588896,24.57409966109479,9.104186734979967
73.23743266412328,24.57409966109479,2.1017448336441076
22.617693748780574,13.904194218948863,9.964662395765226
39.514942314227085,48.40288036075306,5.2633377774295935
20.52562543565894,24.57409966109479,4.566608340753764
33.74377637230956,1.6553009210332856,0.10108149159278973
153.3241940632238,44.74889085006552,0.09955771341010405
40.806512908794076,6.100393000868582,0.10271672950439303
40.806512908794076,5.552662472527912,5.217222675927547
40.806512908794076,13.265030131027007,1.4914738896066184
61.79010400664194,24.57409966109479,2.153389052755293
50.63587574822397,24.57409966109479,10.245784959745396
22.617693748780574,13.904194218948863,9.964662395765226
76.60711994877437,13.90247985735554,0.09449966596168913
30.69757939190264,1.5393759315288769,0.09214694199717872
40.892998027817804,37.04283146315323,8.702579464493384
20.52562543565894,24.57409966109479,4.566608340753764
61.79010400664194,24.57409966109479,2.153389052755293
40.806512908794076,47.98839290107197,5.246176757000008
3.094601106568156,11.597202841756388,1.6648319751498213
40.806512908794076,13.265030131027007,1.4914738896066184
36.114354517933606,11.272792874852096,0.8086364380724945
28.683710156801826,24.57409966109479,7.243524135125551
39.514942314227085,48.40288036075306,5.2633377774295935
71.14188456230504,43.18489741262361,9.499107031597422
33.74377637230956,1.6553009210332856,0.10108149159278973
50.63587574822397,24.57409966109479,10.245784959745396
40.806512908794076,5.552662472527912,5.217222675927547
40.806512908794076,25.690853554110134,9.737116905685784
40.806512908794076,24.57409966109479,9.848886622001759
40.806512908794076,24.57409966109479,9.3043967372725
40.806512908794076,24.57409966109479,9.203765487734731
73.23743266412328,24.57409966109479,2.1017448336441076
40.806512908794076,24.57409966109479,9.46275328403318
23.8121820442229,3.1578862634673337,0.10512724656806656
40.806512908794076,18.491198635969415,6.806382324775609
40.806512908794076,24.57409966109479,9.128109928198326
40.806512908794076,24.57409966109479,9.549953084899707
40.806512908794076,24.57409966109479,9.711491221911665
40.806512908794076,24.57409966109479,9.22764655109479
40.806512908794076,8.024934509620454,0.10664008265918126
33.74377637230956,1.6553009210332856,0.10108149159278973
36.96619299002047,13.259958877457823,3.2400230392360903
40.806512908794076,32.841236098816715,8.03343732704888
72.35372175379754,24.57409966109479,2.3808211357945956
40.806512908794076,7.938263323715184,0.09800050497395547
153.3241940632238,44.74889085006552,0.09955771341010405
