31.80036730261573,9.06118060426957,0.09000450012773288
35.30788489155918,6.233542502397549,0.09912613675728493
19.412670119267137,3.366539032014317,7.221825894040085
33.81581716228667,16.419275716400257,7.646309739883208
38.33529791926543,7.486620251559215,0.10198596084083714
44.99025920441018,8.691012028890142,0.09148484692763657
33.210089067239736,8.004579267286216,0.10140182099484413
5.899646444655618,22.005285580103404,2.219374482570313
23.92317725125082,5.71296762014954,0.10041307819398776
31.80036730261573,9.06118060426957,0.09000450012773288
22.169156586202853,9.551140267722598,6.0193034748381
15.893306404412593,14.998865737710528,6.603319000391129
19.132131433745002,13.074678144568116,8.376138923321648
22.91537749756163,11.548415242944,9.666078293410582
37.97450267137782,29.345635593083603,4.820031719907135
33.210089067239736,8.004579267286216,0.10140182099484413
25.629466413917445,13.074678144568116,7.701470384864827
1.7993304513726258,17.083315171023507,7.073874665151601
5.899646444655618,22.005285580103404,2.219374482570313
28.469703212305355,16.724159474465672,8.858440836856818
23.92317725125082,5.71296762014954,0.10041307819398776
26.4970287307167,16.419275716400257,9.963918838185446
34.2810380328979,0.6577816565651347,0.10802878238437069
22.91537749756163,11.548415242944,9.666078293410582
22.91537749756163,15.086199679513769,9.255579088436303
25.629466413917445,13.074678144568116,7.701470384864827
23.794790881617697,10.408150546048152,5.695242796704146
8.987818788617467,15.991911423971807,3.6330327961225084
8.553161849815815,14.663356143743334,3.3964481357636194
26.4970287307167,11.395276333748818,5.783993816250544
81.83320635997626,13.538397999956391,0.09762220159995744
26.4970287307167,15.991911423971807,10.240525592521465
19.132131433745002,14.663356143743334,8.051517834728081
22.169156586202853,9.551140267722598,6.0193034748381
8.987818788617467,0.7479870188168132,0.09859419222156104
5.1436821087492355,15.991911423971807,1.044250868019695
26.4970287307167,16.419275716400257,10.044055788577461
36.74727870337199,14.865181127043924,4.8170635895581775
26.4970287307167,11.395276333748818,5.783993816250544
44.99025920441018,8.691012028890142,0.09148484692763657
32.09588537212373,9.877447509561366,0.48901371413308703
81.83320635997626,13.538397999956391,0.09762220159995744
33.81581716228667,16.419275716400257,7.646309739883208
11.337130366261583,16.419275716400257,3.9352553478745627
22.169156586202853,9.551140267722598,6.0193034748381
30.481497703547934,11.841966083858972,4.364200457054923
19.412670119267137,3.366539032014317,7.221825894040085
33.81581716228667,11.395276333748818,2.313037907181357
23.403045225479094,23.003350777738255,6.127054669623466
33.17038014375194,16.405051209516365,7.43965801054391
44.99025920441018,8.691012028890142,0.09148484692763657
8.987818788617467,15.766516637900953,3.5205992605244356
8.987818788617467,0.7479870188168132,0.09859419222156104
38.33529791926543,7.486620251559215,0.10198596084083714
26.4970287307167,15.991911423971807,10.240525592521465
15.822645945220362,11.014122845767684,8.610716989740087
34.2810380328979,0.6577816565651347,0.10802878238437069
37.97450267137782,15.991911423971807,5.621223186654381
26.4970287307167,11.395276333748818,6.620179011266093
26.098454774606992,11.925357432762972,6.987901100086702
81.83320635997626,13.538397999956391,0.09762220159995744
36.74727870337199,14.865181127043924,4.8170635895581775
8.987818788617467,15.991911423971807,3.274641605116713
8.987818788617467,15.991911423971807,3.6330327961225084
