22.91537749756163,15.086199679513769,9.255579088436303
19.132131433745002,16.419275716400257,5.640449588351002
23.403045225479094,23.003350777738255,6.127054669623466
26.4970287307167,3.597145771477148,6.154773348429249
8.987818788617467,27.252285624004486,3.7016095725397116
26.4970287307167,16.419275716400257,6.185306934563259
37.97450267137782,14.845262321105057,4.24351925781811
26.4970287307167,29.345635593083603,6.541245854807631
28.469703212305355,16.724159474465672,8.858440836856818
5.899646444655618,22.005285580103404,2.219374482570313
26.4970287307167,15.991911423971807,6.238565383072045
26.4970287307167,16.419275716400257,5.917915704681432
26.4970287307167,16.419275716400257,10.044055788577461
33.81581716228667,11.395276333748818,2.313037907181357
3.0885300562450837,16.15985872443388,7.64057080439069
26.4970287307167,15.086199679513769,7.449180025058837
33.210089067239736,8.004579267286216,0.10140182099484413
26.4970287307167,26.892955391211714,10.240525592521465
8.553161849815815,9.226292448594286,3.3964481357636194
37.97450267137782,15.991911423971807,4.315768310194661
5.1436821087492355,15.991911423971807,2.0103148623393317
8.987818788617467,27.252285624004486,1.9454451700316535
15.636949969207201,0.6577816565651347,0.10802878238437069
37.97450267137782,6.176884400599381,1.7559285152405528
37.97450267137782,27.252285624004486,4.591375863092791
32.09588537212373,9.877447509561366,0.48901371413308703
26.4970287307167,29.345635593083603,6.541245854807631
26.4970287307167,16.419275716400257,9.963918838185446
26.098454774606992,14.663356143743334,5.682825272927397
8.987818788617467,16.419275716400257,4.381044746196762
37.97450267137782,15.991911423971807,5.621223186654381
30.481497703547934,11.841966083858972,4.364200457054923
26.4970287307167,11.395276333748818,6.620179011266093
25.629466413917445,13.074678144568116,7.701470384864827
26.4970287307167,15.991911423971807,6.154773348429249
11.337130366261583,16.419275716400257,3.9352553478745627
49.849741277393235,12.740859310138822,2.8987786212157243
26.098454774606992,42.24958341730385,10.0
15.893306404412593,14.998865737710528,6.603319000391129
37.97450267137782,14.845262321105057,4.24351925781811
1.7993304513726258,17.083315171023507,0.653200328611949
26.4970287307167,15.086199679513769,9.031263649867375
24.498026435537376,12.131358096833385,7.631933350756935
33.6078837804956,25.06415682414422,8.515493473857775
24.498026435537376,15.991911423971807,8.526677087057275
38.33529791926543,7.486620251559215,0.10198596084083714
26.4970287307167,13.672234613769827,5.470500384626719
8.987818788617467,15.766516637900953,3.5205992605244356
26.4970287307167,13.581354704323887,8.632214473726876
44.99025920441018,8.691012028890142,0.09148484692763657
33.81581716228667,16.419275716400257,6.966964395206909
8.987818788617467,15.991911423971807,5.102687169701639
15.822645945220362,11.014122845767684,8.610716989740087
8.987818788617467,0.09912687021580913,0.09859419222156104
37.97450267137782,29.345635593083603,5.338441120580844
23.794790881617697,10.408150546048152,5.926150620319119
19.132131433745002,11.494027097909616,4.573664451970455
26.4970287307167,27.252285624004486,5.321065746494475
19.412670119267137,3.4873254513774796,0.09951144599813971
44.35981630405064,12.458564326947716,5.79133256074177
19.132131433745002,13.074678144568116,8.258008980247881
15.180706708980269,7.301093585255047,6.841861832011997
37.97450267137782,14.845262321105057,4.24351925781811
31.80036730261573,9.06118060426957,0.09000450012773288
30.076795487907646,8.793833086815447,0.09333109977511095
35.30788489155918,6.233542502397549,0.09912613675728493
36.74727870337199,14.865181127043924,4.8170635895581775
19.132131433745002,14.663356143743334,8.051517834728081
19.132131433745002,11.925357432762972,4.711955234380957
19.356162203378112,17.368296423203866,3.825878445320038
81.83320635997626,13.538397999956391,0.09762220159995744
37.97450267137782,15.991911423971807,5.346090166529304
31.665216458676397,11.79427187883704,3.916710253668027
37.97450267137782,29.345635593083603,7.13316698121035
23.92317725125082,5.71296762014954,0.10041307819398776
16.519671103300126,0.7479870188168132,3.4377158244595996
3.6712193747496293,27.252285624004486,2.7425412887804295
26.4970287307167,16.419275716400257,5.449614249411315
37.97450267137782,29.345635593083603,4.820031719907135
8.987818788617467,11.925357432762972,4.482469190397624
