32.450883908207004,24.57409966109479,5.6666957787922065
45.56663195115099,34.93324565228225,6.650923789338685
5.427772131412759,24.57409966109479,4.283923436031643
2.4512176460445616,24.57409966109479,0.5768220747984002
21.186612315250798,40.60502917158597,10.649791633461557
40.806512908794076,43.22559964539109,4.459105270866125
39.514942314227085,33.44780426974241,6.904956712180611
40.806512908794076,13.723349521519474,6.6110587642269465
53.184384656431654,24.57409966109479,7.49700828728997
40.806512908794076,24.57409966109479,7.711441836477914
40.806512908794076,24.57409966109479,9.213660384406811
40.806512908794076,24.57409966109479,7.715144088679629
32.96581786798627,24.57409966109479,8.017685804331686
5.644616788196137,24.68854171956155,3.6926354527806193
33.820976062296076,30.200925486401903,6.703757529696744
20.754276091750388,3.1850206530717458,4.780149166253867
39.514942314227085,24.57409966109479,7.74382743307552
39.514942314227085,24.57409966109479,7.74382743307552
72.4074368276095,24.57409966109479,2.447560204345843
39.514942314227085,24.57409966109479,7.74382743307552
39.514942314227085,24.57409966109479,7.74382743307552
40.806512908794076,24.57409966109479,7.70889578823275
40.806512908794076,24.57409966109479,10.917501867684686
39.514942314227085,9.521326246389496,7.7733444867459625
72.4464786065967,19.801012824880374,7.317833557332152
39.514942314227085,24.57409966109479,9.961926561935284
50.052117706552515,24.57409966109479,8.441695881774331
40.806512908794076,25.355964100112562,9.799017662536162
39.514942314227085,24.57409966109479,9.177758474472766
40.806512908794076,24.57409966109479,10.85535311861484
39.514942314227085,24.57409966109479,7.74382743307552
11.150208400518096,15.991911423971807,3.9633354442296183
22.629626561081928,37.494154162693974,7.315714341377298
39.514942314227085,24.57409966109479,7.74382743307552
28.34159606651889,24.57409966109479,7.013268158514512
40.806512908794076,29.59636724847846,8.059661747059678
73.24926033934075,1.5393759315288769,0.10789681604976348
62.91391608620499,13.602114723167695,0.09399894043918283
33.639171427747186,24.57409966109479,8.570318516067912
60.57748873988341,9.929897581107522,0.10645605588781237
40.806512908794076,27.05548258163546,9.611554472130194
40.806512908794076,24.57409966109479,7.711441836477914
10.564080850992198,90.45608839649825,0.7007780198679737
28.350042374559024,16.315009912059843,9.599179458675899
39.514942314227085,19.176552779577136,8.195517669883385
54.53002304882582,37.494154162693974,7.018233913189556
57.1531761533065,24.57409966109479,7.82094936514073
40.806512908794076,37.494154162693974,7.315714341377298
0.4126127952653238,24.57409966109479,0.09381942188763852
22.84728460949691,6.048558115867387,0.0991831515484563
39.514942314227085,24.57409966109479,7.212774394066269
39.514942314227085,24.57409966109479,7.82094936514073
89.04756183589667,0.8428608846407434,0.10439354352115754
16.728904144591002,34.64861947082325,7.107956457672784
39.514942314227085,24.57409966109479,9.391725889466379
39.514942314227085,24.57409966109479,7.74382743307552
39.514942314227085,37.494154162693974,6.760188518898411
40.806512908794076,34.64861947082325,7.337553268997839
39.514942314227085,12.166572827486837,9.565534537729391
39.514942314227085,24.57409966109479,7.212774394066269
63.70190150333731,39.362729549238516,4.192994902882529
10.640997191585079,15.991911423971807,0.10987506101607726
39.514942314227085,24.57409966109479,7.74382743307552
39.514942314227085,24.57409966109479,7.74382743307552
39.514942314227085,24.57409966109479,7.74382743307552
40.806512908794076,24.57409966109479,9.889121285635236
21.72057267494543,27.85787308275486,4.267055003306172
86.36777407802875,19.526926567756842,0.10685443050400532
40.806512908794076,24.57409966109479,9.870988967368655
95.96982193705287,32.49318205613898,2.135514603170271
0.7266831581918477,15.991911423971807,1.3457897511985035
40.806512908794076,24.57409966109479,10.732635491881982
5.133814785935243,24.57409966109479,7.36743875118587
40.806512908794076,34.64861947082325,7.286230125277691
40.97225605325575,24.57409966109479,5.723371757646404
52.974022157336414,17.959517991798563,0.09428585351752435
20.487643536980453,34.64861947082325,7.41451292999608
40.806512908794076,24.57409966109479,7.711441836477914
3.094601106568156,37.494154162693974,5.950273763394191
39.514942314227085,24.57409966109479,7.212774394066269
