27.05808514276914,15.771057638543716,9.707979555512326
19.052478649244215,10.034466110426687,8.610055359695982
27.05808514276914,16.185277312902212,9.971376794533263
27.05808514276914,16.185277312902212,8.9161329976717
27.05808514276914,16.185277312902212,9.971376794533263
27.05808514276914,16.185277312902212,8.9161329976717
22.96307328549318,16.366387801304928,8.416694704256543
21.829336558977175,25.163373611801852,5.203985419767752
24.146214805492356,16.883458973094072,8.579303530156613
27.05808514276914,16.185277312902212,7.977771922512787
19.523791372347354,14.628166073989565,8.006425670642399
27.05808514276914,16.185277312902212,9.971376794533263
27.05808514276914,15.55461093807804,9.564763252950797
28.86420703551197,22.690800789556548,7.630872691383653
27.05808514276914,16.185277312902212,9.971376794533263
53.65191627909002,16.237006395783787,7.699888122765094
15.424335121944202,15.663614439459804,5.907161823233062
31.48741998219557,17.22130415883262,9.031798010037091
20.23793237740362,14.33602652102553,7.488661696445561
32.90228796408766,16.185277312902212,7.805321520404172
27.05808514276914,13.919941868976235,8.9161329976717
27.05808514276914,15.877509496892625,9.776983116977373
24.15939902774152,15.877509496892625,9.127842670355562
29.6382738068365,15.771057638543716,7.7554885938002425
27.05808514276914,15.55461093807804,9.564763252950797
17.143440180192783,13.750561269521945,7.478972752515051
27.05808514276914,15.55461093807804,9.564763252950797
27.05808514276914,9.700808923840505,3.2677822105967955
27.05808514276914,16.364370472751908,9.918869040355428
27.05808514276914,16.185277312902212,9.121555467864198
31.502575308453757,13.972909467713835,8.500159330131236
18.45971702512551,10.444245562195627,9.397400294704509
28.20336669688826,25.384751499756124,6.664881588869335
27.787102740470303,16.102536610714914,9.648259611706992
27.05808514276914,16.185277312902212,9.971376794533263
27.809146964983107,15.210484951414895,9.032465564427422
27.05808514276914,5.4448601162284955,0.1
27.05808514276914,15.55461093807804,9.564763252950797
27.05808514276914,14.266517477957116,8.622587965291713
21.750735869023465,11.8037491238015,8.946027386575878
52.97937284589676,16.185277312902212,8.824491025356826
27.05808514276914,16.102536610714914,9.91984607325299
27.05808514276914,15.223383162345662,9.162921001945389
27.05808514276914,15.672376635602749,9.643175925318562
19.436045324197654,16.185277312902212,8.675195166771996
27.05808514276914,16.185277312902212,9.971376794533263
28.573373081843872,15.223383162345662,8.740613339906727
27.05808514276914,22.22222184174568,7.3042222691776795
40.24782105291728,16.185277312902212,7.135020343460277
27.05808514276914,16.185277312902212,9.971376794533263
27.05808514276914,16.185277312902212,9.971376794533263
27.05808514276914,16.185277312902212,9.121555467864198
42.257342191110645,16.185277312902212,4.338028346681794
27.05808514276914,16.185277312902212,9.971376794533263
27.05808514276914,15.55461093807804,9.152253575622094
27.05808514276914,16.185277312902212,9.971376794533263
7.059895110323421,16.185277312902212,5.414219995252615
27.05808514276914,20.472822674303686,7.9283668026302605
27.05808514276914,15.223383162345662,9.337715150692214
27.05808514276914,15.877509496892625,9.138131906135449
27.05808514276914,16.185277312902212,9.121555467864198
27.05808514276914,15.877509496892625,9.776983116977373
27.05808514276914,16.185277312902212,9.121555467864198
27.05808514276914,16.185277312902212,9.971376794533263
27.05808514276914,16.102536610714914,9.1262952345894
27.05808514276914,16.185277312902212,9.121555467864198
27.05808514276914,16.185277312902212,9.121555467864198
27.05808514276914,15.223383162345662,9.337715150692214
27.05808514276914,16.53232669947124,9.81810065804451
27.05808514276914,16.185277312902212,9.971376794533263
27.05808514276914,15.223383162345662,9.337715150692214
27.05808514276914,16.185277312902212,9.121555467864198
41.01482683728188,16.185277312902212,7.004496106482564
17.706401327400147,14.132949283178721,7.515569638243595
27.05808514276914,15.223383162345662,9.337715150692214
21.99894660754535,16.185277312902212,8.974083039103537
27.05808514276914,15.223383162345662,9.162921001945389
30.30933882764808,24.83748287685355,7.320374207545916
27.05808514276914,24.83748287685355,7.80163376788784
27.05808514276914,16.185277312902212,9.971376794533263
