27.05808514276914,16.185277312902212,9.971376794533263
27.05808514276914,14.842398625103955,9.064028547747714
16.938281049056584,16.185277312902212,9.431152694578582
27.98789995935345,16.185277312902212,9.626756604405873
27.05808514276914,16.185277312902212,9.971376794533263
27.05808514276914,16.185277312902212,9.971376794533263
27.05808514276914,18.672483732216076,8.692793630182027
27.05808514276914,16.185277312902212,9.971376794533263
34.42348729536745,13.203558023323954,9.280785652833059
27.05808514276914,16.185277312902212,9.971376794533263
27.05808514276914,12.963696856270943,8.606693150836314
27.05808514276914,0.2798666193947419,0.1
27.05808514276914,16.53232669947124,9.394662496573464
27.05808514276914,12.1694176524502,9.971376794533263
27.05808514276914,16.772357273268902,9.677593018232333
17.820059613016173,13.597238318260626,7.861815420191529
27.05808514276914,16.185277312902212,9.328960154571163
5.19231532540433,16.185277312902212,1.9244441610594094
28.768510564902897,16.185277312902212,9.337436440324025
27.05808514276914,29.753050645371683,5.455442185802717
8.649479255387817,20.534683978884683,2.5267736423912823
28.37572534447421,16.185277312902212,9.483015662045418
27.05808514276914,16.185277312902212,8.945877830336496
27.05808514276914,17.958876089903736,9.03820744875775
27.05808514276914,14.077143611934765,8.798139361896425
27.05808514276914,16.185277312902212,9.971376794533263
27.05808514276914,16.185277312902212,9.971376794533263
27.05808514276914,16.185277312902212,8.735294576225867
27.05808514276914,15.728370948394026,9.68004708309229
27.05808514276914,16.185277312902212,9.971376794533263
27.98789995935345,16.185277312902212,9.626756604405873
28.37572534447421,16.185277312902212,9.483015662045418
27.05808514276914,16.185277312902212,9.971376794533263
27.98789995935345,16.185277312902212,9.626756604405873
27.05808514276914,28.231508279647535,5.749464252467914
27.05808514276914,16.185277312902212,9.971376794533263
27.05808514276914,16.185277312902212,9.971376794533263
27.05808514276914,21.108881650893142,9.971376794533263
27.05808514276914,19.207188567817234,8.450796797978827
57.33694944163607,16.185277312902212,0.1
27.05808514276914,16.185277312902212,9.971376794533263
2.079584598336073,24.177154013505096,0.5159835016367323
27.05808514276914,16.185277312902212,9.971376794533263
60.592165980381324,20.370534741194852,2.1565656257778123
27.05808514276914,16.185277312902212,9.971376794533263
27.05808514276914,16.185277312902212,9.971376794533263
27.05808514276914,16.185277312902212,9.971376794533263
27.05808514276914,17.866616344609497,9.971376794533263
12.826788454149007,16.185277312902212,4.754032950379243
12.826788454149007,16.185277312902212,4.754032950379243
27.05808514276914,16.185277312902212,8.945877830336496
24.981009419379486,16.185277312902212,9.258790096834373
24.981009419379486,16.185277312902212,8.848593666680001
27.05808514276914,14.360946645408477,8.891871952314757
60.592165980381324,14.842398625103955,0.1
60.592165980381324,16.185277312902212,5.4721437792777845
27.05808514276914,16.396408238570704,8.929200332287586
36.32087418200147,23.072164272003967,6.373302481094065
36.32087418200147,16.185277312902212,8.51062283998322
27.05808514276914,16.185277312902212,8.945877830336496
27.05808514276914,22.20070920029839,7.311300111300219
27.05808514276914,15.924345447596359,8.960070892020386
35.237114451439496,7.020692301366866,0.1
27.05808514276914,16.185277312902212,9.971376794533263
27.05808514276914,16.185277312902212,9.971376794533263
27.05808514276914,16.185277312902212,8.945877830336496
27.05808514276914,16.185277312902212,9.971376794533263
27.05808514276914,16.185277312902212,9.971376794533263
27.05808514276914,16.53232669947124,8.916040673364437
27.05808514276914,16.53232669947124,8.916040673364437
27.05808514276914,14.842398625103955,9.064028547747714
27.05808514276914,16.185277312902212,9.971376794533263
48.75460977949233,20.422485913385366,5.679061496999532
27.05808514276914,16.185277312902212,8.945877830336496
27.05808514276914,16.185277312902212,8.945877830336496
27.05808514276914,16.185277312902212,9.971376794533263
28.877127183991885,16.185277312902212,8.971058860874825
8.649479255387817,16.185277312902212,6.125698933474121
27.05808514276914,2.865304097868142,3.842558518808618
8.649479255387817,16.185277312902212,6.125698933474121
