27.05808514276914,2.2608782445925755,0.1
15.632283481321084,16.185277312902212,8.858114368365136
47.10135648522629,16.185277312902212,2.5426760924014253
27.05808514276914,21.27379220513973,7.629859598227625
27.05808514276914,16.185277312902212,9.971376794533263
27.05808514276914,12.934713107259427,7.45112888851104
27.05808514276914,15.771057638543716,9.707979555512326
27.05808514276914,12.993447736104077,7.507853885765206
28.005665448234375,13.203558023323954,7.706643363829979
40.496412436199115,5.230569879839743,0.1
19.523791372347354,23.059424679176985,8.006425670642399
27.05808514276914,16.185277312902212,9.971376794533263
27.05808514276914,16.185277312902212,9.971376794533263
27.05808514276914,14.132949283178721,8.515061902877076
27.05808514276914,16.185277312902212,9.971376794533263
27.05808514276914,16.185277312902212,9.321049285214723
27.05808514276914,16.185277312902212,9.971376794533263
27.05808514276914,16.185277312902212,9.971376794533263
27.05808514276914,16.53232669947124,9.81810065804451
27.05808514276914,16.53232669947124,9.81810065804451
27.05808514276914,16.53232669947124,9.81810065804451
27.05808514276914,15.877509496892625,9.776983116977373
24.15939902774152,15.877509496892625,9.127842670355562
30.538867337358063,16.185277312902212,9.971376794533263
27.05808514276914,16.53232669947124,9.81810065804451
27.05808514276914,16.185277312902212,9.971376794533263
27.05808514276914,26.811401341311935,6.05399343289764
27.05808514276914,15.811363306745955,8.878065384741
38.56888041774238,14.680617591737011,4.239967585910124
27.05808514276914,16.185277312902212,9.971376794533263
41.71995138193099,0.15722737882963145,0.1
18.45971702512551,10.444245562195627,9.397400294704509
27.05808514276914,16.185277312902212,9.971376794533263
27.05808514276914,16.185277312902212,9.28373981574273
27.05808514276914,16.185277312902212,9.971376794533263
15.632283481321084,31.606904401613768,10.0
27.05808514276914,7.902283583516967,0.1
27.05808514276914,24.07213076037521,6.742903204658209
27.05808514276914,16.185277312902212,9.971376794533263
27.05808514276914,5.929981837997396,4.936935725777299
27.05808514276914,16.185277312902212,9.971376794533263
27.05808514276914,16.185277312902212,9.971376794533263
27.05808514276914,16.185277312902212,9.28373981574273
27.05808514276914,16.185277312902212,9.971376794533263
27.05808514276914,16.185277312902212,9.971376794533263
15.632283481321084,16.53232669947124,8.88468807194944
27.05808514276914,16.53232669947124,9.81810065804451
27.05808514276914,25.462836654666333,9.971376794533263
27.05808514276914,16.185277312902212,9.288896442520276
27.05808514276914,29.84982124991325,9.971376794533263
27.05808514276914,16.185277312902212,9.971376794533263
27.05808514276914,16.185277312902212,9.28373981574273
27.05808514276914,16.185277312902212,9.971376794533263
27.05808514276914,16.53232669947124,9.81810065804451
27.05808514276914,16.53232669947124,9.310313519327035
27.05808514276914,16.185277312902212,9.971376794533263
27.05808514276914,22.940252609144054,8.469578842737441
31.502575308453757,16.185277312902212,8.324101424643882
15.632283481321084,16.185277312902212,5.793842396756054
15.632283481321084,31.606904401613768,10.0
27.05808514276914,25.270540032491176,6.423133318021311
27.05808514276914,16.185277312902212,9.971376794533263
15.632283481321084,31.606904401613768,10.0
36.30190530670937,16.53232669947124,6.8277537564287165
27.05808514276914,16.185277312902212,9.971376794533263
27.05808514276914,16.185277312902212,9.971376794533263
27.05808514276914,16.185277312902212,9.28373981574273
27.05808514276914,16.185277312902212,9.28373981574273
27.05808514276914,16.185277312902212,9.971376794533263
27.05808514276914,16.185277312902212,9.971376794533263
27.05808514276914,23.507824244825148,6.9047669387275
26.766300416764885,16.53232669947124,9.317824108638295
15.632283481321084,16.185277312902212,8.858114368365136
27.05808514276914,16.185277312902212,9.28373981574273
27.05808514276914,16.185277312902212,9.971376794533263
27.05808514276914,16.185277312902212,9.28373981574273
37.53940430141205,16.185277312902212,6.0866525066300134
28.347246051506502,16.185277312902212,9.211327150547525
52.95657499979427,16.185277312902212,10.0
27.05808514276914,16.185277312902212,9.971376794533263
