27.05808514276914,16.185277312902212,9.971376794533263
27.05808514276914,23.96363016454558,6.773433179052878
2.1683470460871312,5.1450475857315965,2.528155583330163
27.98789995935345,16.185277312902212,9.626756604405873
27.05808514276914,16.185277312902212,9.971376794533263
7.909280965300269,16.185277312902212,7.533680127440108
34.9050761495441,15.771057638543716,6.723237972975726
4.774627865264435,6.334121877110983,4.521864173048338
34.42348729536745,13.203558023323954,9.280785652833059
27.05808514276914,16.185277312902212,9.971376794533263
27.05808514276914,25.335005433593057,6.40678953365693
27.05808514276914,16.185277312902212,9.971376794533263
33.07378955822522,26.972388045107575,7.355783863342102
27.05808514276914,16.185277312902212,9.971376794533263
27.05808514276914,16.772357273268902,9.677593018232333
20.828744918091,16.185277312902212,8.794703796604459
27.05808514276914,16.185277312902212,9.971376794533263
23.812276332062197,16.185277312902212,8.825618876527265
28.768510564902897,16.185277312902212,9.337436440324025
27.05808514276914,16.53232669947124,9.81810065804451
27.05808514276914,28.638563619999704,5.667744018199719
28.37572534447421,16.185277312902212,9.483015662045418
24.15939902774152,18.672483732216076,7.761549602245228
30.538867337358063,30.547695045322612,9.971376794533263
50.35060114528389,16.53232669947124,9.81810065804451
27.05808514276914,16.185277312902212,9.971376794533263
27.05808514276914,16.185277312902212,9.971376794533263
27.05808514276914,16.185277312902212,9.22581371440053
27.05808514276914,15.728370948394026,9.68004708309229
27.05808514276914,16.185277312902212,9.971376794533263
48.156496069399424,16.185277312902212,2.151606389463744
28.37572534447421,16.185277312902212,9.483015662045418
27.05808514276914,21.99682098720006,7.379068445460234
27.05808514276914,2.7660362945885115,0.1
27.05808514276914,15.510612963496278,9.535162277010526
27.05808514276914,16.185277312902212,9.971376794533263
27.05808514276914,19.21538647013127,9.888149637935397
27.05808514276914,16.185277312902212,9.971376794533263
36.32087418200147,16.185277312902212,6.538280157574368
27.05808514276914,16.185277312902212,9.971376794533263
27.05808514276914,16.185277312902212,9.971376794533263
27.05808514276914,16.185277312902212,9.971376794533263
35.237114451439496,31.493267746992956,6.7119237141307675
36.32087418200147,16.185277312902212,9.971376794533263
36.32087418200147,17.572364272391194,8.720186430057797
67.68955156766575,16.185277312902212,0.1
27.05808514276914,16.185277312902212,9.971376794533263
36.32087418200147,16.185277312902212,6.538280157574368
27.05808514276914,29.51462925845346,8.759975370283147
27.05808514276914,16.185277312902212,9.22581371440053
13.180326597377451,16.185277312902212,8.571289700151103
27.05808514276914,16.185277312902212,9.22581371440053
27.05808514276914,19.115423632188794,8.491365442393786
27.05808514276914,16.185277312902212,9.22581371440053
27.05808514276914,16.185277312902212,9.971376794533263
27.05808514276914,16.185277312902212,9.971376794533263
27.05808514276914,16.185277312902212,9.22581371440053
30.358716052926045,29.1357771153752,8.520580950881836
34.68574501905537,16.185277312902212,8.939332158325254
27.05808514276914,16.185277312902212,9.971376794533263
27.05808514276914,16.185277312902212,9.971376794533263
27.05808514276914,12.687087983030947,7.206201465286277
26.66242349933652,16.185277312902212,9.232970996782907
27.05808514276914,16.185277312902212,9.22581371440053
27.05808514276914,16.185277312902212,9.971376794533263
27.05808514276914,16.185277312902212,9.22581371440053
34.68574501905537,16.185277312902212,8.939332158325254
27.05808514276914,16.53232669947124,9.81810065804451
27.05808514276914,16.185277312902212,9.22581371440053
27.05808514276914,16.185277312902212,9.971376794533263
20.828744918091,16.185277312902212,7.719823244112147
27.05808514276914,16.510719398072006,9.83094944161182
27.05808514276914,16.185277312902212,9.971376794533263
27.05808514276914,16.185277312902212,9.22581371440053
8.649479255387817,16.185277312902212,7.7173382555811205
7.909280965300269,16.185277312902212,7.533680127440108
8.649479255387817,16.185277312902212,3.2057837026566527
27.05808514276914,16.185277312902212,9.971376794533263
27.98789995935345,16.185277312902212,9.626756604405873
7.909280965300269,16.185277312902212,7.533680127440108
