27.05808514276914,15.205541453606488,9.324300307699051
27.05808514276914,16.185277312902212,9.5097583067121
15.993398302097999,16.185277312902212,8.887365320678668
27.05808514276914,14.28583648842641,8.637973857632709
52.506500734818886,16.185277312902212,9.971376794533263
27.05808514276914,27.36900395399681,5.930652351101792
25.312285878613075,16.185277312902212,9.38157213292323
24.07103146487585,14.71182355189204,9.815051738356335
27.05808514276914,18.596597135208047,8.728266062170064
27.05808514276914,8.60568640333279,9.971376794533263
27.05808514276914,15.205541453606488,9.324300307699051
25.633371842311398,16.185277312902212,9.971376794533263
27.05808514276914,16.185277312902212,9.971376794533263
27.05808514276914,16.185277312902212,9.971376794533263
27.05808514276914,16.185277312902212,9.971376794533263
48.61011518938361,14.28583648842641,8.637973857632709
27.05808514276914,18.596597135208047,8.95570247473854
27.05808514276914,2.219477498817591,0.1
2.699766240846486,16.185277312902212,1.0006228537396753
27.05808514276914,16.185277312902212,9.971376794533263
44.76538061249118,40.16814962081507,6.685360876583642
27.05808514276914,16.185277312902212,9.971376794533263
27.05808514276914,14.313226839836396,9.971376794533263
18.473579961302942,16.185277312902212,6.846921048198309
25.17486615275314,29.8158316530546,5.065060564977516
27.05808514276914,16.185277312902212,9.971376794533263
27.05808514276914,16.185277312902212,9.971376794533263
27.05808514276914,16.185277312902212,9.971376794533263
27.05808514276914,16.185277312902212,9.971376794533263
31.173224659819972,16.185277312902212,9.971376794533263
27.05808514276914,16.185277312902212,9.971376794533263
28.56301517663858,16.185277312902212,9.413599842445429
9.766300863837223,18.596597135208047,5.916100648016689
20.263639590778016,16.185277312902212,7.5103764791573715
27.05808514276914,16.185277312902212,9.971376794533263
27.05808514276914,16.185277312902212,9.971376794533263
27.05808514276914,16.185277312902212,9.971376794533263
27.05808514276914,16.185277312902212,9.971376794533263
27.102221548754738,16.185277312902212,9.955018379555353
27.05808514276914,16.185277312902212,9.236696836541448
26.21678403400399,23.819833319448566,9.971376794533263
27.05808514276914,15.07410777378871,9.232129019979197
1.4371363123969587,28.38891497055041,0.30367816679833726
27.05808514276914,16.185277312902212,9.971376794533263
27.05808514276914,16.185277312902212,9.971376794533263
44.47094700237163,16.185277312902212,9.971376794533263
25.312285878613075,16.185277312902212,9.38157213292323
27.05808514276914,16.185277312902212,9.971376794533263
27.05808514276914,16.185277312902212,9.236696836541448
25.312285878613075,16.185277312902212,9.098968960144433
27.05808514276914,16.185277312902212,9.236696836541448
27.05808514276914,16.185277312902212,9.236696836541448
25.312285878613075,16.185277312902212,9.098968960144433
26.46995195212454,16.185277312902212,9.810641551093095
27.05808514276914,16.185277312902212,9.971376794533263
27.05808514276914,16.185277312902212,9.971376794533263
27.05808514276914,16.185277312902212,9.971376794533263
26.826517848780682,1.738929565501671,4.563804270761947
27.05808514276914,15.205541453606488,9.325204357745058
27.05808514276914,28.560374161100714,7.970564606612534
27.05808514276914,16.185277312902212,9.971376794533263
27.05808514276914,16.185277312902212,9.971376794533263
27.05808514276914,16.185277312902212,9.971376794533263
35.03741882188839,16.185277312902212,9.295082233360292
27.05808514276914,16.185277312902212,9.971376794533263
27.05808514276914,16.185277312902212,9.236696836541448
27.05808514276914,16.185277312902212,9.236696836541448
27.05808514276914,20.14079802507368,8.754183105887982
27.05808514276914,16.185277312902212,9.971376794533263
27.05808514276914,15.205541453606488,9.324300307699051
27.05808514276914,16.185277312902212,9.971376794533263
27.05808514276914,22.15351315372039,7.326876171774434
27.05808514276914,21.796471808105743,7.44689549189896
27.05808514276914,28.560374161100714,7.970564606612534
27.05808514276914,16.185277312902212,9.236696836541448
27.05808514276914,16.185277312902212,9.971376794533263
27.05808514276914,16.185277312902212,9.971376794533263
23.06581905246227,11.246922445294073,7.697324175601853
27.05808514276914,16.185277312902212,9.971376794533263
27.05808514276914,16.185277312902212,9.236696836541448
