27.05808514276914,8.241874547387662,5.937249378185309
27.05808514276914,16.185277312902212,9.971376794533263
43.89708219288852,15.205541453606488,9.325204357745058
27.05808514276914,14.28583648842641,8.637973857632709
27.05808514276914,16.185277312902212,9.971376794533263
27.05808514276914,16.185277312902212,9.971376794533263
25.312285878613075,16.185277312902212,9.38157213292323
24.07103146487585,14.71182355189204,9.815051738356335
27.05808514276914,18.596597135208047,8.728266062170064
27.05808514276914,3.413374477503842,0.1
27.05808514276914,39.89303746172299,5.8938731818842784
25.633371842311398,16.185277312902212,9.500577233598477
26.90984672820156,16.185277312902212,9.973681135603698
13.020104156843622,16.185277312902212,9.971376794533263
27.05808514276914,32.166350971873904,4.320296563962367
27.05808514276914,1.3779296372133576,0.1
9.344333800918164,18.596597135208047,8.728266062170064
27.05808514276914,16.185277312902212,9.971376794533263
10.354047516266462,32.260623841796,1.9253149917263317
27.05808514276914,16.185277312902212,9.971376794533263
27.05808514276914,16.185277312902212,8.660432907538109
27.05808514276914,9.24086454282018,2.4349716528201704
27.05808514276914,14.313226839836396,8.659716675814192
27.05808514276914,16.57736868032247,9.791424126300363
27.05808514276914,17.561295502404516,9.971376794533263
27.05808514276914,18.222112615483407,8.90764156013199
27.05808514276914,20.14079802507368,8.059067344055332
27.05808514276914,16.62470553427716,9.971376794533263
6.427816213147377,16.185277312902212,2.382361741250993
27.05808514276914,23.5577069712606,6.890146305202968
33.460974996904184,16.185277312902212,9.971376794533263
44.62508671398797,24.292519921144063,8.980271221070465
27.05808514276914,16.185277312902212,9.971376794533263
27.05808514276914,15.205541453606488,9.325204357745058
24.34750710152351,16.185277312902212,9.023993140137488
27.05808514276914,16.185277312902212,9.971376794533263
27.05808514276914,16.185277312902212,9.971376794533263
27.05808514276914,16.185277312902212,9.971376794533263
26.90984672820156,20.14079802507368,8.64057571648561
27.05808514276914,18.596597135208047,8.270422281001538
27.05808514276914,23.43587048383339,7.757414708194554
27.05808514276914,15.07410777378871,9.232129019979197
43.154391204767535,0.7532361666899643,0.1
18.282545479719438,16.185277312902212,6.776117337405618
26.16593180172723,16.185277312902212,9.69796160648073
4.919629775485745,16.185277312902212,1.823377857982905
25.312285878613075,11.789247334432703,9.38157213292323
41.72670967435184,18.596597135208047,6.987905242898201
27.05808514276914,16.185277312902212,9.971376794533263
27.05808514276914,11.000311941905561,5.244414112590361
27.05808514276914,20.14079802507368,8.606571221354836
28.442043427610425,16.185277312902212,9.458435982294514
26.16593180172723,23.508897365085126,7.9293972741941
25.312285878613075,27.36900395399681,6.4962657399318005
0.9819956899249211,6.5507931317614485,0.1
26.90984672820156,23.079731957597907,6.994309782573763
25.312285878613075,16.185277312902212,9.029903624538361
44.308242099744184,16.185277312902212,6.6731707854363105
25.312285878613075,16.185277312902212,9.38157213292323
26.90984672820156,16.185277312902212,9.973681135603698
27.05808514276914,19.38378712318147,8.703504037930726
27.05808514276914,16.185277312902212,8.660432907538109
27.05808514276914,16.185277312902212,9.971376794533263
27.05808514276914,31.235709008399283,4.572859523636248
27.05808514276914,16.185277312902212,8.660432907538109
14.814186537364344,16.185277312902212,9.129692544230346
27.05808514276914,20.14079802507368,8.606571221354836
27.05808514276914,27.44767304602904,6.0915800423675694
27.05808514276914,16.185277312902212,9.971376794533263
27.05808514276914,23.43587048383339,6.925966234497447
27.05808514276914,16.185277312902212,8.660432907538109
27.05808514276914,16.185277312902212,8.660432907538109
27.05808514276914,16.185277312902212,9.971376794533263
27.05808514276914,16.185277312902212,9.971376794533263
27.05808514276914,16.185277312902212,8.660432907538109
13.002783312781489,32.166350971873904,2.4249284516282668
27.05808514276914,27.36900395399681,6.126795022931548
27.05808514276914,27.36900395399681,6.126795022931548
27.05808514276914,27.36900395399681,5.930652351101792
27.05808514276914,16.185277312902212,9.971376794533263
