25.424948646480075,9.14086058438876,3.3145701508944967
30.548583614283146,5.721662380457364,5.386075914400447
35.18224609037994,2.415882364640101,5.100074455207885
52.24629571905984,11.186235785984923,9.613865005009508
38.48728834686075,16.56631279134616,6.063431405758843
5.105766097369646,14.47987560374264,8.380585790428414
13.504979214738478,15.65479555736484,5.175006741995234
3.8277756029653656,17.141878596927075,5.823755800955414
28.781909388669277,21.9076122292785,7.881138443571607
5.651626582191653,12.867907411457429,2.6346924805492185
41.79148456570227,17.505144740862498,5.678566424219509
42.23297607426103,11.960225046166578,0.1
3.8277756029653656,17.141878596927075,5.823755800955414
35.18224609037994,2.415882364640101,5.100074455207885
7.363929934492054,17.784705057966868,2.483861526746665
20.28175193479712,12.867907411457429,9.45500884353411
35.35162737976758,13.356582224442583,9.814126085512564
5.651626582191653,12.867907411457429,2.6346924805492185
37.72904067051121,15.178383510104721,5.0887297664637625
21.85156644309997,13.356582224442583,9.814126085512564
9.41745194211225,13.356582224442583,4.229630905629165
21.85156644309997,21.9076122292785,5.983453634760288
21.85156644309997,12.867907411457429,9.813170251327694
7.363929934492054,17.784705057966868,2.483861526746665
13.504979214738478,15.65479555736484,5.175006741995234
42.23297607426103,11.960225046166578,0.1
21.85156644309997,13.356582224442583,9.814126085512564
7.363929934492054,17.784705057966868,2.483861526746665
21.85156644309997,21.70845398552007,6.038347185369821
41.222354033354165,12.229829133334645,0.1
21.85156644309997,21.9076122292785,5.983453634760288
21.85156644309997,1.6693339894403856,0.1
