7.911112615831158,5.808633358240203,6.454511037147306
21.312097625776673,11.191403295053373,7.695253563807616
11.961663434051724,9.947717920503788,5.463710869585007
7.757304922667213,14.233279937813476,5.255092932174108
41.1577872323848,16.09805704936626,7.204067101225268
4.606636611354357,12.447679031687874,2.2200357784946108
31.770176438012992,7.942006696314859,6.462324809165937
38.09958131281928,20.046068581183395,8.598673271229568
20.898539535247377,23.977422581938995,5.228508758615308
65.70047859988982,7.754915175197062,6.683644349964261
80.58708177154638,17.505144740862498,5.678566424219509
6.590411518763005,12.867907411457429,6.875325257560596
3.7052425771723376,17.141878596927075,5.823755800955414
41.868324783679704,18.32811203846902,4.839129870231222
3.4694179859790872,7.1850836157960725,6.040797546739469
53.29978690476878,37.834184506218776,6.0694334261991285
26.100979271926533,4.531511410350278,8.277348344931877
9.416569832660084,20.47538495796607,5.370986113114464
11.822129463868794,12.867907411457429,5.511276293568509
3.325187319291087,16.169335644475854,5.22933554407669
64.5428340180673,5.51896806569939,0.1
27.264614109423505,6.373270625755385,5.931426969556003
39.82992347814384,12.567017685945704,6.924984648363226
27.76526571380323,19.29767265063184,6.582239148845322
21.00888015390722,8.410802474836359,5.015927352302535
35.885558081908684,21.9076122292785,9.82627828992093
37.33098818843551,20.730149805128544,9.500741496955397
38.94382221184777,5.221713804172043,6.847630801117175
12.330487638154239,1.9116636513039147,5.692814562714835
14.767290131177917,25.21903090823156,7.5918837434873785
21.938924001689532,12.805966609248044,9.722976282744506
21.120784880363843,18.577295782041954,5.678605606022283
5.624815168784593,5.863878270886853,6.181002841377364
23.01801756016738,13.833227496435065,9.981798484752465
17.92772336860458,9.687329965516081,7.310732719467787
8.510376592921919,9.860327443593642,5.1775206695464275
65.70047859988982,16.234483314627056,7.328866722773341
4.818888651398528,8.090606379606838,4.892575406582603
16.07349515491334,7.754915175197062,6.353241597746593
22.561608099480065,5.652835571244637,5.526113071776715
1.9371675557483528,9.347789919921215,9.221322037134037
16.07349515491334,12.447679031687874,7.746157845707808
19.615076535411532,14.020660420517753,8.392395386390689
26.99527001684605,2.7880656725911015,6.920004976799023
22.561608099480065,7.754915175197062,6.207808001429473
6.22565839225497,7.754915175197062,5.694614620480559
20.898539535247377,12.805966609248044,6.843037817586245
4.476597052313202,47.37813552671483,9.332650058525358
27.992795335970705,12.805966609248044,6.887113444675078
16.07349515491334,16.234483314627056,6.8518798798611
16.07349515491334,6.075102435393108,6.9285981279187645
12.531525692808927,8.410802474836359,8.937805822678001
50.123975036456,7.754915175197062,6.683644349964261
19.501331997502,3.951582628049781,5.723305869851657
28.781909388669277,3.8597083564487935,5.751525475127941
16.07349515491334,16.234483314627056,6.8518798798611
8.283287361169567,29.482677409766346,6.027323492450993
16.07349515491334,10.66068877328572,7.493190890253756
4.606636611354357,7.754915175197062,9.814126085512564
24.465756691594752,12.867907411457429,6.522649775288782
28.781909388669277,7.880913412672605,7.22496454504106
14.270390245844379,3.840908898297851,6.6774507856576415
65.70047859988982,7.754915175197062,6.683644349964261
12.624170211622559,12.568738713977677,6.02525655262905
65.70047859988982,4.022506986361737,9.05414307667154
22.561608099480065,7.754915175197062,6.042726516487514
0.23140440674661553,5.1282847716524005,6.503006658095609
9.983196200706987,12.867907411457429,6.9285981279187645
28.706352477961794,12.867907411457429,6.522649775288782
16.07349515491334,12.867907411457429,7.493190890253756
2.327727852851204,4.867959192919928,5.919486913788822
38.23284558605926,14.26056242808008,5.666781156214775
16.07349515491334,12.867907411457429,7.003220907670578
22.561608099480065,7.754915175197062,6.908131129624731
26.95151682572388,19.830945877948164,6.6829496884194715
22.561608099480065,7.754915175197062,6.042726516487514
22.561608099480065,7.754915175197062,6.042726516487514
16.07349515491334,23.46408479396615,7.0306394633297575
16.07349515491334,12.447679031687874,6.652754841944247
65.70047859988982,16.234483314627056,4.889268574579775
