97.35092071378607,5.51896806569939,5.386075914400447
35.18224609037994,1.1381240312302314,5.100074455207885
52.24629571905984,20.046068581183395,9.613865005009508
41.868324783679704,16.56631279134616,4.839129870231222
7.66732119434166,12.363561177421769,8.380585790428414
3.7052425771723376,17.141878596927075,5.823755800955414
41.79148456570227,17.505144740862498,5.678566424219509
3.7052425771723376,17.141878596927075,5.823755800955414
35.18224609037994,1.1381240312302314,5.100074455207885
16.07349515491334,12.867907411457429,9.45500884353411
24.79882374216535,26.197133616263567,5.678605606022283
21.85156644309997,22.165807886818328,9.267397023273274
24.79882374216535,26.197133616263567,5.678605606022283
30.853076683952928,41.93653650735561,6.038347185369821
31.513888111740393,9.860327443593642,7.322276458742641
53.90318570117482,47.37813552671483,9.332650058525358
46.82997832921613,8.090606379606838,0.1
11.48633974468466,20.146496717361014,7.082688528997329
65.70047859988982,49.114010316982956,9.05414307667154
22.561608099480065,4.3044439636629335,9.814126085512564
19.615076535411532,13.25426433323979,8.877665547397601
20.898539535247377,12.568738713977677,9.974442689246853
11.961663434051724,13.133130795382812,5.463710869585007
26.95151682572388,19.830945877948164,6.6829496884194715
41.868324783679704,16.56631279134616,4.839129870231222
31.513888111740393,9.860327443593642,7.322276458742641
11.961663434051724,13.133130795382812,5.463710869585007
21.85156644309997,22.165807886818328,9.267397023273274
41.266744805099734,21.9076122292785,8.39781794977349
21.00888015390722,8.410802474836359,5.015927352302535
16.07349515491334,12.867907411457429,9.45500884353411
1.0873142331232906,25.40325254478418,5.160094432439498
41.79148456570227,17.505144740862498,5.678566424219509
21.312097625776673,16.61374966936515,7.695253563807616
21.85156644309997,13.356582224442583,9.814126085512564
26.95151682572388,19.830945877948164,6.6829496884194715
41.79148456570227,17.505144740862498,5.678566424219509
14.767290131177917,13.857987821762274,7.5918837434873785
21.00888015390722,8.410802474836359,5.015927352302535
11.961663434051724,13.133130795382812,5.463710869585007
2.672129799342944,11.186235785984923,1.4329729131549855
46.82997832921613,8.090606379606838,0.1
15.682107751728779,12.867907411457429,7.310732719467787
20.353397531612934,0.3927535151319175,0.1
24.79882374216535,26.197133616263567,5.678605606022283
40.9152835741118,18.365798083112836,6.635886346383808
21.00888015390722,8.410802474836359,5.015927352302535
