7.911112615831158,5.808633358240203,8.170111854419584
11.337774094496229,11.191403295053373,6.077257709821572
21.106987715473224,20.373133080897805,5.463710869585007
11.525848130292472,5.390203869828271,5.255092932174108
13.377516339941732,16.09805704936626,7.204067101225268
16.07349515491334,11.197073905669733,6.877691462933646
31.770176438012992,7.942006696314859,6.462324809165937
64.68634424155492,20.046068581183395,8.598673271229568
20.161294954002052,32.62288971690833,5.228508758615308
23.01801756016738,8.87725366115457,7.121689072853922
22.561608099480065,5.230317422369785,2.7796417186134583
23.01801756016738,13.833227496435065,7.001154155489606
23.01801756016738,13.833227496435065,6.852749041308509
19.316536828424702,10.499743438082524,8.963916457128466
3.4694179859790872,7.1850836157960725,6.040797546739469
53.29978690476878,23.90367896729705,6.0694334261991285
37.8084496871146,4.531511410350278,8.277348344931877
6.889564780507229,25.382868160721067,5.370986113114464
11.822129463868794,12.867907411457429,5.511276293568509
5.0803455809085865,4.91498641384913,4.058431256827691
16.07349515491334,11.686428009452367,6.877691462933646
22.561608099480065,12.867907411457429,7.337963047700525
39.82992347814384,12.567017685945704,6.924984648363226
27.76526571380323,19.29767265063184,6.582239148845322
21.00888015390722,2.89021757116096,5.015927352302535
35.885558081908684,21.9076122292785,9.82627828992093
42.15520435454032,31.31517049983264,9.500741496955397
23.01801756016738,13.833227496435065,6.852749041308509
21.973368424533746,2.4969713858611433,5.692814562714835
65.70047859988982,13.833227496435065,0.1
23.86782838148791,22.28017364556961,9.722976282744506
21.120784880363843,18.577295782041954,6.820119079482893
5.624815168784593,5.863878270886853,5.754236535180932
21.122989414815216,11.859088257946954,9.981798484752465
30.921609238966187,9.687329965516081,7.310732719467787
8.510376592921919,6.308938550649609,8.092018766365273
11.012129456387203,25.554132180532008,7.328866722773341
22.561608099480065,12.098042367273095,7.003182342791723
16.07349515491334,22.73788025679558,4.240575000976373
117.58354965414449,7.754915175197062,3.75097149598921
23.01801756016738,13.833227496435065,6.852749041308509
16.07349515491334,12.447679031687874,7.746157845707808
19.615076535411532,20.02752698484211,8.392395386390689
23.01801756016738,13.833227496435065,7.103528698736891
31.39660721652252,7.4812536519172,6.207808001429473
23.01801756016738,27.270597153146948,7.103528698736891
20.898539535247377,0.21048881315620527,7.6152242238709675
5.465819161633765,78.56174025932539,9.332650058525358
23.01801756016738,13.833227496435065,7.103528698736891
16.07349515491334,16.234483314627056,6.8518798798611
17.120330203919462,8.565585040751275,6.9285981279187645
15.64084228256445,9.947480772548758,5.723300574288527
64.38796710772905,7.754915175197062,0.1
23.01801756016738,13.833227496435065,6.852749041308509
22.561608099480065,12.447679031687874,9.127083070159138
16.07349515491334,26.10702593590595,6.8518798798611
23.01801756016738,17.326597821670372,7.071857639375775
5.738765960006498,3.6433604621980167,7.493190890253756
4.606636611354357,7.754915175197062,3.5634552003803197
18.020420891534055,12.867907411457429,6.522649775288782
33.320823772680576,7.880913412672605,7.22496454504106
14.270390245844379,3.840908898297851,6.6774507856576415
38.07167261207733,11.431433202429703,0.1
12.624170211622559,23.466952837630707,6.02525655262905
23.01801756016738,13.833227496435065,7.103528698736891
30.023550789071496,7.754915175197062,2.1944552398482102
31.034809775022744,7.754915175197062,0.1
23.01801756016738,17.326597821670372,6.613391805713567
28.706352477961794,15.65274535127047,6.617585235372761
4.295640510013053,9.933400875839498,7.493190890253756
23.01801756016738,23.847614729016385,7.103528698736891
29.47201512807834,7.754915175197062,6.051794724482506
12.870124424561016,12.867907411457429,7.493190890253756
19.370414641745732,7.754915175197062,6.671737793533742
23.01801756016738,9.078360595829407,6.839087174329205
23.01801756016738,13.833227496435065,9.981798484752465
23.01801756016738,17.326597821670372,7.969278832712005
23.01801756016738,12.063239910353015,6.723563871211272
23.01801756016738,13.833227496435065,6.852749041308509
23.01801756016738,17.326597821670372,7.071857639375775
