17.106142981518857,0.3927535151319175,5.721598807573827
18.529497255072343,13.534941311657246,7.124659606035806
42.23177188774651,10.795590609450255,2.359380468247906
31.964331318352745,14.233279937813476,5.255092932174108
52.973057366975574,8.410802474836359,7.204067101225268
21.85156644309997,13.356582224442583,6.302984764938871
28.781909388669277,13.356582224442583,6.462324809165937
52.24629571905984,11.186235785984923,9.613865005009508
21.85156644309997,5.721662380457364,5.681651382691955
5.105766097369646,14.47987560374264,8.380585790428414
41.79148456570227,17.505144740862498,5.678566424219509
58.54415189175335,8.597416513329668,4.958916881924402
3.8277756029653656,17.141878596927075,5.823755800955414
41.868324783679704,16.56631279134616,6.063431405758843
37.771024562496194,13.807627747067846,6.040797546739469
35.35162737976758,20.469305447375227,6.0694334261991285
33.39251586352519,13.356582224442583,5.555179648555029
17.16387159912112,8.68174651437288,5.370986113114464
32.55085872534934,6.6851680981463035,6.319934572633116
71.32694618434542,16.169335644475854,5.22933554407669
53.20719515034244,5.721662380457364,5.386075914400447
28.781909388669277,13.356582224442583,5.931426969556003
21.24609143535696,7.8607135090089635,4.406866800455333
21.85156644309997,19.29767265063184,6.582239148845322
78.90025731113691,14.900770356284156,0.1
21.85156644309997,21.9076122292785,7.380808234239904
39.89789515851153,13.631525663231596,4.644076382049576
18.22369569278952,8.600554095611585,2.3093150387212233
7.363929934492054,17.784705057966868,2.483861526746665
16.26278736487432,13.653945087287969,5.52015292886901
66.92658724652044,9.032636207238554,3.3262148590847005
24.79882374216535,13.356582224442583,9.814126085512564
11.587966799260101,11.706530971548519,6.181002841377364
19.55412593835353,13.833227496435065,7.286816356858054
17.146795350639156,21.9076122292785,7.396011136807823
21.85156644309997,10.339646672023479,7.322276458742641
21.22579455381489,13.328468759622249,6.945468204646204
25.424948646480075,9.14086058438876,3.3145701508944967
28.781909388669277,21.9076122292785,6.416075221470322
17.375943842049416,8.998973878724707,4.654428386779301
69.00452854645559,9.347789919921215,7.7027709928879915
22.252363874966388,16.017081211889415,6.233476255362035
19.615076535411532,13.25426433323979,7.265188032875159
21.85156644309997,12.867907411457429,9.813170251327694
5.08901409542252,15.65479555736484,7.19466846065058
21.85156644309997,12.867907411457429,6.973760181999445
21.85156644309997,0.6841288864718891,5.149926222569192
39.802828362241996,22.383180231282328,9.332650058525358
36.448543871856714,0.6880387486000501,5.781399533639302
20.898539535247377,12.568738713977677,7.1969937880207056
24.657075024659516,13.602999204434065,5.5475042965816215
36.28508887975882,4.922001761017948,7.963401332917016
19.3674985516708,11.186235785984923,6.780048045453446
32.913330911354585,12.499118077422613,5.723305869851657
28.781909388669277,13.356582224442583,5.751525475127941
5.78533892077683,13.356582224442583,2.5983512790157746
21.499973676744077,15.65479555736484,7.19466846065058
25.875609700810443,21.70845398552007,6.038347185369821
21.85156644309997,13.356582224442583,6.510611357313639
33.39251586352519,12.148999693043883,5.488169094888415
35.35162737976758,0.7471450828932991,3.7760663936703946
35.35162737976758,0.2944588388126199,0.1
35.18224609037994,2.415882364640101,5.100074455207885
37.72904067051121,15.178383510104721,5.0887297664637625
36.71943225726301,20.123827725750093,9.05414307667154
27.788482048260352,16.469891900580983,9.878649247653776
15.672770133504876,11.186235785984923,6.503006658095609
25.751435149316514,11.958968063873556,7.082688528997329
13.504979214738478,15.65479555736484,5.175006741995234
20.28175193479712,12.867907411457429,9.45500884353411
35.886488733154444,3.7480944225119535,6.68190619754867
17.574544666631063,13.356582224442583,5.590177005055004
72.23457039627449,16.819467267220332,6.036520245207868
57.75366940501546,16.18155180279573,5.782459111832878
26.95151682572388,12.140583824379537,5.524123558390329
30.854117300528756,13.356582224442583,5.717816926462929
28.781909388669277,21.9076122292785,7.881138443571607
52.973057366975574,8.410802474836359,7.204067101225268
52.973057366975574,8.410802474836359,7.939624026374055
52.973057366975574,8.410802474836359,7.204067101225268
