19.628095937632395,5.086985691062724,6.981586938371752
18.578977305110428,0.06586517387844004,8.392395386390689
34.23990029778187,17.326597821670372,8.145490289768535
19.628095937632395,5.086985691062724,6.981586938371752
34.23990029778187,17.326597821670372,8.145490289768535
12.54465184713165,16.11638704749614,6.621419560098912
34.23990029778187,17.326597821670372,8.145490289768535
12.54465184713165,16.11638704749614,6.621419560098912
19.628095937632395,5.086985691062724,6.981586938371752
12.54465184713165,16.11638704749614,6.621419560098912
50.45217443946893,0.789172816500356,9.500741496955397
9.816558884196258,0.38261158813915475,8.277348344931877
19.628095937632395,5.086985691062724,6.981586938371752
28.911630719092578,17.326597821670372,9.990239337223999
18.578977305110428,0.06586517387844004,8.392395386390689
19.628095937632395,5.086985691062724,6.981586938371752
56.19635725762652,3.5926801624689157,8.998500245903056
19.691195170585132,9.136419199223113,7.911346086115067
12.54465184713165,16.11638704749614,6.621419560098912
6.229621317646786,5.731414946472837,9.127083070159138
19.691195170585132,9.136419199223113,7.911346086115067
53.29978690476878,42.40625921406392,7.539801444398066
66.74360144778387,13.833227496435065,6.9795262793579464
56.19635725762652,3.5926801624689157,8.998500245903056
19.691195170585132,9.136419199223113,7.911346086115067
30.501666705954634,5.390203869828271,5.875040299949159
19.628095937632395,5.086985691062724,6.981586938371752
44.191239852585184,21.125445415600574,7.451416288922376
29.600284914350524,19.29767265063184,8.631003626276184
34.23990029778187,17.326597821670372,8.145490289768535
9.240484331308808,4.727264873880314,8.2740186761679
53.29978690476878,42.40625921406392,7.539801444398066
34.23990029778187,17.326597821670372,8.145490289768535
66.74360144778387,13.833227496435065,6.9795262793579464
44.191239852585184,21.125445415600574,7.451416288922376
15.058267029962717,22.134550456024552,6.238233278669054
28.911630719092578,17.326597821670372,9.990239337223999
15.058267029962717,22.134550456024552,6.238233278669054
39.31763115518474,17.829962178202337,7.603891004832509
19.691195170585132,9.136419199223113,7.911346086115067
53.29978690476878,42.40625921406392,7.539801444398066
17.449276989184064,9.078360595829407,8.469864587908754
34.23990029778187,17.326597821670372,8.145490289768535
66.74360144778387,13.833227496435065,6.9795262793579464
23.01801756016738,17.326597821670372,7.969278832712005
23.01801756016738,7.941141312979963,9.631593967071941
39.31763115518474,17.829962178202337,7.603891004832509
9.240484331308808,4.727264873880314,8.2740186761679
66.74360144778387,13.833227496435065,6.9795262793579464
17.449276989184064,9.078360595829407,8.469864587908754
44.10678808431633,13.833227496435065,9.981798484752465
44.191239852585184,21.125445415600574,7.451416288922376
53.29978690476878,42.40625921406392,7.539801444398066
25.92202085712255,27.37650263261783,9.382371248193213
35.1660586682885,17.326597821670372,9.990239337223999
36.38646594721196,8.741574861646008,9.631593967071941
34.23990029778187,17.326597821670372,8.145490289768535
39.11438767086197,36.23769903365453,7.969278832712005
25.970043055396843,34.63299983851042,6.0412741189611845
35.1660586682885,17.326597821670372,9.990239337223999
32.210054868348784,22.225859160941717,8.693553012909996
28.706352477961794,16.834519896337063,6.363801044466996
53.29978690476878,42.40625921406392,7.539801444398066
28.911630719092578,17.326597821670372,9.990239337223999
28.911630719092578,17.326597821670372,9.990239337223999
34.23990029778187,17.326597821670372,8.145490289768535
28.706352477961794,16.834519896337063,6.363801044466996
30.501666705954634,5.390203869828271,5.875040299949159
18.2423817474453,12.628421944743703,8.665564429403611
19.691195170585132,9.136419199223113,7.911346086115067
18.06855189287912,12.628421944743703,6.363801044466996
44.191239852585184,21.125445415600574,7.451416288922376
36.53760134823368,5.6814640884178225,0.1
15.058267029962717,22.134550456024552,6.238233278669054
19.628095937632395,5.086985691062724,6.981586938371752
12.54465184713165,16.11638704749614,6.621419560098912
28.706352477961794,16.834519896337063,6.363801044466996
22.561608099480065,15.511304363286449,8.725415794251656
23.01801756016738,7.941141312979963,9.631593967071941
28.706352477961794,17.326597821670372,9.938689401422423
12.54465184713165,16.11638704749614,6.621419560098912
30.26065820448013,17.326597821670372,9.523180166904748
34.23990029778187,17.326597821670372,8.145490289768535
40.25020678085724,0.8645384433258716,0.1
29.509728033288788,6.678573025063414,0.1
7.526757923692362,100.85550819560787,0.4476851889054555
36.53760134823368,5.6814640884178225,0.1
22.561608099480065,15.511304363286449,8.725415794251656
35.87462059479476,17.176119875042595,7.470704431625398
22.98761156788094,0.9310107155378073,0.1
