26.963808875565032,23.722931547608276,6.9959485500749565
26.963808875565032,23.722931547608276,6.9959485500749565
26.963808875565032,23.722931547608276,6.9959485500749565
26.963808875565032,0.858795746434275,0.10770952962343347
26.963808875565032,23.722931547608276,6.9959485500749565
26.963808875565032,23.722931547608276,6.9959485500749565
39.93414687512336,23.722931547608276,10.250798591440757
26.963808875565032,0.858795746434275,0.10770952962343347
39.93414687512336,23.722931547608276,10.250798591440757
26.963808875565032,0.858795746434275,0.10770952962343347
26.963808875565032,23.722931547608276,6.9959485500749565
26.963808875565032,23.722931547608276,6.9959485500749565
26.963808875565032,10.607688490957115,4.546205272359692
26.963808875565032,0.858795746434275,0.10770952962343347
26.963808875565032,23.722931547608276,6.9959485500749565
26.963808875565032,10.607688490957115,4.546205272359692
26.963808875565032,15.742795993503659,9.97711268624822
39.93414687512336,23.722931547608276,10.250798591440757
26.963808875565032,0.858795746434275,0.10770952962343347
26.963808875565032,15.742795993503659,9.97711268624822
26.963808875565032,23.722931547608276,6.9959485500749565
26.963808875565032,0.858795746434275,0.10770952962343347
39.93414687512336,23.722931547608276,10.250798591440757
26.963808875565032,10.607688490957115,4.546205272359692
26.963808875565032,23.722931547608276,6.9959485500749565
26.963808875565032,0.858795746434275,0.10770952962343347
26.963808875565032,15.742795993503659,9.97711268624822
39.93414687512336,23.722931547608276,10.250798591440757
26.963808875565032,10.607688490957115,4.546205272359692
26.963808875565032,15.742795993503659,9.97711268624822
39.93414687512336,23.722931547608276,10.250798591440757
26.963808875565032,10.678668041141034,4.830706341309045
26.963808875565032,10.607688490957115,4.546205272359692
26.963808875565032,0.858795746434275,0.10770952962343347
26.963808875565032,10.607688490957115,4.546205272359692
26.963808875565032,23.722931547608276,6.9959485500749565
39.93414687512336,23.722931547608276,10.250798591440757
26.963808875565032,10.678668041141034,4.830706341309045
26.963808875565032,15.742795993503659,9.97711268624822
26.963808875565032,0.858795746434275,0.10770952962343347
26.963808875565032,0.858795746434275,0.10770952962343347
39.93414687512336,23.722931547608276,10.377719019714165
26.963808875565032,23.722931547608276,6.9959485500749565
26.963808875565032,10.607688490957115,4.546205272359692
26.963808875565032,10.678668041141034,4.830706341309045
26.963808875565032,15.742795993503659,9.97711268624822
26.963808875565032,0.858795746434275,0.10770952962343347
26.963808875565032,23.722931547608276,6.9959485500749565
26.963808875565032,10.678668041141034,4.830706341309045
26.963808875565032,10.607688490957115,4.546205272359692
26.963808875565032,15.742795993503659,9.97711268624822
26.963808875565032,23.722931547608276,6.9959485500749565
39.93414687512336,23.722931547608276,10.250798591440757
26.963808875565032,10.678668041141034,4.830706341309045
26.963808875565032,0.858795746434275,0.10770952962343347
39.93414687512336,23.722931547608276,10.377719019714165
39.93414687512336,23.722931547608276,10.377719019714165
39.93414687512336,23.722931547608276,10.250798591440757
26.963808875565032,10.678668041141034,4.830706341309045
26.963808875565032,23.722931547608276,6.9959485500749565
26.963808875565032,10.607688490957115,4.546205272359692
26.64995272675086,15.742795993503659,10.198178022717977
26.963808875565032,0.858795746434275,0.10770952962343347
26.963808875565032,10.607688490957115,4.546205272359692
39.93414687512336,23.722931547608276,10.250798591440757
39.93414687512336,15.742795993503659,5.122533718995856
26.963808875565032,23.722931547608276,6.9959485500749565
26.64995272675086,15.742795993503659,10.198178022717977
26.963808875565032,0.858795746434275,0.10770952962343347
39.93414687512336,23.722931547608276,10.377719019714165
26.963808875565032,10.678668041141034,5.2090137098314795
39.93414687512336,23.722931547608276,10.250798591440757
26.963808875565032,15.742795993503659,9.97711268624822
26.963808875565032,10.607688490957115,4.546205272359692
39.93414687512336,15.742795993503659,5.122533718995856
26.963808875565032,10.678668041141034,4.830706341309045
26.963808875565032,0.858795746434275,0.10770952962343347
26.963808875565032,23.722931547608276,6.9959485500749565
26.963808875565032,10.678668041141034,5.2090137098314795
39.93414687512336,23.722931547608276,10.377719019714165
26.963808875565032,10.678668041141034,5.2090137098314795
26.963808875565032,15.742795993503659,9.97711268624822
39.93414687512336,10.678668041141034,0.09927211836711633
39.93414687512336,23.722931547608276,10.250798591440757
39.93414687512336,10.678668041141034,0.10693788164747317
18.160810707123815,23.722931547608276,4.259775702281179
26.963808875565032,10.607688490957115,4.546205272359692
26.963808875565032,10.678668041141034,4.830706341309045
26.64995272675086,15.742795993503659,10.198178022717977
26.963808875565032,0.858795746434275,0.10770952962343347
39.93414687512336,23.722931547608276,10.377719019714165
18.160810707123815,23.722931547608276,4.259775702281179
39.93414687512336,23.722931547608276,10.377719019714165
26.64995272675086,15.742795993503659,10.198178022717977
26.963808875565032,15.742795993503659,9.97711268624822
39.93414687512336,23.722931547608276,10.250798591440757
26.963808875565032,10.678668041141034,5.2090137098314795
26.963808875565032,0.858795746434275,0.10770952962343347
26.963808875565032,10.607688490957115,4.546205272359692
26.963808875565032,10.678668041141034,4.830706341309045
39.93414687512336,1.696206225995562,0.10784988295389461
39.93414687512336,10.678668041141034,0.09927211836711633
39.93414687512336,15.742795993503659,5.122533718995856
26.963808875565032,3.7549630105205374,0.10710647761577284
26.963808875565032,23.722931547608276,6.9959485500749565
12.29885495790078,15.742795993503659,4.828670070377592
26.64995272675086,15.742795993503659,10.198178022717977
12.29885495790078,15.742795993503659,4.828670070377592
39.93414687512336,23.722931547608276,10.250798591440757
39.93414687512336,0.45038969499851333,0.10415439543921472
26.963808875565032,10.678668041141034,4.830706341309045
26.963808875565032,23.722931547608276,6.9959485500749565
39.93414687512336,15.742795993503659,5.122533718995856
26.963808875565032,15.742795993503659,9.97711268624822
39.93414687512336,1.696206225995562,0.10784988295389461
26.963808875565032,10.607688490957115,4.546205272359692
39.93414687512336,10.678668041141034,0.09927211836711633
26.963808875565032,10.678668041141034,4.878118881957779
18.160810707123815,23.722931547608276,4.259775702281179
26.963808875565032,10.678668041141034,5.2090137098314795
39.93414687512336,10.678668041141034,0.10693788164747317
26.963808875565032,3.7549630105205374,0.10710647761577284
26.963808875565032,10.607688490957115,4.546205272359692
26.963808875565032,10.678668041141034,4.619008530670332
39.93414687512336,0.45038969499851333,0.10415439543921472
39.93414687512336,10.678668041141034,0.09317513583169909
26.963808875565032,10.678668041141034,4.878118881957779
26.963808875565032,23.722931547608276,6.9959485500749565
39.93414687512336,1.696206225995562,0.10784988295389461
26.963808875565032,15.742795993503659,9.97711268624822
26.963808875565032,3.7549630105205374,0.10710647761577284
39.93414687512336,23.722931547608276,10.250798591440757
18.160810707123815,23.722931547608276,4.259775702281179
26.64995272675086,15.742795993503659,10.198178022717977
39.93414687512336,10.678668041141034,0.09927211836711633
39.93414687512336,23.722931547608276,10.377719019714165
39.93414687512336,10.678668041141034,0.10693788164747317
26.963808875565032,10.678668041141034,4.830706341309045
26.963808875565032,10.678668041141034,5.2090137098314795
26.963808875565032,0.858795746434275,0.10770952962343347
26.963808875565032,10.678668041141034,5.2240405103158984
26.963808875565032,10.607688490957115,4.546205272359692
12.29885495790078,15.742795993503659,4.828670070377592
26.64995272675086,15.742795993503659,10.198178022717977
26.963808875565032,10.678668041141034,5.2240405103158984
39.93414687512336,23.722931547608276,10.377719019714165
39.93414687512336,23.722931547608276,10.250798591440757
26.963808875565032,15.742795993503659,9.97711268624822
26.963808875565032,10.678668041141034,5.2090137098314795
26.963808875565032,3.7549630105205374,0.10710647761577284
26.963808875565032,10.678668041141034,4.38831223729438
39.93414687512336,10.678668041141034,0.09927211836711633
26.963808875565032,10.678668041141034,4.830706341309045
26.963808875565032,23.722931547608276,6.9959485500749565
26.963808875565032,10.678668041141034,4.878118881957779
18.160810707123815,23.722931547608276,4.259775702281179
26.963808875565032,0.858795746434275,0.10770952962343347
39.93414687512336,10.678668041141034,0.09317513583169909
39.93414687512336,0.45038969499851333,0.10415439543921472
39.93414687512336,1.696206225995562,0.10784988295389461
39.93414687512336,10.678668041141034,0.10693788164747317
26.963808875565032,10.678668041141034,4.619008530670332
39.93414687512336,10.678668041141034,0.10693788164747317
39.93414687512336,15.742795993503659,5.122533718995856
39.93414687512336,23.722931547608276,10.250798591440757
26.64995272675086,15.742795993503659,10.198178022717977
39.37848966383838,15.742795993503659,4.834430931707712
39.93414687512336,23.722931547608276,10.684905523102833
26.963808875565032,23.722931547608276,6.9959485500749565
39.93414687512336,1.696206225995562,0.10784988295389461
26.963808875565032,3.7549630105205374,0.10710647761577284
26.963808875565032,15.742795993503659,9.97711268624822
39.93414687512336,0.45038969499851333,0.10415439543921472
26.963808875565032,10.678668041141034,5.2090137098314795
26.963808875565032,10.607688490957115,4.546205272359692
39.93414687512336,23.722931547608276,9.648991037614769
39.93414687512336,10.678668041141034,0.09927211836711633
39.93414687512336,23.722931547608276,10.377719019714165
26.963808875565032,10.678668041141034,4.830706341309045
26.963808875565032,10.678668041141034,4.38831223729438
26.963808875565032,0.858795746434275,0.10770952962343347
32.10340189585754,15.742795993503659,7.069895807186095
39.93414687512336,10.678668041141034,0.09317513583169909
26.963808875565032,10.678668041141034,5.2240405103158984
26.64995272675086,15.742795993503659,9.174078444500259
12.29885495790078,15.742795993503659,4.828670070377592
26.963808875565032,10.678668041141034,5.2240405103158984
60.05545636527299,10.678668041141034,0.0947634681915109
26.963808875565032,10.678668041141034,4.830706341309045
37.20731151918018,10.678668041141034,0.093615923330005
39.93414687512336,23.722931547608276,10.684905523102833
26.963808875565032,3.7549630105205374,0.10710647761577284
39.93414687512336,23.722931547608276,10.250798591440757
39.93414687512336,23.722931547608276,9.648991037614769
39.93414687512336,23.722931547608276,10.377719019714165
26.963808875565032,10.678668041141034,4.878118881957779
26.963808875565032,10.678668041141034,5.2090137098314795
39.93414687512336,10.678668041141034,0.09317513583169909
39.37848966383838,15.742795993503659,4.834430931707712
26.963808875565032,10.607688490957115,4.546205272359692
26.963808875565032,10.678668041141034,4.38831223729438
39.93414687512336,23.722931547608276,9.871021404410508
39.93414687512336,10.678668041141034,0.10693788164747317
12.29885495790078,15.742795993503659,4.828670070377592
39.93414687512336,10.678668041141034,0.09927211836711633
39.93414687512336,0.45038969499851333,0.10415439543921472
26.963808875565032,10.678668041141034,4.619008530670332
39.93414687512336,15.742795993503659,5.122533718995856
32.10340189585754,15.742795993503659,7.069895807186095
26.963808875565032,0.858795746434275,0.10770952962343347
39.93414687512336,1.696206225995562,0.10784988295389461
26.64995272675086,15.742795993503659,9.174078444500259
26.963808875565032,15.742795993503659,9.97711268624822
39.93414687512336,4.204739981993434,0.09919105264173304
39.37848966383838,15.742795993503659,4.834430931707712
26.963808875565032,15.742795993503659,9.97711268624822
18.160810707123815,23.722931547608276,4.259775702281179
26.963808875565032,10.678668041141034,4.830706341309045
26.963808875565032,23.722931547608276,7.449820289189551
26.64995272675086,15.742795993503659,9.174078444500259
26.963808875565032,15.742795993503659,8.981884650269821
39.93414687512336,10.678668041141034,0.09317513583169909
26.64995272675086,15.742795993503659,10.198178022717977
39.93414687512336,23.722931547608276,10.377719019714165
39.93414687512336,23.722931547608276,10.684905523102833
39.93414687512336,15.742795993503659,5.122533718995856
37.20731151918018,10.678668041141034,0.093615923330005
26.963808875565032,10.678668041141034,5.2240405103158984
39.93414687512336,23.722931547608276,9.871021404410508
26.963808875565032,23.722931547608276,6.9959485500749565
32.10340189585754,15.742795993503659,7.069895807186095
39.93414687512336,0.45038969499851333,0.10415439543921472
12.29885495790078,15.742795993503659,4.828670070377592
26.963808875565032,10.678668041141034,4.878118881957779
39.93414687512336,23.722931547608276,10.250798591440757
39.93414687512336,23.722931547608276,9.648991037614769
26.963808875565032,3.7549630105205374,0.10710647761577284
39.93414687512336,4.204739981993434,0.09919105264173304
39.93414687512336,10.678668041141034,0.10693788164747317
26.963808875565032,10.678668041141034,5.2090137098314795
26.963808875565032,10.678668041141034,4.619008530670332
39.93414687512336,10.678668041141034,0.09927211836711633
26.963808875565032,10.607688490957115,4.546205272359692
39.93414687512336,10.678668041141034,0.09317513583169909
18.160810707123815,23.722931547608276,4.259775702281179
39.93414687512336,4.204739981993434,0.09919105264173304
39.93414687512336,15.742795993503659,5.122533718995856
39.93414687512336,23.722931547608276,9.871021404410508
52.75395010995152,15.742795993503659,0.10854805282781589
26.963808875565032,10.678668041141034,4.878118881957779
26.64995272675086,15.742795993503659,10.140190884849183
39.93414687512336,23.722931547608276,10.250798591440757
39.93414687512336,10.678668041141034,0.09620480793715926
26.963808875565032,10.678668041141034,5.2090137098314795
39.37848966383838,15.742795993503659,4.834430931707712
26.963808875565032,23.722931547608276,6.9959485500749565
26.963808875565032,23.722931547608276,7.449820289189551
39.93414687512336,23.722931547608276,10.052992171903213
39.93414687512336,23.722931547608276,10.377719019714165
26.963808875565032,15.742795993503659,9.97711268624822
39.93414687512336,10.678668041141034,0.10693788164747317
39.93414687512336,1.696206225995562,0.10784988295389461
60.05545636527299,10.678668041141034,0.0947634681915109
26.963808875565032,18.054471521315875,9.60988150915367
26.963808875565032,3.7549630105205374,0.10710647761577284
26.963808875565032,10.607688490957115,4.546205272359692
26.64995272675086,15.742795993503659,9.174078444500259
39.93414687512336,0.45038969499851333,0.10415439543921472
26.64995272675086,15.742795993503659,10.198178022717977
37.20731151918018,10.678668041141034,0.093615923330005
32.10340189585754,15.742795993503659,7.069895807186095
26.963808875565032,10.678668041141034,4.830706341309045
26.963808875565032,10.678668041141034,4.619008530670332
26.963808875565032,10.678668041141034,5.2240405103158984
26.963808875565032,15.742795993503659,8.981884650269821
39.93414687512336,10.678668041141034,0.09927211836711633
26.963808875565032,10.678668041141034,4.38831223729438
39.93414687512336,23.722931547608276,9.602036881074895
37.20731151918018,10.678668041141034,0.093615923330005
39.37848966383838,15.742795993503659,4.834430931707712
60.05545636527299,10.678668041141034,0.0947634681915109
26.963808875565032,10.607688490957115,4.546205272359692
32.10340189585754,15.742795993503659,7.069895807186095
39.93414687512336,23.722931547608276,10.684905523102833
39.93414687512336,10.678668041141034,0.10693788164747317
39.93414687512336,10.678668041141034,0.09927211836711633
39.93414687512336,4.204739981993434,0.09919105264173304
52.75395010995152,15.742795993503659,0.10854805282781589
39.93414687512336,10.678668041141034,0.09317513583169909
26.963808875565032,23.722931547608276,6.9994403089466575
39.93414687512336,23.722931547608276,9.674487462588674
26.963808875565032,3.7549630105205374,0.10710647761577284
39.93414687512336,23.722931547608276,9.871021404410508
26.963808875565032,10.678668041141034,4.878118881957779
39.93414687512336,23.722931547608276,10.052992171903213
26.963808875565032,10.678668041141034,4.830706341309045
39.93414687512336,23.722931547608276,9.648991037614769
26.963808875565032,10.678668041141034,4.930176118191436
26.963808875565032,15.742795993503659,9.97711268624822
39.93414687512336,23.722931547608276,10.377719019714165
26.963808875565032,10.678668041141034,5.2240405103158984
39.93414687512336,23.722931547608276,10.630378477104676
26.64995272675086,15.742795993503659,10.140190884849183
26.963808875565032,18.054471521315875,9.60988150915367
39.93414687512336,0.45038969499851333,0.10415439543921472
26.963808875565032,23.722931547608276,7.449820289189551
26.963808875565032,23.722931547608276,6.9959485500749565
39.93414687512336,23.722931547608276,10.250798591440757
26.963808875565032,10.678668041141034,4.38831223729438
39.93414687512336,15.742795993503659,5.122533718995856
39.93414687512336,1.696206225995562,0.10784988295389461
18.160810707123815,23.722931547608276,4.259775702281179
12.29885495790078,15.742795993503659,4.828670070377592
26.64995272675086,15.742795993503659,9.174078444500259
26.963808875565032,10.678668041141034,5.2090137098314795
26.963808875565032,10.678668041141034,5.329535675910994
26.64995272675086,15.742795993503659,10.198178022717977
39.93414687512336,10.678668041141034,0.09620480793715926
26.963808875565032,0.858795746434275,0.10770952962343347
26.64995272675086,15.742795993503659,10.140190884849183
39.93414687512336,23.722931547608276,10.377719019714165
26.963808875565032,10.607688490957115,4.546205272359692
39.93414687512336,10.678668041141034,0.09317513583169909
39.93414687512336,4.204739981993434,0.09919105264173304
26.963808875565032,10.678668041141034,5.2240405103158984
60.05545636527299,10.678668041141034,0.0947634681915109
39.93414687512336,23.722931547608276,9.648991037614769
26.963808875565032,20.54350769438642,7.186041280459524
26.963808875565032,3.7549630105205374,0.10710647761577284
39.93414687512336,10.678668041141034,0.10740029603684613
39.93414687512336,10.678668041141034,0.09620480793715926
39.93414687512336,23.722931547608276,10.684905523102833
26.963808875565032,10.678668041141034,5.2090137098314795
26.963808875565032,23.722931547608276,7.279754039577888
26.963808875565032,15.742795993503659,9.97711268624822
39.93414687512336,23.722931547608276,9.602036881074895
26.963808875565032,23.722931547608276,6.9959485500749565
26.963808875565032,0.858795746434275,0.10770952962343347
39.93414687512336,23.722931547608276,9.871021404410508
39.93414687512336,15.742795993503659,5.122533718995856
39.37848966383838,15.742795993503659,4.834430931707712
39.93414687512336,23.722931547608276,10.630378477104676
39.93414687512336,10.678668041141034,0.10523541198091525
26.963808875565032,10.678668041141034,4.38831223729438
52.75395010995152,15.742795993503659,0.10854805282781589
26.963808875565032,10.678668041141034,4.878118881957779
39.93414687512336,23.722931547608276,10.565686992378728
26.963808875565032,10.678668041141034,4.830706341309045
26.64995272675086,15.742795993503659,10.198178022717977
39.93414687512336,23.722931547608276,9.067767776677831
26.963808875565032,18.054471521315875,9.60988150915367
39.93414687512336,1.696206225995562,0.10784988295389461
39.93414687512336,0.45038969499851333,0.10415439543921472
60.56265360073567,3.446467380607986,0.09495759202724904
39.93414687512336,10.678668041141034,0.10693788164747317
26.963808875565032,10.678668041141034,4.456197983678133
39.93414687512336,23.722931547608276,10.052992171903213
32.10340189585754,15.742795993503659,7.069895807186095
39.93414687512336,23.722931547608276,9.137781774403397
26.64995272675086,15.742795993503659,9.174078444500259
26.963808875565032,10.678668041141034,4.930176118191436
37.20731151918018,10.678668041141034,0.093615923330005
26.963808875565032,15.742795993503659,8.981884650269821
39.93414687512336,10.678668041141034,0.09927211836711633
26.963808875565032,23.722931547608276,6.9994403089466575
12.29885495790078,15.742795993503659,4.828670070377592
26.963808875565032,10.678668041141034,5.329535675910994
26.963808875565032,15.742795993503659,9.97711268624822
26.963808875565032,23.722931547608276,6.9994403089466575
26.963808875565032,23.722931547608276,6.9959485500749565
26.963808875565032,10.678668041141034,4.376037465822309
26.963808875565032,10.678668041141034,4.830706341309045
26.963808875565032,23.722931547608276,7.279754039577888
39.93414687512336,10.678668041141034,0.09093004581333604
39.93414687512336,23.722931547608276,10.630378477104676
39.93414687512336,10.678668041141034,0.10693788164747317
26.963808875565032,10.678668041141034,4.930176118191436
39.93414687512336,1.696206225995562,0.10784988295389461
39.93414687512336,10.678668041141034,0.09317513583169909
52.75395010995152,15.742795993503659,0.10854805282781589
39.93414687512336,10.678668041141034,0.10740029603684613
39.93414687512336,23.722931547608276,9.674487462588674
39.93414687512336,23.722931547608276,10.147028829392774
39.93414687512336,23.722931547608276,10.684905523102833
26.963808875565032,0.858795746434275,0.10770952962343347
39.93414687512336,23.722931547608276,9.602036881074895
26.963808875565032,10.678668041141034,5.2240405103158984
26.963808875565032,20.54350769438642,7.186041280459524
39.93414687512336,12.068752499520317,0.13666598521606055
26.963808875565032,10.607688490957115,4.546205272359692
26.963808875565032,10.678668041141034,4.456197983678133
26.64995272675086,15.742795993503659,10.140190884849183
60.56265360073567,3.446467380607986,0.09495759202724904
39.93414687512336,23.722931547608276,9.137781774403397
39.93414687512336,23.722931547608276,10.565686992378728
26.963808875565032,22.84610814420105,6.9355260047711775
39.93414687512336,23.722931547608276,10.052992171903213
18.160810707123815,23.722931547608276,4.259775702281179
39.93414687512336,0.45038969499851333,0.10415439543921472
26.963808875565032,10.678668041141034,4.38831223729438
39.93414687512336,23.722931547608276,10.377719019714165
26.64995272675086,15.742795993503659,10.198178022717977
39.93414687512336,10.678668041141034,0.09927211836711633
26.963808875565032,10.678668041141034,4.878118881957779
39.93414687512336,15.742795993503659,5.122533718995856
37.20731151918018,10.678668041141034,0.093615923330005
39.93414687512336,23.722931547608276,9.067767776677831
32.10340189585754,15.742795993503659,7.069895807186095
26.963808875565032,10.678668041141034,5.008707557067211
26.963808875565032,10.678668041141034,5.329535675910994
26.963808875565032,10.678668041141034,4.467093831393155
26.963808875565032,18.054471521315875,9.60988150915367
39.37848966383838,15.742795993503659,4.834430931707712
26.64995272675086,15.742795993503659,9.174078444500259
26.963808875565032,10.678668041141034,4.619008530670332
39.93414687512336,23.722931547608276,9.871021404410508
39.93414687512336,23.722931547608276,10.250798591440757
39.93414687512336,4.204739981993434,0.09919105264173304
39.93414687512336,23.722931547608276,9.75136076251356
26.963808875565032,15.742795993503659,8.981884650269821
39.93414687512336,10.678668041141034,0.10523541198091525
26.963808875565032,10.678668041141034,5.2090137098314795
26.963808875565032,3.7549630105205374,0.10710647761577284
26.963808875565032,23.722931547608276,7.449820289189551
39.93414687512336,1.696206225995562,0.10784988295389461
26.963808875565032,23.722931547608276,6.9994403089466575
26.963808875565032,10.678668041141034,5.2240405103158984
39.93414687512336,23.722931547608276,10.147028829392774
39.93414687512336,23.722931547608276,10.684905523102833
26.963808875565032,10.678668041141034,4.930176118191436
12.29885495790078,15.742795993503659,4.828670070377592
26.963808875565032,10.678668041141034,4.376037465822309
39.93414687512336,4.204739981993434,0.09919105264173304
39.93414687512336,23.722931547608276,9.643007968659607
26.963808875565032,23.722931547608276,6.161363055317505
26.963808875565032,10.678668041141034,5.329535675910994
39.93414687512336,23.722931547608276,9.646618956752055
26.963808875565032,10.678668041141034,4.38831223729438
39.93414687512336,23.722931547608276,9.75136076251356
26.963808875565032,22.84610814420105,6.9355260047711775
32.10340189585754,13.87549831413142,5.72651754378459
26.963808875565032,10.678668041141034,4.456197983678133
39.93414687512336,15.742795993503659,5.122533718995856
26.963808875565032,15.742795993503659,8.981884650269821
39.93414687512336,23.722931547608276,10.377719019714165
39.93414687512336,23.722931547608276,9.602036881074895
26.963808875565032,23.722931547608276,7.279754039577888
26.64995272675086,15.742795993503659,10.140190884849183
39.93414687512336,12.068752499520317,0.13666598521606055
39.93414687512336,10.678668041141034,0.10523541198091525
39.93414687512336,23.722931547608276,9.674487462588674
26.963808875565032,15.742795993503659,10.334521557990252
39.93414687512336,10.678668041141034,0.09317513583169909
26.963808875565032,10.678668041141034,4.830706341309045
37.20731151918018,10.678668041141034,0.093615923330005
39.93414687512336,10.678668041141034,0.10740029603684613
26.963808875565032,15.742795993503659,9.765684280669186
26.963808875565032,18.054471521315875,9.60988150915367
39.93414687512336,23.722931547608276,9.648991037614769
26.963808875565032,10.678668041141034,4.878118881957779
39.93414687512336,23.722931547608276,10.565686992378728
26.963808875565032,10.678668041141034,4.467093831393155
18.160810707123815,23.722931547608276,4.259775702281179
39.93414687512336,10.678668041141034,0.10693788164747317
26.963808875565032,20.54350769438642,7.186041280459524
53.287347231752136,10.678668041141034,0.10560467332702643
39.93414687512336,10.678668041141034,0.09620480793715926
26.963808875565032,10.678668041141034,5.2090137098314795
60.05545636527299,10.678668041141034,0.0947634681915109
39.93414687512336,23.722931547608276,9.137781774403397
26.963808875565032,10.678668041141034,4.619008530670332
39.37848966383838,15.742795993503659,4.834430931707712
39.93414687512336,10.678668041141034,0.09927211836711633
39.93414687512336,23.722931547608276,10.250798591440757
26.963808875565032,10.678668041141034,4.585578627859338
26.963808875565032,10.678668041141034,4.7117738025527
39.93414687512336,23.722931547608276,9.826768549358237
39.93414687512336,10.678668041141034,0.09093004581333604
39.93414687512336,23.722931547608276,10.052992171903213
39.93414687512336,23.722931547608276,9.871021404410508
39.93414687512336,23.722931547608276,9.067767776677831
52.75395010995152,15.742795993503659,0.10854805282781589
26.963808875565032,23.722931547608276,7.449820289189551
39.93414687512336,0.45038969499851333,0.10415439543921472
26.64995272675086,15.742795993503659,10.198178022717977
26.963808875565032,10.607688490957115,4.546205272359692
39.93414687512336,23.722931547608276,10.630378477104676
26.963808875565032,23.722931547608276,6.9959485500749565
