26.963808875565032,0.8884918990363904,0.10030770057531548
26.963808875565032,15.742795993503659,10.126537660743313
26.963808875565032,15.742795993503659,9.583377849570672
52.65794128559556,15.742795993503659,0.09992157188207342
26.963808875565032,15.742795993503659,9.583377849570672
52.65794128559556,15.742795993503659,0.09992157188207342
26.963808875565032,0.8884918990363904,0.10030770057531548
26.963808875565032,15.742795993503659,9.953309493705083
26.963808875565032,15.742795993503659,10.126537660743313
26.963808875565032,15.742795993503659,10.126537660743313
26.963808875565032,15.742795993503659,9.583377849570672
52.65794128559556,15.742795993503659,0.09992157188207342
26.963808875565032,15.742795993503659,9.953309493705083
26.963808875565032,0.8884918990363904,0.10030770057531548
26.963808875565032,15.742795993503659,9.953309493705083
26.963808875565032,15.742795993503659,10.126537660743313
52.65794128559556,15.742795993503659,0.09992157188207342
26.963808875565032,0.8884918990363904,0.10030770057531548
26.963808875565032,15.742795993503659,9.953309493705083
52.65794128559556,15.742795993503659,0.09992157188207342
26.963808875565032,15.742795993503659,10.126537660743313
26.963808875565032,0.8884918990363904,0.10030770057531548
26.963808875565032,15.742795993503659,9.583377849570672
26.963808875565032,15.742795993503659,9.953309493705083
26.963808875565032,0.8884918990363904,0.10030770057531548
26.963808875565032,15.742795993503659,10.126537660743313
26.963808875565032,15.742795993503659,9.90428127820732
52.65794128559556,15.742795993503659,0.09992157188207342
26.963808875565032,15.742795993503659,9.583377849570672
26.963808875565032,15.742795993503659,9.953309493705083
26.963808875565032,22.39901357260522,6.536926507981916
52.65794128559556,15.742795993503659,0.09992157188207342
26.963808875565032,15.742795993503659,9.90428127820732
26.963808875565032,15.742795993503659,10.126537660743313
26.963808875565032,0.8884918990363904,0.10030770057531548
26.963808875565032,0.8884918990363904,0.10030770057531548
52.65794128559556,15.742795993503659,0.09992157188207342
26.963808875565032,15.742795993503659,9.953309493705083
26.963808875565032,15.742795993503659,10.126537660743313
26.963808875565032,15.742795993503659,9.90428127820732
26.963808875565032,15.742795993503659,9.583377849570672
26.963808875565032,22.39901357260522,6.536926507981916
26.963808875565032,0.8884918990363904,0.10030770057531548
26.963808875565032,15.742795993503659,9.90428127820732
26.963808875565032,22.39901357260522,6.536926507981916
52.65794128559556,15.742795993503659,0.09992157188207342
26.963808875565032,15.742795993503659,10.126537660743313
26.963808875565032,15.742795993503659,9.583377849570672
26.963808875565032,15.742795993503659,9.953309493705083
52.65794128559556,15.742795993503659,0.09992157188207342
26.963808875565032,15.742795993503659,10.317206807435888
26.963808875565032,15.742795993503659,9.583377849570672
26.963808875565032,0.8884918990363904,0.10030770057531548
26.963808875565032,15.742795993503659,9.90428127820732
26.963808875565032,22.39901357260522,6.536926507981916
26.963808875565032,15.742795993503659,10.126537660743313
26.963808875565032,15.742795993503659,10.126537660743313
26.963808875565032,22.39901357260522,6.536926507981916
26.963808875565032,15.742795993503659,9.583377849570672
26.963808875565032,0.8884918990363904,0.10030770057531548
52.65794128559556,15.742795993503659,0.09992157188207342
26.963808875565032,15.742795993503659,9.90428127820732
26.963808875565032,15.742795993503659,9.427431105260322
26.963808875565032,15.742795993503659,10.317206807435888
26.963808875565032,15.742795993503659,9.953309493705083
26.963808875565032,0.8884918990363904,0.10030770057531548
26.963808875565032,15.742795993503659,9.953309493705083
26.963808875565032,15.742795993503659,10.126537660743313
26.963808875565032,15.742795993503659,10.317206807435888
26.963808875565032,22.39901357260522,6.536926507981916
26.963808875565032,15.742795993503659,9.583377849570672
52.65794128559556,15.742795993503659,0.09992157188207342
27.28223068630257,15.742795993503659,8.767609658910501
26.963808875565032,15.742795993503659,9.90428127820732
26.963808875565032,15.742795993503659,9.90428127820732
26.963808875565032,15.742795993503659,10.126537660743313
27.28223068630257,15.742795993503659,8.767609658910501
26.963808875565032,15.742795993503659,9.583377849570672
26.963808875565032,15.742795993503659,9.953309493705083
26.963808875565032,22.39901357260522,6.536926507981916
26.963808875565032,0.8884918990363904,0.10030770057531548
26.963808875565032,15.742795993503659,9.613855251122327
26.963808875565032,15.742795993503659,10.317206807435888
26.963808875565032,22.39901357260522,6.536926507981916
26.963808875565032,15.742795993503659,10.126537660743313
26.963808875565032,15.742795993503659,9.90428127820732
26.963808875565032,15.742795993503659,9.613855251122327
26.963808875565032,0.8884918990363904,0.10030770057531548
52.65794128559556,15.742795993503659,0.09992157188207342
27.28223068630257,15.742795993503659,8.767609658910501
26.963808875565032,15.742795993503659,9.427431105260322
26.963808875565032,15.742795993503659,9.953309493705083
26.963808875565032,15.742795993503659,9.583377849570672
26.963808875565032,15.742795993503659,9.026078639464782
26.963808875565032,15.742795993503659,10.126537660743313
26.963808875565032,15.742795993503659,9.953309493705083
52.65794128559556,15.742795993503659,0.09992157188207342
26.963808875565032,22.39901357260522,6.536926507981916
27.28223068630257,15.742795993503659,8.767609658910501
26.963808875565032,15.742795993503659,9.613855251122327
26.963808875565032,15.742795993503659,10.570452150405247
26.963808875565032,15.742795993503659,9.427431105260322
26.963808875565032,0.8884918990363904,0.10030770057531548
26.963808875565032,15.742795993503659,10.317206807435888
26.963808875565032,15.742795993503659,9.90428127820732
26.963808875565032,15.742795993503659,9.583377849570672
26.963808875565032,0.8884918990363904,0.10030770057531548
52.65794128559556,15.742795993503659,0.09992157188207342
26.963808875565032,15.742795993503659,9.026078639464782
27.28223068630257,15.742795993503659,8.767609658910501
26.963808875565032,22.39901357260522,6.536926507981916
26.963808875565032,15.742795993503659,9.583377849570672
26.963808875565032,15.742795993503659,9.953309493705083
26.963808875565032,15.742795993503659,9.90428127820732
26.963808875565032,15.742795993503659,10.317206807435888
26.963808875565032,15.742795993503659,10.570452150405247
26.963808875565032,15.742795993503659,9.427431105260322
26.963808875565032,15.742795993503659,9.613855251122327
26.963808875565032,15.742795993503659,10.570452150405247
26.963808875565032,15.742795993503659,9.427431105260322
26.963808875565032,15.742795993503659,10.162109977824125
26.963808875565032,15.742795993503659,10.317206807435888
27.28223068630257,15.742795993503659,8.767609658910501
26.963808875565032,15.742795993503659,9.90428127820732
52.65794128559556,15.742795993503659,0.09992157188207342
26.963808875565032,15.742795993503659,9.583377849570672
26.963808875565032,15.742795993503659,9.613855251122327
26.963808875565032,0.8884918990363904,0.10030770057531548
26.963808875565032,15.742795993503659,9.953309493705083
26.963808875565032,15.742795993503659,9.026078639464782
9.08663373048353,15.742795993503659,3.720584200306679
26.963808875565032,15.742795993503659,10.126537660743313
26.963808875565032,22.39901357260522,6.536926507981916
52.65794128559556,15.742795993503659,0.09992157188207342
26.963808875565032,22.39901357260522,6.536926507981916
26.963808875565032,15.742795993503659,10.317206807435888
26.963808875565032,15.742795993503659,10.126537660743313
26.963808875565032,15.742795993503659,9.026078639464782
26.963808875565032,15.742795993503659,9.427431105260322
26.963808875565032,15.742795993503659,9.84274907783456
9.08663373048353,15.742795993503659,3.720584200306679
26.963808875565032,15.742795993503659,9.613855251122327
26.963808875565032,15.742795993503659,10.162109977824125
26.963808875565032,15.742795993503659,10.570452150405247
26.963808875565032,15.742795993503659,9.953309493705083
27.28223068630257,15.742795993503659,8.767609658910501
26.963808875565032,15.742795993503659,9.583377849570672
26.963808875565032,0.8884918990363904,0.10030770057531548
26.963808875565032,15.742795993503659,10.317206807435888
26.963808875565032,0.8884918990363904,0.10030770057531548
26.963808875565032,15.742795993503659,9.84274907783456
26.963808875565032,15.742795993503659,9.427431105260322
26.963808875565032,15.742795993503659,10.570452150405247
26.963808875565032,15.742795993503659,9.613855251122327
26.963808875565032,15.742795993503659,9.256090696426718
26.963808875565032,15.742795993503659,10.126537660743313
26.963808875565032,15.742795993503659,9.026078639464782
26.963808875565032,15.742795993503659,9.90428127820732
26.963808875565032,15.742795993503659,9.953309493705083
26.963808875565032,15.742795993503659,10.162109977824125
9.08663373048353,15.742795993503659,3.720584200306679
52.65794128559556,15.742795993503659,0.09992157188207342
26.963808875565032,15.742795993503659,9.583377849570672
26.963808875565032,15.742795993503659,9.84274907783456
26.963808875565032,15.742795993503659,9.427431105260322
26.963808875565032,22.39901357260522,6.536926507981916
26.963808875565032,15.742795993503659,9.256090696426718
27.28223068630257,15.742795993503659,8.767609658910501
26.963808875565032,0.8884918990363904,0.10030770057531548
52.65794128559556,15.742795993503659,0.09992157188207342
26.963808875565032,15.742795993503659,10.317206807435888
26.963808875565032,15.742795993503659,9.583377849570672
9.08663373048353,15.742795993503659,3.720584200306679
26.963808875565032,15.742795993503659,10.126537660743313
26.963808875565032,15.742795993503659,8.977506336857127
26.963808875565032,15.742795993503659,9.613855251122327
26.963808875565032,15.742795993503659,9.953309493705083
26.963808875565032,15.742795993503659,10.570452150405247
26.963808875565032,15.742795993503659,10.162109977824125
26.963808875565032,15.742795993503659,9.026078639464782
26.963808875565032,15.742795993503659,9.90428127820732
26.963808875565032,15.742795993503659,9.267394846935147
26.963808875565032,15.742795993503659,10.126537660743313
26.963808875565032,15.742795993503659,10.317206807435888
9.08663373048353,15.742795993503659,3.720584200306679
26.963808875565032,15.742795993503659,9.613855251122327
52.65794128559556,15.742795993503659,0.09992157188207342
26.963808875565032,0.8884918990363904,0.10030770057531548
26.963808875565032,15.742795993503659,10.431528638424128
26.963808875565032,15.742795993503659,9.90428127820732
26.963808875565032,15.742795993503659,8.977506336857127
26.963808875565032,15.742795993503659,9.026078639464782
26.963808875565032,15.742795993503659,10.570452150405247
26.963808875565032,15.742795993503659,9.427431105260322
26.963808875565032,15.742795993503659,9.256090696426718
26.963808875565032,15.742795993503659,9.583377849570672
27.28223068630257,15.742795993503659,8.767609658910501
26.963808875565032,15.742795993503659,8.977506336857127
26.963808875565032,15.742795993503659,9.267394846935147
26.963808875565032,15.742795993503659,10.317206807435888
52.65794128559556,15.742795993503659,0.09992157188207342
26.963808875565032,15.742795993503659,9.953309493705083
26.963808875565032,15.742795993503659,10.126537660743313
26.963808875565032,15.742795993503659,9.026078639464782
26.963808875565032,15.742795993503659,10.570452150405247
26.963808875565032,15.742795993503659,9.90428127820732
26.963808875565032,15.742795993503659,9.613855251122327
27.28223068630257,15.742795993503659,8.767609658910501
26.963808875565032,15.742795993503659,10.162109977824125
26.963808875565032,15.742795993503659,9.256090696426718
9.08663373048353,15.742795993503659,3.720584200306679
26.963808875565032,15.742795993503659,9.427431105260322
26.963808875565032,22.39901357260522,6.536926507981916
26.963808875565032,0.8884918990363904,0.10030770057531548
26.963808875565032,15.742795993503659,10.431528638424128
26.963808875565032,15.742795993503659,9.583377849570672
26.963808875565032,15.742795993503659,10.162109977824125
26.963808875565032,15.742795993503659,10.431528638424128
26.963808875565032,6.672015997873697,0.09204881383763819
26.963808875565032,15.742795993503659,10.126537660743313
26.963808875565032,15.742795993503659,9.613855251122327
26.963808875565032,26.819632691935556,6.4319496505188685
26.963808875565032,15.742795993503659,9.84274907783456
26.963808875565032,15.742795993503659,9.256090696426718
26.963808875565032,15.742795993503659,9.427431105260322
27.28223068630257,15.742795993503659,8.767609658910501
52.65794128559556,15.742795993503659,0.09992157188207342
26.963808875565032,0.8884918990363904,0.10030770057531548
26.963808875565032,15.742795993503659,8.977506336857127
26.963808875565032,22.39901357260522,6.536926507981916
26.963808875565032,15.742795993503659,9.90428127820732
26.963808875565032,15.742795993503659,9.026078639464782
26.963808875565032,15.742795993503659,9.267394846935147
26.963808875565032,15.742795993503659,10.570452150405247
26.963808875565032,15.742795993503659,9.953309493705083
26.963808875565032,15.742795993503659,9.427431105260322
26.963808875565032,15.742795993503659,10.317206807435888
26.293564787032675,15.742795993503659,10.045946214417974
26.963808875565032,15.742795993503659,9.613855251122327
9.08663373048353,15.742795993503659,3.720584200306679
26.963808875565032,15.742795993503659,9.84274907783456
26.963808875565032,22.39901357260522,6.536926507981916
26.963808875565032,15.742795993503659,9.953309493705083
26.963808875565032,15.742795993503659,9.90428127820732
26.963808875565032,15.742795993503659,9.583377849570672
26.963808875565032,15.742795993503659,9.256090696426718
27.28223068630257,15.742795993503659,8.767609658910501
26.963808875565032,15.742795993503659,9.942285125890562
26.963808875565032,26.819632691935556,6.4319496505188685
26.963808875565032,25.370293928983024,6.40400011436888
26.963808875565032,15.742795993503659,9.267394846935147
26.963808875565032,15.742795993503659,9.148506467516007
26.963808875565032,6.672015997873697,0.09204881383763819
26.963808875565032,0.8884918990363904,0.10030770057531548
26.963808875565032,15.742795993503659,9.026078639464782
26.963808875565032,15.742795993503659,10.162109977824125
26.963808875565032,15.742795993503659,10.431528638424128
26.963808875565032,15.742795993503659,8.977506336857127
52.65794128559556,15.742795993503659,0.09992157188207342
26.963808875565032,15.742795993503659,10.570452150405247
26.963808875565032,15.742795993503659,9.583377849570672
26.963808875565032,15.742795993503659,9.942285125890562
26.963808875565032,15.742795993503659,9.148506467516007
26.963808875565032,22.39901357260522,6.536926507981916
27.28223068630257,15.742795993503659,8.767609658910501
9.08663373048353,15.742795993503659,3.720584200306679
26.963808875565032,0.8884918990363904,0.10030770057531548
26.963808875565032,15.742795993503659,10.126537660743313
26.963808875565032,15.742795993503659,9.427431105260322
26.293564787032675,15.742795993503659,10.045946214417974
26.963808875565032,15.742795993503659,9.524455870058993
52.65794128559556,15.742795993503659,0.09992157188207342
26.963808875565032,15.742795993503659,10.431528638424128
26.963808875565032,15.742795993503659,10.300340968866866
26.963808875565032,26.819632691935556,6.4319496505188685
35.86900132733663,15.742795993503659,6.798080623889594
26.963808875565032,15.742795993503659,9.84274907783456
26.963808875565032,15.742795993503659,9.267394846935147
26.963808875565032,15.742795993503659,10.570452150405247
26.963808875565032,15.742795993503659,9.90428127820732
26.963808875565032,15.742795993503659,9.613855251122327
26.963808875565032,6.672015997873697,0.09204881383763819
26.963808875565032,15.742795993503659,9.026078639464782
26.963808875565032,25.370293928983024,6.40400011436888
26.963808875565032,15.742795993503659,10.317206807435888
26.963808875565032,15.742795993503659,10.162109977824125
26.963808875565032,15.742795993503659,9.953309493705083
26.963808875565032,15.742795993503659,9.256090696426718
26.963808875565032,29.169119153364555,9.559628699003587
26.963808875565032,15.742795993503659,9.148506467516007
26.963808875565032,15.742795993503659,10.431528638424128
26.963808875565032,15.742795993503659,10.162109977824125
35.86900132733663,15.742795993503659,6.798080623889594
26.963808875565032,15.742795993503659,9.026078639464782
26.963808875565032,15.742795993503659,9.583377849570672
26.963808875565032,15.742795993503659,9.848117073618932
26.963808875565032,15.742795993503659,10.300340968866866
26.963808875565032,22.39901357260522,6.536926507981916
26.963808875565032,15.742795993503659,9.419206804926388
26.963808875565032,15.742795993503659,9.84274907783456
26.963808875565032,15.742795993503659,9.383446942818528
26.293564787032675,15.742795993503659,10.045946214417974
26.963808875565032,15.742795993503659,8.977506336857127
26.963808875565032,15.742795993503659,9.613855251122327
26.963808875565032,15.742795993503659,9.524455870058993
26.963808875565032,15.742795993503659,10.570452150405247
52.65794128559556,15.742795993503659,0.09992157188207342
26.963808875565032,15.742795993503659,10.126537660743313
26.963808875565032,26.819632691935556,6.4319496505188685
21.78043959263783,15.742795993503659,8.623754100361449
26.963808875565032,0.8884918990363904,0.10030770057531548
16.311212542134484,15.742795993503659,5.6171278390344375
26.963808875565032,29.169119153364555,9.559628699003587
26.963808875565032,6.672015997873697,0.09204881383763819
26.963808875565032,15.742795993503659,9.953309493705083
26.963808875565032,15.742795993503659,9.267394846935147
9.08663373048353,15.742795993503659,3.720584200306679
26.963808875565032,15.742795993503659,9.90428127820732
26.963808875565032,15.742795993503659,10.317206807435888
26.963808875565032,15.742795993503659,8.867090665358104
26.963808875565032,15.742795993503659,9.427431105260322
27.28223068630257,15.742795993503659,8.767609658910501
26.963808875565032,15.742795993503659,9.256090696426718
26.963808875565032,15.742795993503659,9.148506467516007
26.963808875565032,15.742795993503659,9.583377849570672
26.963808875565032,15.742795993503659,8.867090665358104
26.963808875565032,15.742795993503659,9.84274907783456
27.28223068630257,15.742795993503659,8.767609658910501
26.963808875565032,15.742795993503659,10.411669221884504
26.963808875565032,15.742795993503659,10.162109977824125
26.963808875565032,15.742795993503659,9.256090696426718
16.311212542134484,15.742795993503659,5.6171278390344375
52.65794128559556,15.742795993503659,0.09992157188207342
26.963808875565032,15.742795993503659,9.267394846935147
26.963808875565032,29.169119153364555,9.559628699003587
26.963808875565032,15.742795993503659,9.383446942818528
39.97212834064285,1.6551800147145403,0.09094390901202425
9.08663373048353,15.742795993503659,3.720584200306679
26.963808875565032,15.742795993503659,9.58956178069263
26.963808875565032,6.672015997873697,0.09204881383763819
26.963808875565032,22.39901357260522,6.536926507981916
26.963808875565032,15.742795993503659,9.613855251122327
35.86900132733663,15.742795993503659,6.798080623889594
26.963808875565032,15.742795993503659,10.317206807435888
26.963808875565032,15.742795993503659,9.953309493705083
26.963808875565032,15.742795993503659,9.848117073618932
26.963808875565032,15.742795993503659,9.942285125890562
26.963808875565032,15.742795993503659,10.431528638424128
21.78043959263783,15.742795993503659,8.623754100361449
26.963808875565032,15.742795993503659,9.026078639464782
26.963808875565032,26.819632691935556,6.4319496505188685
26.963808875565032,15.742795993503659,9.419206804926388
26.963808875565032,15.742795993503659,8.977506336857127
26.963808875565032,15.742795993503659,10.300340968866866
26.963808875565032,15.742795993503659,9.483592699535398
26.963808875565032,0.8884918990363904,0.10030770057531548
26.963808875565032,15.742795993503659,9.427431105260322
26.963808875565032,15.742795993503659,9.90428127820732
26.963808875565032,15.742795993503659,10.570452150405247
26.963808875565032,15.742795993503659,9.613855251122327
26.963808875565032,15.742795993503659,9.58956178069263
16.311212542134484,15.742795993503659,5.6171278390344375
20.313480027286833,15.742795993503659,7.015310609767891
26.963808875565032,15.742795993503659,10.126537660743313
26.963808875565032,15.742795993503659,9.84274907783456
26.963808875565032,15.742795993503659,9.90428127820732
26.963808875565032,15.742795993503659,9.674492714536635
26.963808875565032,0.8884918990363904,0.10030770057531548
39.97212834064285,1.6551800147145403,0.09094390901202425
26.963808875565032,15.742795993503659,10.431528638424128
26.963808875565032,15.742795993503659,9.953309493705083
26.963808875565032,15.742795993503659,9.483592699535398
26.963808875565032,29.169119153364555,9.559628699003587
52.65794128559556,15.742795993503659,0.09992157188207342
26.963808875565032,15.742795993503659,9.524455870058993
9.08663373048353,15.742795993503659,3.720584200306679
26.963808875565032,15.742795993503659,9.135245136152223
26.963808875565032,6.672015997873697,0.09204881383763819
26.963808875565032,15.742795993503659,10.411669221884504
26.963808875565032,26.819632691935556,6.4319496505188685
26.963808875565032,15.742795993503659,8.977506336857127
35.86900132733663,15.742795993503659,6.798080623889594
26.963808875565032,15.742795993503659,8.867090665358104
26.963808875565032,15.742795993503659,9.419206804926388
26.963808875565032,22.39901357260522,6.536926507981916
26.963808875565032,15.742795993503659,10.570452150405247
26.963808875565032,15.742795993503659,9.256090696426718
26.963808875565032,15.742795993503659,10.507314416084327
26.963808875565032,15.742795993503659,10.317206807435888
26.963808875565032,15.742795993503659,9.848117073618932
26.963808875565032,15.742795993503659,9.148506467516007
26.963808875565032,15.742795993503659,9.583377849570672
26.963808875565032,25.370293928983024,6.40400011436888
27.28223068630257,15.742795993503659,8.767609658910501
26.963808875565032,15.742795993503659,9.043779855645761
21.78043959263783,15.742795993503659,8.623754100361449
26.963808875565032,15.742795993503659,10.162109977824125
26.963808875565032,15.742795993503659,10.300340968866866
26.963808875565032,15.742795993503659,10.601022301005024
26.963808875565032,15.742795993503659,9.942285125890562
26.963808875565032,15.742795993503659,9.383446942818528
26.963808875565032,15.742795993503659,9.026078639464782
26.293564787032675,15.742795993503659,10.045946214417974
26.963808875565032,15.742795993503659,9.84274907783456
26.963808875565032,26.819632691935556,6.4319496505188685
26.963808875565032,15.742795993503659,10.614573690642326
26.963808875565032,15.742795993503659,9.58956178069263
39.97212834064285,1.6551800147145403,0.09094390901202425
26.963808875565032,15.742795993503659,9.942285125890562
26.963808875565032,15.742795993503659,9.135245136152223
26.963808875565032,15.742795993503659,9.90428127820732
26.963808875565032,15.742795993503659,9.524455870058993
27.28223068630257,15.742795993503659,8.767609658910501
26.963808875565032,22.39901357260522,6.536926507981916
26.963808875565032,15.742795993503659,9.267394846935147
26.963808875565032,0.8884918990363904,0.10030770057531548
16.311212542134484,15.742795993503659,5.6171278390344375
26.293564787032675,15.742795993503659,10.045946214417974
26.963808875565032,15.742795993503659,9.419206804926388
26.963808875565032,6.672015997873697,0.09204881383763819
26.963808875565032,29.169119153364555,9.559628699003587
26.963808875565032,25.370293928983024,6.40400011436888
26.963808875565032,15.742795993503659,9.583377849570672
26.963808875565032,15.742795993503659,9.613855251122327
26.963808875565032,15.742795993503659,9.148506467516007
26.963808875565032,15.742795993503659,9.848117073618932
9.08663373048353,15.742795993503659,3.720584200306679
26.963808875565032,15.742795993503659,10.411669221884504
26.963808875565032,15.742795993503659,9.043779855645761
26.963808875565032,7.322151801980148,0.09902496936916769
26.963808875565032,15.742795993503659,10.317206807435888
26.963808875565032,15.742795993503659,9.383446942818528
26.963808875565032,15.742795993503659,10.300340968866866
26.963808875565032,15.742795993503659,8.977506336857127
35.86900132733663,15.742795993503659,6.798080623889594
26.963808875565032,15.742795993503659,10.570452150405247
26.963808875565032,15.742795993503659,9.953309493705083
26.963808875565032,15.742795993503659,8.867090665358104
26.963808875565032,15.742795993503659,10.507314416084327
26.963808875565032,15.742795993503659,9.674492714536635
26.963808875565032,15.742795993503659,10.126537660743313
26.963808875565032,15.742795993503659,9.483592699535398
20.313480027286833,15.742795993503659,7.015310609767891
21.78043959263783,15.742795993503659,8.623754100361449
26.963808875565032,15.742795993503659,10.601022301005024
43.08071954782825,15.742795993503659,3.899159602930357
26.963808875565032,15.742795993503659,10.162109977824125
52.65794128559556,15.742795993503659,0.09992157188207342
26.963808875565032,15.742795993503659,9.58956178069263
26.963808875565032,15.742795993503659,9.613855251122327
20.313480027286833,15.742795993503659,7.015310609767891
26.963808875565032,25.370293928983024,6.40400011436888
26.963808875565032,15.742795993503659,10.601022301005024
26.963808875565032,15.742795993503659,10.317206807435888
26.963808875565032,15.742795993503659,10.570452150405247
26.963808875565032,15.742795993503659,8.875279551061706
35.86900132733663,15.742795993503659,6.798080623889594
26.963808875565032,15.742795993503659,10.507314416084327
13.974937942150197,15.742795993503659,5.798911189563554
26.963808875565032,15.742795993503659,9.942285125890562
43.08071954782825,15.742795993503659,3.899159602930357
9.08663373048353,15.742795993503659,3.720584200306679
26.963808875565032,15.742795993503659,9.427431105260322
26.963808875565032,15.742795993503659,9.148506467516007
26.963808875565032,15.742795993503659,9.267394846935147
26.963808875565032,15.742795993503659,9.256090696426718
26.963808875565032,15.742795993503659,9.043779855645761
26.963808875565032,15.742795993503659,9.848117073618932
27.28223068630257,15.742795993503659,8.767609658910501
26.963808875565032,15.742795993503659,9.083785901387948
26.963808875565032,15.742795993503659,9.026078639464782
26.963808875565032,15.742795993503659,10.162109977824125
26.963808875565032,15.742795993503659,8.977506336857127
26.963808875565032,15.742795993503659,10.126537660743313
52.65794128559556,15.742795993503659,0.09992157188207342
26.963808875565032,15.742795993503659,10.411669221884504
5.687669992455746,23.910938088142075,1.364750271884569
26.963808875565032,15.742795993503659,8.867090665358104
26.963808875565032,22.39901357260522,6.536926507981916
39.97212834064285,1.6551800147145403,0.09094390901202425
26.963808875565032,15.742795993503659,9.483592699535398
26.963808875565032,0.8884918990363904,0.10030770057531548
26.963808875565032,6.672015997873697,0.09204881383763819
26.963808875565032,15.742795993503659,10.431528638424128
26.963808875565032,15.742795993503659,9.383446942818528
26.963808875565032,15.742795993503659,10.614573690642326
26.963808875565032,15.742795993503659,10.300340968866866
26.963808875565032,15.742795993503659,9.90428127820732
26.963808875565032,15.742795993503659,9.953309493705083
26.963808875565032,15.742795993503659,9.524455870058993
26.963808875565032,26.819632691935556,6.4319496505188685
26.963808875565032,29.169119153364555,9.559628699003587
21.78043959263783,15.742795993503659,8.623754100361449
26.963808875565032,7.322151801980148,0.09902496936916769
26.963808875565032,15.742795993503659,9.583377849570672
26.963808875565032,15.742795993503659,9.674492714536635
16.311212542134484,15.742795993503659,5.6171278390344375
26.963808875565032,15.742795993503659,9.832962510158406
9.08663373048353,15.742795993503659,3.720584200306679
26.963808875565032,15.742795993503659,9.674492714536635
26.963808875565032,15.742795993503659,10.431528638424128
26.963808875565032,22.39901357260522,6.536926507981916
26.963808875565032,15.742795993503659,10.317206807435888
47.776357428128634,15.742795993503659,1.8424045571635894
26.963808875565032,27.291829509423003,5.9521969349884465
13.974937942150197,15.742795993503659,5.798911189563554
26.963808875565032,15.742795993503659,8.867090665358104
26.963808875565032,0.8884918990363904,0.10030770057531548
26.963808875565032,15.742795993503659,9.383446942818528
26.963808875565032,15.742795993503659,9.84274907783456
16.311212542134484,15.742795993503659,5.6171278390344375
35.86900132733663,15.742795993503659,6.798080623889594
26.963808875565032,15.742795993503659,10.465598485737978
26.963808875565032,15.742795993503659,9.256090696426718
26.963808875565032,15.742795993503659,9.942285125890562
26.963808875565032,15.742795993503659,9.043779855645761
26.963808875565032,15.742795993503659,9.083785901387948
26.963808875565032,15.742795993503659,8.977506336857127
26.293564787032675,15.742795993503659,10.045946214417974
26.963808875565032,15.742795993503659,9.848117073618932
26.963808875565032,15.742795993503659,9.026078639464782
26.963808875565032,15.742795993503659,9.427431105260322
21.78043959263783,15.742795993503659,8.623754100361449
5.687669992455746,23.910938088142075,1.364750271884569
26.963808875565032,15.742795993503659,10.601022301005024
26.963808875565032,6.672015997873697,0.09204881383763819
26.963808875565032,15.742795993503659,9.148506467516007
26.963808875565032,15.742795993503659,10.126537660743313
26.963808875565032,15.742795993503659,9.58956178069263
26.963808875565032,15.742795993503659,10.300340968866866
26.963808875565032,15.742795993503659,9.613855251122327
26.963808875565032,15.742795993503659,10.162109977824125
26.963808875565032,15.742795993503659,9.135245136152223
26.963808875565032,15.742795993503659,8.875279551061706
26.963808875565032,15.742795993503659,10.081219993898676
26.963808875565032,29.169119153364555,9.559628699003587
26.963808875565032,15.742795993503659,9.90428127820732
26.963808875565032,15.742795993503659,10.411669221884504
26.963808875565032,6.586479933450891,0.10435730653856796
26.963808875565032,15.742795993503659,9.223789508291356
26.963808875565032,15.742795993503659,9.832962510158406
26.963808875565032,15.742795993503659,9.764055449341699
26.963808875565032,15.742795993503659,10.570452150405247
26.963808875565032,15.742795993503659,8.836571683663763
26.963808875565032,15.742795993503659,10.614573690642326
26.963808875565032,15.742795993503659,9.953309493705083
26.963808875565032,15.742795993503659,9.267394846935147
43.08071954782825,15.742795993503659,3.899159602930357
26.963808875565032,15.742795993503659,9.483592699535398
52.65794128559556,15.742795993503659,0.09992157188207342
26.963808875565032,15.742795993503659,10.507314416084327
26.963808875565032,7.322151801980148,0.09902496936916769
26.963808875565032,26.819632691935556,6.4319496505188685
19.155446959873103,15.742795993503659,8.021639714259248
26.963808875565032,15.742795993503659,8.951364858357266
26.963808875565032,15.742795993503659,9.419206804926388
26.963808875565032,15.742795993503659,9.583377849570672
26.963808875565032,15.742795993503659,10.431528638424128
26.963808875565032,15.742795993503659,10.317206807435888
9.08663373048353,15.742795993503659,3.720584200306679
26.963808875565032,26.819632691935556,6.4319496505188685
26.963808875565032,15.742795993503659,9.223789508291356
26.963808875565032,15.742795993503659,9.483592699535398
26.963808875565032,0.304601670307008,0.09303894151683557
52.65794128559556,15.742795993503659,0.09992157188207342
26.963808875565032,15.742795993503659,10.601022301005024
26.963808875565032,15.742795993503659,9.832962510158406
26.963808875565032,15.742795993503659,9.427431105260322
35.86900132733663,15.742795993503659,6.798080623889594
16.311212542134484,15.742795993503659,5.6171278390344375
26.963808875565032,15.742795993503659,9.043779855645761
26.963808875565032,7.322151801980148,0.09902496936916769
26.963808875565032,15.742795993503659,9.256090696426718
26.963808875565032,15.742795993503659,10.507314416084327
26.963808875565032,15.742795993503659,10.155915842996771
26.963808875565032,15.742795993503659,9.026078639464782
26.963808875565032,15.742795993503659,9.613855251122327
26.963808875565032,15.742795993503659,10.186181095696162
26.963808875565032,15.742795993503659,10.126537660743313
26.963808875565032,15.742795993503659,9.84274907783456
26.963808875565032,15.742795993503659,9.848117073618932
26.963808875565032,15.742795993503659,10.162109977824125
26.963808875565032,15.742795993503659,10.69163847834081
26.963808875565032,27.291829509423003,5.9521969349884465
26.963808875565032,22.39901357260522,6.536926507981916
26.963808875565032,15.742795993503659,8.875279551061706
26.963808875565032,15.742795993503659,10.300340968866866
26.963808875565032,15.742795993503659,8.977506336857127
26.963808875565032,15.742795993503659,8.951364858357266
26.963808875565032,6.586479933450891,0.10435730653856796
26.963808875565032,6.672015997873697,0.09204881383763819
26.963808875565032,15.742795993503659,9.674492714536635
39.97212834064285,1.6551800147145403,0.09094390901202425
26.963808875565032,15.742795993503659,10.081219993898676
26.963808875565032,15.742795993503659,9.095538216501343
20.313480027286833,15.742795993503659,7.015310609767891
26.963808875565032,15.742795993503659,10.465598485737978
26.963808875565032,15.742795993503659,9.383446942818528
26.963808875565032,15.742795993503659,9.135245136152223
26.963808875565032,0.8884918990363904,0.10030770057531548
26.963808875565032,15.742795993503659,9.90428127820732
26.963808875565032,15.742795993503659,9.583377849570672
27.28223068630257,15.742795993503659,8.767609658910501
19.155446959873103,15.742795993503659,8.021639714259248
26.293564787032675,15.742795993503659,10.045946214417974
26.963808875565032,15.742795993503659,8.836571683663763
26.963808875565032,15.742795993503659,9.419206804926388
21.78043959263783,15.742795993503659,8.623754100361449
26.963808875565032,15.742795993503659,9.083785901387948
26.963808875565032,15.742795993503659,10.614573690642326
5.687669992455746,23.910938088142075,1.364750271884569
26.963808875565032,15.742795993503659,8.867090665358104
43.08071954782825,15.742795993503659,3.899159602930357
26.963808875565032,15.742795993503659,9.953309493705083
26.963808875565032,15.742795993503659,9.267394846935147
26.963808875565032,15.742795993503659,9.58956178069263
26.963808875565032,15.742795993503659,9.764055449341699
26.963808875565032,15.742795993503659,10.570452150405247
13.974937942150197,15.742795993503659,5.798911189563554
26.963808875565032,15.742795993503659,10.68370172186732
26.963808875565032,15.742795993503659,10.411669221884504
