26.963808875565032,15.742795993503659,8.790100159217074
26.963808875565032,15.742795993503659,10.566606154951646
26.963808875565032,15.742795993503659,8.790100159217074
26.963808875565032,15.742795993503659,10.566606154951646
26.963808875565032,15.742795993503659,9.480397035322504
26.963808875565032,15.742795993503659,8.790100159217074
26.963808875565032,15.742795993503659,10.566606154951646
26.963808875565032,15.742795993503659,9.480397035322504
26.963808875565032,15.742795993503659,9.480397035322504
26.963808875565032,15.742795993503659,10.566606154951646
26.963808875565032,15.742795993503659,9.480397035322504
26.963808875565032,15.742795993503659,10.566606154951646
26.963808875565032,15.742795993503659,8.790100159217074
26.963808875565032,15.742795993503659,9.480397035322504
26.963808875565032,15.742795993503659,10.3557559189365
26.963808875565032,15.742795993503659,10.566606154951646
26.963808875565032,15.742795993503659,8.790100159217074
26.963808875565032,15.742795993503659,9.480397035322504
3.7880411129116354,15.742795993503659,1.505364612395463
26.963808875565032,15.742795993503659,10.566606154951646
26.963808875565032,15.742795993503659,10.3557559189365
26.963808875565032,15.742795993503659,10.566606154951646
26.963808875565032,15.742795993503659,9.480397035322504
26.963808875565032,15.742795993503659,10.3557559189365
26.963808875565032,15.742795993503659,8.790100159217074
3.7880411129116354,15.742795993503659,1.505364612395463
26.963808875565032,15.742795993503659,10.3557559189365
3.7880411129116354,15.742795993503659,1.505364612395463
26.963808875565032,15.742795993503659,10.566606154951646
26.963808875565032,15.742795993503659,8.790100159217074
26.963808875565032,15.742795993503659,9.480397035322504
26.963808875565032,15.742795993503659,10.566606154951646
26.963808875565032,15.742795993503659,8.790100159217074
26.963808875565032,15.742795993503659,10.3557559189365
3.7880411129116354,15.742795993503659,1.505364612395463
3.7880411129116354,15.742795993503659,1.505364612395463
26.963808875565032,15.742795993503659,8.790100159217074
26.963808875565032,15.742795993503659,10.566606154951646
26.963808875565032,15.742795993503659,10.3557559189365
26.963808875565032,15.742795993503659,9.480397035322504
26.963808875565032,15.742795993503659,9.480397035322504
3.7880411129116354,15.742795993503659,1.505364612395463
26.963808875565032,15.742795993503659,8.790100159217074
26.963808875565032,15.742795993503659,10.566606154951646
26.963808875565032,15.742795993503659,10.3557559189365
26.963808875565032,15.742795993503659,10.3557559189365
26.963808875565032,15.742795993503659,8.790100159217074
26.963808875565032,15.742795993503659,9.480397035322504
3.7880411129116354,15.742795993503659,1.505364612395463
26.963808875565032,20.423751407523092,7.7693363525820995
3.7880411129116354,15.742795993503659,1.505364612395463
26.963808875565032,15.742795993503659,10.3557559189365
26.963808875565032,20.423751407523092,7.7693363525820995
26.963808875565032,15.742795993503659,10.566606154951646
26.963808875565032,15.742795993503659,9.480397035322504
26.963808875565032,15.742795993503659,8.790100159217074
26.963808875565032,15.742795993503659,9.797727076575315
26.963808875565032,15.742795993503659,9.480397035322504
26.963808875565032,15.742795993503659,10.566606154951646
3.7880411129116354,15.742795993503659,1.505364612395463
26.963808875565032,20.423751407523092,7.7693363525820995
31.753630002178966,15.742795993503659,8.374131176500667
26.963808875565032,15.742795993503659,10.3557559189365
26.963808875565032,15.742795993503659,8.790100159217074
26.963808875565032,15.742795993503659,10.566606154951646
26.963808875565032,15.742795993503659,9.797727076575315
3.7880411129116354,15.742795993503659,1.505364612395463
26.963808875565032,15.742795993503659,8.790100159217074
26.963808875565032,15.742795993503659,9.480397035322504
26.963808875565032,15.742795993503659,10.3557559189365
31.753630002178966,15.742795993503659,8.374131176500667
26.963808875565032,20.423751407523092,7.7693363525820995
31.753630002178966,15.742795993503659,8.374131176500667
26.963808875565032,15.742795993503659,10.3557559189365
26.963808875565032,15.742795993503659,10.566606154951646
26.963808875565032,15.742795993503659,8.790100159217074
26.963808875565032,20.423751407523092,7.7693363525820995
26.963808875565032,15.742795993503659,9.480397035322504
26.963808875565032,15.742795993503659,9.797727076575315
3.7880411129116354,15.742795993503659,1.505364612395463
26.963808875565032,15.742795993503659,10.566606154951646
3.7880411129116354,15.742795993503659,1.505364612395463
26.963808875565032,15.742795993503659,9.797727076575315
26.963808875565032,15.742795993503659,9.308218743571882
26.963808875565032,20.423751407523092,7.7693363525820995
31.753630002178966,15.742795993503659,8.374131176500667
26.963808875565032,15.742795993503659,9.480397035322504
26.963808875565032,15.742795993503659,8.790100159217074
26.963808875565032,15.742795993503659,9.308218743571882
31.753630002178966,15.742795993503659,8.374131176500667
26.963808875565032,20.423751407523092,7.7693363525820995
26.963808875565032,15.742795993503659,9.18781698928776
26.963808875565032,15.742795993503659,9.797727076575315
26.963808875565032,15.742795993503659,10.3557559189365
26.963808875565032,15.742795993503659,9.480397035322504
26.963808875565032,15.742795993503659,10.566606154951646
26.963808875565032,15.742795993503659,8.790100159217074
26.963808875565032,15.742795993503659,9.308218743571882
3.7880411129116354,15.742795993503659,1.505364612395463
26.963808875565032,15.742795993503659,9.18781698928776
26.963808875565032,15.742795993503659,10.566606154951646
26.963808875565032,15.742795993503659,8.790100159217074
26.963808875565032,20.423751407523092,7.7693363525820995
26.963808875565032,15.742795993503659,9.480397035322504
31.753630002178966,15.742795993503659,8.374131176500667
26.963808875565032,15.742795993503659,9.797727076575315
26.963808875565032,15.742795993503659,10.3557559189365
26.963808875565032,17.42776040138217,9.272876941932678
26.963808875565032,20.423751407523092,7.7693363525820995
26.963808875565032,15.742795993503659,10.566606154951646
26.963808875565032,15.742795993503659,9.506472430917315
26.963808875565032,15.742795993503659,10.3557559189365
26.963808875565032,15.742795993503659,9.797727076575315
31.753630002178966,15.742795993503659,8.374131176500667
26.963808875565032,15.742795993503659,9.18781698928776
26.963808875565032,15.742795993503659,8.790100159217074
26.963808875565032,17.42776040138217,9.272876941932678
26.963808875565032,15.742795993503659,10.566606154951646
26.963808875565032,15.742795993503659,9.480397035322504
26.963808875565032,15.742795993503659,9.797727076575315
31.753630002178966,15.742795993503659,8.374131176500667
26.963808875565032,15.742795993503659,10.3557559189365
26.963808875565032,20.423751407523092,7.7693363525820995
26.963808875565032,15.742795993503659,9.18781698928776
3.7880411129116354,15.742795993503659,1.505364612395463
26.963808875565032,15.742795993503659,9.506472430917315
26.963808875565032,15.742795993503659,8.790100159217074
26.963808875565032,15.742795993503659,9.506472430917315
26.963808875565032,15.742795993503659,10.653942788938318
26.963808875565032,20.423751407523092,7.7693363525820995
26.963808875565032,15.742795993503659,9.456750447986844
26.963808875565032,15.742795993503659,9.308218743571882
26.963808875565032,15.742795993503659,9.18781698928776
26.963808875565032,15.742795993503659,10.566606154951646
3.7880411129116354,15.742795993503659,1.505364612395463
26.963808875565032,15.742795993503659,10.3557559189365
26.963808875565032,15.742795993503659,9.797727076575315
26.963808875565032,17.42776040138217,9.272876941932678
31.753630002178966,15.742795993503659,8.374131176500667
26.963808875565032,15.742795993503659,9.480397035322504
38.62495445370563,15.742795993503659,5.70882463212083
26.963808875565032,20.423751407523092,7.7693363525820995
26.963808875565032,15.742795993503659,9.308218743571882
3.7880411129116354,15.742795993503659,1.505364612395463
26.963808875565032,15.742795993503659,9.480397035322504
26.963808875565032,15.742795993503659,10.3557559189365
26.963808875565032,15.742795993503659,8.790100159217074
26.963808875565032,15.742795993503659,9.18781698928776
26.963808875565032,21.98862878521136,7.741602358423816
26.963808875565032,15.742795993503659,9.456750447986844
26.963808875565032,17.42776040138217,9.272876941932678
26.963808875565032,15.742795993503659,10.653942788938318
26.963808875565032,15.742795993503659,9.797727076575315
26.963808875565032,15.742795993503659,9.506472430917315
26.963808875565032,15.742795993503659,10.566606154951646
31.753630002178966,15.742795993503659,8.374131176500667
26.963808875565032,15.742795993503659,8.790100159217074
26.963808875565032,21.98862878521136,7.741602358423816
3.7880411129116354,15.742795993503659,1.505364612395463
38.62495445370563,15.742795993503659,5.70882463212083
52.32844196365171,15.742795993503659,0.10722302792817831
26.963808875565032,15.742795993503659,10.566606154951646
26.963808875565032,15.742795993503659,9.506472430917315
26.963808875565032,15.742795993503659,9.747613509089582
26.963808875565032,15.742795993503659,9.456750447986844
22.38061060322699,15.742795993503659,9.252825314475238
26.963808875565032,15.742795993503659,9.308218743571882
26.963808875565032,17.42776040138217,9.272876941932678
31.753630002178966,15.742795993503659,8.374131176500667
26.963808875565032,15.742795993503659,10.3557559189365
26.963808875565032,20.423751407523092,7.7693363525820995
26.963808875565032,15.742795993503659,10.653942788938318
26.963808875565032,15.742795993503659,9.797727076575315
26.963808875565032,15.742795993503659,9.480397035322504
26.963808875565032,15.742795993503659,9.18781698928776
26.963808875565032,15.742795993503659,10.669044985217102
26.963808875565032,15.742795993503659,9.506472430917315
22.38061060322699,15.742795993503659,9.252825314475238
26.963808875565032,15.742795993503659,9.797727076575315
26.963808875565032,15.742795993503659,8.790100159217074
26.963808875565032,15.742795993503659,9.747613509089582
3.7880411129116354,15.742795993503659,1.505364612395463
26.963808875565032,15.742795993503659,9.308218743571882
26.963808875565032,15.742795993503659,10.113339442723234
38.62495445370563,15.742795993503659,5.70882463212083
26.963808875565032,20.423751407523092,7.7693363525820995
52.32844196365171,15.742795993503659,0.10722302792817831
31.753630002178966,15.742795993503659,8.374131176500667
26.963808875565032,15.742795993503659,10.566606154951646
26.963808875565032,15.742795993503659,9.456750447986844
26.963808875565032,15.742795993503659,10.457999135372198
26.963808875565032,15.742795993503659,10.669044985217102
26.963808875565032,15.742795993503659,10.653942788938318
26.963808875565032,15.742795993503659,9.480397035322504
26.963808875565032,17.42776040138217,9.272876941932678
26.963808875565032,15.742795993503659,10.3557559189365
26.963808875565032,15.742795993503659,10.307265745658544
26.963808875565032,15.742795993503659,9.18781698928776
26.963808875565032,15.742795993503659,8.790100159217074
26.963808875565032,15.742795993503659,10.307265745658544
26.963808875565032,15.742795993503659,9.308218743571882
26.963808875565032,15.742795993503659,9.18781698928776
26.963808875565032,15.742795993503659,10.566606154951646
26.963808875565032,17.42776040138217,9.272876941932678
26.963808875565032,15.742795993503659,10.669044985217102
26.963808875565032,15.742795993503659,10.113339442723234
26.963808875565032,15.742795993503659,9.420979522927837
39.3059444280307,17.116961073594915,6.021469089214697
26.963808875565032,15.742795993503659,10.653942788938318
3.7880411129116354,15.742795993503659,1.505364612395463
26.963808875565032,20.423751407523092,7.7693363525820995
22.38061060322699,15.742795993503659,9.252825314475238
26.963808875565032,15.742795993503659,9.480397035322504
26.963808875565032,21.98862878521136,7.741602358423816
26.963808875565032,15.742795993503659,9.506472430917315
26.963808875565032,15.742795993503659,10.457999135372198
26.963808875565032,15.742795993503659,9.797727076575315
26.963808875565032,15.742795993503659,9.456750447986844
26.963808875565032,15.742795993503659,9.747613509089582
26.963808875565032,15.742795993503659,10.3557559189365
31.753630002178966,15.742795993503659,8.374131176500667
26.963808875565032,20.423751407523092,7.7693363525820995
39.3059444280307,17.116961073594915,6.021469089214697
31.753630002178966,15.742795993503659,8.563642478624722
26.963808875565032,15.742795993503659,9.308218743571882
26.963808875565032,15.742795993503659,10.3557559189365
16.15535074781241,15.742795993503659,6.358531315318387
26.963808875565032,15.742795993503659,9.420979522927837
26.963808875565032,15.742795993503659,9.506472430917315
26.963808875565032,15.742795993503659,9.480397035322504
26.963808875565032,15.742795993503659,10.669044985217102
26.963808875565032,15.742795993503659,10.566606154951646
52.32844196365171,15.742795993503659,0.10722302792817831
26.963808875565032,15.742795993503659,10.653942788938318
26.963808875565032,15.742795993503659,9.456750447986844
22.38061060322699,15.742795993503659,9.252825314475238
26.963808875565032,15.742795993503659,10.307265745658544
3.7880411129116354,15.742795993503659,1.505364612395463
31.753630002178966,15.742795993503659,8.374131176500667
26.963808875565032,15.742795993503659,9.18781698928776
26.963808875565032,15.742795993503659,8.902019767005584
26.963808875565032,15.742795993503659,8.790100159217074
26.963808875565032,15.742795993503659,8.86536015310585
26.963808875565032,15.742795993503659,10.457999135372198
26.963808875565032,15.742795993503659,9.747613509089582
26.963808875565032,21.98862878521136,7.741602358423816
26.963808875565032,15.742795993503659,10.113339442723234
26.963808875565032,15.742795993503659,9.797727076575315
38.62495445370563,15.742795993503659,5.70882463212083
26.963808875565032,15.742795993503659,9.308218743571882
26.963808875565032,15.742795993503659,9.456750447986844
4.698141096468461,15.742795993503659,1.8730247278086605
39.3059444280307,17.116961073594915,6.021469089214697
26.963808875565032,15.742795993503659,9.420979522927837
26.963808875565032,21.98862878521136,7.741602358423816
26.963808875565032,15.742795993503659,10.3557559189365
52.32844196365171,15.742795993503659,0.10722302792817831
3.7880411129116354,15.742795993503659,1.505364612395463
26.963808875565032,17.42776040138217,9.272876941932678
38.62495445370563,15.742795993503659,5.70882463212083
26.963808875565032,15.742795993503659,10.653942788938318
26.963808875565032,15.742795993503659,10.669044985217102
26.963808875565032,15.742795993503659,8.790100159217074
26.963808875565032,20.423751407523092,7.7693363525820995
26.963808875565032,15.742795993503659,8.86536015310585
31.753630002178966,15.742795993503659,8.552029030645432
26.963808875565032,15.742795993503659,10.113339442723234
26.963808875565032,15.742795993503659,9.747613509089582
22.38061060322699,15.742795993503659,9.252825314475238
31.753630002178966,15.742795993503659,8.374131176500667
26.963808875565032,15.742795993503659,9.480397035322504
26.963808875565032,15.742795993503659,10.307265745658544
26.963808875565032,15.742795993503659,8.902019767005584
16.15535074781241,15.742795993503659,6.358531315318387
31.753630002178966,15.742795993503659,8.563642478624722
26.963808875565032,15.742795993503659,10.457999135372198
26.963808875565032,15.742795993503659,10.596415238890648
26.963808875565032,15.742795993503659,10.566606154951646
39.3059444280307,17.116961073594915,6.021469089214697
26.963808875565032,20.423751407523092,7.7693363525820995
31.753630002178966,15.742795993503659,8.563642478624722
31.753630002178966,15.742795993503659,8.374131176500667
26.963808875565032,15.742795993503659,9.267849533046471
22.38061060322699,15.742795993503659,9.252825314475238
26.963808875565032,15.742795993503659,8.902019767005584
10.69798976149058,21.98862878521136,2.7910171590375223
26.963808875565032,21.98862878521136,7.741602358423816
26.963808875565032,15.742795993503659,10.596415238890648
26.963808875565032,17.42776040138217,9.272876941932678
26.963808875565032,15.742795993503659,9.18781698928776
26.963808875565032,15.742795993503659,8.86536015310585
26.963808875565032,15.742795993503659,10.50854113301232
26.963808875565032,15.742795993503659,9.797727076575315
26.963808875565032,15.742795993503659,10.566606154951646
26.963808875565032,14.626757867401485,9.218935610145433
26.963808875565032,15.742795993503659,10.307265745658544
3.7880411129116354,15.742795993503659,1.505364612395463
26.963808875565032,15.742795993503659,9.420979522927837
26.963808875565032,15.742795993503659,10.653942788938318
26.963808875565032,15.742795993503659,9.506472430917315
26.963808875565032,15.742795993503659,10.113339442723234
4.698141096468461,15.742795993503659,1.8730247278086605
26.963808875565032,15.742795993503659,9.747613509089582
26.963808875565032,15.742795993503659,10.3557559189365
26.963808875565032,15.742795993503659,9.480397035322504
52.32844196365171,15.742795993503659,0.10722302792817831
26.963808875565032,15.742795993503659,9.456750447986844
26.963808875565032,15.742795993503659,10.669044985217102
26.963808875565032,15.742795993503659,10.457999135372198
31.753630002178966,15.742795993503659,8.552029030645432
26.963808875565032,15.742795993503659,8.790100159217074
16.15535074781241,15.742795993503659,6.358531315318387
26.963808875565032,7.323540806531685,10.257344709464682
16.15535074781241,15.742795993503659,6.358531315318387
26.963808875565032,15.742795993503659,9.506472430917315
3.7880411129116354,15.742795993503659,1.505364612395463
10.69798976149058,21.98862878521136,2.7910171590375223
26.963808875565032,15.742795993503659,10.307265745658544
26.963808875565032,15.742795993503659,10.113339442723234
26.963808875565032,15.742795993503659,9.308218743571882
22.38061060322699,15.742795993503659,9.252825314475238
0.2336209580284102,16.357470849004066,0.10165428572911696
26.963808875565032,15.742795993503659,9.18781698928776
26.963808875565032,21.98862878521136,7.741602358423816
26.963808875565032,15.742795993503659,8.86536015310585
26.963808875565032,15.742795993503659,10.50854113301232
38.62495445370563,15.742795993503659,5.70882463212083
26.963808875565032,15.742795993503659,9.797727076575315
26.963808875565032,15.742795993503659,10.457999135372198
26.963808875565032,14.626757867401485,9.218935610145433
26.963808875565032,15.742795993503659,10.653942788938318
39.3059444280307,17.116961073594915,6.021469089214697
26.963808875565032,15.742795993503659,9.747613509089582
26.963808875565032,20.423751407523092,7.7693363525820995
26.963808875565032,15.742795993503659,9.267849533046471
26.963808875565032,15.742795993503659,9.537400515139097
26.963808875565032,15.742795993503659,10.669044985217102
26.963808875565032,15.742795993503659,10.3557559189365
26.963808875565032,7.323540806531685,10.257344709464682
26.963808875565032,15.742795993503659,9.283296642611
31.753630002178966,15.742795993503659,8.374131176500667
26.963808875565032,15.742795993503659,9.62915192941888
4.698141096468461,15.742795993503659,1.8730247278086605
26.963808875565032,15.742795993503659,9.480397035322504
26.963808875565032,17.42776040138217,9.272876941932678
26.963808875565032,15.742795993503659,10.596415238890648
26.963808875565032,15.742795993503659,10.566606154951646
26.963808875565032,15.742795993503659,8.902019767005584
31.753630002178966,15.742795993503659,8.552029030645432
26.963808875565032,15.742795993503659,9.456750447986844
26.963808875565032,15.742795993503659,9.422560974327288
26.963808875565032,15.742795993503659,8.790100159217074
26.963808875565032,15.742795993503659,9.506472430917315
26.963808875565032,15.742795993503659,9.456750447986844
26.963808875565032,15.742795993503659,10.264137852963705
26.963808875565032,15.742795993503659,10.566606154951646
26.963808875565032,7.323540806531685,10.257344709464682
22.38061060322699,15.742795993503659,9.252825314475238
26.963808875565032,15.742795993503659,8.86536015310585
31.753630002178966,15.742795993503659,8.552029030645432
26.963808875565032,15.742795993503659,9.18781698928776
26.963808875565032,15.742795993503659,8.902019767005584
31.753630002178966,15.742795993503659,8.534915659950666
26.963808875565032,15.742795993503659,9.797727076575315
26.963808875565032,20.423751407523092,7.7693363525820995
26.963808875565032,15.742795993503659,8.994956190602403
26.963808875565032,15.742795993503659,9.308218743571882
26.963808875565032,4.7242186463206615,0.09135582197838304
3.7880411129116354,15.742795993503659,1.505364612395463
26.963808875565032,15.742795993503659,9.267849533046471
26.963808875565032,15.742795993503659,9.747613509089582
26.963808875565032,15.742795993503659,10.653942788938318
16.15535074781241,15.742795993503659,6.358531315318387
26.963808875565032,15.742795993503659,9.420979522927837
26.963808875565032,15.742795993503659,9.537400515139097
26.963808875565032,21.041852388218228,7.685208130440677
31.753630002178966,15.742795993503659,8.563642478624722
0.2336209580284102,16.357470849004066,0.10165428572911696
26.963808875565032,15.742795993503659,10.113339442723234
26.963808875565032,15.742795993503659,10.3557559189365
26.963808875565032,15.742795993503659,8.790100159217074
26.963808875565032,15.742795993503659,9.422560974327288
38.62495445370563,15.742795993503659,5.70882463212083
26.963808875565032,15.742795993503659,9.62915192941888
26.963808875565032,15.742795993503659,10.457999135372198
26.963808875565032,15.742795993503659,10.50854113301232
4.698141096468461,15.742795993503659,1.8730247278086605
26.963808875565032,14.626757867401485,9.218935610145433
26.963808875565032,15.742795993503659,10.307265745658544
26.963808875565032,15.742795993503659,10.596415238890648
26.963808875565032,15.742795993503659,9.480397035322504
26.963808875565032,17.42776040138217,9.272876941932678
39.3059444280307,17.116961073594915,6.021469089214697
26.963808875565032,15.742795993503659,9.283296642611
31.753630002178966,15.742795993503659,8.374131176500667
10.69798976149058,21.98862878521136,2.7910171590375223
0.2336209580284102,16.357470849004066,0.10165428572911696
26.963808875565032,15.742795993503659,9.422560974327288
10.69798976149058,21.98862878521136,2.7910171590375223
26.963808875565032,15.742795993503659,9.421201206279436
26.963808875565032,15.742795993503659,9.480397035322504
52.32844196365171,15.742795993503659,0.10722302792817831
26.963808875565032,15.742795993503659,9.747613509089582
26.963808875565032,15.742795993503659,10.653942788938318
26.963808875565032,15.742795993503659,10.457999135372198
31.753630002178966,15.742795993503659,8.374131176500667
26.963808875565032,15.742795993503659,10.596415238890648
26.963808875565032,15.742795993503659,8.987262701229664
26.963808875565032,15.742795993503659,10.3557559189365
26.963808875565032,15.742795993503659,9.506472430917315
3.7880411129116354,15.742795993503659,1.505364612395463
31.753630002178966,15.742795993503659,8.563642478624722
26.963808875565032,15.742795993503659,8.86536015310585
26.963808875565032,15.742795993503659,9.456750447986844
16.15535074781241,15.742795993503659,6.358531315318387
26.963808875565032,15.742795993503659,9.537400515139097
26.963808875565032,15.742795993503659,9.555982659887219
26.963808875565032,15.742795993503659,9.420979522927837
26.963808875565032,15.742795993503659,9.308218743571882
26.963808875565032,15.742795993503659,9.18781698928776
26.963808875565032,15.742795993503659,10.566606154951646
4.698141096468461,15.742795993503659,1.8730247278086605
26.963808875565032,15.742795993503659,8.924962804932237
26.963808875565032,15.742795993503659,10.307265745658544
26.963808875565032,15.742795993503659,9.283296642611
26.963808875565032,15.742795993503659,8.790100159217074
26.963808875565032,4.7242186463206615,0.09135582197838304
31.753630002178966,15.742795993503659,8.552029030645432
26.963808875565032,15.742795993503659,10.50854113301232
22.38061060322699,15.742795993503659,9.252825314475238
26.963808875565032,15.742795993503659,8.840238945119207
26.963808875565032,15.742795993503659,10.113339442723234
38.62495445370563,15.742795993503659,5.70882463212083
26.963808875565032,15.742795993503659,8.994956190602403
26.963808875565032,20.423751407523092,7.7693363525820995
39.3059444280307,17.116961073594915,6.021469089214697
26.963808875565032,17.42776040138217,9.272876941932678
26.963808875565032,14.626757867401485,9.218935610145433
26.963808875565032,15.742795993503659,10.264137852963705
26.963808875565032,15.742795993503659,10.457999135372198
26.963808875565032,15.742795993503659,8.924962804932237
26.963808875565032,15.742795993503659,9.18781698928776
52.32844196365171,15.742795993503659,0.10722302792817831
26.963808875565032,15.742795993503659,9.555982659887219
26.963808875565032,15.742795993503659,8.86536015310585
31.753630002178966,15.742795993503659,8.563642478624722
26.963808875565032,15.742795993503659,8.840238945119207
26.963808875565032,15.742795993503659,9.797727076575315
26.963808875565032,15.742795993503659,9.747613509089582
26.963808875565032,17.42776040138217,9.272876941932678
26.963808875565032,15.742795993503659,8.987262701229664
38.62495445370563,15.742795993503659,5.70882463212083
26.963808875565032,15.742795993503659,8.902019767005584
4.698141096468461,15.742795993503659,1.8730247278086605
26.963808875565032,15.742795993503659,9.308218743571882
26.963808875565032,21.98862878521136,7.741602358423816
33.747241650137255,15.742795993503659,6.83691175019969
26.963808875565032,15.742795993503659,9.506472430917315
26.963808875565032,15.742795993503659,9.421201206279436
26.963808875565032,14.626757867401485,9.218935610145433
26.963808875565032,21.041852388218228,7.685208130440677
26.963808875565032,15.742795993503659,10.566606154951646
26.963808875565032,15.742795993503659,9.19631427479429
26.963808875565032,7.323540806531685,10.257344709464682
3.7880411129116354,15.742795993503659,1.505364612395463
26.963808875565032,15.742795993503659,9.283296642611
26.963808875565032,7.049704932920319,0.0939512382294545
26.963808875565032,15.742795993503659,10.3557559189365
22.38061060322699,15.742795993503659,9.252825314475238
26.963808875565032,15.742795993503659,10.50854113301232
26.963808875565032,15.742795993503659,9.456750447986844
31.753630002178966,15.742795993503659,8.534915659950666
26.963808875565032,15.742795993503659,9.62915192941888
31.753630002178966,15.742795993503659,8.631967622150132
26.963808875565032,4.7242186463206615,0.09135582197838304
26.963808875565032,15.742795993503659,9.480397035322504
26.963808875565032,15.742795993503659,9.267849533046471
26.963808875565032,15.742795993503659,8.994956190602403
26.963808875565032,20.423751407523092,7.7693363525820995
26.963808875565032,15.742795993503659,9.420979522927837
26.963808875565032,15.742795993503659,10.669044985217102
26.963808875565032,15.742795993503659,9.537400515139097
31.753630002178966,15.742795993503659,8.552029030645432
26.963808875565032,24.934705427442964,5.8861736023242965
26.963808875565032,15.742795993503659,10.653942788938318
16.15535074781241,15.742795993503659,6.358531315318387
26.963808875565032,15.742795993503659,9.422560974327288
0.2336209580284102,16.357470849004066,0.10165428572911696
26.963808875565032,15.742795993503659,10.307265745658544
31.753630002178966,15.742795993503659,8.534915659950666
3.7880411129116354,15.742795993503659,1.505364612395463
26.963808875565032,15.742795993503659,8.994956190602403
26.963808875565032,15.742795993503659,9.422560974327288
26.963808875565032,21.98862878521136,7.741602358423816
26.963808875565032,15.742795993503659,9.421201206279436
26.963808875565032,15.742795993503659,8.902019767005584
26.963808875565032,15.742795993503659,9.537400515139097
26.963808875565032,15.742795993503659,10.457999135372198
26.963808875565032,15.742795993503659,10.264137852963705
26.963808875565032,20.423751407523092,7.7693363525820995
52.32844196365171,15.742795993503659,0.10722302792817831
26.963808875565032,15.742795993503659,10.307265745658544
26.963808875565032,15.742795993503659,9.753814021465931
31.753630002178966,15.742795993503659,8.631967622150132
26.963808875565032,15.742795993503659,9.267849533046471
26.963808875565032,4.7242186463206615,0.09135582197838304
26.963808875565032,15.742795993503659,8.86536015310585
26.963808875565032,15.742795993503659,9.62915192941888
26.963808875565032,15.742795993503659,10.50854113301232
38.62495445370563,15.742795993503659,5.70882463212083
26.963808875565032,15.742795993503659,10.3557559189365
26.963808875565032,15.742795993503659,9.797727076575315
31.753630002178966,15.742795993503659,8.563642478624722
26.963808875565032,15.742795993503659,9.308218743571882
26.963808875565032,15.742795993503659,9.420979522927837
26.963808875565032,15.742795993503659,10.113339442723234
26.963808875565032,15.742795993503659,10.566606154951646
10.69798976149058,21.98862878521136,2.7910171590375223
26.963808875565032,15.742795993503659,8.987262701229664
22.38061060322699,15.742795993503659,9.252825314475238
26.963808875565032,14.626757867401485,9.218935610145433
26.963808875565032,7.323540806531685,10.257344709464682
26.963808875565032,15.742795993503659,9.480397035322504
26.963808875565032,15.742795993503659,10.596415238890648
26.963808875565032,21.041852388218228,7.685208130440677
4.698141096468461,15.742795993503659,1.8730247278086605
16.15535074781241,15.742795993503659,6.358531315318387
26.963808875565032,15.742795993503659,9.283296642611
0.2336209580284102,16.357470849004066,0.10165428572911696
26.963808875565032,15.742795993503659,8.924962804932237
26.963808875565032,15.742795993503659,8.98327575116482
10.69798976149058,15.742795993503659,3.9804229890978964
26.963808875565032,15.742795993503659,9.506472430917315
26.963808875565032,15.742795993503659,8.790100159217074
26.963808875565032,24.934705427442964,5.8861736023242965
26.963808875565032,15.742795993503659,9.19631427479429
26.963808875565032,15.742795993503659,9.555982659887219
26.963808875565032,15.742795993503659,10.653942788938318
26.963808875565032,15.742795993503659,8.940174147834034
26.963808875565032,15.742795993503659,9.456750447986844
26.963808875565032,15.742795993503659,10.669044985217102
26.963808875565032,15.742795993503659,9.747613509089582
26.963808875565032,17.42776040138217,9.272876941932678
26.963808875565032,7.049704932920319,0.0939512382294545
26.963808875565032,15.742795993503659,9.25262407420088
26.963808875565032,15.742795993503659,8.840238945119207
26.963808875565032,15.742795993503659,9.18781698928776
52.32844196365171,15.742795993503659,0.10722302792817831
0.9637612249511207,15.742795993503659,0.3498541707851122
31.753630002178966,15.742795993503659,8.54551819683913
26.963808875565032,15.742795993503659,9.421201206279436
26.963808875565032,15.742795993503659,9.537400515139097
26.963808875565032,15.742795993503659,10.113339442723234
26.963808875565032,15.742795993503659,9.283296642611
16.15535074781241,15.742795993503659,6.358531315318387
10.69798976149058,21.98862878521136,2.7910171590375223
26.963808875565032,15.742795993503659,9.797727076575315
26.963808875565032,15.742795993503659,8.994956190602403
26.963808875565032,15.742795993503659,8.987262701229664
26.963808875565032,17.42776040138217,9.272876941932678
4.698141096468461,15.742795993503659,1.8730247278086605
26.963808875565032,15.742795993503659,8.98327575116482
26.963808875565032,15.742795993503659,9.766958277840386
26.963808875565032,15.742795993503659,10.669044985217102
26.963808875565032,4.7242186463206615,0.09135582197838304
10.69798976149058,15.742795993503659,3.9804229890978964
31.753630002178966,15.742795993503659,8.374131176500667
26.963808875565032,15.742795993503659,9.18781698928776
33.747241650137255,15.742795993503659,6.83691175019969
0.2336209580284102,16.357470849004066,0.10165428572911696
26.963808875565032,21.98862878521136,7.741602358423816
26.963808875565032,15.742795993503659,9.555982659887219
31.753630002178966,15.742795993503659,8.563642478624722
26.963808875565032,15.742795993503659,10.566606154951646
26.963808875565032,15.742795993503659,10.307265745658544
3.012605499525538,15.742795993503659,1.0548093444481776
26.963808875565032,15.742795993503659,9.806612289481373
26.963808875565032,7.049704932920319,0.0939512382294545
26.963808875565032,15.742795993503659,10.03220245763449
26.963808875565032,15.742795993503659,9.480397035322504
31.753630002178966,15.742795993503659,8.552029030645432
26.963808875565032,15.742795993503659,9.62915192941888
26.963808875565032,15.742795993503659,9.506472430917315
26.963808875565032,15.742795993503659,9.267849533046471
26.963808875565032,15.742795993503659,10.653942788938318
26.963808875565032,15.742795993503659,9.308218743571882
26.963808875565032,15.742795993503659,8.840238945119207
3.7880411129116354,15.742795993503659,1.505364612395463
26.963808875565032,15.742795993503659,8.902019767005584
26.963808875565032,15.742795993503659,9.25262407420088
26.963808875565032,15.742795993503659,8.940174147834034
26.963808875565032,21.041852388218228,7.685208130440677
26.963808875565032,15.742795993503659,8.924962804932237
26.963808875565032,15.742795993503659,9.420979522927837
26.963808875565032,15.742795993503659,9.422560974327288
31.753630002178966,15.742795993503659,8.631967622150132
26.963808875565032,15.742795993503659,8.86536015310585
26.963808875565032,15.742795993503659,9.19631427479429
26.963808875565032,15.742795993503659,8.790100159217074
26.963808875565032,15.742795993503659,10.457999135372198
26.963808875565032,15.742795993503659,10.3557559189365
38.62495445370563,15.742795993503659,5.70882463212083
47.66702038691663,12.392881702584361,0.0932032744877804
26.963808875565032,15.742795993503659,10.389932765444074
26.963808875565032,15.742795993503659,9.456750447986844
31.753630002178966,15.742795993503659,8.534915659950666
26.963808875565032,20.423751407523092,7.7693363525820995
26.963808875565032,15.742795993503659,9.747613509089582
26.963808875565032,14.626757867401485,9.218935610145433
26.963808875565032,15.742795993503659,10.187522088184602
26.963808875565032,15.742795993503659,10.264137852963705
