26.963808875565032,15.742795993503659,10.576375356852795
26.963808875565032,15.742795993503659,8.939286368528157
26.963808875565032,15.742795993503659,9.182193071554629
53.50651801195133,19.07842787112355,3.2181657621179505
26.963808875565032,15.742795993503659,9.182193071554629
53.50651801195133,19.07842787112355,3.2181657621179505
26.963808875565032,15.742795993503659,10.576375356852795
26.963808875565032,15.742795993503659,8.814680285201664
26.963808875565032,15.742795993503659,8.939286368528157
26.963808875565032,15.742795993503659,8.939286368528157
26.963808875565032,15.742795993503659,9.182193071554629
53.50651801195133,19.07842787112355,3.2181657621179505
26.963808875565032,15.742795993503659,8.814680285201664
26.963808875565032,15.742795993503659,10.576375356852795
26.963808875565032,15.742795993503659,8.814680285201664
26.963808875565032,15.742795993503659,8.939286368528157
53.50651801195133,19.07842787112355,3.2181657621179505
26.963808875565032,15.742795993503659,10.576375356852795
26.963808875565032,15.742795993503659,8.814680285201664
53.50651801195133,19.07842787112355,3.2181657621179505
26.963808875565032,15.742795993503659,8.939286368528157
26.963808875565032,15.742795993503659,10.576375356852795
26.963808875565032,15.742795993503659,9.182193071554629
26.963808875565032,15.742795993503659,8.814680285201664
26.963808875565032,15.742795993503659,10.576375356852795
26.963808875565032,15.742795993503659,8.939286368528157
26.963808875565032,15.742795993503659,10.018073273761344
53.50651801195133,19.07842787112355,3.2181657621179505
26.963808875565032,15.742795993503659,9.182193071554629
26.963808875565032,15.742795993503659,8.814680285201664
26.963808875565032,15.742795993503659,9.229163745924861
53.50651801195133,19.07842787112355,3.2181657621179505
26.963808875565032,15.742795993503659,10.018073273761344
26.963808875565032,15.742795993503659,8.939286368528157
26.963808875565032,15.742795993503659,10.576375356852795
26.963808875565032,15.742795993503659,10.576375356852795
53.50651801195133,19.07842787112355,3.2181657621179505
26.963808875565032,15.742795993503659,8.814680285201664
26.963808875565032,15.742795993503659,8.939286368528157
26.963808875565032,15.742795993503659,10.018073273761344
26.963808875565032,15.742795993503659,9.182193071554629
26.963808875565032,15.742795993503659,9.229163745924861
26.963808875565032,15.742795993503659,10.576375356852795
26.963808875565032,15.742795993503659,10.018073273761344
26.963808875565032,15.742795993503659,9.229163745924861
53.50651801195133,19.07842787112355,3.2181657621179505
26.963808875565032,15.742795993503659,8.939286368528157
26.963808875565032,15.742795993503659,9.182193071554629
26.963808875565032,15.742795993503659,8.814680285201664
53.50651801195133,19.07842787112355,3.2181657621179505
26.963808875565032,15.742795993503659,9.558985352954766
26.963808875565032,15.742795993503659,9.182193071554629
26.963808875565032,15.742795993503659,10.576375356852795
26.963808875565032,15.742795993503659,10.018073273761344
26.963808875565032,15.742795993503659,9.229163745924861
26.963808875565032,15.742795993503659,8.939286368528157
26.963808875565032,15.742795993503659,8.939286368528157
26.963808875565032,15.742795993503659,9.229163745924861
26.963808875565032,15.742795993503659,9.182193071554629
26.963808875565032,15.742795993503659,10.576375356852795
53.50651801195133,19.07842787112355,3.2181657621179505
26.963808875565032,15.742795993503659,10.018073273761344
26.963808875565032,15.742795993503659,10.249315755215779
26.963808875565032,15.742795993503659,9.558985352954766
26.963808875565032,15.742795993503659,8.814680285201664
26.963808875565032,15.742795993503659,10.576375356852795
26.963808875565032,15.742795993503659,8.814680285201664
26.963808875565032,15.742795993503659,8.939286368528157
26.963808875565032,15.742795993503659,9.558985352954766
26.963808875565032,15.742795993503659,9.229163745924861
26.963808875565032,15.742795993503659,9.182193071554629
53.50651801195133,19.07842787112355,3.2181657621179505
26.963808875565032,15.742795993503659,9.57894602520588
26.963808875565032,15.742795993503659,10.018073273761344
26.963808875565032,15.742795993503659,10.018073273761344
26.963808875565032,15.742795993503659,8.939286368528157
26.963808875565032,15.742795993503659,9.57894602520588
26.963808875565032,15.742795993503659,9.182193071554629
26.963808875565032,15.742795993503659,8.814680285201664
26.963808875565032,15.742795993503659,9.229163745924861
26.963808875565032,15.742795993503659,10.576375356852795
26.963808875565032,6.1390239855805415,0.09087046028235017
26.963808875565032,15.742795993503659,9.558985352954766
26.963808875565032,15.742795993503659,9.229163745924861
26.963808875565032,15.742795993503659,8.939286368528157
26.963808875565032,15.742795993503659,10.018073273761344
26.963808875565032,6.1390239855805415,0.09087046028235017
26.963808875565032,15.742795993503659,10.576375356852795
53.50651801195133,19.07842787112355,3.2181657621179505
26.963808875565032,15.742795993503659,9.57894602520588
26.963808875565032,15.742795993503659,10.249315755215779
26.963808875565032,15.742795993503659,8.814680285201664
26.963808875565032,15.742795993503659,9.182193071554629
26.963808875565032,15.742795993503659,10.597548638642344
26.963808875565032,15.742795993503659,8.939286368528157
26.963808875565032,15.742795993503659,8.814680285201664
53.50651801195133,19.07842787112355,3.2181657621179505
26.963808875565032,15.742795993503659,9.229163745924861
26.963808875565032,15.742795993503659,9.57894602520588
26.963808875565032,6.1390239855805415,0.09087046028235017
23.102975085687845,8.5256680787753,3.749648773622079
45.44358922272922,26.91987153988184,10.166879115504445
26.963808875565032,15.742795993503659,10.249315755215779
26.963808875565032,15.742795993503659,10.576375356852795
26.963808875565032,15.742795993503659,9.558985352954766
26.963808875565032,15.742795993503659,10.018073273761344
26.963808875565032,15.742795993503659,9.182193071554629
26.963808875565032,15.742795993503659,10.576375356852795
23.102975085687845,8.5256680787753,3.749648773622079
53.50651801195133,19.07842787112355,3.2181657621179505
26.963808875565032,15.742795993503659,10.597548638642344
26.963808875565032,15.742795993503659,9.57894602520588
26.963808875565032,15.742795993503659,9.229163745924861
26.963808875565032,15.742795993503659,9.182193071554629
26.963808875565032,15.742795993503659,8.814680285201664
26.963808875565032,15.742795993503659,10.018073273761344
26.963808875565032,15.742795993503659,9.558985352954766
45.44358922272922,26.91987153988184,10.166879115504445
26.963808875565032,15.742795993503659,10.249315755215779
26.963808875565032,6.1390239855805415,0.09087046028235017
45.44358922272922,26.91987153988184,10.166879115504445
26.963808875565032,15.742795993503659,10.249315755215779
26.963808875565032,24.047284629443133,6.24615527468076
26.963808875565032,15.742795993503659,9.558985352954766
26.963808875565032,15.742795993503659,9.57894602520588
23.102975085687845,8.5256680787753,3.749648773622079
26.963808875565032,15.742795993503659,10.018073273761344
53.50651801195133,19.07842787112355,3.2181657621179505
26.963808875565032,15.742795993503659,9.182193071554629
26.963808875565032,6.1390239855805415,0.09087046028235017
26.963808875565032,15.742795993503659,10.576375356852795
26.963808875565032,15.742795993503659,8.814680285201664
26.963808875565032,15.742795993503659,10.597548638642344
26.963808875565032,10.681731614812854,4.980133125187431
26.963808875565032,15.742795993503659,8.939286368528157
26.963808875565032,15.742795993503659,9.229163745924861
26.963808875565032,15.742795993503659,9.638457756966003
53.50651801195133,19.07842787112355,3.2181657621179505
26.963808875565032,15.742795993503659,9.229163745924861
26.963808875565032,15.742795993503659,9.558985352954766
26.963808875565032,15.742795993503659,8.939286368528157
26.963808875565032,15.742795993503659,10.597548638642344
26.963808875565032,15.742795993503659,9.638457756966003
26.963808875565032,15.742795993503659,10.249315755215779
26.963808875565032,15.742795993503659,9.909765215107901
26.963808875565032,10.681731614812854,4.980133125187431
26.963808875565032,6.1390239855805415,0.09087046028235017
26.963808875565032,24.047284629443133,6.24615527468076
45.44358922272922,26.91987153988184,10.166879115504445
26.963808875565032,15.742795993503659,8.814680285201664
26.963808875565032,15.742795993503659,9.57894602520588
26.963808875565032,15.742795993503659,9.182193071554629
26.963808875565032,15.742795993503659,10.576375356852795
26.963808875565032,15.742795993503659,9.558985352954766
26.963808875565032,15.742795993503659,10.576375356852795
26.963808875565032,15.742795993503659,9.909765215107901
26.963808875565032,15.742795993503659,10.249315755215779
9.92526875364383,15.742795993503659,3.920024636257962
45.44358922272922,26.91987153988184,10.166879115504445
26.963808875565032,6.1390239855805415,0.09087046028235017
23.79678238044216,15.742795993503659,8.246523104564812
26.963808875565032,15.742795993503659,8.939286368528157
26.963808875565032,15.742795993503659,10.597548638642344
26.963808875565032,15.742795993503659,10.018073273761344
26.963808875565032,15.742795993503659,8.814680285201664
26.963808875565032,24.047284629443133,6.24615527468076
26.963808875565032,10.681731614812854,4.980133125187431
26.963808875565032,15.742795993503659,9.638457756966003
53.50651801195133,19.07842787112355,3.2181657621179505
26.963808875565032,15.742795993503659,9.182193071554629
26.963808875565032,15.742795993503659,9.909765215107901
26.963808875565032,15.742795993503659,10.249315755215779
26.963808875565032,15.742795993503659,9.229163745924861
23.79678238044216,15.742795993503659,8.246523104564812
26.963808875565032,15.742795993503659,9.57894602520588
26.963808875565032,15.742795993503659,10.576375356852795
53.50651801195133,19.07842787112355,3.2181657621179505
26.963808875565032,15.742795993503659,9.558985352954766
26.963808875565032,15.742795993503659,9.182193071554629
26.963808875565032,10.681731614812854,4.980133125187431
26.963808875565032,15.742795993503659,9.638457756966003
26.963808875565032,15.742795993503659,8.939286368528157
26.963808875565032,15.742795993503659,10.441008856526329
23.102975085687845,8.5256680787753,3.749648773622079
26.963808875565032,6.1390239855805415,0.09087046028235017
9.92526875364383,15.742795993503659,3.920024636257962
26.963808875565032,15.742795993503659,8.814680285201664
45.44358922272922,26.91987153988184,10.166879115504445
26.963808875565032,24.047284629443133,6.24615527468076
26.963808875565032,15.742795993503659,10.597548638642344
26.963808875565032,15.742795993503659,10.018073273761344
35.6941841029709,15.742795993503659,6.243748944059133
26.963808875565032,15.742795993503659,8.939286368528157
26.963808875565032,15.742795993503659,9.558985352954766
26.963808875565032,10.681731614812854,4.980133125187431
26.963808875565032,6.1390239855805415,0.09087046028235017
53.50651801195133,19.07842787112355,3.2181657621179505
9.92526875364383,15.742795993503659,3.920024636257962
26.963808875565032,15.742795993503659,10.576375356852795
26.963808875565032,15.742795993503659,9.734156443798435
26.963808875565032,27.17669358830708,5.671528501280568
26.963808875565032,15.742795993503659,10.018073273761344
26.963808875565032,15.742795993503659,10.441008856526329
26.963808875565032,15.742795993503659,10.597548638642344
45.44358922272922,26.91987153988184,10.166879115504445
26.963808875565032,15.742795993503659,10.249315755215779
23.79678238044216,15.742795993503659,8.246523104564812
23.102975085687845,8.5256680787753,3.749648773622079
26.963808875565032,15.742795993503659,9.182193071554629
26.963808875565032,15.742795993503659,9.57894602520588
26.963808875565032,15.742795993503659,9.638457756966003
26.963808875565032,15.742795993503659,10.441008856526329
35.6941841029709,15.742795993503659,6.243748944059133
26.963808875565032,15.742795993503659,9.638457756966003
26.963808875565032,15.742795993503659,9.558985352954766
53.50651801195133,19.07842787112355,3.2181657621179505
9.92526875364383,15.742795993503659,3.920024636257962
26.963808875565032,15.742795993503659,8.814680285201664
26.963808875565032,15.742795993503659,8.939286368528157
26.963808875565032,15.742795993503659,10.597548638642344
26.963808875565032,27.17669358830708,5.671528501280568
26.963808875565032,15.742795993503659,10.686439667116076
26.963808875565032,15.742795993503659,9.626714840823047
45.44358922272922,26.91987153988184,10.166879115504445
26.963808875565032,15.742795993503659,10.018073273761344
26.963808875565032,6.1390239855805415,0.09087046028235017
23.102975085687845,8.5256680787753,3.749648773622079
26.963808875565032,15.742795993503659,9.57894602520588
26.963808875565032,24.047284629443133,6.24615527468076
23.79678238044216,15.742795993503659,8.246523104564812
26.963808875565032,10.681731614812854,4.980133125187431
26.963808875565032,15.742795993503659,10.249315755215779
26.963808875565032,15.742795993503659,9.229163745924861
26.963808875565032,15.742795993503659,10.576375356852795
26.963808875565032,15.742795993503659,9.734156443798435
26.963808875565032,15.742795993503659,9.182193071554629
26.963808875565032,24.047284629443133,6.24615527468076
26.963808875565032,15.742795993503659,9.734156443798435
9.92526875364383,15.742795993503659,3.920024636257962
26.963808875565032,6.672015997873697,0.09117255853579527
26.963808875565032,27.17669358830708,5.671528501280568
26.963808875565032,15.742795993503659,8.939286368528157
26.963808875565032,6.1390239855805415,0.09087046028235017
26.963808875565032,26.819632691935556,5.842880708340372
26.963808875565032,15.742795993503659,9.909765215107901
23.79678238044216,15.742795993503659,8.246523104564812
23.102975085687845,8.5256680787753,3.749648773622079
26.963808875565032,15.742795993503659,10.686439667116076
26.963808875565032,15.742795993503659,10.249315755215779
26.963808875565032,15.742795993503659,9.57894602520588
53.50651801195133,19.07842787112355,3.2181657621179505
26.963808875565032,15.742795993503659,10.576375356852795
26.963808875565032,15.742795993503659,9.626714840823047
26.963808875565032,15.742795993503659,10.441008856526329
26.963808875565032,15.742795993503659,9.229163745924861
26.963808875565032,15.742795993503659,10.018073273761344
26.963808875565032,15.742795993503659,10.597548638642344
35.6941841029709,15.742795993503659,6.243748944059133
45.44358922272922,26.91987153988184,10.166879115504445
26.963808875565032,15.742795993503659,8.814680285201664
26.963808875565032,15.742795993503659,10.249315755215779
26.963808875565032,15.742795993503659,9.558985352954766
26.293564787032675,15.742795993503659,10.626280585316541
26.963808875565032,6.1390239855805415,0.09087046028235017
26.963808875565032,10.681731614812854,4.980133125187431
26.963808875565032,15.742795993503659,9.909765215107901
26.963808875565032,14.171323437809033,9.361820262455952
26.963808875565032,15.742795993503659,9.638457756966003
26.963808875565032,15.742795993503659,10.686439667116076
26.963808875565032,15.742795993503659,9.229163745924861
26.963808875565032,15.742795993503659,8.814680285201664
26.963808875565032,15.742795993503659,10.018073273761344
26.963808875565032,15.742795993503659,9.182193071554629
23.79678238044216,15.742795993503659,8.246523104564812
26.963808875565032,15.742795993503659,9.57894602520588
26.963808875565032,15.742795993503659,9.017676499850342
26.963808875565032,26.819632691935556,5.842880708340372
26.963808875565032,25.370293928983024,6.424651946949682
35.6941841029709,15.742795993503659,6.243748944059133
26.963808875565032,15.742795993503659,9.171125839658822
23.102975085687845,8.5256680787753,3.749648773622079
26.963808875565032,6.672015997873697,0.09117255853579527
26.963808875565032,15.742795993503659,10.576375356852795
26.963808875565032,15.742795993503659,10.597548638642344
26.963808875565032,15.742795993503659,9.626714840823047
26.963808875565032,24.047284629443133,6.24615527468076
26.963808875565032,15.742795993503659,9.734156443798435
9.92526875364383,15.742795993503659,3.920024636257962
26.963808875565032,27.17669358830708,5.671528501280568
26.963808875565032,15.742795993503659,10.441008856526329
53.50651801195133,19.07842787112355,3.2181657621179505
45.44358922272922,26.91987153988184,10.166879115504445
26.963808875565032,15.742795993503659,9.182193071554629
26.963808875565032,15.742795993503659,9.017676499850342
26.963808875565032,15.742795993503659,10.686439667116076
26.963808875565032,15.742795993503659,9.171125839658822
26.963808875565032,15.742795993503659,9.229163745924861
26.963808875565032,15.742795993503659,9.57894602520588
26.963808875565032,10.681731614812854,4.980133125187431
26.963808875565032,14.171323437809033,9.361820262455952
26.963808875565032,15.742795993503659,10.576375356852795
26.963808875565032,27.17669358830708,5.671528501280568
26.963808875565032,15.742795993503659,9.626714840823047
26.963808875565032,15.742795993503659,8.939286368528157
26.963808875565032,15.742795993503659,10.249315755215779
23.102975085687845,8.5256680787753,3.749648773622079
26.293564787032675,15.742795993503659,10.626280585316541
26.963808875565032,15.742795993503659,10.404230533067361
26.963808875565032,15.742795993503659,9.790210061068066
53.50651801195133,19.07842787112355,3.2181657621179505
26.963808875565032,15.742795993503659,9.734156443798435
26.963808875565032,15.742795993503659,10.394154128494048
26.963808875565032,26.819632691935556,5.842880708340372
18.838585367483073,15.742795993503659,6.981062690024449
26.963808875565032,15.742795993503659,9.909765215107901
35.6941841029709,15.742795993503659,6.243748944059133
45.44358922272922,26.91987153988184,10.166879115504445
26.963808875565032,15.742795993503659,10.018073273761344
26.963808875565032,6.1390239855805415,0.09087046028235017
26.963808875565032,6.672015997873697,0.09117255853579527
26.963808875565032,15.742795993503659,10.597548638642344
26.963808875565032,25.370293928983024,6.424651946949682
26.963808875565032,15.742795993503659,9.558985352954766
26.963808875565032,24.047284629443133,6.24615527468076
26.963808875565032,15.742795993503659,8.814680285201664
23.79678238044216,15.742795993503659,8.246523104564812
26.963808875565032,15.742795993503659,9.638457756966003
26.52320474296244,15.742795993503659,8.999243201878203
26.963808875565032,15.742795993503659,9.171125839658822
26.963808875565032,15.742795993503659,9.734156443798435
26.963808875565032,24.047284629443133,6.24615527468076
26.963808875565032,15.742795993503659,10.686439667116076
18.838585367483073,15.742795993503659,6.981062690024449
26.963808875565032,15.742795993503659,10.597548638642344
26.963808875565032,15.742795993503659,9.638457756966003
26.963808875565032,15.742795993503659,9.182193071554629
21.075835567652184,15.742795993503659,7.357822731254449
26.963808875565032,23.036250045056242,7.239402271816047
26.963808875565032,15.742795993503659,10.394154128494048
26.963808875565032,15.742795993503659,9.229163745924861
26.963808875565032,27.17669358830708,5.671528501280568
26.963808875565032,15.742795993503659,10.30445267342562
26.963808875565032,15.742795993503659,9.909765215107901
26.963808875565032,15.742795993503659,9.714200280052397
26.293564787032675,15.742795993503659,10.626280585316541
26.963808875565032,15.742795993503659,10.441008856526329
26.963808875565032,6.1390239855805415,0.09087046028235017
26.963808875565032,15.742795993503659,10.404230533067361
45.44358922272922,26.91987153988184,10.166879115504445
53.50651801195133,19.07842787112355,3.2181657621179505
26.963808875565032,15.742795993503659,9.626714840823047
26.963808875565032,15.742795993503659,8.939286368528157
26.963808875565032,26.819632691935556,5.842880708340372
26.963808875565032,15.742795993503659,9.371040804709025
26.963808875565032,15.742795993503659,9.56421996909656
26.963808875565032,15.742795993503659,10.576375356852795
26.963808875565032,2.52752930596783,0.1015272798096796
26.52320474296244,15.742795993503659,8.999243201878203
23.102975085687845,8.5256680787753,3.749648773622079
26.963808875565032,6.672015997873697,0.09117255853579527
26.963808875565032,15.742795993503659,8.814680285201664
35.6941841029709,15.742795993503659,6.243748944059133
26.963808875565032,10.681731614812854,4.980133125187431
26.963808875565032,15.742795993503659,10.018073273761344
9.92526875364383,15.742795993503659,3.920024636257962
26.963808875565032,15.742795993503659,9.558985352954766
26.963808875565032,27.135191046955036,5.739277347054212
26.963808875565032,15.742795993503659,10.249315755215779
26.963808875565032,17.819381459146637,8.84727342858389
26.963808875565032,15.742795993503659,9.57894602520588
23.79678238044216,15.742795993503659,8.246523104564812
26.963808875565032,14.171323437809033,9.361820262455952
26.963808875565032,15.742795993503659,9.171125839658822
26.963808875565032,15.742795993503659,9.822783382835363
26.963808875565032,21.58468543545204,10.089917204676444
26.963808875565032,15.742795993503659,9.182193071554629
26.963808875565032,27.135191046955036,5.739277347054212
26.963808875565032,15.742795993503659,9.909765215107901
26.963808875565032,15.742795993503659,9.57894602520588
26.963808875565032,15.742795993503659,9.638457756966003
26.963808875565032,15.742795993503659,9.818263210867757
26.963808875565032,24.047284629443133,6.24615527468076
26.963808875565032,15.742795993503659,9.790210061068066
23.79678238044216,15.742795993503659,8.246523104564812
26.963808875565032,2.52752930596783,0.1015272798096796
53.50651801195133,19.07842787112355,3.2181657621179505
35.6941841029709,15.742795993503659,6.243748944059133
26.52320474296244,15.742795993503659,8.999243201878203
26.963808875565032,15.742795993503659,9.714200280052397
26.963808875565032,1.6551800147145403,0.09173895297651109
26.963808875565032,23.036250045056242,7.239402271816047
26.963808875565032,10.681731614812854,4.980133125187431
1.274506800957706,15.742795993503659,0.4773048755294652
26.963808875565032,6.672015997873697,0.09117255853579527
26.963808875565032,15.742795993503659,9.229163745924861
26.963808875565032,15.742795993503659,9.371040804709025
26.963808875565032,27.17669358830708,5.671528501280568
26.963808875565032,6.1390239855805415,0.09087046028235017
18.838585367483073,15.742795993503659,6.981062690024449
26.963808875565032,15.742795993503659,9.558985352954766
26.963808875565032,15.742795993503659,8.814680285201664
21.075835567652184,15.742795993503659,7.357822731254449
26.963808875565032,15.742795993503659,9.017676499850342
26.963808875565032,15.742795993503659,9.734156443798435
26.963808875565032,15.742795993503659,9.56421996909656
26.963808875565032,15.742795993503659,9.626714840823047
26.963808875565032,15.742795993503659,10.597548638642344
26.963808875565032,26.819632691935556,5.842880708340372
26.963808875565032,15.742795993503659,10.686439667116076
26.963808875565032,15.742795993503659,10.30445267342562
26.963808875565032,15.742795993503659,10.441008856526329
26.963808875565032,15.742795993503659,10.394154128494048
23.102975085687845,8.5256680787753,3.749648773622079
26.963808875565032,17.819381459146637,8.84727342858389
26.963808875565032,14.2444702766347,8.91593750934754
26.963808875565032,15.742795993503659,10.576375356852795
26.963808875565032,15.742795993503659,10.249315755215779
26.963808875565032,15.742795993503659,10.018073273761344
45.44358922272922,26.91987153988184,10.166879115504445
26.963808875565032,6.1390239855805415,0.09087046028235017
1.274506800957706,15.742795993503659,0.4773048755294652
26.963808875565032,2.52752930596783,0.1015272798096796
51.859033883235774,15.742795993503659,0.23908675135404606
26.963808875565032,15.742795993503659,8.939286368528157
26.963808875565032,15.742795993503659,9.909765215107901
26.963808875565032,15.742795993503659,10.018073273761344
32.311917706959136,15.742795993503659,8.085952778025582
13.974937942150197,15.742795993503659,5.793573595219022
26.963808875565032,15.742795993503659,10.576375356852795
26.963808875565032,15.742795993503659,10.570407221247027
26.963808875565032,1.6551800147145403,0.09173895297651109
26.963808875565032,15.742795993503659,9.734156443798435
26.963808875565032,23.036250045056242,7.239402271816047
26.963808875565032,14.171323437809033,9.361820262455952
26.963808875565032,27.17669358830708,5.671528501280568
26.963808875565032,15.742795993503659,8.814680285201664
9.92526875364383,15.742795993503659,3.920024636257962
26.963808875565032,14.2444702766347,8.91593750934754
26.52320474296244,15.742795993503659,8.999243201878203
26.963808875565032,15.742795993503659,10.072343483582129
26.963808875565032,15.742795993503659,9.626714840823047
53.50651801195133,19.07842787112355,3.2181657621179505
26.963808875565032,15.742795993503659,10.404230533067361
26.963808875565032,10.681731614812854,4.980133125187431
26.963808875565032,10.58897026447219,4.446340258243548
26.963808875565032,6.672015997873697,0.09117255853579527
26.963808875565032,15.742795993503659,9.818263210867757
26.963808875565032,26.819632691935556,5.842880708340372
26.963808875565032,15.742795993503659,9.638457756966003
26.963808875565032,15.742795993503659,10.441008856526329
18.838585367483073,15.742795993503659,6.981062690024449
26.963808875565032,15.742795993503659,9.371040804709025
26.963808875565032,27.135191046955036,5.739277347054212
26.963808875565032,15.742795993503659,10.30445267342562
26.963808875565032,15.742795993503659,9.229163745924861
45.44358922272922,26.91987153988184,10.166879115504445
23.79678238044216,15.742795993503659,8.246523104564812
26.963808875565032,15.742795993503659,9.886291736688111
26.963808875565032,15.742795993503659,9.558985352954766
26.963808875565032,17.819381459146637,8.84727342858389
21.075835567652184,15.742795993503659,7.357822731254449
26.963808875565032,15.742795993503659,9.171125839658822
26.963808875565032,15.742795993503659,9.182193071554629
23.102975085687845,8.5256680787753,3.749648773622079
26.963808875565032,25.370293928983024,6.424651946949682
26.963808875565032,15.742795993503659,9.57894602520588
26.963808875565032,20.928543119214456,7.107341887964382
26.963808875565032,15.742795993503659,9.068835751748622
26.963808875565032,15.742795993503659,9.56421996909656
26.963808875565032,24.047284629443133,6.24615527468076
26.963808875565032,15.742795993503659,10.394154128494048
23.347831979600226,15.742795993503659,9.565045723196256
26.963808875565032,15.742795993503659,9.017676499850342
26.963808875565032,15.742795993503659,9.714200280052397
26.963808875565032,15.742795993503659,10.597548638642344
26.293564787032675,15.742795993503659,10.626280585316541
26.963808875565032,15.742795993503659,9.822783382835363
26.963808875565032,15.742795993503659,10.570407221247027
26.963808875565032,10.060417001931697,3.876243249877676
26.963808875565032,15.742795993503659,9.909765215107901
26.963808875565032,15.742795993503659,10.072343483582129
26.963808875565032,26.819632691935556,5.842880708340372
26.963808875565032,15.742795993503659,10.43120328466352
1.274506800957706,15.742795993503659,0.4773048755294652
13.974937942150197,15.742795993503659,5.793573595219022
26.963808875565032,1.6551800147145403,0.09173895297651109
26.963808875565032,15.742795993503659,9.017676499850342
26.963808875565032,10.58897026447219,4.446340258243548
26.963808875565032,15.742795993503659,10.018073273761344
26.963808875565032,15.742795993503659,10.404230533067361
26.963808875565032,15.742795993503659,9.068835751748622
26.963808875565032,15.742795993503659,9.822783382835363
26.963808875565032,15.742795993503659,9.57894602520588
26.963808875565032,15.742795993503659,9.638457756966003
26.963808875565032,23.036250045056242,7.239402271816047
26.963808875565032,15.742795993503659,9.626714840823047
26.963808875565032,15.742795993503659,9.229163745924861
35.6941841029709,15.742795993503659,6.243748944059133
26.963808875565032,15.742795993503659,10.576375356852795
26.963808875565032,2.52752930596783,0.1015272798096796
26.293564787032675,15.742795993503659,10.626280585316541
26.963808875565032,15.742795993503659,10.30445267342562
26.963808875565032,6.672015997873697,0.09117255853579527
26.52320474296244,15.742795993503659,8.999243201878203
23.102975085687845,8.5256680787753,3.749648773622079
26.963808875565032,14.171323437809033,9.361820262455952
26.963808875565032,25.370293928983024,6.424651946949682
26.963808875565032,15.742795993503659,9.182193071554629
26.963808875565032,6.1390239855805415,0.09087046028235017
26.963808875565032,17.819381459146637,8.84727342858389
26.963808875565032,15.742795993503659,9.171125839658822
47.393949190027,15.742795993503659,1.8706458638809196
21.075835567652184,15.742795993503659,7.357822731254449
26.963808875565032,10.681731614812854,4.980133125187431
26.963808875565032,15.742795993503659,9.371040804709025
26.963808875565032,15.742795993503659,9.818263210867757
26.963808875565032,20.928543119214456,7.107341887964382
26.963808875565032,15.742795993503659,10.155586130745773
26.963808875565032,15.742795993503659,9.558985352954766
26.963808875565032,15.742795993503659,9.714200280052397
26.963808875565032,15.742795993503659,10.394154128494048
26.963808875565032,27.17669358830708,5.671528501280568
26.963808875565032,15.742795993503659,10.441008856526329
18.838585367483073,15.742795993503659,6.981062690024449
45.44358922272922,26.91987153988184,10.166879115504445
26.963808875565032,15.742795993503659,8.814680285201664
26.963808875565032,27.135191046955036,5.739277347054212
26.963808875565032,15.742795993503659,9.886291736688111
23.102975085687845,15.742795993503659,8.672159205213578
32.311917706959136,15.742795993503659,8.085952778025582
26.963808875565032,15.742795993503659,8.939286368528157
26.963808875565032,14.2444702766347,8.91593750934754
26.963808875565032,15.742795993503659,9.790210061068066
51.859033883235774,15.742795993503659,0.23908675135404606
26.963808875565032,15.742795993503659,9.56421996909656
23.347831979600226,15.742795993503659,9.565045723196256
26.963808875565032,15.742795993503659,8.78278433388785
26.963808875565032,24.047284629443133,6.24615527468076
26.963808875565032,15.742795993503659,10.686439667116076
53.50651801195133,19.07842787112355,3.2181657621179505
9.92526875364383,15.742795993503659,3.920024636257962
