26.963808875565032,15.742795993503659,10.12871250092116
26.963808875565032,15.742795993503659,9.153313105509264
26.963808875565032,15.742795993503659,9.629445422047793
26.963808875565032,15.742795993503659,8.786341804883044
26.963808875565032,15.742795993503659,9.629445422047793
26.963808875565032,15.742795993503659,8.786341804883044
26.963808875565032,15.742795993503659,10.12871250092116
26.963808875565032,15.742795993503659,10.039196512953813
26.963808875565032,15.742795993503659,9.153313105509264
26.963808875565032,15.742795993503659,9.153313105509264
26.963808875565032,15.742795993503659,9.629445422047793
26.963808875565032,15.742795993503659,8.786341804883044
26.963808875565032,15.742795993503659,10.039196512953813
26.963808875565032,15.742795993503659,10.12871250092116
26.963808875565032,15.742795993503659,10.039196512953813
26.963808875565032,15.742795993503659,9.153313105509264
26.963808875565032,15.742795993503659,8.786341804883044
26.963808875565032,15.742795993503659,10.12871250092116
26.963808875565032,15.742795993503659,10.039196512953813
26.963808875565032,15.742795993503659,8.786341804883044
26.963808875565032,15.742795993503659,9.153313105509264
26.963808875565032,15.742795993503659,10.12871250092116
26.963808875565032,15.742795993503659,9.629445422047793
26.963808875565032,15.742795993503659,10.039196512953813
26.963808875565032,15.742795993503659,10.12871250092116
26.963808875565032,15.742795993503659,9.153313105509264
26.963808875565032,15.742795993503659,9.85651983853832
26.963808875565032,15.742795993503659,8.786341804883044
26.963808875565032,15.742795993503659,9.629445422047793
26.963808875565032,15.742795993503659,10.039196512953813
3.7880411129116354,15.742795993503659,1.3911567190549166
26.963808875565032,15.742795993503659,8.786341804883044
26.963808875565032,15.742795993503659,9.85651983853832
26.963808875565032,15.742795993503659,9.153313105509264
26.963808875565032,15.742795993503659,10.12871250092116
26.963808875565032,15.742795993503659,10.12871250092116
26.963808875565032,15.742795993503659,8.786341804883044
26.963808875565032,15.742795993503659,10.039196512953813
26.963808875565032,15.742795993503659,9.153313105509264
26.963808875565032,15.742795993503659,9.85651983853832
26.963808875565032,15.742795993503659,9.629445422047793
3.7880411129116354,15.742795993503659,1.3911567190549166
26.963808875565032,15.742795993503659,10.12871250092116
26.963808875565032,15.742795993503659,9.85651983853832
3.7880411129116354,15.742795993503659,1.3911567190549166
26.963808875565032,15.742795993503659,8.786341804883044
26.963808875565032,15.742795993503659,9.153313105509264
26.963808875565032,15.742795993503659,9.629445422047793
26.963808875565032,15.742795993503659,10.039196512953813
26.963808875565032,15.742795993503659,8.786341804883044
26.963808875565032,15.742795993503659,9.31239230467697
26.963808875565032,15.742795993503659,9.629445422047793
26.963808875565032,15.742795993503659,10.12871250092116
26.963808875565032,15.742795993503659,9.85651983853832
3.7880411129116354,15.742795993503659,1.3911567190549166
26.963808875565032,15.742795993503659,9.153313105509264
26.963808875565032,15.742795993503659,9.153313105509264
3.7880411129116354,15.742795993503659,1.3911567190549166
26.963808875565032,15.742795993503659,9.629445422047793
26.963808875565032,15.742795993503659,10.12871250092116
26.963808875565032,15.742795993503659,8.786341804883044
26.963808875565032,15.742795993503659,9.85651983853832
26.963808875565032,15.742795993503659,10.15496002862821
26.963808875565032,15.742795993503659,9.31239230467697
26.963808875565032,15.742795993503659,10.039196512953813
26.963808875565032,15.742795993503659,10.12871250092116
26.963808875565032,15.742795993503659,10.039196512953813
26.963808875565032,15.742795993503659,9.153313105509264
26.963808875565032,15.742795993503659,9.31239230467697
3.7880411129116354,15.742795993503659,1.3911567190549166
26.963808875565032,15.742795993503659,9.629445422047793
26.963808875565032,15.742795993503659,8.786341804883044
26.963808875565032,15.742795993503659,9.949132859230112
26.963808875565032,15.742795993503659,9.85651983853832
26.963808875565032,15.742795993503659,9.85651983853832
26.963808875565032,15.742795993503659,9.153313105509264
26.963808875565032,15.742795993503659,9.949132859230112
26.963808875565032,15.742795993503659,9.629445422047793
26.963808875565032,15.742795993503659,10.039196512953813
3.7880411129116354,15.742795993503659,1.3911567190549166
26.963808875565032,15.742795993503659,10.12871250092116
26.963808875565032,15.742795993503659,9.890997944099734
26.963808875565032,15.742795993503659,9.31239230467697
3.7880411129116354,15.742795993503659,1.3911567190549166
26.963808875565032,15.742795993503659,9.153313105509264
26.963808875565032,15.742795993503659,9.85651983853832
26.963808875565032,15.742795993503659,9.890997944099734
26.963808875565032,15.742795993503659,10.12871250092116
26.963808875565032,15.742795993503659,8.786341804883044
26.963808875565032,15.742795993503659,9.949132859230112
26.963808875565032,15.742795993503659,10.15496002862821
26.963808875565032,15.742795993503659,10.039196512953813
26.963808875565032,15.742795993503659,9.629445422047793
26.963808875565032,15.742795993503659,9.578152551748138
26.963808875565032,15.742795993503659,9.153313105509264
26.963808875565032,15.742795993503659,10.039196512953813
26.963808875565032,15.742795993503659,8.786341804883044
3.7880411129116354,15.742795993503659,1.3911567190549166
26.963808875565032,15.742795993503659,9.949132859230112
26.963808875565032,15.742795993503659,9.890997944099734
26.963808875565032,28.00373702165246,10.184077365951897
26.963808875565032,15.742795993503659,10.15496002862821
26.963808875565032,15.742795993503659,10.12871250092116
26.963808875565032,15.742795993503659,9.31239230467697
26.963808875565032,15.742795993503659,9.85651983853832
26.963808875565032,15.742795993503659,9.629445422047793
26.963808875565032,15.742795993503659,10.12871250092116
26.963808875565032,15.742795993503659,8.786341804883044
26.963808875565032,15.742795993503659,9.578152551748138
26.963808875565032,15.742795993503659,9.949132859230112
3.7880411129116354,15.742795993503659,1.3911567190549166
26.963808875565032,15.742795993503659,9.629445422047793
26.963808875565032,15.742795993503659,10.039196512953813
26.963808875565032,15.742795993503659,9.85651983853832
26.963808875565032,15.742795993503659,9.31239230467697
26.963808875565032,28.00373702165246,10.184077365951897
26.963808875565032,15.742795993503659,10.15496002862821
26.963808875565032,15.742795993503659,9.890997944099734
26.963808875565032,28.00373702165246,10.184077365951897
26.963808875565032,15.742795993503659,10.15496002862821
28.76792353746077,15.742795993503659,9.49022499976823
26.963808875565032,15.742795993503659,9.31239230467697
26.963808875565032,15.742795993503659,9.949132859230112
26.963808875565032,15.742795993503659,9.85651983853832
26.963808875565032,15.742795993503659,8.786341804883044
26.963808875565032,15.742795993503659,9.629445422047793
26.963808875565032,15.742795993503659,9.890997944099734
26.963808875565032,15.742795993503659,10.12871250092116
26.963808875565032,15.742795993503659,10.039196512953813
26.963808875565032,15.742795993503659,9.578152551748138
26.963808875565032,15.742795993503659,9.153313105509264
3.7880411129116354,15.742795993503659,1.3911567190549166
26.963808875565032,15.742795993503659,8.786341804883044
3.7880411129116354,15.742795993503659,1.3911567190549166
26.963808875565032,15.742795993503659,9.31239230467697
26.963808875565032,15.742795993503659,9.153313105509264
26.963808875565032,15.742795993503659,9.578152551748138
26.963808875565032,15.742795993503659,10.15496002862821
26.963808875565032,15.742795993503659,8.933458736769953
26.963808875565032,15.742795993503659,9.890997944099734
28.76792353746077,15.742795993503659,9.49022499976823
26.963808875565032,28.00373702165246,10.184077365951897
26.963808875565032,15.742795993503659,10.039196512953813
26.963808875565032,15.742795993503659,9.949132859230112
26.963808875565032,15.742795993503659,9.629445422047793
26.963808875565032,15.742795993503659,10.12871250092116
26.963808875565032,15.742795993503659,9.31239230467697
26.963808875565032,15.742795993503659,10.12871250092116
26.963808875565032,15.742795993503659,8.933458736769953
26.963808875565032,15.742795993503659,10.15496002862821
26.963808875565032,28.00373702165246,10.184077365951897
26.963808875565032,15.742795993503659,9.890997944099734
26.963808875565032,15.742795993503659,9.098604240007784
26.963808875565032,15.742795993503659,9.153313105509264
26.963808875565032,15.742795993503659,9.578152551748138
26.963808875565032,15.742795993503659,9.85651983853832
26.963808875565032,15.742795993503659,10.039196512953813
28.76792353746077,15.742795993503659,9.49022499976823
26.963808875565032,15.742795993503659,8.786341804883044
26.963808875565032,15.742795993503659,9.629445422047793
26.963808875565032,15.742795993503659,8.933458736769953
26.963808875565032,15.742795993503659,10.15496002862821
3.7880411129116354,15.742795993503659,1.3911567190549166
26.963808875565032,15.742795993503659,9.098604240007784
26.963808875565032,15.742795993503659,9.949132859230112
26.963808875565032,15.742795993503659,10.12871250092116
26.963808875565032,15.742795993503659,8.786341804883044
26.963808875565032,15.742795993503659,9.31239230467697
26.963808875565032,15.742795993503659,9.629445422047793
26.963808875565032,15.742795993503659,9.153313105509264
38.62495445370563,15.742795993503659,5.0170282056110045
26.963808875565032,15.742795993503659,9.890997944099734
26.963808875565032,15.742795993503659,10.039196512953813
26.963808875565032,28.00373702165246,10.184077365951897
28.76792353746077,15.742795993503659,9.49022499976823
26.963808875565032,15.742795993503659,9.578152551748138
26.963808875565032,15.742795993503659,9.85651983853832
26.963808875565032,15.742795993503659,10.58327082718259
26.963808875565032,15.742795993503659,9.153313105509264
26.963808875565032,15.742795993503659,9.31239230467697
26.963808875565032,15.742795993503659,9.890997944099734
26.963808875565032,15.742795993503659,8.786341804883044
26.963808875565032,15.742795993503659,10.12871250092116
26.963808875565032,15.742795993503659,9.571250691854724
26.963808875565032,15.742795993503659,9.85651983853832
38.62495445370563,15.742795993503659,5.0170282056110045
26.963808875565032,15.742795993503659,9.578152551748138
26.963808875565032,28.00373702165246,10.184077365951897
26.963808875565032,15.742795993503659,10.15496002862821
26.963808875565032,15.742795993503659,9.098604240007784
26.963808875565032,15.742795993503659,9.629445422047793
26.963808875565032,15.742795993503659,9.949132859230112
38.62495445370563,15.742795993503659,5.0170282056110045
26.963808875565032,15.742795993503659,10.58327082718259
26.963808875565032,15.742795993503659,9.31239230467697
26.963808875565032,15.742795993503659,8.786341804883044
26.963808875565032,15.742795993503659,10.039196512953813
26.963808875565032,15.742795993503659,9.153313105509264
26.963808875565032,15.742795993503659,9.578152551748138
26.963808875565032,28.00373702165246,10.184077365951897
26.963808875565032,15.742795993503659,9.85651983853832
26.963808875565032,15.742795993503659,9.890997944099734
26.963808875565032,15.742795993503659,9.949132859230112
28.76792353746077,15.742795993503659,9.49022499976823
26.963808875565032,15.742795993503659,9.098604240007784
26.963808875565032,15.742795993503659,10.15496002862821
3.7880411129116354,15.742795993503659,1.3911567190549166
26.963808875565032,15.742795993503659,10.12871250092116
26.963808875565032,15.742795993503659,9.571250691854724
26.963808875565032,15.742795993503659,9.629445422047793
28.76792353746077,15.742795993503659,9.49022499976823
26.963808875565032,15.742795993503659,9.571250691854724
26.963808875565032,15.742795993503659,10.043205728877968
26.963808875565032,15.742795993503659,9.153313105509264
26.963808875565032,15.742795993503659,9.890997944099734
26.963808875565032,15.742795993503659,9.505329243407973
26.963808875565032,15.742795993503659,8.933458736769953
26.963808875565032,15.742795993503659,9.098604240007784
26.963808875565032,15.742795993503659,10.15496002862821
26.963808875565032,15.742795993503659,9.949132859230112
26.963808875565032,15.742795993503659,8.786341804883044
26.963808875565032,15.742795993503659,10.12871250092116
38.62495445370563,15.742795993503659,5.0170282056110045
3.7880411129116354,15.742795993503659,1.3911567190549166
26.963808875565032,15.742795993503659,9.85651983853832
26.963808875565032,15.742795993503659,9.578152551748138
26.963808875565032,15.742795993503659,10.58327082718259
26.963808875565032,28.00373702165246,10.184077365951897
26.963808875565032,15.742795993503659,10.039196512953813
26.963808875565032,15.742795993503659,10.15496002862821
26.963808875565032,15.742795993503659,9.31239230467697
38.62495445370563,15.742795993503659,5.720511075519084
26.963808875565032,15.742795993503659,9.890997944099734
26.963808875565032,15.742795993503659,8.933458736769953
3.7880411129116354,15.742795993503659,1.3911567190549166
26.963808875565032,15.742795993503659,10.039196512953813
26.963808875565032,15.742795993503659,9.85651983853832
26.963808875565032,15.742795993503659,9.629445422047793
26.963808875565032,15.742795993503659,9.098604240007784
26.963808875565032,15.742795993503659,9.949132859230112
26.963808875565032,15.742795993503659,9.094553612927925
26.963808875565032,15.742795993503659,9.505329243407973
26.963808875565032,15.742795993503659,10.58327082718259
26.963808875565032,15.742795993503659,10.043205728877968
26.963808875565032,15.742795993503659,10.12871250092116
26.963808875565032,15.742795993503659,9.578152551748138
28.76792353746077,15.742795993503659,9.49022499976823
26.963808875565032,15.742795993503659,9.571250691854724
38.62495445370563,15.742795993503659,5.0170282056110045
26.963808875565032,15.742795993503659,8.786341804883044
26.963808875565032,28.00373702165246,10.184077365951897
26.963808875565032,15.742795993503659,9.629445422047793
26.963808875565032,15.742795993503659,9.094553612927925
3.7880411129116354,15.742795993503659,1.3911567190549166
26.963808875565032,15.742795993503659,9.949132859230112
26.963808875565032,15.742795993503659,10.12871250092116
26.963808875565032,15.742795993503659,9.153313105509264
26.963808875565032,15.742795993503659,10.15496002862821
38.62495445370563,15.742795993503659,5.720511075519084
26.963808875565032,15.742795993503659,10.047757077495161
26.963808875565032,15.742795993503659,8.786341804883044
26.963808875565032,15.742795993503659,9.571250691854724
26.963808875565032,5.252810110121262,0.10843862855106015
26.963808875565032,15.742795993503659,9.505329243407973
22.38061060322699,15.742795993503659,9.04637182712088
26.963808875565032,15.742795993503659,8.933458736769953
26.963808875565032,15.742795993503659,10.58327082718259
26.963808875565032,28.00373702165246,10.184077365951897
26.963808875565032,15.742795993503659,9.85651983853832
26.963808875565032,15.742795993503659,9.890997944099734
26.963808875565032,15.742795993503659,10.043205728877968
26.963808875565032,15.742795993503659,9.578152551748138
26.963808875565032,15.742795993503659,9.31239230467697
28.76792353746077,15.742795993503659,9.49022499976823
26.963808875565032,15.742795993503659,10.039196512953813
26.963808875565032,15.742795993503659,9.098604240007784
26.963808875565032,15.742795993503659,9.700883786933524
26.963808875565032,15.742795993503659,9.571250691854724
28.76792353746077,15.742795993503659,9.49022499976823
22.38061060322699,15.742795993503659,9.04637182712088
26.963808875565032,15.742795993503659,9.578152551748138
26.963808875565032,15.742795993503659,9.629445422047793
26.963808875565032,5.252810110121262,0.10843862855106015
3.7880411129116354,15.742795993503659,1.3911567190549166
26.963808875565032,28.344993361612772,5.664029774263365
26.963808875565032,15.742795993503659,8.933458736769953
49.34950947924996,15.742795993503659,10.382925499412442
38.62495445370563,15.742795993503659,5.720511075519084
38.62495445370563,15.742795993503659,5.0170282056110045
26.963808875565032,15.742795993503659,9.890997944099734
26.963808875565032,15.742795993503659,10.047757077495161
26.963808875565032,28.00373702165246,10.184077365951897
26.963808875565032,15.742795993503659,8.786341804883044
26.963808875565032,15.742795993503659,9.153313105509264
26.963808875565032,15.742795993503659,9.505329243407973
21.767520284820833,15.742795993503659,8.494059465882948
26.963808875565032,15.742795993503659,10.12871250092116
26.963808875565032,15.742795993503659,10.129202628016927
26.963808875565032,15.742795993503659,9.700883786933524
26.963808875565032,15.742795993503659,10.043205728877968
26.963808875565032,15.742795993503659,10.039196512953813
26.963808875565032,15.742795993503659,10.58327082718259
26.963808875565032,15.742795993503659,9.85651983853832
26.963808875565032,15.742795993503659,9.31239230467697
26.963808875565032,15.742795993503659,9.043587801909485
26.963808875565032,15.742795993503659,10.15496002862821
26.963808875565032,15.742795993503659,9.949132859230112
26.963808875565032,15.742795993503659,9.098604240007784
26.963808875565032,15.742795993503659,9.629445422047793
26.963808875565032,15.742795993503659,9.043587801909485
26.963808875565032,15.742795993503659,8.933458736769953
26.963808875565032,15.742795993503659,9.949132859230112
51.94706367773995,15.742795993503659,0.19311291247349047
28.76792353746077,15.742795993503659,9.49022499976823
26.963808875565032,15.742795993503659,9.098604240007784
26.963808875565032,15.742795993503659,10.129202628016927
26.963808875565032,15.742795993503659,8.786341804883044
26.963808875565032,15.742795993503659,10.58327082718259
26.963808875565032,15.742795993503659,9.700883786933524
49.34950947924996,15.742795993503659,10.382925499412442
26.963808875565032,15.742795993503659,10.684371834226964
33.58177998073303,17.116961073594915,6.021469089214697
26.963808875565032,15.742795993503659,10.043205728877968
3.7880411129116354,15.742795993503659,1.3911567190549166
26.963808875565032,15.742795993503659,9.890997944099734
22.38061060322699,15.742795993503659,9.04637182712088
26.963808875565032,15.742795993503659,9.31239230467697
26.963808875565032,15.742795993503659,10.039196512953813
26.963808875565032,15.742795993503659,9.094553612927925
26.963808875565032,15.742795993503659,9.571250691854724
21.767520284820833,15.742795993503659,8.494059465882948
26.963808875565032,15.742795993503659,9.578152551748138
26.963808875565032,15.742795993503659,9.505329243407973
26.963808875565032,28.344993361612772,5.664029774263365
38.62495445370563,15.742795993503659,5.0170282056110045
26.963808875565032,5.252810110121262,0.10843862855106015
26.963808875565032,15.742795993503659,10.12871250092116
26.963808875565032,15.742795993503659,10.15496002862821
26.963808875565032,15.742795993503659,9.85651983853832
26.963808875565032,28.00373702165246,10.184077365951897
26.963808875565032,15.742795993503659,9.890997944099734
33.58177998073303,17.116961073594915,6.021469089214697
26.963808875565032,15.742795993503659,10.129202628016927
26.963808875565032,15.742795993503659,9.639890146317555
26.963808875565032,15.742795993503659,9.153313105509264
26.963808875565032,15.742795993503659,8.933458736769953
26.963808875565032,15.742795993503659,9.85651983853832
26.963808875565032,15.742795993503659,9.460307454560072
26.963808875565032,15.742795993503659,10.12871250092116
26.963808875565032,15.742795993503659,10.684371834226964
26.963808875565032,15.742795993503659,9.571250691854724
26.963808875565032,15.742795993503659,10.039196512953813
26.963808875565032,15.742795993503659,9.700883786933524
26.963808875565032,15.742795993503659,8.786341804883044
26.963808875565032,15.742795993503659,10.047757077495161
26.963808875565032,15.742795993503659,9.921113292301559
26.963808875565032,15.742795993503659,10.043205728877968
51.94706367773995,15.742795993503659,0.19311291247349047
26.963808875565032,15.742795993503659,9.505329243407973
38.62495445370563,15.742795993503659,5.0170282056110045
22.38061060322699,15.742795993503659,9.04637182712088
26.963808875565032,15.742795993503659,9.043587801909485
26.963808875565032,28.344993361612772,5.664029774263365
3.7880411129116354,15.742795993503659,1.3911567190549166
26.963808875565032,28.00373702165246,10.184077365951897
26.963808875565032,15.742795993503659,9.098604240007784
26.963808875565032,15.742795993503659,8.754301412396927
26.963808875565032,15.742795993503659,9.31239230467697
26.963808875565032,15.742795993503659,9.629445422047793
26.963808875565032,15.742795993503659,9.949132859230112
17.768277099511856,15.742795993503659,7.125893837864103
21.767520284820833,15.742795993503659,8.494059465882948
28.76792353746077,15.742795993503659,9.49022499976823
26.963808875565032,5.252810110121262,0.10843862855106015
26.963808875565032,15.742795993503659,9.094553612927925
49.34950947924996,15.742795993503659,10.382925499412442
26.963808875565032,15.742795993503659,9.578152551748138
38.62495445370563,15.742795993503659,5.720511075519084
26.963808875565032,15.742795993503659,8.933458736769953
26.963808875565032,15.742795993503659,9.505329243407973
26.963808875565032,15.742795993503659,10.036643708706832
33.58177998073303,17.116961073594915,6.021469089214697
26.963808875565032,15.742795993503659,10.684371834226964
26.963808875565032,15.742795993503659,9.094553612927925
26.963808875565032,15.742795993503659,9.921113292301559
26.963808875565032,15.742795993503659,9.85651983853832
26.963808875565032,15.742795993503659,10.047757077495161
26.963808875565032,15.742795993503659,9.949132859230112
3.7880411129116354,15.742795993503659,1.3911567190549166
26.963808875565032,15.742795993503659,10.58327082718259
26.963808875565032,15.742795993503659,10.12871250092116
26.963808875565032,15.742795993503659,10.129202628016927
38.62495445370563,15.742795993503659,5.720511075519084
26.963808875565032,28.344993361612772,5.664029774263365
26.963808875565032,15.742795993503659,10.043205728877968
26.963808875565032,15.742795993503659,9.700883786933524
26.963808875565032,15.742795993503659,9.629445422047793
26.963808875565032,15.742795993503659,9.890997944099734
51.94706367773995,15.742795993503659,0.19311291247349047
17.768277099511856,15.742795993503659,7.125893837864103
26.963808875565032,15.742795993503659,9.919846914928057
26.963808875565032,15.742795993503659,9.31239230467697
49.34950947924996,15.742795993503659,10.382925499412442
26.963808875565032,5.252810110121262,0.10843862855106015
38.62495445370563,15.742795993503659,5.0170282056110045
22.38061060322699,15.742795993503659,9.04637182712088
26.963808875565032,28.00373702165246,10.184077365951897
26.963808875565032,15.742795993503659,10.039196512953813
26.963808875565032,15.742795993503659,9.043587801909485
26.963808875565032,15.742795993503659,8.754301412396927
26.963808875565032,15.742795993503659,9.460307454560072
26.963808875565032,15.742795993503659,9.153313105509264
26.963808875565032,15.742795993503659,9.639890146317555
21.767520284820833,15.742795993503659,8.494059465882948
26.963808875565032,15.742795993503659,10.46000037069842
28.76792353746077,15.742795993503659,9.49022499976823
26.963808875565032,15.742795993503659,8.786341804883044
33.58177998073303,17.116961073594915,6.021469089214697
26.963808875565032,15.742795993503659,9.890997944099734
26.963808875565032,15.742795993503659,9.639890146317555
26.963808875565032,15.742795993503659,9.31239230467697
26.963808875565032,28.00373702165246,10.184077365951897
27.350612797945487,15.742795993503659,8.665071300457079
22.38061060322699,15.742795993503659,9.04637182712088
26.963808875565032,15.742795993503659,8.754301412396927
10.69798976149058,15.742795993503659,4.844640799676574
26.963808875565032,15.742795993503659,9.094553612927925
26.963808875565032,15.742795993503659,10.46000037069842
26.963808875565032,15.742795993503659,10.15496002862821
26.963808875565032,15.742795993503659,10.58327082718259
26.963808875565032,15.742795993503659,9.098604240007784
17.768277099511856,15.742795993503659,7.125893837864103
26.963808875565032,15.742795993503659,9.949132859230112
26.963808875565032,15.742795993503659,9.141448776808954
26.963808875565032,15.742795993503659,9.578152551748138
28.76792353746077,15.742795993503659,9.49022499976823
38.62495445370563,15.742795993503659,5.0170282056110045
26.963808875565032,15.742795993503659,9.153313105509264
26.963808875565032,15.742795993503659,8.786341804883044
51.94706367773995,15.742795993503659,0.19311291247349047
26.963808875565032,15.742795993503659,10.268578637507781
26.963808875565032,15.742795993503659,9.043587801909485
3.7880411129116354,15.742795993503659,1.3911567190549166
26.963808875565032,15.742795993503659,10.684371834226964
26.963808875565032,15.742795993503659,10.12871250092116
26.963808875565032,15.742795993503659,10.043205728877968
26.963808875565032,15.742795993503659,9.571250691854724
49.34950947924996,15.742795993503659,10.382925499412442
26.963808875565032,15.742795993503659,10.036643708706832
26.963808875565032,5.252810110121262,0.10843862855106015
26.963808875565032,15.742795993503659,9.85651983853832
26.963808875565032,15.742795993503659,10.039196512953813
26.963808875565032,15.742795993503659,10.047757077495161
26.963808875565032,15.742795993503659,9.505329243407973
26.963808875565032,15.742795993503659,9.700883786933524
21.767520284820833,15.742795993503659,8.494059465882948
26.963808875565032,15.742795993503659,9.919846914928057
26.963808875565032,15.742795993503659,9.629445422047793
26.963808875565032,15.742795993503659,9.460307454560072
26.963808875565032,15.742795993503659,10.129202628016927
34.462349270963315,15.742795993503659,6.995929954405537
26.963808875565032,15.742795993503659,9.460307454560072
26.963808875565032,15.742795993503659,9.571250691854724
3.7880411129116354,15.742795993503659,1.3911567190549166
26.963808875565032,15.742795993503659,9.31239230467697
26.963808875565032,15.742795993503659,9.555559793664306
10.69798976149058,15.742795993503659,4.844640799676574
26.963808875565032,15.742795993503659,9.043587801909485
26.963808875565032,15.742795993503659,10.12871250092116
49.34950947924996,15.742795993503659,10.382925499412442
26.963808875565032,15.742795993503659,8.933458736769953
26.963808875565032,15.742795993503659,10.129202628016927
22.38061060322699,15.742795993503659,9.04637182712088
0.22424361074677535,16.357470849004066,0.10052426077203372
26.963808875565032,15.742795993503659,9.098604240007784
26.963808875565032,15.742795993503659,9.094553612927925
17.768277099511856,15.742795993503659,7.125893837864103
26.963808875565032,15.742795993503659,9.141448776808954
38.62495445370563,15.742795993503659,5.0170282056110045
38.62495445370563,15.742795993503659,5.720511075519084
26.963808875565032,15.742795993503659,9.578152551748138
26.963808875565032,15.742795993503659,10.15496002862821
21.767520284820833,15.742795993503659,8.494059465882948
26.963808875565032,15.742795993503659,10.268578637507781
26.963808875565032,15.742795993503659,10.043205728877968
26.963808875565032,15.742795993503659,9.153313105509264
33.58177998073303,17.116961073594915,6.021469089214697
26.963808875565032,5.252810110121262,0.10843862855106015
26.963808875565032,15.742795993503659,9.890997944099734
28.76792353746077,15.742795993503659,9.49022499976823
26.963808875565032,15.742795993503659,9.921113292301559
27.350612797945487,15.742795993503659,8.665071300457079
26.963808875565032,15.742795993503659,9.750266453753083
26.963808875565032,15.742795993503659,9.700883786933524
26.963808875565032,15.742795993503659,9.85651983853832
51.94706367773995,15.742795993503659,0.19311291247349047
34.462349270963315,15.742795993503659,6.995929954405537
26.963808875565032,15.742795993503659,9.682616811588401
26.963808875565032,28.00373702165246,10.184077365951897
26.963808875565032,15.742795993503659,10.170960608658405
26.963808875565032,15.742795993503659,10.036643708706832
26.963808875565032,15.742795993503659,10.039196512953813
26.963808875565032,15.742795993503659,10.58327082718259
26.963808875565032,15.742795993503659,10.46000037069842
26.963808875565032,15.742795993503659,8.786341804883044
26.963808875565032,15.742795993503659,8.754301412396927
26.963808875565032,15.742795993503659,9.919846914928057
26.963808875565032,15.742795993503659,9.505329243407973
26.963808875565032,15.742795993503659,9.139952738892806
26.963808875565032,28.344993361612772,5.664029774263365
26.963808875565032,15.742795993503659,9.629445422047793
26.963808875565032,15.742795993503659,9.571250691854724
26.963808875565032,15.742795993503659,9.31239230467697
26.963808875565032,15.742795993503659,9.505329243407973
26.963808875565032,15.742795993503659,9.019268251122913
26.963808875565032,15.742795993503659,8.786341804883044
34.462349270963315,15.742795993503659,6.995929954405537
26.963808875565032,15.742795993503659,10.15496002862821
22.38061060322699,15.742795993503659,9.04637182712088
26.963808875565032,15.742795993503659,10.129202628016927
17.768277099511856,15.742795993503659,7.125893837864103
26.963808875565032,15.742795993503659,9.919846914928057
26.963808875565032,15.742795993503659,9.098604240007784
26.963808875565032,15.742795993503659,8.754301412396927
26.963808875565032,15.742795993503659,9.78955694480782
26.963808875565032,15.742795993503659,9.578152551748138
26.963808875565032,15.742795993503659,9.890997944099734
26.963808875565032,15.742795993503659,9.862916705816502
26.963808875565032,15.742795993503659,9.153313105509264
26.963808875565032,15.742795993503659,8.933458736769953
28.76792353746077,15.742795993503659,9.49022499976823
26.963808875565032,15.742795993503659,8.875075713002916
3.7880411129116354,15.742795993503659,1.3911567190549166
27.350612797945487,15.742795993503659,8.665071300457079
26.963808875565032,5.252810110121262,0.10843862855106015
38.62495445370563,15.742795993503659,5.0170282056110045
26.963808875565032,15.742795993503659,10.043205728877968
26.963808875565032,15.742795993503659,9.460307454560072
26.963808875565032,15.742795993503659,10.684371834226964
26.963808875565032,15.742795993503659,9.750266453753083
26.963808875565032,15.742795993503659,9.529066883934043
26.963808875565032,15.742795993503659,9.639890146317555
0.22424361074677535,16.357470849004066,0.10052426077203372
49.34950947924996,15.742795993503659,10.382925499412442
26.963808875565032,15.742795993503659,9.921113292301559
26.963808875565032,15.742795993503659,10.12871250092116
26.963808875565032,15.742795993503659,9.85651983853832
26.963808875565032,15.742795993503659,9.629445422047793
26.963808875565032,15.742795993503659,9.949132859230112
26.963808875565032,15.742795993503659,9.139952738892806
38.62495445370563,15.742795993503659,5.720511075519084
26.963808875565032,15.742795993503659,10.170960608658405
26.963808875565032,28.344993361612772,5.664029774263365
21.767520284820833,15.742795993503659,8.494059465882948
26.963808875565032,15.742795993503659,9.141448776808954
26.963808875565032,15.742795993503659,10.036643708706832
26.963808875565032,15.742795993503659,10.268578637507781
26.963808875565032,15.742795993503659,9.043587801909485
26.963808875565032,15.742795993503659,10.46000037069842
26.963808875565032,15.742795993503659,10.039196512953813
26.963808875565032,15.742795993503659,10.58327082718259
33.58177998073303,17.116961073594915,6.021469089214697
26.963808875565032,15.742795993503659,9.682616811588401
26.963808875565032,28.00373702165246,10.184077365951897
10.69798976149058,15.742795993503659,4.844640799676574
51.94706367773995,15.742795993503659,0.19311291247349047
0.22424361074677535,16.357470849004066,0.10052426077203372
26.963808875565032,15.742795993503659,9.139952738892806
26.963808875565032,15.742795993503659,10.12871250092116
10.69798976149058,15.742795993503659,4.844640799676574
26.963808875565032,15.742795993503659,10.355553091131837
26.963808875565032,14.172759102098988,8.351166669779603
26.963808875565032,15.742795993503659,10.039196512953813
26.963808875565032,15.742795993503659,10.047757077495161
26.963808875565032,5.252810110121262,0.10843862855106015
26.963808875565032,15.742795993503659,10.043205728877968
21.767520284820833,15.742795993503659,8.494059465882948
26.963808875565032,28.00373702165246,10.184077365951897
26.963808875565032,15.742795993503659,10.46000037069842
9.08663373048353,0.6678359089110035,0.09924441138494111
26.963808875565032,15.742795993503659,9.85651983853832
26.963808875565032,15.742795993503659,9.571250691854724
3.7880411129116354,15.742795993503659,1.3911567190549166
26.963808875565032,15.742795993503659,9.639890146317555
17.768277099511856,15.742795993503659,7.125893837864103
26.963808875565032,15.742795993503659,9.31239230467697
26.963808875565032,15.742795993503659,9.505329243407973
38.62495445370563,15.742795993503659,5.0170282056110045
26.963808875565032,15.742795993503659,9.460307454560072
26.963808875565032,15.742795993503659,9.750266453753083
34.462349270963315,15.742795993503659,7.550451791144871
26.963808875565032,15.742795993503659,10.684371834226964
26.963808875565032,15.742795993503659,9.949132859230112
26.963808875565032,15.742795993503659,8.933458736769953
26.963808875565032,15.742795993503659,9.098604240007784
26.963808875565032,15.742795993503659,8.786341804883044
28.76792353746077,15.742795993503659,9.49022499976823
26.963808875565032,15.742795993503659,10.036643708706832
4.386089558966702,26.441486768762115,0.9401661811598236
26.963808875565032,15.742795993503659,9.043587801909485
26.963808875565032,15.742795993503659,9.682616811588401
26.963808875565032,15.742795993503659,9.629445422047793
40.20695445108585,15.742795993503659,5.105814548209075
26.963808875565032,15.742795993503659,8.875075713002916
26.963808875565032,15.742795993503659,9.919846914928057
26.963808875565032,15.742795993503659,9.141448776808954
22.38061060322699,15.742795993503659,9.04637182712088
26.963808875565032,15.742795993503659,10.318391338106688
49.34950947924996,15.742795993503659,10.382925499412442
38.62495445370563,15.742795993503659,5.720511075519084
26.963808875565032,15.742795993503659,9.862916705816502
26.963808875565032,15.742795993503659,10.107832941470841
26.963808875565032,15.742795993503659,9.921113292301559
51.94706367773995,15.742795993503659,0.19311291247349047
26.963808875565032,15.742795993503659,9.890997944099734
26.963808875565032,15.742795993503659,9.555559793664306
26.963808875565032,15.742795993503659,10.129202628016927
33.58177998073303,17.116961073594915,6.021469089214697
26.963808875565032,15.742795993503659,10.58327082718259
26.963808875565032,15.742795993503659,10.268578637507781
26.963808875565032,15.742795993503659,10.15496002862821
26.963808875565032,15.742795993503659,9.019268251122913
26.963808875565032,28.344993361612772,5.664029774263365
21.767520284820833,15.742795993503659,8.494059465882948
4.386089558966702,26.441486768762115,0.9401661811598236
26.963808875565032,15.742795993503659,9.098604240007784
26.963808875565032,15.742795993503659,10.047757077495161
34.462349270963315,15.742795993503659,7.550451791144871
17.768277099511856,15.742795993503659,7.125893837864103
26.963808875565032,15.742795993503659,9.639890146317555
26.963808875565032,15.742795993503659,10.318391338106688
26.963808875565032,15.742795993503659,9.578152551748138
26.963808875565032,5.252810110121262,0.10843862855106015
26.963808875565032,15.742795993503659,10.58327082718259
9.08663373048353,0.6678359089110035,0.09924441138494111
38.62495445370563,15.742795993503659,5.720511075519084
26.963808875565032,15.742795993503659,8.754301412396927
26.963808875565032,15.742795993503659,10.036643708706832
26.963808875565032,15.742795993503659,8.933458736769953
9.08663373048353,15.742795993503659,3.5330495100725945
38.62495445370563,15.742795993503659,5.0170282056110045
26.963808875565032,15.742795993503659,9.094553612927925
26.963808875565032,15.742795993503659,9.968979046407242
26.963808875565032,15.742795993503659,9.571250691854724
26.963808875565032,15.742795993503659,10.355553091131837
26.963808875565032,15.742795993503659,10.268578637507781
26.963808875565032,15.742795993503659,9.529066883934043
51.94706367773995,15.742795993503659,0.19311291247349047
26.963808875565032,15.742795993503659,8.786341804883044
30.922500948067903,15.742795993503659,7.9085348108010605
34.462349270963315,15.742795993503659,6.995929954405537
40.20695445108585,15.742795993503659,5.105814548209075
26.963808875565032,15.742795993503659,9.949132859230112
3.7880411129116354,15.742795993503659,1.3911567190549166
26.963808875565032,15.742795993503659,9.682616811588401
7.527266592285859,19.290994840098264,2.1145875104652463
26.963808875565032,15.742795993503659,9.85651983853832
22.38061060322699,15.742795993503659,9.04637182712088
26.963808875565032,15.742795993503659,9.141448776808954
26.963808875565032,15.742795993503659,9.505329243407973
26.963808875565032,15.742795993503659,9.78955694480782
26.963808875565032,15.742795993503659,10.170960608658405
26.963808875565032,14.172759102098988,8.351166669779603
26.963808875565032,15.742795993503659,9.31239230467697
28.76792353746077,15.742795993503659,9.49022499976823
26.963808875565032,15.742795993503659,10.521761393243452
26.963808875565032,15.742795993503659,8.875075713002916
26.963808875565032,15.742795993503659,10.107832941470841
26.963808875565032,15.742795993503659,10.039196512953813
27.350612797945487,15.742795993503659,8.665071300457079
26.963808875565032,15.742795993503659,9.862916705816502
26.963808875565032,15.742795993503659,9.890997944099734
26.963808875565032,15.742795993503659,10.684371834226964
26.963808875565032,15.742795993503659,9.153313105509264
26.963808875565032,15.742795993503659,9.921113292301559
26.963808875565032,15.742795993503659,9.700883786933524
26.963808875565032,15.742795993503659,9.750266453753083
26.963808875565032,15.742795993503659,9.919846914928057
26.963808875565032,15.742795993503659,9.459158677859842
26.963808875565032,15.742795993503659,10.12871250092116
26.963808875565032,15.742795993503659,10.043205728877968
26.963808875565032,15.742795993503659,10.129202628016927
26.963808875565032,15.742795993503659,9.460307454560072
26.963808875565032,15.742795993503659,9.139952738892806
26.963808875565032,15.742795993503659,10.15496002862821
0.22424361074677535,16.357470849004066,0.10052426077203372
26.963808875565032,15.742795993503659,9.043587801909485
