17.822401851996798,15.742795993503659,6.542695234255154
26.963808875565032,15.742795993503659,10.375765624099444
48.14777520110157,13.649406107294393,0.10105814906821539
26.963808875565032,15.742795993503659,10.568991316313985
3.6801320841691574,2.0096649087836553,8.557219293990313
17.822401851996798,15.742795993503659,6.464191612017483
26.963808875565032,27.83072077846421,8.961111478399774
26.963808875565032,15.742795993503659,8.908094140397255
28.496541795435054,15.742795993503659,8.268985947367955
17.822401851996798,15.742795993503659,6.693263338265034
26.963808875565032,15.742795993503659,10.1993414739798
26.963808875565032,15.742795993503659,10.375765624099444
26.963808875565032,15.742795993503659,10.568991316313985
28.496541795435054,15.742795993503659,8.268985947367955
26.963808875565032,15.742795993503659,10.1993414739798
48.14777520110157,13.649406107294393,0.10105814906821539
26.963808875565032,27.83072077846421,8.961111478399774
37.40310700997568,15.742795993503659,5.435613628029978
26.963808875565032,15.742795993503659,8.908094140397255
3.6801320841691574,2.0096649087836553,8.557219293990313
17.822401851996798,15.742795993503659,6.693263338265034
26.963808875565032,15.742795993503659,9.909045484874946
17.822401851996798,15.742795993503659,6.464191612017483
17.822401851996798,15.742795993503659,6.542695234255154
26.963808875565032,15.742795993503659,10.568991316313985
17.822401851996798,15.742795993503659,6.464191612017483
28.496541795435054,15.742795993503659,8.268985947367955
26.963808875565032,15.742795993503659,10.1993414739798
26.963808875565032,27.83072077846421,8.961111478399774
37.40310700997568,15.742795993503659,5.435613628029978
26.963808875565032,15.742795993503659,10.375765624099444
26.963808875565032,15.742795993503659,9.909045484874946
3.6801320841691574,2.0096649087836553,8.557219293990313
17.822401851996798,15.742795993503659,6.693263338265034
48.14777520110157,13.649406107294393,0.10105814906821539
17.822401851996798,15.742795993503659,6.542695234255154
26.963808875565032,15.742795993503659,8.908094140397255
17.822401851996798,15.742795993503659,6.763008959895423
26.963808875565032,15.742795993503659,10.375765624099444
26.963808875565032,15.742795993503659,10.304967924444789
26.963808875565032,15.742795993503659,10.568991316313985
3.6801320841691574,2.0096649087836553,8.557219293990313
26.963808875565032,15.742795993503659,8.908094140397255
17.822401851996798,15.742795993503659,6.693263338265034
26.963808875565032,27.83072077846421,8.961111478399774
26.963808875565032,15.742795993503659,9.909045484874946
37.40310700997568,15.742795993503659,5.435613628029978
37.2406625165477,15.742795993503659,5.92224697347708
17.822401851996798,15.742795993503659,6.542695234255154
17.822401851996798,15.742795993503659,6.464191612017483
26.963808875565032,15.742795993503659,10.1993414739798
26.963808875565032,15.742795993503659,10.295323683530315
48.14777520110157,13.649406107294393,0.10105814906821539
26.963808875565032,15.742795993503659,9.909045484874946
17.822401851996798,15.742795993503659,6.693263338265034
26.963808875565032,15.742795993503659,10.295323683530315
37.40310700997568,15.742795993503659,5.435613628029978
37.2406625165477,15.742795993503659,5.92224697347708
26.963808875565032,15.742795993503659,10.680765451836297
17.822401851996798,15.742795993503659,6.763008959895423
26.963808875565032,15.742795993503659,10.1993414739798
26.963808875565032,15.742795993503659,8.908094140397255
17.822401851996798,15.742795993503659,6.542695234255154
26.963808875565032,15.742795993503659,9.16121828408726
17.822401851996798,15.742795993503659,6.464191612017483
48.14777520110157,13.649406107294393,0.10105814906821539
26.963808875565032,27.83072077846421,8.961111478399774
26.963808875565032,15.742795993503659,10.304967924444789
28.496541795435054,15.742795993503659,8.268985947367955
26.963808875565032,15.742795993503659,10.568991316313985
3.6801320841691574,2.0096649087836553,8.557219293990313
26.963808875565032,15.742795993503659,10.680765451836297
37.40310700997568,15.742795993503659,5.435613628029978
48.14777520110157,13.649406107294393,0.10105814906821539
17.822401851996798,15.742795993503659,6.464191612017483
26.963808875565032,35.834667989620414,4.740834107474915
26.963808875565032,15.742795993503659,10.568991316313985
26.963808875565032,15.742795993503659,8.908094140397255
51.2847721648689,15.742795993503659,0.43263597464197745
26.963808875565032,15.742795993503659,9.909045484874946
17.822401851996798,15.742795993503659,6.763008959895423
26.963808875565032,15.742795993503659,9.16121828408726
26.963808875565032,15.742795993503659,10.304967924444789
26.963808875565032,15.742795993503659,10.1993414739798
26.963808875565032,15.742795993503659,10.375765624099444
17.822401851996798,15.742795993503659,6.542695234255154
17.822401851996798,15.742795993503659,6.693263338265034
3.6801320841691574,2.0096649087836553,8.557219293990313
26.963808875565032,15.742795993503659,10.295323683530315
37.2406625165477,15.742795993503659,5.92224697347708
26.963808875565032,27.83072077846421,8.961111478399774
37.2406625165477,15.742795993503659,5.92224697347708
28.496541795435054,15.742795993503659,8.268985947367955
17.822401851996798,15.742795993503659,6.763008959895423
3.6801320841691574,2.0096649087836553,8.557219293990313
26.963808875565032,15.742795993503659,10.680765451836297
26.963808875565032,15.742795993503659,9.966445002361237
26.963808875565032,15.742795993503659,10.295323683530315
26.963808875565032,15.742795993503659,9.16121828408726
26.963808875565032,15.742795993503659,10.375765624099444
37.40310700997568,15.742795993503659,5.435613628029978
26.963808875565032,15.742795993503659,10.304967924444789
26.963808875565032,15.742795993503659,9.732783894785587
26.963808875565032,15.742795993503659,9.268223093106947
26.963808875565032,35.834667989620414,4.740834107474915
26.963808875565032,15.742795993503659,9.637976752594051
17.822401851996798,15.742795993503659,6.542695234255154
26.963808875565032,15.742795993503659,10.1993414739798
51.2847721648689,15.742795993503659,0.43263597464197745
17.822401851996798,15.742795993503659,6.464191612017483
26.963808875565032,15.742795993503659,8.842949429880013
26.963808875565032,27.83072077846421,8.961111478399774
48.14777520110157,13.649406107294393,0.10105814906821539
26.963808875565032,15.742795993503659,8.908094140397255
26.963808875565032,15.742795993503659,9.909045484874946
26.963808875565032,15.742795993503659,8.908094140397255
48.14777520110157,13.649406107294393,0.10105814906821539
26.963808875565032,15.742795993503659,10.1993414739798
17.822401851996798,15.742795993503659,6.763008959895423
26.963808875565032,15.742795993503659,8.842949429880013
37.40310700997568,15.742795993503659,5.435613628029978
26.963808875565032,15.742795993503659,10.680765451836297
26.963808875565032,15.742795993503659,9.16121828408726
26.963808875565032,15.742795993503659,9.637976752594051
17.822401851996798,15.742795993503659,6.464191612017483
26.963808875565032,35.834667989620414,4.740834107474915
26.963808875565032,15.742795993503659,10.568991316313985
26.963808875565032,15.742795993503659,10.304967924444789
26.963808875565032,15.742795993503659,10.375765624099444
3.6801320841691574,2.0096649087836553,8.557219293990313
26.963808875565032,15.742795993503659,9.966445002361237
26.963808875565032,27.83072077846421,8.961111478399774
26.963808875565032,15.742795993503659,9.909045484874946
51.2847721648689,15.742795993503659,0.43263597464197745
37.2406625165477,15.742795993503659,5.92224697347708
17.822401851996798,15.742795993503659,6.542695234255154
26.963808875565032,15.742795993503659,9.732783894785587
26.963808875565032,15.742795993503659,10.295323683530315
17.822401851996798,15.742795993503659,6.693263338265034
28.496541795435054,15.742795993503659,8.268985947367955
26.963808875565032,15.742795993503659,9.268223093106947
26.963808875565032,15.742795993503659,10.295323683530315
48.14777520110157,13.649406107294393,0.10105814906821539
26.963808875565032,15.742795993503659,9.966445002361237
26.963808875565032,15.742795993503659,9.16121828408726
51.2847721648689,15.742795993503659,0.43263597464197745
26.963808875565032,15.742795993503659,9.268223093106947
3.6801320841691574,2.0096649087836553,8.557219293990313
17.822401851996798,15.742795993503659,6.763008959895423
26.963808875565032,15.742795993503659,9.637976752594051
26.963808875565032,27.83072077846421,8.961111478399774
26.963808875565032,15.742795993503659,10.1993414739798
37.2406625165477,15.742795993503659,5.92224697347708
26.963808875565032,35.834667989620414,4.740834107474915
17.822401851996798,15.742795993503659,6.464191612017483
26.963808875565032,15.742795993503659,10.375765624099444
26.963808875565032,15.742795993503659,10.304967924444789
26.963808875565032,15.742795993503659,10.680765451836297
26.963808875565032,15.742795993503659,8.842949429880013
26.963808875565032,15.742795993503659,10.568991316313985
17.822401851996798,15.742795993503659,6.542695234255154
26.963808875565032,15.742795993503659,8.908094140397255
28.496541795435054,15.742795993503659,8.268985947367955
17.822401851996798,15.742795993503659,6.693263338265034
37.40310700997568,15.742795993503659,5.435613628029978
37.2406625165477,15.742795993503659,5.92224697347708
26.963808875565032,15.742795993503659,8.908094140397255
26.963808875565032,15.742795993503659,10.1993414739798
3.6801320841691574,2.0096649087836553,8.557219293990313
24.412290630245966,15.742795993503659,9.108333221900676
28.496541795435054,15.742795993503659,8.268985947367955
26.963808875565032,35.834667989620414,4.740834107474915
26.963808875565032,15.742795993503659,8.842949429880013
26.963808875565032,15.742795993503659,9.909045484874946
48.14777520110157,13.649406107294393,0.10105814906821539
26.963808875565032,15.742795993503659,10.435121171340981
17.822401851996798,15.742795993503659,6.542695234255154
17.822401851996798,17.605863073278336,6.125793128415154
26.963808875565032,15.742795993503659,9.637976752594051
17.822401851996798,15.742795993503659,6.706428817026475
26.963808875565032,15.742795993503659,9.16121828408726
26.963808875565032,15.742795993503659,10.375765624099444
26.963808875565032,15.742795993503659,10.680765451836297
26.963808875565032,27.83072077846421,8.961111478399774
26.963808875565032,15.742795993503659,9.812504095480032
26.963808875565032,15.742795993503659,9.732783894785587
51.2847721648689,15.742795993503659,0.43263597464197745
17.822401851996798,15.742795993503659,6.763008959895423
26.963808875565032,15.742795993503659,10.568991316313985
17.822401851996798,15.742795993503659,6.693263338265034
26.963808875565032,15.742795993503659,9.268223093106947
26.963808875565032,15.742795993503659,10.295323683530315
17.822401851996798,15.742795993503659,6.464191612017483
26.963808875565032,15.742795993503659,10.304967924444789
26.963808875565032,15.742795993503659,9.812504095480032
17.822401851996798,15.742795993503659,6.763008959895423
17.822401851996798,15.742795993503659,6.464191612017483
26.963808875565032,15.742795993503659,9.268223093106947
28.496541795435054,15.742795993503659,8.268985947367955
17.822401851996798,15.742795993503659,6.693263338265034
48.14777520110157,13.649406107294393,0.10105814906821539
26.963808875565032,15.742795993503659,8.842949429880013
26.963808875565032,35.834667989620414,4.740834107474915
26.963808875565032,15.742795993503659,9.966445002361237
26.963808875565032,15.742795993503659,10.1993414739798
17.822401851996798,15.742795993503659,6.706428817026475
3.6801320841691574,2.0096649087836553,8.557219293990313
26.963808875565032,15.742795993503659,9.637976752594051
26.963808875565032,15.742795993503659,10.295323683530315
37.2406625165477,15.742795993503659,5.92224697347708
26.963808875565032,15.742795993503659,10.568991316313985
26.963808875565032,15.742795993503659,8.908094140397255
26.963808875565032,15.742795993503659,9.909045484874946
26.963808875565032,15.742795993503659,10.304967924444789
51.2847721648689,15.742795993503659,0.43263597464197745
26.963808875565032,15.742795993503659,9.735268544511209
26.963808875565032,15.742795993503659,9.16121828408726
26.963808875565032,15.742795993503659,10.680765451836297
24.412290630245966,15.742795993503659,9.108333221900676
17.822401851996798,17.605863073278336,6.125793128415154
26.963808875565032,15.742795993503659,10.375765624099444
37.40310700997568,15.742795993503659,5.435613628029978
26.963808875565032,15.742795993503659,10.435121171340981
26.963808875565032,27.83072077846421,8.961111478399774
17.822401851996798,15.742795993503659,6.542695234255154
26.963808875565032,15.742795993503659,10.686874309959812
26.963808875565032,15.742795993503659,10.320595930379334
17.822401851996798,15.742795993503659,6.542695234255154
26.963808875565032,15.742795993503659,10.435121171340981
26.963808875565032,15.742795993503659,10.299676600709727
4.478412087359479,16.5385266594486,1.7859904367434494
26.963808875565032,15.742795993503659,10.304967924444789
48.14777520110157,13.649406107294393,0.10105814906821539
37.40310700997568,15.742795993503659,5.435613628029978
17.822401851996798,15.742795993503659,6.464191612017483
26.963808875565032,15.742795993503659,9.16121828408726
26.963808875565032,15.742795993503659,9.732783894785587
24.412290630245966,15.742795993503659,9.108333221900676
26.963808875565032,15.742795993503659,8.908094140397255
17.822401851996798,15.742795993503659,6.706428817026475
26.963808875565032,15.742795993503659,9.637976752594051
37.2406625165477,15.742795993503659,5.92224697347708
26.963808875565032,15.742795993503659,10.680765451836297
26.963808875565032,27.83072077846421,8.961111478399774
26.963808875565032,15.742795993503659,9.268223093106947
3.6801320841691574,2.0096649087836553,8.557219293990313
28.496541795435054,15.742795993503659,8.268985947367955
26.963808875565032,15.742795993503659,10.568991316313985
26.963808875565032,8.604631524053804,1.094986504431512
26.963808875565032,15.742795993503659,9.966445002361237
26.963808875565032,15.742795993503659,9.812504095480032
26.963808875565032,15.742795993503659,10.375765624099444
17.822401851996798,15.742795993503659,6.693263338265034
26.963808875565032,15.742795993503659,8.842949429880013
26.963808875565032,35.834667989620414,4.740834107474915
26.963808875565032,15.742795993503659,10.1993414739798
26.963808875565032,15.742795993503659,10.295323683530315
26.963808875565032,15.742795993503659,9.874099366172132
17.822401851996798,17.605863073278336,6.125793128415154
17.822401851996798,15.742795993503659,6.763008959895423
51.2847721648689,15.742795993503659,0.43263597464197745
26.963808875565032,15.742795993503659,10.435121171340981
26.963808875565032,15.742795993503659,8.908094140397255
26.963808875565032,15.742795993503659,10.568991316313985
17.822401851996798,15.742795993503659,6.706428817026475
26.963808875565032,15.742795993503659,9.16121828408726
26.963808875565032,15.742795993503659,10.299676600709727
51.2847721648689,15.742795993503659,0.43263597464197745
17.822401851996798,15.742795993503659,6.464191612017483
26.963808875565032,35.834667989620414,4.740834107474915
26.963808875565032,15.742795993503659,10.295323683530315
26.963808875565032,15.742795993503659,10.011839201120274
26.963808875565032,15.742795993503659,9.874099366172132
26.963808875565032,27.83072077846421,8.961111478399774
28.496541795435054,15.742795993503659,8.268985947367955
37.40310700997568,15.742795993503659,5.435613628029978
26.963808875565032,15.742795993503659,9.637976752594051
17.822401851996798,15.742795993503659,6.693263338265034
3.6801320841691574,2.0096649087836553,8.557219293990313
12.675464216589228,14.7947706046862,5.436420808198431
26.963808875565032,15.742795993503659,9.268223093106947
26.963808875565032,15.742795993503659,10.375765624099444
26.963808875565032,15.742795993503659,8.842949429880013
26.963808875565032,15.742795993503659,10.534221863048124
26.963808875565032,15.742795993503659,10.304967924444789
4.478412087359479,16.5385266594486,1.7859904367434494
26.963808875565032,15.742795993503659,9.835839375394372
17.822401851996798,15.742795993503659,6.763008959895423
48.14777520110157,13.649406107294393,0.10105814906821539
26.963808875565032,15.742795993503659,10.680765451836297
17.822401851996798,17.605863073278336,6.125793128415154
26.963808875565032,15.742795993503659,10.686011358464032
37.2406625165477,15.742795993503659,5.92224697347708
26.963808875565032,15.742795993503659,10.686874309959812
39.59014077398922,5.726107142820481,0.1091517113484215
26.963808875565032,8.604631524053804,1.094986504431512
24.412290630245966,15.742795993503659,9.108333221900676
26.963808875565032,15.742795993503659,10.320595930379334
17.822401851996798,15.742795993503659,6.542695234255154
26.963808875565032,15.742795993503659,9.268223093106947
26.963808875565032,35.834667989620414,4.740834107474915
26.963808875565032,27.83072077846421,8.961111478399774
26.963808875565032,15.742795993503659,10.568991316313985
26.963808875565032,15.742795993503659,10.686874309959812
3.6801320841691574,2.0096649087836553,8.557219293990313
17.822401851996798,17.605863073278336,6.125793128415154
26.963808875565032,15.742795993503659,8.908094140397255
26.963808875565032,15.742795993503659,10.299676600709727
26.963808875565032,15.742795993503659,10.320595930379334
26.963808875565032,15.742795993503659,8.842949429880013
17.822401851996798,15.742795993503659,6.763008959895423
12.675464216589228,14.7947706046862,5.436420808198431
17.822401851996798,15.742795993503659,6.464191612017483
26.963808875565032,15.742795993503659,9.909045484874946
26.963808875565032,15.742795993503659,9.637976752594051
51.2847721648689,15.742795993503659,0.43263597464197745
26.963808875565032,15.742795993503659,10.435121171340981
26.963808875565032,15.742795993503659,10.304967924444789
26.963808875565032,15.742795993503659,10.686011358464032
48.14777520110157,13.649406107294393,0.10105814906821539
26.963808875565032,15.742795993503659,9.812504095480032
26.963808875565032,15.742795993503659,9.16121828408726
26.963808875565032,15.742795993503659,10.011839201120274
26.963808875565032,15.742795993503659,10.1993414739798
4.478412087359479,16.5385266594486,1.7859904367434494
26.963808875565032,15.742795993503659,10.375765624099444
26.963808875565032,15.742795993503659,10.534221863048124
26.963808875565032,15.742795993503659,9.874099366172132
26.963808875565032,15.742795993503659,10.295323683530315
37.2406625165477,15.742795993503659,5.92224697347708
26.963808875565032,15.742795993503659,9.735268544511209
26.963808875565032,15.742795993503659,9.966445002361237
37.40310700997568,15.742795993503659,5.435613628029978
26.963808875565032,15.761889860097103,9.350633074035732
17.822401851996798,15.742795993503659,6.706428817026475
26.963808875565032,15.742795993503659,10.680765451836297
28.496541795435054,15.742795993503659,8.268985947367955
26.963808875565032,8.604631524053804,1.094986504431512
17.822401851996798,15.742795993503659,6.693263338265034
17.822401851996798,15.742795993503659,7.142799373015767
26.963808875565032,35.834667989620414,4.740834107474915
37.2406625165477,15.742795993503659,5.92224697347708
26.963808875565032,15.742795993503659,10.680765451836297
26.963808875565032,15.742795993503659,10.304967924444789
26.963808875565032,15.742795993503659,9.732783894785587
17.822401851996798,15.742795993503659,6.706428817026475
26.963808875565032,15.742795993503659,9.812504095480032
26.963808875565032,15.742795993503659,10.299676600709727
17.822401851996798,15.742795993503659,6.464191612017483
37.40310700997568,15.742795993503659,5.435613628029978
17.822401851996798,15.742795993503659,6.18738035559702
26.963808875565032,15.742795993503659,10.1993414739798
26.963808875565032,15.742795993503659,9.268223093106947
32.46317875838296,15.742795993503659,7.372045472225299
26.963808875565032,15.742795993503659,9.637976752594051
26.963808875565032,15.742795993503659,8.908094140397255
26.963808875565032,15.742795993503659,9.874099366172132
26.963808875565032,15.742795993503659,10.190835328368822
26.963808875565032,15.742795993503659,10.686011358464032
26.963808875565032,15.742795993503659,10.295323683530315
17.822401851996798,15.742795993503659,6.763008959895423
26.963808875565032,15.742795993503659,9.16121828408726
26.963808875565032,15.742795993503659,9.966445002361237
26.963808875565032,15.742795993503659,8.842949429880013
26.963808875565032,15.742795993503659,10.686874309959812
26.963808875565032,15.742795993503659,10.534221863048124
26.963808875565032,15.742795993503659,10.266603216701768
26.963808875565032,15.742795993503659,9.835839375394372
17.822401851996798,15.742795993503659,6.844510884525579
26.963808875565032,15.761889860097103,9.350633074035732
26.963808875565032,15.742795993503659,10.026529839951397
4.478412087359479,16.5385266594486,1.7859904367434494
26.963808875565032,15.742795993503659,10.435121171340981
26.963808875565032,15.742795993503659,9.735268544511209
48.14777520110157,13.649406107294393,0.10105814906821539
26.963808875565032,15.742795993503659,10.375765624099444
12.675464216589228,14.7947706046862,5.436420808198431
17.822401851996798,15.742795993503659,6.693263338265034
26.963808875565032,8.604631524053804,1.094986504431512
26.963808875565032,15.742795993503659,9.909045484874946
24.412290630245966,15.742795993503659,9.108333221900676
26.963808875565032,15.742795993503659,10.320595930379334
26.963808875565032,27.83072077846421,8.961111478399774
51.2847721648689,15.742795993503659,0.43263597464197745
26.963808875565032,15.742795993503659,9.198579596105716
3.6801320841691574,2.0096649087836553,8.557219293990313
17.822401851996798,17.605863073278336,6.125793128415154
28.496541795435054,15.742795993503659,8.268985947367955
48.14777520110157,13.649406107294393,0.10105814906821539
26.963808875565032,15.742795993503659,8.908094140397255
26.963808875565032,35.834667989620414,4.740834107474915
17.822401851996798,15.742795993503659,6.763008959895423
26.963808875565032,15.742795993503659,9.835839375394372
26.963808875565032,15.742795993503659,10.568991316313985
26.963808875565032,15.742795993503659,10.011839201120274
26.963808875565032,15.742795993503659,10.295323683530315
17.822401851996798,15.742795993503659,6.844510884525579
17.822401851996798,15.742795993503659,6.542695234255154
26.963808875565032,15.742795993503659,10.1993414739798
26.963808875565032,15.742795993503659,10.435121171340981
26.963808875565032,15.742795993503659,8.842949429880013
26.963808875565032,22.682412183247635,7.564151506222226
3.6801320841691574,2.0096649087836553,8.557219293990313
26.963808875565032,14.546957541494134,8.493927579764623
37.2406625165477,15.742795993503659,5.92224697347708
26.963808875565032,15.742795993503659,10.266603216701768
26.963808875565032,15.742795993503659,10.375765624099444
26.963808875565032,15.742795993503659,9.637976752594051
17.822401851996798,15.742795993503659,7.142799373015767
26.963808875565032,15.742795993503659,9.909045484874946
26.963808875565032,15.742795993503659,10.534221863048124
26.963808875565032,15.742795993503659,10.447324428844146
26.963808875565032,15.742795993503659,9.16121828408726
32.46317875838296,15.742795993503659,7.372045472225299
17.822401851996798,17.605863073278336,6.125793128415154
26.963808875565032,15.742795993503659,10.320595930379334
17.822401851996798,15.742795993503659,6.706428817026475
26.963808875565032,15.742795993503659,9.464347206065733
26.963808875565032,15.742795993503659,9.874099366172132
26.963808875565032,15.742795993503659,9.268223093106947
17.822401851996798,15.742795993503659,6.693263338265034
28.496541795435054,15.742795993503659,8.268985947367955
26.963808875565032,15.742795993503659,9.732783894785587
0.788314281251651,15.742795993503659,0.2831095225954085
37.40310700997568,15.742795993503659,5.435613628029978
26.963808875565032,15.742795993503659,10.686874309959812
26.963808875565032,8.604631524053804,1.094986504431512
26.963808875565032,27.83072077846421,8.961111478399774
26.963808875565032,15.742795993503659,10.680765451836297
51.2847721648689,15.742795993503659,0.43263597464197745
26.963808875565032,15.742795993503659,9.198579596105716
26.963808875565032,15.742795993503659,9.966445002361237
24.412290630245966,15.742795993503659,9.108333221900676
39.59014077398922,5.726107142820481,0.1091517113484215
26.963808875565032,15.742795993503659,10.026529839951397
26.963808875565032,15.742795993503659,10.299676600709727
26.963808875565032,15.742795993503659,9.735268544511209
26.963808875565032,15.761889860097103,9.350633074035732
26.963808875565032,15.742795993503659,10.304967924444789
26.963808875565032,15.742795993503659,10.686011358464032
26.963808875565032,15.742795993503659,10.190835328368822
17.822401851996798,15.742795993503659,6.18738035559702
4.478412087359479,16.5385266594486,1.7859904367434494
26.963808875565032,14.546957541494134,8.493927579764623
26.963808875565032,15.742795993503659,10.026529839951397
26.963808875565032,15.742795993503659,10.435121171340981
26.963808875565032,15.742795993503659,9.732783894785587
26.963808875565032,22.682412183247635,7.564151506222226
26.963808875565032,15.742795993503659,10.356428538579562
26.963808875565032,15.742795993503659,9.835839375394372
26.963808875565032,15.742795993503659,8.774199326911043
26.963808875565032,15.742795993503659,9.735268544511209
26.963808875565032,15.742795993503659,9.909045484874946
44.77608398556099,15.742795993503659,2.7014828654412693
24.412290630245966,15.742795993503659,9.108333221900676
26.963808875565032,15.742795993503659,9.874099366172132
26.963808875565032,15.742795993503659,10.560228327468739
15.844167196548199,15.742795993503659,5.446924141136993
26.963808875565032,15.761889860097103,9.350633074035732
26.963808875565032,15.742795993503659,9.198579596105716
26.963808875565032,15.742795993503659,8.839848207295189
26.963808875565032,15.742795993503659,10.266603216701768
0.788314281251651,15.742795993503659,0.2831095225954085
17.822401851996798,15.742795993503659,6.844510884525579
17.822401851996798,15.742795993503659,6.18738035559702
17.822401851996798,15.742795993503659,6.693263338265034
17.822401851996798,17.605863073278336,6.125793128415154
26.963808875565032,15.742795993503659,10.295323683530315
17.822401851996798,15.742795993503659,6.542695234255154
26.963808875565032,15.742795993503659,9.464347206065733
26.963808875565032,15.742795993503659,9.812504095480032
51.2847721648689,15.742795993503659,0.43263597464197745
26.963808875565032,35.834667989620414,4.740834107474915
26.963808875565032,15.742795993503659,10.011839201120274
26.963808875565032,15.742795993503659,10.1993414739798
26.963808875565032,15.742795993503659,9.637976752594051
3.6801320841691574,2.0096649087836553,8.557219293990313
37.2406625165477,15.742795993503659,5.92224697347708
26.963808875565032,15.742795993503659,10.299676600709727
17.822401851996798,15.742795993503659,7.08021886320137
26.963808875565032,15.742795993503659,10.680765451836297
26.963808875565032,15.742795993503659,8.908094140397255
28.496541795435054,15.742795993503659,8.268985947367955
26.963808875565032,15.742795993503659,9.966445002361237
26.963808875565032,15.742795993503659,8.842949429880013
17.822401851996798,15.742795993503659,6.706428817026475
26.963808875565032,15.742795993503659,10.686011358464032
26.963808875565032,15.742795993503659,10.568991316313985
48.14777520110157,13.649406107294393,0.10105814906821539
37.40310700997568,15.742795993503659,5.435613628029978
17.822401851996798,15.742795993503659,7.142799373015767
26.963808875565032,15.742795993503659,10.320595930379334
26.963808875565032,15.742795993503659,10.304967924444789
26.963808875565032,23.334183063015644,6.3583170403347085
12.675464216589228,14.7947706046862,5.436420808198431
26.963808875565032,15.742795993503659,10.534221863048124
17.822401851996798,15.742795993503659,6.464191612017483
17.822401851996798,15.742795993503659,6.763008959895423
39.59014077398922,5.726107142820481,0.1091517113484215
26.963808875565032,15.742795993503659,10.375765624099444
4.478412087359479,16.5385266594486,1.7859904367434494
6.897309293535841,15.742795993503659,2.547054261486175
26.963808875565032,15.742795993503659,9.268223093106947
26.963808875565032,15.742795993503659,10.686874309959812
26.963808875565032,6.344296974478789,0.10336266308629083
26.963808875565032,15.742795993503659,10.192089884433912
26.963808875565032,15.742795993503659,10.190835328368822
