26.963808875565032,15.742795993503659,9.455766608424156
26.963808875565032,15.742795993503659,9.877986734331623
26.963808875565032,15.742795993503659,10.317740842595466
26.963808875565032,15.742795993503659,9.558138821186402
26.963808875565032,12.289974284177111,7.267739290160533
26.963808875565032,8.340772615198514,0.5660914245553154
25.743022662385748,15.742795993503659,9.706374429019299
26.963808875565032,15.742795993503659,9.877986734331623
26.963808875565032,12.289974284177111,7.267739290160533
25.743022662385748,15.742795993503659,9.706374429019299
26.963808875565032,15.742795993503659,9.455766608424156
26.963808875565032,15.742795993503659,9.010857638559285
26.963808875565032,15.742795993503659,9.558138821186402
26.963808875565032,8.340772615198514,0.5660914245553154
26.963808875565032,15.742795993503659,10.317740842595466
26.963808875565032,15.742795993503659,9.877986734331623
26.963808875565032,15.742795993503659,10.317740842595466
26.963808875565032,12.289974284177111,7.267739290160533
25.743022662385748,15.742795993503659,9.706374429019299
26.963808875565032,15.742795993503659,9.010857638559285
26.963808875565032,8.340772615198514,0.5660914245553154
26.963808875565032,15.742795993503659,9.455766608424156
26.963808875565032,15.742795993503659,9.558138821186402
26.963808875565032,15.742795993503659,8.879069751131784
26.963808875565032,15.742795993503659,9.877986734331623
26.963808875565032,15.742795993503659,9.558138821186402
26.963808875565032,8.340772615198514,0.5660914245553154
26.963808875565032,15.742795993503659,9.010857638559285
26.963808875565032,15.742795993503659,10.317740842595466
25.743022662385748,15.742795993503659,9.706374429019299
26.963808875565032,15.742795993503659,9.455766608424156
26.963808875565032,8.340772615198514,0.5660914245553154
26.963808875565032,15.742795993503659,9.010857638559285
25.743022662385748,15.742795993503659,9.706374429019299
26.963808875565032,15.742795993503659,9.558138821186402
26.963808875565032,15.742795993503659,9.271873255822994
26.963808875565032,15.742795993503659,10.317740842595466
26.963808875565032,15.742795993503659,9.455766608424156
26.963808875565032,15.742795993503659,8.879069751131784
26.963808875565032,12.289974284177111,7.267739290160533
26.963808875565032,15.742795993503659,9.877986734331623
26.963808875565032,15.742795993503659,9.010857638559285
26.963808875565032,15.742795993503659,9.455766608424156
26.963808875565032,15.742795993503659,10.317740842595466
26.963808875565032,15.742795993503659,9.877986734331623
26.963808875565032,15.742795993503659,9.558138821186402
26.963808875565032,15.742795993503659,9.43198908639593
26.963808875565032,15.742795993503659,9.271873255822994
26.963808875565032,15.742795993503659,8.879069751131784
25.743022662385748,15.742795993503659,9.706374429019299
26.963808875565032,8.340772615198514,0.5660914245553154
26.963808875565032,12.289974284177111,7.267739290160533
26.963808875565032,15.742795993503659,9.251057994390209
26.963808875565032,15.742795993503659,9.271873255822994
26.963808875565032,15.742795993503659,9.010857638559285
26.963808875565032,15.742795993503659,8.879069751131784
26.963808875565032,15.742795993503659,10.074861234584109
26.963808875565032,15.742795993503659,10.64165021192294
26.963808875565032,15.742795993503659,10.443980044129741
25.743022662385748,15.742795993503659,9.706374429019299
26.963808875565032,15.742795993503659,9.43198908639593
26.963808875565032,15.742795993503659,10.317740842595466
26.963808875565032,15.742795993503659,9.455766608424156
26.963808875565032,15.742795993503659,9.558138821186402
26.963808875565032,15.742795993503659,9.558138821186402
26.963808875565032,15.742795993503659,9.455766608424156
25.743022662385748,15.742795993503659,9.706374429019299
26.963808875565032,15.742795993503659,9.010857638559285
26.963808875565032,15.742795993503659,9.271873255822994
26.963808875565032,15.742795993503659,10.443980044129741
26.963808875565032,15.742795993503659,10.317740842595466
26.963808875565032,15.742795993503659,9.877986734331623
26.963808875565032,15.742795993503659,8.879069751131784
26.963808875565032,15.742795993503659,9.251057994390209
26.963808875565032,15.742795993503659,9.43198908639593
26.963808875565032,15.742795993503659,10.074861234584109
26.963808875565032,8.340772615198514,0.5660914245553154
26.963808875565032,12.289974284177111,7.267739290160533
26.963808875565032,15.742795993503659,10.64165021192294
26.963808875565032,15.742795993503659,9.455766608424156
26.963808875565032,15.742795993503659,9.251057994390209
26.963808875565032,15.742795993503659,9.271873255822994
26.963808875565032,15.742795993503659,9.43198908639593
26.963808875565032,15.742795993503659,10.64165021192294
26.963808875565032,15.742795993503659,10.443980044129741
25.743022662385748,15.742795993503659,9.706374429019299
26.963808875565032,15.742795993503659,10.317740842595466
26.963808875565032,15.742795993503659,8.879069751131784
26.963808875565032,15.742795993503659,9.877986734331623
26.963808875565032,15.742795993503659,9.558138821186402
26.963808875565032,12.289974284177111,7.267739290160533
26.963808875565032,8.340772615198514,0.5660914245553154
26.963808875565032,15.742795993503659,9.010857638559285
26.963808875565032,15.742795993503659,9.558138821186402
25.743022662385748,15.742795993503659,9.706374429019299
26.963808875565032,9.315983592551747,2.7451966425612047
26.963808875565032,12.289974284177111,7.267739290160533
26.963808875565032,15.742795993503659,9.455766608424156
26.963808875565032,15.742795993503659,10.443980044129741
26.963808875565032,15.742795993503659,9.271873255822994
26.963808875565032,15.742795993503659,10.600813185470283
26.963808875565032,15.742795993503659,10.074861234584109
26.963808875565032,15.742795993503659,9.43198908639593
26.963808875565032,15.742795993503659,9.877986734331623
26.963808875565032,8.340772615198514,0.5660914245553154
26.963808875565032,15.742795993503659,10.64165021192294
26.963808875565032,15.742795993503659,10.317740842595466
26.963808875565032,15.742795993503659,8.879069751131784
26.963808875565032,15.742795993503659,10.600813185470283
26.963808875565032,15.742795993503659,10.317740842595466
26.963808875565032,15.742795993503659,10.64165021192294
26.963808875565032,12.289974284177111,7.267739290160533
26.963808875565032,8.340772615198514,0.5660914245553154
26.963808875565032,15.742795993503659,9.455766608424156
26.963808875565032,15.742795993503659,9.251057994390209
25.743022662385748,15.742795993503659,9.706374429019299
26.963808875565032,15.742795993503659,10.443980044129741
26.963808875565032,15.742795993503659,9.877986734331623
26.963808875565032,15.742795993503659,9.558138821186402
26.963808875565032,15.742795993503659,8.879069751131784
26.963808875565032,15.742795993503659,9.43198908639593
26.963808875565032,15.742795993503659,9.556112972020887
26.963808875565032,15.742795993503659,9.271873255822994
26.963808875565032,9.315983592551747,2.7451966425612047
26.963808875565032,15.742795993503659,9.010857638559285
19.225808692568265,15.742795993503659,7.39024845558844
26.963808875565032,15.742795993503659,8.879069751131784
26.963808875565032,15.742795993503659,9.455766608424156
26.963808875565032,15.742795993503659,9.010857638559285
26.963808875565032,15.742795993503659,10.317740842595466
26.963808875565032,15.742795993503659,9.271873255822994
26.963808875565032,15.742795993503659,10.074861234584109
26.963808875565032,9.315983592551747,2.7451966425612047
26.963808875565032,15.742795993503659,9.558138821186402
26.963808875565032,15.742795993503659,10.443980044129741
26.963808875565032,15.742795993503659,10.64165021192294
26.963808875565032,12.289974284177111,7.267739290160533
26.963808875565032,15.742795993503659,9.877986734331623
26.963808875565032,15.742795993503659,9.251057994390209
26.963808875565032,15.742795993503659,10.600813185470283
26.963808875565032,8.340772615198514,0.5660914245553154
25.743022662385748,15.742795993503659,9.706374429019299
26.963808875565032,15.742795993503659,10.565715810792698
26.963808875565032,15.742795993503659,9.43198908639593
26.963808875565032,15.742795993503659,9.558138821186402
26.963808875565032,15.742795993503659,9.877986734331623
26.963808875565032,15.742795993503659,9.271873255822994
19.225808692568265,15.742795993503659,7.39024845558844
26.963808875565032,15.742795993503659,9.43198908639593
26.963808875565032,15.742795993503659,10.317740842595466
26.963808875565032,15.742795993503659,10.565715810792698
26.963808875565032,12.289974284177111,7.267739290160533
26.963808875565032,15.742795993503659,9.010857638559285
26.963808875565032,15.742795993503659,10.443980044129741
26.963808875565032,8.340772615198514,0.5660914245553154
26.963808875565032,15.742795993503659,10.64165021192294
26.963808875565032,15.742795993503659,8.879069751131784
26.963808875565032,15.742795993503659,9.455766608424156
26.963808875565032,15.742795993503659,8.875811188994517
26.963808875565032,9.315983592551747,2.7451966425612047
26.963808875565032,15.742795993503659,10.64165021192294
26.963808875565032,15.742795993503659,9.877986734331623
26.963808875565032,15.742795993503659,9.558138821186402
19.225808692568265,15.742795993503659,7.39024845558844
26.963808875565032,15.742795993503659,10.317740842595466
26.963808875565032,15.742795993503659,10.443980044129741
26.963808875565032,15.742795993503659,9.43198908639593
26.963808875565032,15.742795993503659,8.879069751131784
26.963808875565032,15.742795993503659,8.875811188994517
26.963808875565032,15.742795993503659,9.455766608424156
26.963808875565032,15.742795993503659,10.600813185470283
26.963808875565032,15.742795993503659,9.271873255822994
25.743022662385748,15.742795993503659,9.706374429019299
26.963808875565032,15.742795993503659,10.565715810792698
26.963808875565032,15.742795993503659,9.556112972020887
26.963808875565032,15.742795993503659,9.251057994390209
26.963808875565032,15.742795993503659,9.010857638559285
26.963808875565032,12.289974284177111,7.267739290160533
26.963808875565032,8.340772615198514,0.5660914245553154
26.963808875565032,15.742795993503659,10.669742353209367
26.963808875565032,15.742795993503659,8.879069751131784
26.963808875565032,15.742795993503659,10.074861234584109
26.963808875565032,15.742795993503659,10.600813185470283
19.225808692568265,15.742795993503659,7.39024845558844
26.963808875565032,15.742795993503659,10.317740842595466
26.963808875565032,15.742795993503659,9.010857638559285
26.963808875565032,15.742795993503659,9.186147990703637
25.743022662385748,15.742795993503659,9.706374429019299
26.963808875565032,15.742795993503659,10.64165021192294
19.225808692568265,15.742795993503659,7.042595888650688
26.963808875565032,15.742795993503659,10.443980044129741
26.963808875565032,15.742795993503659,9.558138821186402
26.963808875565032,15.742795993503659,10.565715810792698
26.963808875565032,15.742795993503659,8.875811188994517
26.963808875565032,15.742795993503659,9.271873255822994
26.963808875565032,15.742795993503659,9.251057994390209
26.963808875565032,15.742795993503659,9.77943503240993
26.963808875565032,15.742795993503659,10.099402170236278
26.963808875565032,15.742795993503659,9.556112972020887
26.963808875565032,15.742795993503659,9.455766608424156
26.963808875565032,8.340772615198514,0.5660914245553154
26.963808875565032,9.315983592551747,2.7451966425612047
26.963808875565032,15.742795993503659,9.43198908639593
26.963808875565032,12.289974284177111,7.267739290160533
26.963808875565032,15.742795993503659,9.455766608424156
26.963808875565032,15.742795993503659,9.558138821186402
26.963808875565032,15.742795993503659,9.877986734331623
26.963808875565032,15.742795993503659,9.77943503240993
25.743022662385748,15.742795993503659,9.706374429019299
26.963808875565032,15.742795993503659,10.443980044129741
26.963808875565032,15.742795993503659,10.669742353209367
26.963808875565032,15.742795993503659,9.271873255822994
19.225808692568265,15.742795993503659,7.042595888650688
26.963808875565032,15.742795993503659,10.565715810792698
26.963808875565032,15.742795993503659,10.64165021192294
26.963808875565032,8.340772615198514,0.5660914245553154
26.963808875565032,12.289974284177111,7.267739290160533
26.963808875565032,15.742795993503659,10.074861234584109
26.963808875565032,15.742795993503659,9.010857638559285
26.963808875565032,15.742795993503659,9.43198908639593
26.963808875565032,15.742795993503659,9.251057994390209
26.963808875565032,9.315983592551747,2.7451966425612047
26.963808875565032,15.742795993503659,10.099402170236278
19.225808692568265,15.742795993503659,7.39024845558844
26.963808875565032,15.742795993503659,9.556112972020887
26.963808875565032,15.742795993503659,8.879069751131784
26.963808875565032,15.742795993503659,8.875811188994517
26.963808875565032,15.742795993503659,9.186147990703637
26.963808875565032,15.742795993503659,10.099402170236278
26.963808875565032,15.742795993503659,10.074861234584109
26.963808875565032,15.742795993503659,8.866929126265592
26.963808875565032,15.742795993503659,9.556112972020887
19.225808692568265,15.742795993503659,7.348863592643412
26.963808875565032,9.315983592551747,2.7451966425612047
26.963808875565032,15.742795993503659,10.565715810792698
26.963808875565032,15.742795993503659,9.77943503240993
26.963808875565032,15.742795993503659,9.186147990703637
26.963808875565032,8.340772615198514,0.5660914245553154
26.963808875565032,15.742795993503659,10.600813185470283
26.963808875565032,15.742795993503659,9.43198908639593
25.743022662385748,15.742795993503659,9.706374429019299
26.963808875565032,15.742795993503659,10.443980044129741
19.225808692568265,15.742795993503659,7.39024845558844
26.963808875565032,15.742795993503659,9.558138821186402
26.963808875565032,12.289974284177111,7.267739290160533
26.963808875565032,15.742795993503659,9.251057994390209
26.963808875565032,15.742795993503659,8.875811188994517
26.963808875565032,15.742795993503659,9.877986734331623
26.963808875565032,15.742795993503659,9.455766608424156
26.963808875565032,15.742795993503659,9.010857638559285
26.963808875565032,15.742795993503659,10.669742353209367
26.963808875565032,15.742795993503659,8.879069751131784
26.963808875565032,15.742795993503659,9.84835859812273
26.963808875565032,15.742795993503659,10.317740842595466
26.963808875565032,15.742795993503659,10.64165021192294
26.963808875565032,15.742795993503659,10.4494529052256
36.432029838766255,26.375898507206507,8.68604045641275
25.743022662385748,15.742795993503659,9.706374429019299
26.963808875565032,15.742795993503659,10.64165021192294
26.963808875565032,15.742795993503659,9.251057994390209
26.963808875565032,8.340772615198514,0.5660914245553154
26.963808875565032,9.315983592551747,2.7451966425612047
26.963808875565032,15.742795993503659,10.317740842595466
26.963808875565032,15.742795993503659,10.669742353209367
26.963808875565032,15.742795993503659,9.558138821186402
26.963808875565032,15.742795993503659,10.4494529052256
26.963808875565032,15.742795993503659,9.556112972020887
26.963808875565032,15.742795993503659,10.074861234584109
26.963808875565032,15.742795993503659,10.608391127871622
26.963808875565032,15.742795993503659,9.271873255822994
26.963808875565032,15.742795993503659,9.84835859812273
36.432029838766255,26.375898507206507,8.68604045641275
26.963808875565032,15.742795993503659,10.443980044129741
26.963808875565032,15.742795993503659,9.877986734331623
26.963808875565032,15.742795993503659,8.875811188994517
26.963808875565032,15.742795993503659,8.879069751131784
19.225808692568265,15.742795993503659,7.348863592643412
26.963808875565032,15.742795993503659,10.099402170236278
26.963808875565032,15.742795993503659,9.983614358793568
19.225808692568265,15.742795993503659,7.042595888650688
26.963808875565032,15.742795993503659,8.866929126265592
26.963808875565032,15.742795993503659,10.600813185470283
26.963808875565032,15.742795993503659,9.010857638559285
26.963808875565032,15.742795993503659,10.565715810792698
26.963808875565032,12.289974284177111,7.267739290160533
26.963808875565032,15.742795993503659,9.455766608424156
26.963808875565032,15.742795993503659,10.443980044129741
26.963808875565032,15.742795993503659,10.600813185470283
26.963808875565032,9.315983592551747,2.7451966425612047
26.963808875565032,15.742795993503659,9.455766608424156
26.963808875565032,8.340772615198514,0.5660914245553154
26.963808875565032,15.742795993503659,9.558138821186402
26.963808875565032,15.742795993503659,10.608391127871622
26.963808875565032,15.742795993503659,9.556112972020887
26.963808875565032,29.232682077143178,6.028402147701961
19.225808692568265,15.742795993503659,7.39024845558844
26.963808875565032,15.742795993503659,10.099402170236278
26.963808875565032,15.742795993503659,8.875811188994517
26.963808875565032,15.742795993503659,9.877986734331623
26.963808875565032,15.742795993503659,10.074861234584109
26.963808875565032,15.742795993503659,9.931761582063544
26.963808875565032,15.742795993503659,9.251057994390209
26.963808875565032,15.742795993503659,10.317740842595466
26.963808875565032,15.742795993503659,8.879069751131784
26.963808875565032,15.742795993503659,10.669742353209367
26.963808875565032,15.742795993503659,9.43198908639593
26.963808875565032,15.742795993503659,9.010857638559285
26.963808875565032,15.742795993503659,9.186147990703637
19.225808692568265,15.742795993503659,7.348863592643412
26.963808875565032,15.742795993503659,9.84835859812273
26.963808875565032,30.76708431161841,5.199915571164543
19.225808692568265,15.742795993503659,7.042595888650688
26.963808875565032,15.742795993503659,9.918856903141117
26.963808875565032,15.742795993503659,10.4494529052256
25.743022662385748,15.742795993503659,9.706374429019299
26.963808875565032,12.289974284177111,7.267739290160533
26.963808875565032,15.742795993503659,8.866929126265592
36.432029838766255,26.375898507206507,8.68604045641275
26.963808875565032,15.742795993503659,9.271873255822994
26.963808875565032,15.742795993503659,10.608391127871622
26.963808875565032,8.340772615198514,0.5660914245553154
26.963808875565032,15.742795993503659,9.556112972020887
26.963808875565032,15.742795993503659,10.64165021192294
26.963808875565032,30.76708431161841,5.199915571164543
26.963808875565032,15.742795993503659,9.931761582063544
26.963808875565032,15.742795993503659,9.186147990703637
26.963808875565032,15.742795993503659,10.565715810792698
26.963808875565032,15.742795993503659,8.866929126265592
28.026315057055488,73.63274721018593,2.301392397373965
26.963808875565032,15.742795993503659,9.455766608424156
19.225808692568265,15.742795993503659,7.39024845558844
25.743022662385748,15.742795993503659,9.706374429019299
26.963808875565032,15.742795993503659,9.271873255822994
26.963808875565032,15.742795993503659,9.983614358793568
26.963808875565032,15.742795993503659,9.877986734331623
26.963808875565032,15.742795993503659,10.581199851536827
26.963808875565032,9.315983592551747,2.7451966425612047
26.963808875565032,15.742795993503659,9.558138821186402
26.963808875565032,15.742795993503659,9.251057994390209
26.963808875565032,12.289974284177111,7.267739290160533
26.963808875565032,15.742795993503659,9.84835859812273
26.963808875565032,15.742795993503659,10.443980044129741
26.963808875565032,15.742795993503659,10.4494529052256
36.432029838766255,26.375898507206507,8.68604045641275
26.963808875565032,15.742795993503659,10.317740842595466
26.963808875565032,15.742795993503659,9.620091869069514
26.963808875565032,15.742795993503659,9.77943503240993
26.963808875565032,15.742795993503659,8.875811188994517
26.963808875565032,29.232682077143178,6.028402147701961
26.963808875565032,15.742795993503659,10.600813185470283
26.963808875565032,15.742795993503659,9.918856903141117
26.963808875565032,5.960432746271218,0.09266441515165438
19.225808692568265,15.742795993503659,7.042595888650688
26.963808875565032,15.742795993503659,9.010857638559285
26.963808875565032,15.742795993503659,8.879069751131784
26.963808875565032,15.742795993503659,10.099402170236278
19.225808692568265,15.742795993503659,7.348863592643412
26.963808875565032,15.742795993503659,10.669742353209367
26.963808875565032,15.742795993503659,9.43198908639593
26.963808875565032,15.742795993503659,10.371282572119053
26.963808875565032,15.742795993503659,10.317740842595466
26.963808875565032,15.742795993503659,9.760420417801496
26.963808875565032,15.742795993503659,9.251057994390209
26.963808875565032,15.742795993503659,9.384559038968037
26.963808875565032,9.315983592551747,2.7451966425612047
26.963808875565032,15.742795993503659,9.983614358793568
26.963808875565032,15.742795993503659,9.84835859812273
26.963808875565032,15.742795993503659,9.558138821186402
26.963808875565032,15.742795993503659,8.875811188994517
25.743022662385748,15.742795993503659,9.706374429019299
26.963808875565032,29.232682077143178,6.028402147701961
26.963808875565032,15.742795993503659,9.455766608424156
26.963808875565032,15.742795993503659,9.877986734331623
26.963808875565032,15.742795993503659,10.118226422333915
12.012039237268532,15.742795993503659,4.328859730456835
28.026315057055488,73.63274721018593,2.301392397373965
26.963808875565032,8.340772615198514,0.5660914245553154
26.963808875565032,15.742795993503659,9.43198908639593
26.963808875565032,15.742795993503659,9.620091869069514
26.963808875565032,15.742795993503659,10.01715986968072
26.963808875565032,15.742795993503659,8.866929126265592
26.963808875565032,15.742795993503659,9.271873255822994
26.963808875565032,30.76708431161841,5.199915571164543
26.963808875565032,15.742795993503659,10.669742353209367
26.963808875565032,15.742795993503659,10.20430209201427
26.963808875565032,15.742795993503659,10.099402170236278
26.963808875565032,15.742795993503659,9.918856903141117
26.963808875565032,15.742795993503659,9.556112972020887
26.963808875565032,15.742795993503659,9.931761582063544
19.225808692568265,15.742795993503659,7.39024845558844
36.432029838766255,26.375898507206507,8.68604045641275
26.963808875565032,15.742795993503659,9.186147990703637
26.963808875565032,15.742795993503659,9.77943503240993
26.963808875565032,12.289974284177111,7.267739290160533
26.963808875565032,15.742795993503659,10.600813185470283
26.963808875565032,15.742795993503659,10.074861234584109
26.963808875565032,15.742795993503659,10.565715810792698
26.963808875565032,15.742795993503659,8.879069751131784
26.963808875565032,5.960432746271218,0.09266441515165438
26.963808875565032,15.742795993503659,10.581199851536827
26.963808875565032,15.742795993503659,10.4494529052256
26.963808875565032,15.742795993503659,9.620091869069514
26.963808875565032,15.742795993503659,10.227827362434063
26.963808875565032,15.742795993503659,10.371282572119053
26.963808875565032,15.742795993503659,10.4494529052256
26.963808875565032,15.742795993503659,8.866929126265592
26.963808875565032,9.315983592551747,2.7451966425612047
25.743022662385748,15.742795993503659,9.706374429019299
26.963808875565032,29.232682077143178,6.028402147701961
26.963808875565032,8.340772615198514,0.5660914245553154
26.963808875565032,15.742795993503659,9.010857638559285
26.963808875565032,15.742795993503659,9.760420417801496
26.963808875565032,15.742795993503659,10.317740842595466
26.963808875565032,15.742795993503659,10.669742353209367
12.012039237268532,15.742795993503659,4.328859730456835
26.963808875565032,15.742795993503659,10.443980044129741
26.963808875565032,15.742795993503659,9.525907042965974
26.963808875565032,15.742795993503659,10.190006394982424
26.963808875565032,15.742795993503659,10.581199851536827
26.963808875565032,15.742795993503659,10.099402170236278
26.963808875565032,15.742795993503659,9.251057994390209
26.963808875565032,15.742795993503659,9.877986734331623
26.963808875565032,5.960432746271218,0.09266441515165438
26.963808875565032,15.742795993503659,10.600813185470283
26.963808875565032,15.742795993503659,10.074861234584109
26.963808875565032,15.742795993503659,8.879069751131784
26.963808875565032,15.742795993503659,9.43198908639593
19.225808692568265,15.742795993503659,7.39024845558844
28.026315057055488,73.63274721018593,2.301392397373965
26.963808875565032,15.742795993503659,9.186147990703637
26.963808875565032,15.742795993503659,9.983614358793568
26.963808875565032,30.76708431161841,5.199915571164543
26.963808875565032,15.742795993503659,8.875811188994517
26.963808875565032,15.742795993503659,9.77943503240993
26.963808875565032,15.742795993503659,9.558138821186402
26.963808875565032,15.742795993503659,10.565715810792698
26.963808875565032,15.742795993503659,10.20430209201427
26.963808875565032,15.742795993503659,9.384559038968037
36.432029838766255,26.375898507206507,8.68604045641275
19.225808692568265,15.742795993503659,7.348863592643412
26.963808875565032,15.742795993503659,9.931761582063544
26.963808875565032,6.618532796829189,0.10677041988392227
26.963808875565032,15.742795993503659,9.84835859812273
26.963808875565032,15.742795993503659,9.0515104253526
30.257753893261064,37.1518847808151,4.944068711859944
26.963808875565032,15.742795993503659,9.556112972020887
26.963808875565032,15.742795993503659,10.64165021192294
26.963808875565032,15.742795993503659,9.455766608424156
26.963808875565032,15.742795993503659,9.436529976221227
26.963808875565032,15.742795993503659,10.118226422333915
26.963808875565032,12.289974284177111,7.267739290160533
26.963808875565032,5.960432746271218,0.09266441515165438
26.963808875565032,8.340772615198514,0.5660914245553154
26.963808875565032,15.742795993503659,10.074861234584109
26.963808875565032,15.742795993503659,8.879069751131784
19.225808692568265,15.742795993503659,7.348863592643412
30.257753893261064,37.1518847808151,4.944068711859944
26.963808875565032,15.742795993503659,10.118226422333915
26.963808875565032,29.232682077143178,6.028402147701961
26.963808875565032,15.742795993503659,9.805844125473607
26.963808875565032,15.742795993503659,10.443980044129741
26.963808875565032,15.742795993503659,9.105988765349904
12.012039237268532,15.742795993503659,4.328859730456835
28.026315057055488,73.63274721018593,2.301392397373965
26.963808875565032,15.742795993503659,8.936183919444366
26.963808875565032,15.742795993503659,10.317740842595466
26.963808875565032,15.742795993503659,8.875811188994517
26.963808875565032,6.618532796829189,0.10677041988392227
26.963808875565032,15.742795993503659,10.227827362434063
26.963808875565032,30.76708431161841,5.199915571164543
19.225808692568265,15.742795993503659,7.042595888650688
26.963808875565032,15.742795993503659,8.866929126265592
26.963808875565032,15.742795993503659,8.939746939087122
26.963808875565032,15.742795993503659,9.558138821186402
26.963808875565032,15.742795993503659,10.608391127871622
26.963808875565032,15.742795993503659,9.931761582063544
26.963808875565032,15.742795993503659,9.760420417801496
26.963808875565032,15.742795993503659,9.77943503240993
26.963808875565032,15.742795993503659,9.918856903141117
19.225808692568265,39.516952083302236,2.697545177664716
26.963808875565032,15.742795993503659,9.525907042965974
26.963808875565032,15.742795993503659,10.01715986968072
26.963808875565032,15.742795993503659,9.556112972020887
26.963808875565032,15.742795993503659,10.20430209201427
26.963808875565032,15.742795993503659,10.565715810792698
25.743022662385748,15.742795993503659,9.706374429019299
26.963808875565032,15.742795993503659,9.983614358793568
26.963808875565032,15.742795993503659,9.455766608424156
26.963808875565032,15.742795993503659,9.251057994390209
26.963808875565032,15.742795993503659,10.190006394982424
26.963808875565032,15.742795993503659,10.600813185470283
26.963808875565032,15.742795993503659,9.436529976221227
26.963808875565032,15.742795993503659,10.009126296519785
26.963808875565032,15.742795993503659,9.620091869069514
26.963808875565032,15.742795993503659,9.877986734331623
26.963808875565032,15.742795993503659,9.271873255822994
26.963808875565032,15.742795993503659,10.64165021192294
26.963808875565032,15.742795993503659,9.43198908639593
26.963808875565032,15.742795993503659,10.669742353209367
19.225808692568265,15.742795993503659,7.39024845558844
26.963808875565032,15.742795993503659,9.0515104253526
26.963808875565032,15.742795993503659,10.371282572119053
26.963808875565032,15.742795993503659,9.384559038968037
26.963808875565032,15.742795993503659,10.099402170236278
26.963808875565032,15.742795993503659,9.010857638559285
26.963808875565032,15.742795993503659,9.186147990703637
26.963808875565032,15.742795993503659,10.600813185470283
26.963808875565032,15.742795993503659,9.556112972020887
26.963808875565032,9.315983592551747,2.7451966425612047
26.963808875565032,15.742795993503659,9.511349244811546
26.963808875565032,8.340772615198514,0.5660914245553154
26.963808875565032,15.742795993503659,9.612298986037892
26.963808875565032,30.351011458296185,5.033422704776941
26.963808875565032,15.742795993503659,10.227827362434063
26.963808875565032,15.742795993503659,8.875811188994517
30.257753893261064,37.1518847808151,4.944068711859944
26.963808875565032,15.742795993503659,9.84835859812273
26.963808875565032,15.742795993503659,10.468574060794454
26.963808875565032,15.742795993503659,10.608391127871622
26.963808875565032,30.76708431161841,5.199915571164543
26.963808875565032,15.742795993503659,10.01715986968072
36.40380351472474,15.742795993503659,6.1281805329340875
26.963808875565032,15.742795993503659,8.866929126265592
26.963808875565032,15.742795993503659,9.0515104253526
26.963808875565032,5.960432746271218,0.09266441515165438
26.963808875565032,15.742795993503659,10.443980044129741
26.963808875565032,15.742795993503659,10.4494529052256
26.963808875565032,15.742795993503659,9.525907042965974
26.963808875565032,15.742795993503659,10.64165021192294
26.963808875565032,15.742795993503659,9.010857638559285
26.963808875565032,15.742795993503659,9.43198908639593
26.963808875565032,12.289974284177111,7.267739290160533
26.963808875565032,15.742795993503659,9.931761582063544
19.225808692568265,15.742795993503659,7.39024845558844
26.963808875565032,15.742795993503659,10.565715810792698
51.89142977224593,15.742795993503659,0.2380952410534158
26.963808875565032,15.742795993503659,8.939746939087122
26.963808875565032,15.742795993503659,8.879069751131784
28.026315057055488,73.63274721018593,2.301392397373965
26.963808875565032,15.742795993503659,9.877986734331623
26.963808875565032,2.9771371233913655,0.10413274015450463
26.963808875565032,15.742795993503659,10.371282572119053
26.963808875565032,15.742795993503659,9.214201540778312
26.963808875565032,15.742795993503659,10.074861234584109
26.963808875565032,15.742795993503659,9.983614358793568
26.963808875565032,15.742795993503659,9.77943503240993
26.963808875565032,15.742795993503659,8.936183919444366
26.963808875565032,15.742795993503659,9.105988765349904
26.963808875565032,15.742795993503659,9.271873255822994
26.963808875565032,15.742795993503659,9.455766608424156
26.963808875565032,15.742795993503659,10.669742353209367
26.963808875565032,15.742795993503659,10.190006394982424
26.963808875565032,15.742795993503659,9.436529976221227
26.963808875565032,15.742795993503659,10.009126296519785
19.225808692568265,15.742795993503659,7.348863592643412
36.432029838766255,26.375898507206507,8.68604045641275
26.963808875565032,15.742795993503659,10.118226422333915
26.963808875565032,15.742795993503659,9.384559038968037
26.963808875565032,26.375898507206507,6.1186622724202095
26.963808875565032,29.232682077143178,6.028402147701961
26.963808875565032,15.742795993503659,10.532146472532911
12.012039237268532,15.742795993503659,4.328859730456835
26.963808875565032,15.742795993503659,9.558138821186402
26.963808875565032,15.742795993503659,9.620091869069514
26.963808875565032,15.742795993503659,9.760420417801496
26.963808875565032,15.742795993503659,9.251057994390209
26.963808875565032,15.742795993503659,10.581199851536827
25.743022662385748,15.742795993503659,9.706374429019299
26.963808875565032,15.742795993503659,10.099402170236278
26.963808875565032,15.742795993503659,10.20430209201427
