20.621383280320238,7.864348792393049,4.19888671178249
26.664503355756835,9.72161167608038,3.4124337010121986
16.80018872781053,6.802295951698686,5.272391974763903
33.89135593003204,7.477255457569883,0.09042975861314125
40.2520112642506,10.270825932019463,0.09175252296727779
27.024462070845686,11.69007003516837,6.253872043483695
23.51693650282281,15.370105823954027,9.49893348531528
24.430948548145853,14.471333227047499,9.424973359563587
29.90556267892331,16.296466093261955,8.542873505312519
31.843977359707157,15.04123888594639,7.583922644583727
24.09363498860963,9.12068453105474,4.257198192654598
35.450341360378005,8.515144081403909,0.09320949772317201
42.83432198010788,11.734532018399108,0.10215336059942333
20.45991502825428,17.779341481753704,6.277005868786175
24.111198492709732,16.772001950609862,8.184404083036602
26.68302067647674,11.391159223520372,6.4781849220578165
29.546868566274444,9.280962330382028,0.9803552103757089
32.475616635725146,8.216507798536767,0.09832235116302955
43.26997127314404,10.76648102944362,0.09156389807529061
36.60016573997367,15.512122495283762,5.471982848384153
25.63610910851626,11.12966355857411,6.25211609981784
29.791124839284286,8.365407810628838,0.1007719834685361
17.565950435033088,11.339909704790937,8.671393407676245
37.322804016707785,7.509786551436748,0.09832195098279913
17.496829653641356,15.782248418368237,7.038720037577826
41.68626370605147,11.426007149211772,0.09416331221935544
40.24226248101261,12.931933274050927,1.2298078827195658
38.7741486082195,9.109922737945007,0.10559625062232765
34.35325875572667,10.43465226614303,0.2520058877158546
41.59390834384251,13.508976959918034,1.5105273121244502
34.86262431606002,13.426513992356368,4.551443590961407
28.920226921625105,7.27078201847339,0.10327548077828946
20.295027897741317,15.81153565081241,8.142355444049624
37.054900395813455,11.735417213952623,1.0253976434441068
37.08102676351299,9.093070759609857,0.10687317116911349
25.383830486087685,17.56482874361523,8.638620791383318
29.94402956357735,14.738811871778502,7.831639000739463
17.108695614737535,16.97723811281556,6.111184574918437
25.62077236527018,10.903722580871285,6.348656235364563
41.343002402654434,14.666365890798794,3.2931455710981705
36.95799013668991,14.38907233602724,4.728834195556211
41.34073912356838,17.869633759232357,6.722472658709684
33.37978549251836,12.605703600155096,3.952791591396535
38.9551177652862,7.596092187333764,0.10035148519316678
23.686278944775623,10.824769645303494,6.259775008337785
24.263174254735368,16.69032903374667,8.951771035138329
40.292636109576364,12.912100226768722,1.4043379596604633
42.33557365093431,6.112888351271609,0.10466629461287544
18.759257666699725,10.821699707230854,9.574659295761462
28.771806628925674,9.943882964596213,2.507217372970351
40.93968547283201,13.255095365191961,1.460042821188364
23.952813402930474,17.268864553512465,7.9405050253092915
30.520644931615355,8.825651090796633,0.09750298509029943
15.357821766125118,12.402564154898524,7.6680060887067345
22.164974088336244,11.936895311435995,9.536094775135476
29.533203706033785,13.394290384304055,6.708420366636639
28.026579263660985,14.066272673839789,7.4620943151110275
30.862984335472383,16.244568427174805,8.538417400808257
23.31811569691091,7.2880096557942995,0.8599980060882086
21.094812159105,9.876951255100629,7.612381048131596
20.274755401458055,10.706577664267984,9.227643506549693
34.08653326572177,17.575620874715252,7.700922949484679
38.43276287363986,16.026299658690917,5.771935434149913
43.950876618140384,13.463156799163812,0.4060777011587419
