26.963808875565032,15.742795993503659,9.887334354059266
25.743022662385748,15.742795993503659,10.392179838688715
10.243141401345731,15.742795993503659,3.8145165079651684
26.963808875565032,15.742795993503659,8.478476043986953
36.40380351472474,15.742795993503659,5.61724352606925
13.927281024643673,15.742795993503659,5.811219370884331
26.963808875565032,15.742795993503659,8.84482013518243
12.012039237268532,15.742795993503659,4.17124126171066
19.225808692568265,15.742795993503659,6.90068765591881
26.963808875565032,29.232682077143178,6.028402147701961
26.963808875565032,15.742795993503659,9.638581466849866
26.963808875565032,15.742795993503659,10.176911834095295
26.963808875565032,15.742795993503659,8.478476043986953
51.89142977224593,15.742795993503659,0.23160831197785334
19.225808692568265,10.530392171940356,9.808017125642074
26.963808875565032,15.742795993503659,10.14637654641092
34.47685582041859,15.742795993503659,7.535223758586101
26.963808875565032,15.742795993503659,10.170691943650974
26.963808875565032,15.742795993503659,10.55276837235277
26.963808875565032,15.742795993503659,8.478476043986953
26.963808875565032,15.742795993503659,10.679358809123974
26.963808875565032,15.742795993503659,10.688760651387518
26.963808875565032,15.742795993503659,10.258492140628213
26.963808875565032,2.7388793248159153,0.10109312722937812
26.963808875565032,0.5102181127074221,0.1081005126600711
26.963808875565032,14.76282300000087,9.488214431432901
26.963808875565032,15.742795993503659,9.232567498479993
36.40380351472474,15.742795993503659,6.09721755243467
26.963808875565032,15.742795993503659,9.454980716286851
26.963808875565032,15.742795993503659,9.350867536595066
36.40380351472474,15.742795993503659,6.383684409344249
26.963808875565032,15.742795993503659,9.479469552158415
26.963808875565032,15.742795993503659,10.024435980863023
26.963808875565032,21.91308881781925,8.583796269288197
26.963808875565032,15.742795993503659,9.83953246969762
41.14002587334764,15.742795993503659,4.190859031988046
26.963808875565032,15.742795993503659,9.364260904771951
26.963808875565032,15.742795993503659,8.478476043986953
26.963808875565032,10.59938105234069,4.867280791558721
7.3165147081180635,15.742795993503659,2.9223792071345596
26.963808875565032,11.471347393359494,5.5786687548509715
19.225808692568265,7.760492654141781,5.627099032707523
26.963808875565032,15.742795993503659,9.191418196072489
26.963808875565032,15.742795993503659,8.478476043986953
26.963808875565032,15.742795993503659,8.478476043986953
26.963808875565032,15.742795993503659,10.583088495440215
19.225808692568265,15.742795993503659,7.532979400490891
26.963808875565032,3.585643658310527,0.10080077045494844
7.739839965350367,15.742795993503659,2.901481591598444
26.963808875565032,15.742795993503659,10.185296355524864
26.963808875565032,10.632985400668856,4.559936025347723
26.963808875565032,22.733864203011525,6.478992159129744
26.963808875565032,15.742795993503659,9.554848561749463
26.963808875565032,9.74810314698864,6.572664258930316
26.963808875565032,15.742795993503659,9.912500618744048
26.963808875565032,15.742795993503659,8.966481762155704
26.963808875565032,15.742795993503659,10.653862315264481
26.963808875565032,15.742795993503659,8.90636589205507
26.963808875565032,15.742795993503659,9.804595513055121
33.64796116547569,15.742795993503659,7.327817286038936
26.963808875565032,2.9771371233913655,0.0953503626859824
33.80003979252458,8.071663830348221,0.10650234214249987
26.963808875565032,15.742795993503659,8.478476043986953
26.963808875565032,15.742795993503659,9.103217261281753
26.963808875565032,15.742795993503659,10.195001533676539
26.963808875565032,15.742795993503659,9.620091869069514
26.963808875565032,15.742795993503659,8.879069751131784
26.963808875565032,15.742795993503659,9.381023461245432
26.963808875565032,15.742795993503659,10.154642749938981
26.963808875565032,15.742795993503659,9.162452647204896
26.963808875565032,15.742795993503659,10.01715986968072
26.963808875565032,15.742795993503659,10.452865259228174
52.75799089858016,15.742795993503659,0.10658078018548289
26.963808875565032,15.742795993503659,10.531873897373327
26.963808875565032,15.742795993503659,8.962314277697207
26.963808875565032,29.876299501881892,5.104910511732324
36.432029838766255,26.375898507206507,8.497789628944723
26.963808875565032,15.742795993503659,9.901593599651564
26.963808875565032,15.742795993503659,9.192006386672297
26.963808875565032,15.742795993503659,9.700436581219547
