26.963808875565032,15.742795993503659,9.686281827724256
26.963808875565032,15.742795993503659,8.86833510862442
39.93414687512336,15.742795993503659,4.390782617054781
26.963808875565032,15.742795993503659,9.49996024052564
26.963808875565032,15.742795993503659,9.00545644541223
26.963808875565032,15.742795993503659,8.56076109066124
20.37841524899407,15.742795993503659,8.139965040835323
26.963808875565032,15.742795993503659,9.542231429017042
30.723912954706904,15.742795993503659,8.019597905960493
26.963808875565032,15.742795993503659,9.699793434649607
24.637716146667557,15.742795993503659,10.131791836058923
28.325515074020654,19.129238986485838,8.375802869110277
12.223713053866287,1.5430614001104672,0.09347426882670816
26.963808875565032,22.826217084664485,7.1645758303196
17.81705645630072,15.742795993503659,7.16784510232268
26.963808875565032,15.742795993503659,9.817451151135774
26.963808875565032,22.21060587278654,7.412274573160289
26.963808875565032,15.742795993503659,10.370775356127584
40.297519695417925,15.742795993503659,10.044007962026889
26.963808875565032,15.742795993503659,9.540076040434094
32.11889521300617,15.742795993503659,7.863127442928254
26.963808875565032,15.742795993503659,9.848255376066291
39.93414687512336,15.742795993503659,6.897887185003066
26.963808875565032,15.742795993503659,8.755229321147317
26.963808875565032,15.742795993503659,9.271743532925965
26.55627589541568,15.742795993503659,10.098519646131582
39.93414687512336,4.681688412577007,0.10437911826440073
26.963808875565032,15.742795993503659,10.26606902321282
39.93414687512336,15.742795993503659,4.45650718091921
26.55627589541568,31.394897770378,4.819322046132021
26.963808875565032,15.742795993503659,9.06712644527699
26.963808875565032,15.742795993503659,10.666234609684013
26.963808875565032,15.742795993503659,10.167852084533722
39.93414687512336,15.742795993503659,4.371838943813591
39.93414687512336,15.742795993503659,4.949452941149467
39.93414687512336,15.742795993503659,4.698571654270819
26.963808875565032,12.18764340377162,9.858150592761797
26.963808875565032,15.742795993503659,9.562831403877148
26.963808875565032,15.742795993503659,10.433166249521712
26.963808875565032,15.742795993503659,9.169676075294939
26.963808875565032,14.848526009320235,8.773135393127712
39.93414687512336,15.742795993503659,4.876979475368591
26.963808875565032,15.742795993503659,10.63335016226709
26.963808875565032,15.742795993503659,10.462510417710105
26.963808875565032,15.742795993503659,9.817867923819833
51.19157045537202,15.742795993503659,2.6017236764995975
39.93414687512336,15.742795993503659,4.599418721394316
26.963808875565032,24.201063288164733,6.448353341215176
26.963808875565032,15.742795993503659,10.351942354261682
26.963808875565032,15.742795993503659,10.306917428227365
26.963808875565032,15.742795993503659,10.578597757900068
39.93414687512336,15.742795993503659,5.02685256767128
26.963808875565032,15.742795993503659,10.583380699864678
26.963808875565032,15.742795993503659,10.305040264797865
26.963808875565032,15.742795993503659,9.888536423081028
26.963808875565032,15.742795993503659,8.776296108188374
39.93414687512336,15.742795993503659,4.435832794292633
39.93414687512336,15.742795993503659,4.4595916121522245
26.963808875565032,15.742795993503659,9.122425434265137
39.93414687512336,15.742795993503659,6.897887185003066
26.963808875565032,15.742795993503659,9.000455619474499
15.184052069429981,15.742795993503659,5.3302179139252726
39.93414687512336,15.742795993503659,4.91013777777062
26.963808875565032,22.74215798347114,9.276990935190554
26.963808875565032,3.423685146934311,0.09256437253331722
26.963808875565032,15.742795993503659,10.617010414093276
26.83804025648881,15.742795993503659,10.032889835306458
39.93414687512336,15.88835428107021,6.919652734265368
39.93414687512336,15.742795993503659,4.38706742941236
26.963808875565032,15.742795993503659,10.52062709012116
26.963808875565032,15.742795993503659,8.780830727311592
26.963808875565032,15.742795993503659,9.827445783616271
48.48222369773108,3.935193883634497,0.1096646759741737
39.93414687512336,15.742795993503659,6.897887185003066
26.963808875565032,15.742795993503659,9.870983818358418
26.963808875565032,15.742795993503659,10.440703953696232
26.963808875565032,15.742795993503659,9.665934564408646
39.93414687512336,27.733593559606028,5.0231827754034715
39.93414687512336,15.742795993503659,4.871788441368809
26.55627589541568,10.678668041141034,4.780602572432747
