42.59299635123876,10.025729759374308,2.1471741065144974
30.63259950910544,7.266452926443272,0.1000680851241117
26.06954847668673,15.985247126225662,5.483639161695386
29.062385925996132,12.133433017651868,6.037245019769019
21.61745790280699,11.844000225971618,8.332455290806502
27.342555278570035,10.500921335501243,4.050870692152188
28.741097161686394,17.800103019717373,3.6366763611937607
31.962077440273195,12.352599107994038,4.549220019124649
42.93439314938536,17.018915119950236,4.732519920992999
23.179767165506004,14.898898139392806,9.630647552453208
31.541983448626155,13.263707361013712,6.190537714680011
44.88945602183985,11.110688072973591,0.09727374929266953
20.727831402337635,8.931310516121634,6.23731420946991
36.69835415212354,7.448322689851691,0.09532771699519339
43.09195984981045,7.382217801325463,0.09350547798011667
28.552443039305473,16.107729694744826,9.757421587111594
43.517057051940746,9.965238630764862,0.09097303813498153
30.846510405256225,9.258487430945078,0.10213819964681216
26.69170119807567,6.39322032887088,0.10662743599685182
20.840693687422494,13.540826706189838,8.797375814638663
17.694864246831052,14.903454870127346,7.388394100588754
36.77679354051509,15.272084570207443,5.342752662301573
31.540481432894552,10.428964917707988,1.882069740762863
34.322805074865165,8.81049657861767,0.10995969445102369
31.64323046134886,10.578039580305905,2.2435384527894358
21.52549787466816,7.62824169347696,3.2023567402331254
22.872837057772593,7.009846407580343,0.39686436435439076
42.02807771979698,9.183929521728475,0.1036823412397288
20.820125615702228,6.548051900694383,0.8556353555314967
34.434620764046315,9.441239187897668,0.10264505047700498
44.04288379864405,12.711720725812858,0.09954201824572999
37.791885869258934,9.380156145949234,0.10282148709135851
37.02622240459789,15.42617297574521,5.098651381949494
40.068870653664796,14.946873568274146,3.696576930314783
25.809633155338933,6.879659331050791,0.09630339010334106
25.599562061073385,14.4081508368228,9.65694576726198
16.909931090938123,12.377221212746008,8.685703300160359
26.751659509010576,8.886743773024456,1.9279457511804339
15.736862682032406,10.084776240771156,8.703540265873448
20.784688591863038,11.005471636293946,8.45524946608882
17.676749343217814,12.86325046808929,8.808868366070664
35.63893845798529,14.372360278368607,4.786771176152726
35.36448387556572,9.922736166092218,0.10217068352899299
25.999528001376156,8.983459790132196,2.4462455406951706
37.186551272273874,13.722752267121653,4.030762465178417
25.407111913650297,6.388586661408842,0.09304674921421806
33.75311648125359,16.293162905481903,7.149135051367835
44.99990695399967,6.106431177045069,0.09585476625123973
18.017361587040263,16.923194776425703,6.1902593241501735
31.724160882063426,9.859639077091373,0.7565179307540484
19.200305714885197,9.769166145319561,8.707733300349279
32.510288568955296,7.493080482296328,0.09261297667283358
35.428425703500196,11.416520304819961,3.5880333904844086
23.644666474830956,8.651768111864197,3.872175880079593
25.430246811947242,14.410072557018614,8.577267071513031
36.86335888855705,12.225168160769085,2.0307236858523896
36.92596331491481,15.508384223094279,4.694134443700053
40.3459833381998,7.979601357404984,0.09450763157296271
21.184673743828135,10.083557544484968,7.484356945365672
37.81769816470096,15.667541294262147,5.409811531649684
38.434751110689035,13.667022953673214,3.283980555577422
16.367140085243655,10.402089417226573,10.338359877834046
26.636363877222365,14.079955993035977,8.67831888397978
21.86975976155616,14.32550462529963,6.331349232077693
37.70873817415564,6.072888594043636,0.09075692218337553
20.785018877658487,6.4548321284992465,0.7473591311865448
18.113003827385203,6.6158881595434575,3.8538898497356757
28.272320636316053,8.992062074371558,1.0384543640108523
18.57892011382937,6.13826266900219,3.757267172173043
27.470325830935465,6.1353591673637204,0.09173758501501156
23.87610775804107,8.865881988709567,3.63965955993376
37.37770893270962,10.726387242193475,0.10715900855587544
25.64146406840111,14.398160081516727,9.854319968654623
18.224733898403453,8.087295420064057,7.073346555196951
42.20739430509032,9.081307465022782,0.1036665195409458
34.55057696196121,12.866786148905854,4.367361870314092
19.817734099143102,13.824578628588688,9.226392582043555
26.59216098484825,7.72517621727546,0.09438755929794217
40.2588639697077,7.282669215870936,0.10986488119481605
26.65501186500524,13.810904283799028,8.507701565800398
