41.602422202942066,14.806611922203079,3.3132305444160126
25.64146406840111,15.367018814351372,10.330412864260413
25.64146406840111,15.367018814351372,9.406154665176539
25.64146406840111,15.367018814351372,9.776928342668276
25.64146406840111,15.367018814351372,10.042341697469436
25.64146406840111,15.367018814351372,9.406154665176539
25.64146406840111,15.367018814351372,9.776928342668276
25.64146406840111,15.367018814351372,10.042341697469436
25.64146406840111,15.367018814351372,10.330412864260413
41.602422202942066,14.806611922203079,3.3132305444160126
25.64146406840111,15.367018814351372,10.330412864260413
25.64146406840111,8.665429523559268,2.2228970624194164
25.64146406840111,15.367018814351372,10.042341697469436
25.64146406840111,15.367018814351372,9.776928342668276
41.602422202942066,14.806611922203079,3.3132305444160126
25.64146406840111,15.367018814351372,9.776928342668276
2.511786048191265,19.359209296381234,0.7886107074765166
25.64146406840111,8.665429523559268,2.2228970624194164
25.64146406840111,15.367018814351372,10.330412864260413
25.64146406840111,15.367018814351372,9.406154665176539
25.64146406840111,15.367018814351372,10.042341697469436
25.64146406840111,15.367018814351372,9.406154665176539
41.602422202942066,14.806611922203079,3.3132305444160126
25.64146406840111,8.665429523559268,2.2228970624194164
25.64146406840111,15.367018814351372,10.042341697469436
25.64146406840111,15.367018814351372,9.776928342668276
25.64146406840111,15.367018814351372,9.970445438659205
25.64146406840111,15.367018814351372,10.330412864260413
2.511786048191265,19.359209296381234,0.7886107074765166
2.511786048191265,19.359209296381234,0.7886107074765166
25.64146406840111,15.367018814351372,9.406154665176539
41.602422202942066,14.806611922203079,3.3132305444160126
25.64146406840111,15.367018814351372,9.970445438659205
25.64146406840111,15.367018814351372,9.776928342668276
25.64146406840111,8.665429523559268,2.2228970624194164
25.64146406840111,15.367018814351372,10.042341697469436
25.64146406840111,15.367018814351372,10.330412864260413
2.511786048191265,19.359209296381234,0.7886107074765166
41.602422202942066,14.806611922203079,3.3132305444160126
25.64146406840111,15.367018814351372,10.330412864260413
25.64146406840111,15.367018814351372,9.776928342668276
25.64146406840111,15.367018814351372,10.042341697469436
25.64146406840111,8.665429523559268,2.2228970624194164
25.64146406840111,15.367018814351372,9.406154665176539
25.64146406840111,15.367018814351372,9.970445438659205
25.64146406840111,15.367018814351372,10.330412864260413
25.64146406840111,15.367018814351372,9.406154665176539
25.64146406840111,15.367018814351372,9.970445438659205
25.64146406840111,8.665429523559268,2.2228970624194164
25.64146406840111,15.367018814351372,10.042341697469436
41.602422202942066,14.806611922203079,3.3132305444160126
2.511786048191265,19.359209296381234,0.7886107074765166
25.64146406840111,15.367018814351372,9.776928342668276
25.64146406840111,15.367018814351372,9.406154665176539
2.511786048191265,19.359209296381234,0.7886107074765166
25.64146406840111,15.367018814351372,10.330412864260413
25.64146406840111,15.367018814351372,10.042341697469436
25.64146406840111,15.367018814351372,9.776928342668276
25.64146406840111,8.665429523559268,2.2228970624194164
41.602422202942066,14.806611922203079,3.3132305444160126
25.64146406840111,15.367018814351372,9.970445438659205
25.64146406840111,15.367018814351372,10.042341697469436
2.511786048191265,19.359209296381234,0.7886107074765166
25.64146406840111,15.367018814351372,9.406154665176539
25.64146406840111,12.083287926460354,7.454833658538117
25.64146406840111,15.367018814351372,9.970445438659205
25.64146406840111,15.367018814351372,10.330412864260413
25.64146406840111,15.367018814351372,9.776928342668276
25.64146406840111,8.665429523559268,2.2228970624194164
41.602422202942066,14.806611922203079,3.3132305444160126
25.64146406840111,15.367018814351372,9.776928342668276
2.511786048191265,19.359209296381234,0.7886107074765166
25.64146406840111,15.367018814351372,9.406154665176539
25.64146406840111,15.367018814351372,10.330412864260413
25.64146406840111,8.665429523559268,2.2228970624194164
25.64146406840111,15.367018814351372,9.970445438659205
25.64146406840111,12.083287926460354,7.454833658538117
2.511786048191265,19.359209296381234,0.7886107074765166
25.64146406840111,15.367018814351372,10.042341697469436
25.64146406840111,8.665429523559268,2.2228970624194164
25.64146406840111,15.367018814351372,10.330412864260413
25.64146406840111,15.367018814351372,9.406154665176539
41.602422202942066,14.806611922203079,3.3132305444160126
25.64146406840111,15.367018814351372,9.970445438659205
25.64146406840111,12.083287926460354,7.454833658538117
25.64146406840111,15.367018814351372,9.776928342668276
25.64146406840111,15.367018814351372,9.803661212116557
25.64146406840111,15.367018814351372,9.776928342668276
41.602422202942066,14.806611922203079,3.3132305444160126
25.64146406840111,15.367018814351372,9.970445438659205
25.64146406840111,15.367018814351372,10.042341697469436
25.64146406840111,15.367018814351372,9.406154665176539
25.64146406840111,15.367018814351372,9.998011186235491
25.64146406840111,15.367018814351372,10.330412864260413
2.511786048191265,19.359209296381234,0.7886107074765166
25.64146406840111,8.665429523559268,2.2228970624194164
25.64146406840111,15.367018814351372,9.803661212116557
25.64146406840111,15.367018814351372,9.970445438659205
25.64146406840111,15.367018814351372,9.998011186235491
25.64146406840111,15.367018814351372,9.406154665176539
25.64146406840111,8.665429523559268,2.2228970624194164
25.64146406840111,15.367018814351372,9.776928342668276
25.64146406840111,12.083287926460354,7.454833658538117
2.511786048191265,19.359209296381234,0.7886107074765166
35.563524659964614,15.367018814351372,6.172993092117912
25.64146406840111,15.367018814351372,10.330412864260413
41.602422202942066,14.806611922203079,3.3132305444160126
35.563524659964614,15.367018814351372,6.172993092117912
25.64146406840111,15.367018814351372,9.776928342668276
25.64146406840111,15.367018814351372,9.406154665176539
25.64146406840111,8.665429523559268,2.2228970624194164
25.64146406840111,15.367018814351372,9.998011186235491
25.64146406840111,15.367018814351372,9.803661212116557
25.64146406840111,15.367018814351372,10.042341697469436
25.64146406840111,15.367018814351372,10.330412864260413
2.511786048191265,19.359209296381234,0.7886107074765166
25.64146406840111,15.367018814351372,9.970445438659205
41.602422202942066,14.806611922203079,3.3132305444160126
25.64146406840111,12.083287926460354,7.454833658538117
25.64146406840111,15.367018814351372,9.998011186235491
25.64146406840111,15.367018814351372,9.970445438659205
41.602422202942066,14.806611922203079,3.3132305444160126
35.563524659964614,15.367018814351372,6.172993092117912
2.511786048191265,19.359209296381234,0.7886107074765166
25.64146406840111,8.665429523559268,2.2228970624194164
25.64146406840111,15.367018814351372,10.330412864260413
25.64146406840111,15.367018814351372,9.776928342668276
25.64146406840111,15.367018814351372,10.042341697469436
25.64146406840111,12.083287926460354,7.454833658538117
25.64146406840111,15.367018814351372,9.406154665176539
25.64146406840111,15.367018814351372,9.803661212116557
18.377095853215884,12.083287926460354,8.394703685309313
25.64146406840111,15.367018814351372,9.776928342668276
35.563524659964614,15.367018814351372,6.172993092117912
25.64146406840111,12.083287926460354,7.454833658538117
25.64146406840111,15.367018814351372,9.998011186235491
25.64146406840111,15.367018814351372,10.042341697469436
25.64146406840111,15.367018814351372,10.330412864260413
41.602422202942066,14.806611922203079,3.3132305444160126
25.64146406840111,15.367018814351372,9.406154665176539
25.64146406840111,8.665429523559268,2.2228970624194164
2.511786048191265,19.359209296381234,0.7886107074765166
2.511786048191265,19.359209296381234,0.7886107074765166
25.64146406840111,12.083287926460354,7.544686251793044
18.377095853215884,12.083287926460354,8.394703685309313
25.64146406840111,12.083287926460354,7.454833658538117
25.64146406840111,15.367018814351372,10.042341697469436
25.64146406840111,8.665429523559268,2.2228970624194164
25.64146406840111,15.367018814351372,9.803661212116557
35.563524659964614,15.367018814351372,6.172993092117912
25.64146406840111,15.367018814351372,9.970445438659205
25.64146406840111,15.367018814351372,9.406154665176539
25.64146406840111,15.367018814351372,10.330412864260413
25.64146406840111,15.367018814351372,10.019900902113003
41.602422202942066,14.806611922203079,3.3132305444160126
35.563524659964614,15.367018814351372,6.172993092117912
25.64146406840111,15.367018814351372,10.042341697469436
41.602422202942066,14.806611922203079,3.3132305444160126
25.64146406840111,15.367018814351372,9.803661212116557
25.64146406840111,15.367018814351372,9.970445438659205
25.64146406840111,15.367018814351372,9.776928342668276
25.64146406840111,12.083287926460354,7.454833658538117
25.64146406840111,15.367018814351372,9.998011186235491
25.64146406840111,12.083287926460354,7.544686251793044
25.64146406840111,15.367018814351372,9.406154665176539
25.64146406840111,8.665429523559268,2.2228970624194164
2.511786048191265,19.359209296381234,0.7886107074765166
18.377095853215884,12.083287926460354,8.394703685309313
25.64146406840111,15.367018814351372,10.019900902113003
25.64146406840111,15.367018814351372,10.330412864260413
25.64146406840111,15.367018814351372,10.655094127876769
25.64146406840111,15.367018814351372,9.998011186235491
25.64146406840111,15.367018814351372,9.970445438659205
25.64146406840111,12.083287926460354,7.454833658538117
25.64146406840111,15.367018814351372,10.330412864260413
2.511786048191265,19.359209296381234,0.7886107074765166
35.563524659964614,15.367018814351372,6.172993092117912
25.64146406840111,8.665429523559268,2.2228970624194164
25.64146406840111,15.367018814351372,9.803661212116557
25.64146406840111,15.367018814351372,9.776928342668276
18.377095853215884,12.083287926460354,8.394703685309313
25.64146406840111,15.367018814351372,10.019900902113003
25.64146406840111,15.367018814351372,10.042341697469436
25.64146406840111,15.367018814351372,9.406154665176539
25.64146406840111,12.083287926460354,7.544686251793044
41.602422202942066,14.806611922203079,3.3132305444160126
25.64146406840111,15.367018814351372,9.970445438659205
25.64146406840111,15.367018814351372,10.042341697469436
25.64146406840111,15.367018814351372,10.655094127876769
25.64146406840111,15.367018814351372,9.998011186235491
25.64146406840111,15.367018814351372,9.406154665176539
18.747396793286786,15.367018814351372,7.031935025525952
25.64146406840111,12.083287926460354,7.454833658538117
25.64146406840111,15.367018814351372,10.330412864260413
25.64146406840111,12.083287926460354,7.544686251793044
25.64146406840111,15.367018814351372,9.803661212116557
25.64146406840111,12.083287926460354,7.895014982324686
25.64146406840111,15.367018814351372,10.019900902113003
2.511786048191265,19.359209296381234,0.7886107074765166
35.563524659964614,15.367018814351372,6.172993092117912
41.602422202942066,14.806611922203079,3.3132305444160126
25.64146406840111,15.367018814351372,9.776928342668276
18.377095853215884,12.083287926460354,8.394703685309313
25.64146406840111,12.083287926460354,7.544686251793044
25.64146406840111,8.665429523559268,2.2228970624194164
25.64146406840111,12.083287926460354,7.454833658538117
41.602422202942066,14.806611922203079,3.3132305444160126
25.64146406840111,15.367018814351372,9.803661212116557
35.563524659964614,15.367018814351372,6.172993092117912
25.64146406840111,15.367018814351372,9.970445438659205
25.64146406840111,15.367018814351372,10.019900902113003
2.511786048191265,19.359209296381234,0.7886107074765166
25.64146406840111,15.367018814351372,9.998011186235491
25.64146406840111,15.367018814351372,9.406154665176539
25.64146406840111,12.083287926460354,7.895014982324686
25.64146406840111,15.367018814351372,10.042341697469436
25.64146406840111,15.367018814351372,9.776928342668276
25.64146406840111,15.367018814351372,10.655094127876769
18.747396793286786,15.367018814351372,7.031935025525952
25.64146406840111,15.367018814351372,10.330412864260413
1.0737604586390026,14.806611922203079,0.3939037735311263
25.64146406840111,15.367018814351372,10.655094127876769
25.64146406840111,8.665429523559268,2.2228970624194164
18.747396793286786,15.367018814351372,7.031935025525952
41.602422202942066,14.806611922203079,3.3132305444160126
25.64146406840111,12.083287926460354,7.866388857796931
25.64146406840111,15.367018814351372,10.330412864260413
25.64146406840111,12.083287926460354,7.544686251793044
35.563524659964614,15.367018814351372,6.172993092117912
2.511786048191265,19.359209296381234,0.7886107074765166
25.64146406840111,15.367018814351372,9.998011186235491
25.64146406840111,15.367018814351372,10.042341697469436
25.64146406840111,15.367018814351372,9.970445438659205
25.64146406840111,15.367018814351372,9.803661212116557
25.64146406840111,12.083287926460354,7.895014982324686
25.64146406840111,15.367018814351372,10.019900902113003
25.64146406840111,15.367018814351372,9.776928342668276
18.377095853215884,12.083287926460354,8.394703685309313
25.64146406840111,15.367018814351372,9.406154665176539
25.64146406840111,15.367018814351372,10.234664083313548
25.64146406840111,15.367018814351372,10.655094127876769
25.64146406840111,12.083287926460354,7.866388857796931
1.0737604586390026,14.806611922203079,0.3939037735311263
41.602422202942066,14.806611922203079,3.3132305444160126
25.64146406840111,12.083287926460354,7.544686251793044
25.64146406840111,12.083287926460354,7.454833658538117
18.377095853215884,12.083287926460354,8.394703685309313
25.64146406840111,15.367018814351372,10.643291371095476
25.64146406840111,15.367018814351372,10.042341697469436
25.64146406840111,15.367018814351372,9.803661212116557
25.64146406840111,12.083287926460354,7.895014982324686
25.64146406840111,15.367018814351372,9.406154665176539
25.64146406840111,15.367018814351372,9.776928342668276
25.64146406840111,15.367018814351372,10.019900902113003
2.511786048191265,19.359209296381234,0.7886107074765166
25.64146406840111,8.665429523559268,2.2228970624194164
25.64146406840111,15.367018814351372,10.814968732812225
25.64146406840111,15.367018814351372,9.998011186235491
25.64146406840111,15.367018814351372,9.970445438659205
35.563524659964614,15.367018814351372,6.172993092117912
18.747396793286786,15.367018814351372,7.031935025525952
25.64146406840111,15.367018814351372,9.970445438659205
25.64146406840111,15.367018814351372,10.234664083313548
25.64146406840111,15.367018814351372,9.803661212116557
25.64146406840111,12.083287926460354,7.866388857796931
25.64146406840111,15.367018814351372,9.406154665176539
25.64146406840111,15.367018814351372,10.042341697469436
25.64146406840111,15.367018814351372,10.659019855595632
25.64146406840111,15.367018814351372,10.019900902113003
25.64146406840111,15.367018814351372,9.776928342668276
25.64146406840111,15.367018814351372,10.814968732812225
25.64146406840111,15.367018814351372,9.998011186235491
2.511786048191265,19.359209296381234,0.7886107074765166
25.64146406840111,12.083287926460354,7.895014982324686
1.0737604586390026,14.806611922203079,0.3939037735311263
41.602422202942066,14.806611922203079,3.3132305444160126
25.64146406840111,15.367018814351372,10.643291371095476
18.377095853215884,12.083287926460354,8.394703685309313
25.64146406840111,15.367018814351372,10.655094127876769
25.64146406840111,8.665429523559268,2.2228970624194164
25.64146406840111,15.367018814351372,10.330412864260413
18.747396793286786,15.367018814351372,7.031935025525952
25.64146406840111,12.083287926460354,7.454833658538117
25.64146406840111,8.665429523559268,2.2228970624194164
25.64146406840111,12.083287926460354,7.347767739391606
25.64146406840111,15.367018814351372,10.019900902113003
25.64146406840111,12.083287926460354,7.866388857796931
1.0737604586390026,14.806611922203079,0.3939037735311263
25.64146406840111,15.367018814351372,10.330412864260413
25.64146406840111,15.367018814351372,10.659019855595632
25.64146406840111,15.367018814351372,9.998011186235491
18.377095853215884,12.083287926460354,8.394703685309313
25.64146406840111,12.083287926460354,7.895014982324686
25.64146406840111,15.367018814351372,10.33650116815582
25.64146406840111,15.367018814351372,10.655094127876769
25.64146406840111,12.083287926460354,7.454833658538117
18.747396793286786,15.367018814351372,7.031935025525952
25.64146406840111,15.367018814351372,10.042341697469436
35.563524659964614,15.367018814351372,6.172993092117912
25.64146406840111,15.367018814351372,10.234664083313548
25.64146406840111,15.367018814351372,9.970445438659205
41.602422202942066,14.806611922203079,3.3132305444160126
25.64146406840111,15.367018814351372,9.803661212116557
25.64146406840111,15.367018814351372,9.406154665176539
25.64146406840111,15.367018814351372,10.814968732812225
25.64146406840111,15.367018814351372,10.643291371095476
25.64146406840111,12.083287926460354,7.544686251793044
2.511786048191265,19.359209296381234,0.7886107074765166
25.64146406840111,15.367018814351372,9.776928342668276
25.64146406840111,15.367018814351372,9.998011186235491
25.64146406840111,8.665429523559268,2.2228970624194164
25.64146406840111,15.367018814351372,9.970445438659205
41.602422202942066,14.806611922203079,3.3132305444160126
25.64146406840111,15.367018814351372,9.406154665176539
25.64146406840111,12.083287926460354,7.866388857796931
25.64146406840111,15.367018814351372,10.659019855595632
25.64146406840111,15.367018814351372,10.330412864260413
2.511786048191265,19.359209296381234,0.7886107074765166
25.64146406840111,15.367018814351372,10.643291371095476
35.563524659964614,15.367018814351372,6.172993092117912
1.0737604586390026,14.806611922203079,0.3939037735311263
25.64146406840111,15.367018814351372,10.581403875610937
25.64146406840111,15.367018814351372,9.803661212116557
25.64146406840111,15.367018814351372,10.33650116815582
25.64146406840111,15.367018814351372,9.808387829230718
25.64146406840111,12.083287926460354,7.454833658538117
25.64146406840111,15.367018814351372,9.776928342668276
18.747396793286786,15.367018814351372,7.031935025525952
25.64146406840111,15.367018814351372,10.814968732812225
25.64146406840111,15.367018814351372,10.234664083313548
25.64146406840111,12.083287926460354,7.544686251793044
25.64146406840111,12.083287926460354,7.347767739391606
25.64146406840111,15.367018814351372,10.019900902113003
25.64146406840111,12.083287926460354,7.895014982324686
25.64146406840111,15.367018814351372,10.655094127876769
18.377095853215884,12.083287926460354,8.394703685309313
25.64146406840111,15.367018814351372,10.042341697469436
18.377095853215884,12.083287926460354,8.394703685309313
25.64146406840111,15.367018814351372,9.803661212116557
25.64146406840111,15.367018814351372,9.970445438659205
25.64146406840111,12.083287926460354,7.454833658538117
25.64146406840111,8.665429523559268,2.2228970624194164
25.64146406840111,15.367018814351372,9.776928342668276
25.64146406840111,15.367018814351372,10.655094127876769
2.511786048191265,19.359209296381234,0.7886107074765166
25.64146406840111,15.367018814351372,10.042341697469436
25.64146406840111,12.083287926460354,7.544686251793044
41.602422202942066,14.806611922203079,3.3132305444160126
25.64146406840111,15.367018814351372,10.643291371095476
25.64146406840111,15.367018814351372,9.808387829230718
1.0737604586390026,14.806611922203079,0.3939037735311263
25.64146406840111,15.367018814351372,10.33650116815582
25.64146406840111,12.083287926460354,7.866388857796931
25.64146406840111,15.367018814351372,10.330412864260413
25.64146406840111,15.367018814351372,9.406154665176539
25.64146406840111,15.367018814351372,10.581403875610937
25.64146406840111,12.083287926460354,7.347767739391606
25.64146406840111,15.367018814351372,10.019900902113003
25.64146406840111,12.083287926460354,7.895014982324686
18.747396793286786,15.367018814351372,7.031935025525952
35.563524659964614,15.367018814351372,6.172993092117912
25.64146406840111,15.367018814351372,10.234664083313548
25.64146406840111,15.367018814351372,10.659019855595632
25.64146406840111,15.367018814351372,10.019900902113003
25.64146406840111,12.083287926460354,7.544686251793044
25.64146406840111,8.665429523559268,2.2228970624194164
27.161944145847936,15.367018814351372,9.476649287052245
25.64146406840111,12.083287926460354,7.347767739391606
18.747396793286786,15.367018814351372,7.031935025525952
41.602422202942066,14.806611922203079,3.3132305444160126
25.64146406840111,15.367018814351372,9.406154665176539
25.64146406840111,15.367018814351372,9.808387829230718
2.511786048191265,19.359209296381234,0.7886107074765166
25.64146406840111,15.367018814351372,10.63649306588472
25.64146406840111,15.367018814351372,10.814968732812225
25.64146406840111,15.367018814351372,9.803661212116557
25.64146406840111,15.367018814351372,10.24895439681212
18.377095853215884,12.083287926460354,8.394703685309313
1.0737604586390026,14.806611922203079,0.3939037735311263
25.64146406840111,15.367018814351372,10.33650116815582
25.64146406840111,15.367018814351372,10.581403875610937
25.64146406840111,15.367018814351372,10.330412864260413
25.64146406840111,15.367018814351372,10.655094127876769
25.64146406840111,12.083287926460354,7.895014982324686
25.64146406840111,15.367018814351372,9.776928342668276
25.64146406840111,15.367018814351372,10.234664083313548
25.64146406840111,12.083287926460354,7.866388857796931
25.64146406840111,15.367018814351372,10.643291371095476
25.64146406840111,15.367018814351372,9.970445438659205
25.64146406840111,12.083287926460354,7.454833658538117
35.563524659964614,15.367018814351372,6.172993092117912
25.64146406840111,15.367018814351372,10.042341697469436
25.64146406840111,15.367018814351372,10.659019855595632
25.64146406840111,15.367018814351372,9.998011186235491
25.64146406840111,15.367018814351372,10.643291371095476
25.64146406840111,15.367018814351372,10.234664083313548
25.64146406840111,15.367018814351372,10.33650116815582
25.64146406840111,15.367018814351372,9.970445438659205
25.64146406840111,15.367018814351372,10.24895439681212
18.747396793286786,15.367018814351372,7.031935025525952
25.64146406840111,15.367018814351372,10.63649306588472
25.64146406840111,15.367018814351372,10.581403875610937
1.0737604586390026,14.806611922203079,0.3939037735311263
36.846932718358865,12.083287926460354,1.6983372451729484
25.64146406840111,15.367018814351372,10.042341697469436
25.64146406840111,15.367018814351372,9.808387829230718
25.64146406840111,15.367018814351372,10.655094127876769
25.64146406840111,15.367018814351372,10.019900902113003
25.64146406840111,15.367018814351372,9.998011186235491
2.511786048191265,19.359209296381234,0.7886107074765166
35.563524659964614,15.367018814351372,6.172993092117912
18.377095853215884,12.083287926460354,8.394703685309313
25.64146406840111,15.367018814351372,10.330412864260413
25.64146406840111,12.083287926460354,7.454833658538117
25.64146406840111,15.367018814351372,9.776928342668276
25.64146406840111,15.367018814351372,10.659019855595632
25.64146406840111,12.083287926460354,7.866388857796931
25.64146406840111,15.367018814351372,9.803661212116557
41.602422202942066,14.806611922203079,3.3132305444160126
25.64146406840111,15.367018814351372,9.406154665176539
25.64146406840111,8.665429523559268,2.2228970624194164
25.64146406840111,12.083287926460354,7.895014982324686
25.64146406840111,15.367018814351372,9.970445438659205
25.64146406840111,15.367018814351372,10.643291371095476
25.64146406840111,15.367018814351372,10.33650116815582
27.161944145847936,15.367018814351372,9.476649287052245
25.64146406840111,15.367018814351372,10.24895439681212
25.64146406840111,12.083287926460354,7.895014982324686
25.64146406840111,15.367018814351372,9.998011186235491
25.64146406840111,15.367018814351372,9.406154665176539
41.602422202942066,14.806611922203079,3.3132305444160126
25.64146406840111,12.083287926460354,7.454833658538117
18.747396793286786,15.367018814351372,7.031935025525952
25.64146406840111,15.367018814351372,10.019900902113003
35.563524659964614,15.367018814351372,6.172993092117912
2.511786048191265,19.359209296381234,0.7886107074765166
25.64146406840111,15.367018814351372,10.63649306588472
25.64146406840111,16.068368783199855,10.466711279490195
25.64146406840111,12.083287926460354,7.743052241613346
25.64146406840111,12.083287926460354,7.866388857796931
36.846932718358865,12.083287926460354,1.6983372451729484
18.377095853215884,12.083287926460354,8.394703685309313
25.64146406840111,15.367018814351372,9.808387829230718
25.64146406840111,15.367018814351372,9.776928342668276
25.64146406840111,15.367018814351372,10.659019855595632
25.64146406840111,12.083287926460354,7.347767739391606
25.64146406840111,15.367018814351372,10.655094127876769
25.64146406840111,12.083287926460354,7.544686251793044
25.64146406840111,15.367018814351372,10.581403875610937
1.0737604586390026,14.806611922203079,0.3939037735311263
25.64146406840111,15.367018814351372,10.042341697469436
25.64146406840111,15.367018814351372,10.814968732812225
25.64146406840111,15.367018814351372,9.803661212116557
25.64146406840111,15.367018814351372,10.234664083313548
25.64146406840111,15.367018814351372,10.330412864260413
25.64146406840111,15.367018814351372,10.24895439681212
25.64146406840111,12.083287926460354,7.743052241613346
18.377095853215884,12.083287926460354,8.394703685309313
25.64146406840111,15.367018814351372,9.970445438659205
36.846932718358865,12.083287926460354,1.6983372451729484
25.64146406840111,12.083287926460354,7.866388857796931
25.64146406840111,15.367018814351372,10.655094127876769
25.64146406840111,12.083287926460354,7.454833658538117
25.64146406840111,15.367018814351372,10.270990126710867
25.64146406840111,15.367018814351372,9.776928342668276
41.602422202942066,14.806611922203079,3.3132305444160126
25.64146406840111,15.367018814351372,9.808387829230718
25.64146406840111,15.367018814351372,10.33650116815582
25.64146406840111,15.367018814351372,10.330412864260413
25.64146406840111,15.367018814351372,10.63649306588472
25.64146406840111,8.665429523559268,2.2228970624194164
25.64146406840111,15.367018814351372,10.019900902113003
18.747396793286786,15.367018814351372,7.031935025525952
25.64146406840111,15.367018814351372,9.803661212116557
25.64146406840111,15.367018814351372,10.659019855595632
25.64146406840111,15.367018814351372,10.643291371095476
25.64146406840111,15.367018814351372,9.406154665176539
25.64146406840111,15.367018814351372,10.814968732812225
25.64146406840111,12.083287926460354,7.544686251793044
25.64146406840111,15.367018814351372,10.234664083313548
25.64146406840111,15.367018814351372,10.042341697469436
25.64146406840111,15.367018814351372,10.581403875610937
25.64146406840111,12.083287926460354,7.895014982324686
25.64146406840111,16.068368783199855,10.466711279490195
25.64146406840111,15.367018814351372,9.998011186235491
35.563524659964614,15.367018814351372,6.172993092117912
1.0737604586390026,14.806611922203079,0.3939037735311263
25.64146406840111,12.083287926460354,7.347767739391606
27.161944145847936,15.367018814351372,9.476649287052245
36.846932718358865,12.083287926460354,1.6983372451729484
25.64146406840111,12.083287926460354,7.347767739391606
25.64146406840111,12.083287926460354,7.895014982324686
25.64146406840111,15.367018814351372,10.24895439681212
25.64146406840111,12.083287926460354,7.866388857796931
25.64146406840111,15.367018814351372,9.970445438659205
25.64146406840111,15.367018814351372,10.824322405311595
25.64146406840111,15.367018814351372,10.643291371095476
27.161944145847936,15.367018814351372,9.476649287052245
2.511786048191265,19.359209296381234,0.7886107074765166
25.64146406840111,15.367018814351372,10.814968732812225
25.64146406840111,15.367018814351372,10.330412864260413
25.64146406840111,8.665429523559268,2.2228970624194164
18.377095853215884,12.083287926460354,8.394703685309313
25.64146406840111,15.367018814351372,10.234664083313548
25.64146406840111,15.367018814351372,9.776928342668276
1.0737604586390026,14.806611922203079,0.3939037735311263
25.64146406840111,12.083287926460354,7.544686251793044
25.64146406840111,15.367018814351372,10.63649306588472
25.64146406840111,12.083287926460354,7.743052241613346
25.64146406840111,15.367018814351372,10.659019855595632
25.64146406840111,15.367018814351372,9.998011186235491
41.602422202942066,14.806611922203079,3.3132305444160126
25.64146406840111,12.083287926460354,7.709888102245941
25.64146406840111,15.367018814351372,10.581403875610937
25.64146406840111,15.367018814351372,10.270990126710867
25.64146406840111,15.367018814351372,9.406154665176539
25.64146406840111,12.083287926460354,7.454833658538117
25.64146406840111,15.367018814351372,9.808387829230718
25.64146406840111,16.068368783199855,10.466711279490195
25.64146406840111,15.367018814351372,10.042341697469436
25.64146406840111,15.367018814351372,10.33650116815582
25.64146406840111,15.367018814351372,9.803661212116557
25.64146406840111,15.367018814351372,10.019900902113003
25.64146406840111,15.367018814351372,10.655094127876769
35.563524659964614,15.367018814351372,6.172993092117912
25.64146406840111,12.083287926460354,7.454833658538117
18.747396793286786,15.367018814351372,7.031935025525952
25.64146406840111,12.083287926460354,7.743052241613346
25.64146406840111,15.367018814351372,10.270990126710867
25.64146406840111,12.083287926460354,7.866388857796931
25.64146406840111,16.068368783199855,10.466711279490195
25.64146406840111,15.367018814351372,10.042341697469436
25.64146406840111,15.367018814351372,9.970445438659205
25.64146406840111,15.367018814351372,10.814968732812225
25.64146406840111,15.367018814351372,10.330412864260413
25.64146406840111,15.367018814351372,10.24895439681212
25.64146406840111,15.367018814351372,10.6160172775786
41.602422202942066,14.806611922203079,3.3132305444160126
25.64146406840111,15.367018814351372,9.406154665176539
25.64146406840111,15.367018814351372,9.803661212116557
25.64146406840111,15.367018814351372,10.655094127876769
25.64146406840111,15.367018814351372,10.659019855595632
25.64146406840111,15.367018814351372,10.019900902113003
25.64146406840111,15.367018814351372,9.998011186235491
25.64146406840111,15.367018814351372,10.33650116815582
25.64146406840111,15.367018814351372,10.63649306588472
41.602422202942066,12.083287926460354,0.10189763325904982
25.64146406840111,12.083287926460354,7.347767739391606
25.64146406840111,15.367018814351372,10.581403875610937
36.846932718358865,12.083287926460354,1.6983372451729484
25.64146406840111,15.367018814351372,10.643291371095476
35.563524659964614,15.367018814351372,6.172993092117912
25.64146406840111,8.665429523559268,2.2228970624194164
1.0737604586390026,14.806611922203079,0.3939037735311263
25.64146406840111,15.367018814351372,10.234664083313548
25.64146406840111,15.367018814351372,9.808387829230718
25.64146406840111,12.083287926460354,7.544686251793044
25.64146406840111,15.367018814351372,10.824322405311595
18.377095853215884,12.083287926460354,8.394703685309313
25.64146406840111,12.083287926460354,7.709888102245941
25.64146406840111,15.367018814351372,9.369773480439427
2.511786048191265,19.359209296381234,0.7886107074765166
25.64146406840111,15.367018814351372,9.776928342668276
25.64146406840111,15.367018814351372,10.270990126710867
25.64146406840111,15.367018814351372,9.808387829230718
25.64146406840111,15.367018814351372,9.776928342668276
25.64146406840111,16.068368783199855,10.466711279490195
1.0737604586390026,14.806611922203079,0.3939037735311263
25.64146406840111,15.367018814351372,9.970445438659205
25.64146406840111,15.367018814351372,9.803661212116557
25.64146406840111,15.367018814351372,10.824322405311595
25.64146406840111,15.367018814351372,9.406154665176539
25.64146406840111,15.367018814351372,9.998011186235491
25.64146406840111,15.367018814351372,10.63649306588472
25.64146406840111,12.083287926460354,7.743052241613346
25.64146406840111,15.367018814351372,10.655094127876769
25.64146406840111,8.665429523559268,2.2228970624194164
25.64146406840111,12.083287926460354,7.347767739391606
25.64146406840111,15.367018814351372,10.33650116815582
41.602422202942066,14.806611922203079,3.3132305444160126
25.64146406840111,12.083287926460354,7.709888102245941
18.377095853215884,12.083287926460354,8.394703685309313
25.64146406840111,15.367018814351372,10.019900902113003
25.64146406840111,15.367018814351372,10.6160172775786
18.747396793286786,15.367018814351372,7.031935025525952
25.64146406840111,15.367018814351372,10.659019855595632
27.161944145847936,15.367018814351372,9.476649287052245
25.64146406840111,15.367018814351372,10.581403875610937
25.64146406840111,15.367018814351372,10.330412864260413
25.64146406840111,15.367018814351372,10.24895439681212
25.64146406840111,12.083287926460354,7.454833658538117
25.64146406840111,30.163861033089336,5.59401337256805
25.64146406840111,12.083287926460354,7.866388857796931
41.602422202942066,12.083287926460354,0.10189763325904982
36.846932718358865,12.083287926460354,1.6983372451729484
25.64146406840111,12.083287926460354,7.220319347288314
25.64146406840111,15.367018814351372,10.042341697469436
25.64146406840111,15.367018814351372,10.893677293555896
35.563524659964614,15.367018814351372,6.172993092117912
25.64146406840111,12.083287926460354,7.895014982324686
2.511786048191265,19.359209296381234,0.7886107074765166
25.64146406840111,15.367018814351372,9.369773480439427
25.64146406840111,15.367018814351372,10.814968732812225
25.64146406840111,12.083287926460354,7.895014982324686
18.747396793286786,15.367018814351372,7.031935025525952
25.64146406840111,15.367018814351372,10.6160172775786
25.64146406840111,15.367018814351372,9.998011186235491
25.64146406840111,15.367018814351372,10.893677293555896
25.64146406840111,15.367018814351372,10.63649306588472
25.64146406840111,15.367018814351372,10.33650116815582
25.64146406840111,15.367018814351372,9.406154665176539
25.64146406840111,15.367018814351372,10.659019855595632
25.64146406840111,15.367018814351372,9.369773480439427
25.64146406840111,15.367018814351372,10.042341697469436
25.64146406840111,16.068368783199855,10.466711279490195
25.64146406840111,15.367018814351372,10.824322405311595
25.64146406840111,15.367018814351372,9.970445438659205
25.64146406840111,12.083287926460354,7.743052241613346
35.563524659964614,15.367018814351372,6.172993092117912
25.64146406840111,15.367018814351372,10.24895439681212
25.64146406840111,15.367018814351372,10.814968732812225
25.64146406840111,15.367018814351372,10.019900902113003
25.64146406840111,12.083287926460354,7.928986374443841
25.64146406840111,15.367018814351372,9.808387829230718
25.64146406840111,8.665429523559268,2.2228970624194164
18.377095853215884,12.083287926460354,8.394703685309313
25.64146406840111,15.367018814351372,10.330412864260413
41.602422202942066,12.083287926460354,0.10189763325904982
25.64146406840111,12.083287926460354,7.85139498034939
25.64146406840111,12.083287926460354,7.347767739391606
2.511786048191265,19.359209296381234,0.7886107074765166
25.64146406840111,15.367018814351372,10.581403875610937
36.846932718358865,12.083287926460354,1.6983372451729484
25.64146406840111,12.083287926460354,7.454833658538117
25.64146406840111,15.367018814351372,10.234664083313548
27.161944145847936,15.367018814351372,9.476649287052245
1.0737604586390026,14.806611922203079,0.3939037735311263
41.602422202942066,14.806611922203079,3.3132305444160126
25.64146406840111,12.083287926460354,7.220319347288314
25.64146406840111,30.163861033089336,5.59401337256805
25.64146406840111,12.083287926460354,7.866388857796931
25.64146406840111,15.367018814351372,9.803661212116557
25.64146406840111,12.083287926460354,7.709888102245941
25.64146406840111,15.367018814351372,9.776928342668276
25.64146406840111,15.367018814351372,10.655094127876769
25.64146406840111,15.367018814351372,10.270990126710867
25.64146406840111,15.367018814351372,9.803661212116557
25.64146406840111,15.367018814351372,10.581403875610937
27.161944145847936,15.367018814351372,9.476649287052245
25.64146406840111,15.367018814351372,10.659019855595632
25.64146406840111,15.367018814351372,10.330412864260413
25.64146406840111,15.367018814351372,9.406154665176539
25.64146406840111,15.367018814351372,10.234664083313548
12.91609072879642,16.068368783199855,5.130998295586007
18.377095853215884,12.083287926460354,8.394703685309313
41.602422202942066,12.083287926460354,0.10189763325904982
2.511786048191265,19.359209296381234,0.7886107074765166
25.64146406840111,12.083287926460354,7.454833658538117
25.64146406840111,12.083287926460354,7.866388857796931
25.64146406840111,12.083287926460354,7.214581589862504
25.64146406840111,12.083287926460354,7.743052241613346
25.64146406840111,15.367018814351372,9.998011186235491
25.64146406840111,16.068368783199855,10.466711279490195
25.64146406840111,12.083287926460354,7.544686251793044
25.64146406840111,12.083287926460354,7.709888102245941
25.64146406840111,15.367018814351372,10.824322405311595
25.64146406840111,14.806611922203079,8.851272304045336
25.64146406840111,15.367018814351372,10.823490587716769
25.64146406840111,12.083287926460354,7.928986374443841
25.64146406840111,12.083287926460354,6.8797483678694675
25.64146406840111,12.083287926460354,7.347767739391606
25.64146406840111,15.367018814351372,10.6160172775786
25.64146406840111,15.367018814351372,10.24895439681212
25.64146406840111,15.367018814351372,10.655094127876769
25.64146406840111,12.083287926460354,7.895014982324686
25.64146406840111,15.367018814351372,9.808387829230718
25.64146406840111,30.163861033089336,5.59401337256805
35.563524659964614,15.367018814351372,6.172993092117912
25.64146406840111,15.367018814351372,10.270990126710867
25.64146406840111,8.665429523559268,2.2228970624194164
41.602422202942066,14.806611922203079,3.3132305444160126
25.64146406840111,15.367018814351372,10.042341697469436
25.64146406840111,15.367018814351372,10.33650116815582
25.64146406840111,12.083287926460354,7.220319347288314
25.64146406840111,15.367018814351372,9.369773480439427
25.64146406840111,15.367018814351372,9.970445438659205
25.64146406840111,15.367018814351372,9.776928342668276
25.64146406840111,15.367018814351372,10.019900902113003
25.64146406840111,12.083287926460354,7.85139498034939
25.64146406840111,15.367018814351372,10.893677293555896
18.747396793286786,15.367018814351372,7.031935025525952
1.0737604586390026,14.806611922203079,0.3939037735311263
25.64146406840111,15.367018814351372,10.823490587716769
25.64146406840111,15.367018814351372,10.659019855595632
2.511786048191265,19.359209296381234,0.7886107074765166
25.64146406840111,15.367018814351372,10.643291371095476
12.91609072879642,16.068368783199855,5.130998295586007
25.64146406840111,12.083287926460354,7.895014982324686
25.64146406840111,8.665429523559268,2.2228970624194164
25.64146406840111,15.367018814351372,10.042341697469436
16.778607568982828,5.580303716685689,1.8628956729850101
25.64146406840111,30.163861033089336,5.59401337256805
27.161944145847936,15.367018814351372,9.476649287052245
35.563524659964614,15.367018814351372,6.172993092117912
25.64146406840111,12.083287926460354,7.866388857796931
18.747396793286786,15.367018814351372,7.031935025525952
25.64146406840111,12.083287926460354,7.928986374443841
41.602422202942066,14.806611922203079,3.3132305444160126
25.64146406840111,15.367018814351372,10.6160172775786
25.64146406840111,15.367018814351372,10.234664083313548
25.64146406840111,12.083287926460354,6.8797483678694675
25.64146406840111,12.083287926460354,7.85139498034939
25.64146406840111,15.367018814351372,10.655094127876769
25.64146406840111,15.367018814351372,9.369773480439427
36.846932718358865,12.083287926460354,1.6983372451729484
25.64146406840111,15.367018814351372,10.33650116815582
41.602422202942066,12.083287926460354,0.10189763325904982
25.64146406840111,12.083287926460354,7.709888102245941
25.64146406840111,16.068368783199855,10.466711279490195
25.64146406840111,15.367018814351372,9.998011186235491
25.64146406840111,12.083287926460354,7.454833658538117
25.64146406840111,15.367018814351372,10.330412864260413
25.64146406840111,14.806611922203079,8.851272304045336
25.64146406840111,15.367018814351372,9.970445438659205
25.64146406840111,12.083287926460354,7.347767739391606
25.64146406840111,12.083287926460354,7.544686251793044
25.64146406840111,15.367018814351372,9.803661212116557
18.377095853215884,12.083287926460354,8.394703685309313
25.64146406840111,12.083287926460354,7.214581589862504
25.64146406840111,15.367018814351372,10.63649306588472
25.64146406840111,15.367018814351372,10.893677293555896
25.64146406840111,15.367018814351372,10.581403875610937
25.64146406840111,15.367018814351372,10.24895439681212
25.64146406840111,15.367018814351372,9.406154665176539
25.64146406840111,12.083287926460354,7.220319347288314
25.64146406840111,15.367018814351372,10.019900902113003
25.64146406840111,15.367018814351372,9.776928342668276
25.64146406840111,12.083287926460354,7.743052241613346
25.64146406840111,15.367018814351372,10.270990126710867
25.64146406840111,15.367018814351372,9.808387829230718
25.64146406840111,15.367018814351372,9.808387829230718
25.64146406840111,12.083287926460354,7.85139498034939
25.64146406840111,12.083287926460354,7.220319347288314
25.64146406840111,15.367018814351372,10.330412864260413
25.64146406840111,15.367018814351372,10.042341697469436
1.0737604586390026,14.806611922203079,0.3939037735311263
25.64146406840111,15.367018814351372,9.086759790119478
25.64146406840111,16.068368783199855,10.466711279490195
25.64146406840111,27.373997671355234,9.632046684605546
36.846932718358865,12.083287926460354,1.6983372451729484
25.64146406840111,15.367018814351372,10.893677293555896
2.511786048191265,19.359209296381234,0.7886107074765166
25.64146406840111,15.367018814351372,10.6160172775786
25.64146406840111,15.367018814351372,10.234664083313548
25.64146406840111,12.083287926460354,7.743052241613346
35.563524659964614,15.367018814351372,6.172993092117912
25.64146406840111,20.15518053187803,7.9454268225556905
25.64146406840111,15.367018814351372,10.655094127876769
25.64146406840111,15.367018814351372,10.019900902113003
25.64146406840111,12.083287926460354,7.866388857796931
25.64146406840111,12.083287926460354,7.928986374443841
25.64146406840111,12.083287926460354,7.544686251793044
25.64146406840111,15.367018814351372,9.970445438659205
25.64146406840111,15.367018814351372,10.643291371095476
41.602422202942066,14.806611922203079,3.3132305444160126
25.64146406840111,12.083287926460354,7.895014982324686
25.64146406840111,15.367018814351372,10.824322405311595
25.64146406840111,15.367018814351372,9.803661212116557
25.64146406840111,12.083287926460354,7.214581589862504
25.64146406840111,12.083287926460354,6.8797483678694675
25.64146406840111,15.367018814351372,9.776928342668276
25.64146406840111,15.367018814351372,10.33650116815582
25.64146406840111,8.665429523559268,2.2228970624194164
12.91609072879642,16.068368783199855,5.130998295586007
25.64146406840111,15.367018814351372,10.814968732812225
25.64146406840111,15.367018814351372,10.63649306588472
25.64146406840111,15.367018814351372,9.369773480439427
25.64146406840111,15.367018814351372,9.406154665176539
25.64146406840111,15.367018814351372,9.998011186235491
25.64146406840111,12.083287926460354,7.709888102245941
18.747396793286786,15.367018814351372,7.031935025525952
25.64146406840111,15.367018814351372,10.270990126710867
16.778607568982828,5.580303716685689,1.8628956729850101
27.161944145847936,15.367018814351372,9.476649287052245
25.64146406840111,30.163861033089336,5.59401337256805
25.64146406840111,12.083287926460354,7.454833658538117
25.64146406840111,14.806611922203079,8.851272304045336
18.377095853215884,12.083287926460354,8.394703685309313
25.64146406840111,15.367018814351372,10.24895439681212
41.602422202942066,12.083287926460354,0.10189763325904982
25.64146406840111,12.083287926460354,7.347767739391606
25.64146406840111,15.367018814351372,10.581403875610937
25.64146406840111,15.367018814351372,10.6160172775786
25.64146406840111,12.083287926460354,7.214581589862504
18.377095853215884,12.083287926460354,8.394703685309313
25.64146406840111,12.083287926460354,7.454833658538117
25.64146406840111,15.367018814351372,9.970445438659205
41.602422202942066,14.806611922203079,3.3132305444160126
25.64146406840111,12.083287926460354,7.709888102245941
25.64146406840111,12.083287926460354,7.544686251793044
25.64146406840111,15.367018814351372,10.655094127876769
25.64146406840111,15.367018814351372,10.893677293555896
25.64146406840111,30.163861033089336,5.59401337256805
25.64146406840111,12.083287926460354,7.347767739391606
25.64146406840111,12.083287926460354,7.866388857796931
25.64146406840111,15.367018814351372,9.803661212116557
25.64146406840111,15.367018814351372,10.824322405311595
25.64146406840111,15.367018814351372,10.234664083313548
25.64146406840111,15.367018814351372,10.24895439681212
25.64146406840111,12.083287926460354,7.85139498034939
25.64146406840111,15.367018814351372,10.643291371095476
25.64146406840111,15.367018814351372,9.086759790119478
18.747396793286786,15.367018814351372,7.031935025525952
1.0737604586390026,14.806611922203079,0.3939037735311263
27.161944145847936,15.367018814351372,9.476649287052245
25.64146406840111,27.373997671355234,9.632046684605546
25.64146406840111,12.083287926460354,7.743052241613346
25.64146406840111,15.367018814351372,9.776928342668276
25.64146406840111,15.367018814351372,10.823490587716769
25.64146406840111,15.367018814351372,10.042341697469436
25.64146406840111,12.083287926460354,7.928986374443841
25.64146406840111,15.367018814351372,9.998011186235491
41.602422202942066,12.083287926460354,0.10189763325904982
25.64146406840111,20.15518053187803,7.9454268225556905
25.64146406840111,15.367018814351372,10.33650116815582
25.64146406840111,15.367018814351372,10.270990126710867
16.778607568982828,5.580303716685689,1.8628956729850101
25.64146406840111,15.367018814351372,10.581403875610937
25.64146406840111,14.806611922203079,10.091838756640202
35.563524659964614,15.367018814351372,6.172993092117912
25.64146406840111,14.806611922203079,8.851272304045336
25.64146406840111,15.367018814351372,9.808387829230718
25.64146406840111,8.665429523559268,2.2228970624194164
25.64146406840111,15.367018814351372,10.028214823331966
25.64146406840111,15.367018814351372,10.019900902113003
36.846932718358865,12.083287926460354,1.6983372451729484
25.64146406840111,15.367018814351372,9.406154665176539
12.91609072879642,16.068368783199855,5.130998295586007
25.64146406840111,15.367018814351372,10.63649306588472
25.64146406840111,15.367018814351372,10.659019855595632
25.64146406840111,15.367018814351372,10.814968732812225
25.64146406840111,12.083287926460354,7.220319347288314
25.64146406840111,15.367018814351372,9.369773480439427
25.64146406840111,15.367018814351372,10.330412864260413
25.64146406840111,16.068368783199855,10.466711279490195
25.64146406840111,12.083287926460354,7.895014982324686
25.64146406840111,30.163861033089336,5.59401337256805
41.602422202942066,14.806611922203079,3.3132305444160126
25.64146406840111,12.083287926460354,7.928986374443841
25.64146406840111,15.367018814351372,10.824322405311595
25.64146406840111,12.083287926460354,7.85139498034939
25.64146406840111,20.15518053187803,7.9454268225556905
25.64146406840111,12.083287926460354,7.544686251793044
25.64146406840111,14.806611922203079,8.851272304045336
25.64146406840111,15.367018814351372,9.803661212116557
2.511786048191265,19.359209296381234,0.7886107074765166
25.64146406840111,16.464312901408196,9.844880050411378
25.64146406840111,15.367018814351372,9.086759790119478
27.161944145847936,15.367018814351372,9.476649287052245
25.64146406840111,15.367018814351372,10.581403875610937
18.377095853215884,12.083287926460354,8.394703685309313
36.846932718358865,12.083287926460354,1.6983372451729484
25.64146406840111,15.367018814351372,10.852589583359348
25.64146406840111,15.367018814351372,10.270990126710867
25.64146406840111,14.806611922203079,10.091838756640202
25.64146406840111,15.367018814351372,10.6160172775786
25.64146406840111,15.367018814351372,10.655094127876769
25.64146406840111,15.367018814351372,9.970445438659205
25.64146406840111,15.367018814351372,10.814968732812225
25.64146406840111,15.367018814351372,10.042341697469436
25.64146406840111,15.367018814351372,9.808387829230718
25.64146406840111,12.083287926460354,7.214581589862504
25.64146406840111,15.367018814351372,10.659019855595632
25.64146406840111,15.367018814351372,10.63649306588472
16.778607568982828,5.580303716685689,1.8628956729850101
25.64146406840111,15.367018814351372,9.998011186235491
25.64146406840111,15.367018814351372,9.776928342668276
25.64146406840111,12.083287926460354,7.743052241613346
25.64146406840111,8.665429523559268,2.2228970624194164
25.64146406840111,15.367018814351372,10.234664083313548
25.64146406840111,15.367018814351372,9.406154665176539
12.91609072879642,16.068368783199855,5.130998295586007
25.64146406840111,15.367018814351372,10.33650116815582
35.563524659964614,15.367018814351372,6.172993092117912
25.64146406840111,15.367018814351372,10.019900902113003
25.64146406840111,15.367018814351372,10.643291371095476
25.64146406840111,16.068368783199855,10.466711279490195
25.64146406840111,15.367018814351372,9.369773480439427
25.64146406840111,15.367018814351372,9.324759755308687
25.64146406840111,15.367018814351372,10.893677293555896
18.747396793286786,15.367018814351372,7.031935025525952
1.0737604586390026,14.806611922203079,0.3939037735311263
25.64146406840111,12.083287926460354,7.866388857796931
25.64146406840111,12.083287926460354,7.454833658538117
25.64146406840111,15.367018814351372,10.24895439681212
25.64146406840111,27.373997671355234,9.632046684605546
25.64146406840111,12.083287926460354,7.895014982324686
25.64146406840111,12.083287926460354,6.8797483678694675
25.64146406840111,14.806611922203079,9.742779778002157
25.64146406840111,12.083287926460354,7.220319347288314
25.64146406840111,15.367018814351372,10.823490587716769
25.64146406840111,15.367018814351372,10.028214823331966
25.64146406840111,12.083287926460354,7.709888102245941
16.359159084690738,10.814033954224431,9.794123637419563
25.64146406840111,12.083287926460354,7.347767739391606
25.64146406840111,15.367018814351372,10.330412864260413
25.64146406840111,15.367018814351372,10.028214823331966
25.64146406840111,15.367018814351372,10.852589583359348
16.359159084690738,10.814033954224431,9.794123637419563
25.64146406840111,15.367018814351372,9.998011186235491
25.64146406840111,14.806611922203079,10.091838756640202
27.161944145847936,15.367018814351372,9.476649287052245
25.64146406840111,15.367018814351372,9.970445438659205
25.64146406840111,12.083287926460354,7.214581589862504
25.64146406840111,12.083287926460354,6.8797483678694675
25.64146406840111,12.083287926460354,7.454833658538117
25.64146406840111,15.367018814351372,10.270990126710867
25.64146406840111,20.15518053187803,7.9454268225556905
25.64146406840111,15.367018814351372,9.803661212116557
25.64146406840111,14.806611922203079,9.742779778002157
25.64146406840111,7.300978666391634,0.10538520847411169
25.64146406840111,15.367018814351372,10.019900902113003
25.64146406840111,15.367018814351372,9.488990968074487
25.64146406840111,15.367018814351372,9.324759755308687
25.64146406840111,12.083287926460354,7.220319347288314
36.846932718358865,12.083287926460354,1.6983372451729484
25.64146406840111,15.367018814351372,10.63649306588472
25.64146406840111,15.367018814351372,10.234664083313548
25.64146406840111,15.367018814351372,10.655094127876769
25.64146406840111,30.163861033089336,5.59401337256805
25.64146406840111,8.665429523559268,2.2228970624194164
25.64146406840111,15.367018814351372,10.6160172775786
1.0737604586390026,14.806611922203079,0.3939037735311263
25.64146406840111,12.083287926460354,7.928986374443841
25.64146406840111,15.367018814351372,9.55380115531989
25.64146406840111,15.367018814351372,10.824322405311595
25.64146406840111,12.083287926460354,7.709888102245941
25.64146406840111,12.083287926460354,7.866388857796931
25.64146406840111,15.367018814351372,10.643291371095476
12.91609072879642,16.068368783199855,5.130998295586007
25.64146406840111,15.367018814351372,10.042341697469436
25.64146406840111,12.083287926460354,7.85139498034939
25.64146406840111,15.367018814351372,10.33650116815582
25.64146406840111,15.367018814351372,10.659019855595632
25.64146406840111,15.367018814351372,10.581403875610937
25.64146406840111,15.367018814351372,10.814968732812225
25.64146406840111,27.373997671355234,9.632046684605546
25.64146406840111,14.806611922203079,8.851272304045336
25.64146406840111,12.083287926460354,7.895014982324686
25.64146406840111,15.367018814351372,9.53851416521414
25.64146406840111,11.813594469983293,7.262401724465174
25.64146406840111,15.367018814351372,10.24895439681212
25.64146406840111,15.367018814351372,9.776928342668276
41.602422202942066,12.083287926460354,0.10189763325904982
44.480057870699795,15.367018814351372,2.8233391230581177
18.747396793286786,15.367018814351372,7.031935025525952
41.602422202942066,14.806611922203079,3.3132305444160126
25.64146406840111,15.367018814351372,9.369773480439427
25.64146406840111,15.367018814351372,9.808387829230718
2.511786048191265,19.359209296381234,0.7886107074765166
25.64146406840111,15.367018814351372,10.893677293555896
35.563524659964614,15.367018814351372,6.172993092117912
25.64146406840111,16.068368783199855,10.466711279490195
16.778607568982828,5.580303716685689,1.8628956729850101
25.64146406840111,16.464312901408196,9.844880050411378
25.64146406840111,15.367018814351372,10.330412864260413
25.64146406840111,15.367018814351372,9.406154665176539
25.64146406840111,12.083287926460354,7.544686251793044
25.64146406840111,12.083287926460354,7.743052241613346
25.64146406840111,15.367018814351372,10.823490587716769
18.377095853215884,12.083287926460354,8.394703685309313
25.64146406840111,15.367018814351372,9.086759790119478
41.602422202942066,14.806611922203079,3.3132305444160126
25.64146406840111,12.083287926460354,7.214581589862504
25.64146406840111,30.163861033089336,5.59401337256805
12.91609072879642,16.068368783199855,5.130998295586007
25.64146406840111,15.367018814351372,10.893677293555896
25.64146406840111,15.367018814351372,10.823490587716769
25.64146406840111,15.367018814351372,9.086759790119478
25.64146406840111,15.367018814351372,10.814968732812225
25.64146406840111,8.665429523559268,2.2228970624194164
25.64146406840111,15.367018814351372,9.803661212116557
25.64146406840111,15.367018814351372,9.970445438659205
16.778607568982828,5.580303716685689,1.8628956729850101
25.64146406840111,12.083287926460354,7.544686251793044
25.64146406840111,12.083287926460354,7.74297369212597
25.64146406840111,15.367018814351372,9.53851416521414
2.511786048191265,19.359209296381234,0.7886107074765166
44.480057870699795,15.367018814351372,2.8233391230581177
25.64146406840111,15.367018814351372,10.852589583359348
25.64146406840111,12.083287926460354,7.743052241613346
25.64146406840111,12.083287926460354,7.454833658538117
25.64146406840111,15.367018814351372,10.659019855595632
25.64146406840111,15.367018814351372,9.406154665176539
25.64146406840111,15.367018814351372,10.270990126710867
25.64146406840111,12.083287926460354,7.220319347288314
25.64146406840111,12.083287926460354,7.928986374443841
25.64146406840111,7.300978666391634,0.10538520847411169
18.377095853215884,12.083287926460354,8.394703685309313
25.64146406840111,14.806611922203079,10.091838756640202
25.64146406840111,16.464312901408196,9.844880050411378
25.64146406840111,15.367018814351372,10.042341697469436
25.64146406840111,15.367018814351372,10.6160172775786
41.602422202942066,12.083287926460354,0.10189763325904982
25.64146406840111,15.367018814351372,9.776928342668276
25.64146406840111,15.367018814351372,10.655094127876769
25.64146406840111,15.367018814351372,9.09752829645627
18.747396793286786,15.367018814351372,7.031935025525952
25.64146406840111,15.367018814351372,10.643291371095476
25.64146406840111,14.806611922203079,8.851272304045336
25.64146406840111,15.367018814351372,10.028214823331966
35.563524659964614,15.367018814351372,6.172993092117912
25.64146406840111,15.367018814351372,9.808387829230718
25.64146406840111,15.367018814351372,10.581403875610937
25.64146406840111,15.367018814351372,9.998011186235491
25.64146406840111,15.367018814351372,10.24895439681212
25.64146406840111,16.068368783199855,10.466711279490195
25.64146406840111,12.083287926460354,7.866388857796931
25.64146406840111,15.367018814351372,9.369773480439427
25.64146406840111,12.083287926460354,6.8797483678694675
25.64146406840111,15.367018814351372,9.324759755308687
25.64146406840111,15.367018814351372,9.55380115531989
25.64146406840111,15.367018814351372,9.101585641409994
25.64146406840111,15.367018814351372,10.019900902113003
25.64146406840111,12.083287926460354,7.709888102245941
27.161944145847936,15.367018814351372,9.476649287052245
1.0737604586390026,14.806611922203079,0.3939037735311263
25.64146406840111,11.813594469983293,7.262401724465174
25.64146406840111,15.367018814351372,10.63649306588472
36.846932718358865,12.083287926460354,1.6983372451729484
25.64146406840111,12.083287926460354,7.85139498034939
25.64146406840111,15.367018814351372,10.330412864260413
25.64146406840111,15.367018814351372,10.249316135566046
25.64146406840111,15.367018814351372,9.488990968074487
36.226911005893086,15.367018814351372,5.6555585092084915
25.64146406840111,15.367018814351372,10.24766405219916
25.64146406840111,20.15518053187803,7.9454268225556905
25.64146406840111,12.083287926460354,7.895014982324686
25.64146406840111,15.367018814351372,10.824322405311595
25.64146406840111,15.367018814351372,10.123630051012615
25.64146406840111,15.367018814351372,10.234664083313548
16.359159084690738,10.814033954224431,9.794123637419563
25.64146406840111,12.083287926460354,7.347767739391606
25.64146406840111,15.367018814351372,10.33650116815582
