37.790219734924236,12.22417049288797,1.4165481278332688
28.38899313818088,27.732452770654966,6.273788694649406
2.3354703462964324,14.806611922203079,0.8539855440826276
25.64146406840111,8.393498628447764,5.199565779339542
25.64146406840111,14.806611922203079,9.297655813682034
28.38899313818088,14.806611922203079,7.81200530381413
25.64146406840111,14.806611922203079,9.497500106834002
25.64146406840111,14.806611922203079,9.124747473027833
25.64146406840111,14.806611922203079,9.883411784759533
25.64146406840111,14.806611922203079,10.548928788411422
29.779088081432285,14.806611922203079,7.413205776784315
6.4622592691532645,14.806611922203079,2.507374326916926
25.64146406840111,14.806611922203079,8.693166936978539
25.64146406840111,14.806611922203079,10.329674449262997
25.64146406840111,0.7967213601810409,0.09755903859588565
25.64146406840111,14.806611922203079,9.772075181287784
25.64146406840111,14.806611922203079,9.443637161025789
25.64146406840111,14.806611922203079,9.963058136978328
10.423466549200567,14.806611922203079,4.459571357616297
25.64146406840111,14.806611922203079,7.916970020694776
10.423466549200567,14.806611922203079,4.307949319723345
10.423466549200567,14.806611922203079,4.029279755373481
25.64146406840111,24.199549795258278,6.831476078385375
25.64146406840111,14.806611922203079,10.543139693352808
25.64146406840111,14.806611922203079,9.459175765364074
10.423466549200567,14.806611922203079,3.968543815774418
1.7317316071774052,14.806611922203079,0.699942120239236
25.64146406840111,14.806611922203079,9.214737641849617
25.64146406840111,14.806611922203079,9.529119350735579
10.423466549200567,14.806611922203079,5.707074914025097
25.64146406840111,14.806611922203079,10.166308085735437
25.64146406840111,14.806611922203079,9.836520302819867
28.38899313818088,14.806611922203079,9.21723597486486
19.7612035751952,14.806611922203079,8.028781903654997
25.64146406840111,14.806611922203079,9.07669275624052
25.64146406840111,14.806611922203079,9.655271729602413
25.64146406840111,14.806611922203079,9.373052537620032
25.64146406840111,14.806611922203079,10.157413334804605
25.64146406840111,14.806611922203079,9.93479894264007
25.64146406840111,14.806611922203079,9.125490583623195
25.64146406840111,25.188214890296464,5.916864684267898
31.168232359262166,14.806611922203079,7.7120250130154675
25.64146406840111,14.806611922203079,10.50030971147351
14.948688738142831,14.806611922203079,6.417929323501486
25.64146406840111,14.806611922203079,9.313782892269051
51.10245595458745,14.806611922203079,0.09551297430975798
26.73390851800584,10.704570416929108,4.976823939519738
9.850447232314785,14.806611922203079,3.7007744185973155
28.38899313818088,14.806611922203079,9.296849465537916
31.40201209079692,14.806611922203079,7.901873376769775
28.38899313818088,14.806611922203079,8.189446230000172
9.850447232314785,14.806611922203079,5.552244703968755
25.64146406840111,14.806611922203079,9.920428668959028
1.6634646867936134,14.806611922203079,0.7261540662816478
10.423466549200567,14.806611922203079,4.310435256659894
10.423466549200567,14.806611922203079,4.434195708037615
10.423466549200567,14.806611922203079,3.8393863577127934
25.64146406840111,14.806611922203079,9.952609560224909
10.423466549200567,14.806611922203079,4.534843692776998
25.64146406840111,7.121315181479927,0.10057671063342631
10.423466549200567,14.806611922203079,4.180093612973661
25.64146406840111,14.806611922203079,9.366478998442451
25.64146406840111,14.806611922203079,10.210083113706613
41.31020720262114,14.806611922203079,3.4638447944002513
10.423466549200567,14.806611922203079,3.8690523867577578
25.64146406840111,14.111035911330784,9.439314194608242
25.64146406840111,14.806611922203079,8.949396499648966
25.64146406840111,14.806611922203079,10.335253463496644
25.64146406840111,28.986308991049157,5.619600525915443
25.64146406840111,14.806611922203079,9.590947187533805
10.423466549200567,24.19790328591692,2.5435001946804334
9.850447232314785,14.806611922203079,4.237144719495677
10.423466549200567,14.806611922203079,4.14546636073475
25.64146406840111,14.806611922203079,10.3127114415425
10.423466549200567,14.806611922203079,4.02365996789711
1.4982491959919635,14.806611922203079,0.6140877853920965
9.850447232314785,14.806611922203079,3.996118858913438
10.423466549200567,18.397670008861706,3.3767639110657703
9.850447232314785,14.806611922203079,4.352810303414225
25.64146406840111,14.806611922203079,8.964813508021042
