0.7807795040177687,23.64137238985326,0.1793063033005128
45.43116200656474,17.930957349715317,5.13958284261801
25.64146406840111,13.810904283799028,9.61528293376008
25.64146406840111,14.538008666855363,9.081362726307082
25.64146406840111,14.806611922203079,10.333238989063913
25.64146406840111,13.810904283799028,9.747114580504364
25.64146406840111,12.866786148905854,7.379457080525468
25.64146406840111,13.810904283799028,9.447078241644233
25.64146406840111,14.806611922203079,10.121797713938204
25.64146406840111,13.810904283799028,9.407101984266772
25.64146406840111,14.538008666855363,8.565005920303308
46.839608128521306,14.538008666855363,0.6212510430811513
24.620260536022588,14.806611922203079,10.69431960745157
34.01622061317414,6.146164885533459,0.09883126031024977
7.919865822365864,12.866786148905854,7.395165463039799
25.64146406840111,14.806611922203079,9.70152581770413
25.64146406840111,13.810904283799028,8.881402453334793
25.64146406840111,1.974937315419485,0.0911474699242876
25.64146406840111,13.810904283799028,9.59753460577119
25.64146406840111,7.7581822270186445,8.644476525706489
25.64146406840111,14.806611922203079,9.917388317634167
25.64146406840111,14.538008666855363,9.803459862515664
39.10354274179008,14.398160081516727,3.7942043629732938
25.64146406840111,13.810904283799028,8.55500889541393
25.64146406840111,14.538008666855363,10.354985141471978
25.64146406840111,14.806611922203079,9.201982740577929
25.64146406840111,1.0657600264253588,0.10122935692217817
25.64146406840111,13.810904283799028,9.56669001630286
25.64146406840111,14.398160081516727,9.922646639425736
25.64146406840111,14.806611922203079,10.3311766801235
46.89320090767659,3.4720018048170864,0.10942501025166629
7.094136446020176,14.806611922203079,2.675225665070303
25.64146406840111,11.173928834643437,6.585523260328175
25.64146406840111,14.538008666855363,9.538790236529845
10.161950342429726,14.538008666855363,4.378091599655075
25.64146406840111,13.810904283799028,9.58411452526099
25.64146406840111,13.356412945906555,8.331109097160493
38.66643302156276,14.806611922203079,4.193821190353767
25.64146406840111,13.810904283799028,8.323902380644032
26.937643594907343,13.810904283799028,8.942964567835613
25.64146406840111,14.538008666855363,10.019436253086035
25.64146406840111,14.806611922203079,9.450634096544004
25.64146406840111,14.538008666855363,9.52333420186797
25.64146406840111,14.538008666855363,9.76008518699247
9.896650225837906,13.810904283799028,4.492478266650685
5.612750735027085,13.810904283799028,2.6243961285828945
25.64146406840111,14.538008666855363,8.496695508340597
25.64146406840111,14.806611922203079,9.631875851212882
25.64146406840111,0.30291979836339955,0.10881689498131392
25.64146406840111,13.418048683292188,7.688998244836067
10.580149215636714,20.957812426499686,3.2185164950125262
25.64146406840111,13.810904283799028,8.892466767338396
46.839608128521306,14.538008666855363,0.6212510430811513
25.64146406840111,11.173928834643437,6.585523260328175
25.64146406840111,14.806611922203079,9.917388317634167
0.7807795040177687,23.64137238985326,0.1793063033005128
46.89320090767659,3.4720018048170864,0.10942501025166629
25.64146406840111,14.538008666855363,8.565005920303308
5.612750735027085,13.810904283799028,2.6243961285828945
25.64146406840111,24.678120486230345,6.521495559682846
10.580149215636714,20.957812426499686,3.2185164950125262
25.64146406840111,12.866786148905854,7.379457080525468
39.10354274179008,14.398160081516727,3.7942043629732938
25.64146406840111,13.418048683292188,7.688998244836067
25.64146406840111,0.30291979836339955,0.10881689498131392
25.64146406840111,14.538008666855363,9.52333420186797
25.64146406840111,14.538008666855363,9.76008518699247
9.896650225837906,13.810904283799028,4.492478266650685
34.01622061317414,6.146164885533459,0.09883126031024977
25.64146406840111,14.538008666855363,9.803459862515664
25.64146406840111,14.806611922203079,9.631875851212882
10.161950342429726,14.538008666855363,4.378091599655075
25.64146406840111,13.356412945906555,8.331109097160493
25.64146406840111,14.538008666855363,8.496695508340597
25.64146406840111,14.806611922203079,9.201982740577929
24.92563821346558,6.146164885533459,0.09239736631378151
25.64146406840111,13.810904283799028,9.58411452526099
25.64146406840111,24.667297925050654,5.962022487601063
25.64146406840111,13.810904283799028,8.55500889541393
24.620260536022588,14.806611922203079,10.69431960745157
38.97019461047335,12.866786148905854,2.0068913225784586
25.64146406840111,13.810904283799028,8.323902380644032
25.64146406840111,14.538008666855363,9.538790236529845
26.937643594907343,13.810904283799028,8.942964567835613
7.094136446020176,14.806611922203079,2.675225665070303
25.64146406840111,14.806611922203079,10.121797713938204
25.64146406840111,1.974937315419485,0.0911474699242876
25.64146406840111,13.810904283799028,8.849723815720855
25.64146406840111,14.398160081516727,9.922646639425736
25.64146406840111,14.538008666855363,10.354985141471978
25.64146406840111,13.810904283799028,8.881402453334793
25.64146406840111,13.810904283799028,9.61528293376008
25.64146406840111,13.810904283799028,9.447078241644233
25.64146406840111,7.7581822270186445,8.644476525706489
25.64146406840111,13.810904283799028,9.407101984266772
25.64146406840111,14.806611922203079,10.333238989063913
25.64146406840111,13.810904283799028,9.56669001630286
25.64146406840111,14.806611922203079,9.450634096544004
7.919865822365864,12.866786148905854,7.395165463039799
25.64146406840111,14.806611922203079,9.70152581770413
25.64146406840111,14.538008666855363,9.528715968073437
25.64146406840111,13.810904283799028,8.892466767338396
25.64146406840111,14.538008666855363,9.081362726307082
38.66643302156276,14.806611922203079,4.193821190353767
25.64146406840111,1.0657600264253588,0.10122935692217817
25.64146406840111,13.810904283799028,9.59753460577119
25.64146406840111,14.538008666855363,10.019436253086035
25.64146406840111,14.538008666855363,9.528715968073437
25.64146406840111,13.810904283799028,9.56669001630286
25.64146406840111,14.538008666855363,9.803459862515664
25.64146406840111,13.810904283799028,8.892466767338396
25.64146406840111,13.810904283799028,9.59753460577119
25.64146406840111,24.667297925050654,5.962022487601063
25.64146406840111,7.7581822270186445,8.644476525706489
25.64146406840111,14.398160081516727,9.922646639425736
25.64146406840111,13.810904283799028,8.849723815720855
25.64146406840111,14.538008666855363,9.538790236529845
25.64146406840111,14.538008666855363,9.76008518699247
25.64146406840111,14.806611922203079,10.3311766801235
25.64146406840111,14.538008666855363,8.565005920303308
26.937643594907343,13.810904283799028,8.942964567835613
25.64146406840111,13.810904283799028,9.58411452526099
25.64146406840111,13.810904283799028,9.61528293376008
0.7807795040177687,23.64137238985326,0.1793063033005128
25.64146406840111,11.173928834643437,6.585523260328175
25.64146406840111,13.418048683292188,7.688998244836067
25.64146406840111,1.0657600264253588,0.10122935692217817
25.64146406840111,13.810904283799028,9.407101984266772
25.64146406840111,13.810904283799028,8.881402453334793
25.64146406840111,14.398160081516727,9.521908696539533
25.64146406840111,13.810904283799028,8.55500889541393
25.64146406840111,14.806611922203079,9.201982740577929
48.98841254314665,14.806611922203079,0.16548886271831525
25.64146406840111,14.538008666855363,8.563489258383203
24.92563821346558,6.146164885533459,0.09239736631378151
5.612750735027085,13.810904283799028,2.6243961285828945
25.64146406840111,1.974937315419485,0.0911474699242876
24.620260536022588,14.806611922203079,10.69431960745157
38.66643302156276,14.806611922203079,4.193821190353767
46.839608128521306,14.538008666855363,0.6212510430811513
25.64146406840111,13.810904283799028,9.747114580504364
25.64146406840111,13.356412945906555,8.331109097160493
25.64146406840111,14.806611922203079,9.631875851212882
25.64146406840111,13.810904283799028,8.323902380644032
7.919865822365864,12.866786148905854,7.395165463039799
25.64146406840111,0.30291979836339955,0.10881689498131392
25.64146406840111,14.538008666855363,9.52333420186797
7.094136446020176,14.806611922203079,2.675225665070303
25.64146406840111,14.538008666855363,10.354985141471978
25.64146406840111,14.538008666855363,10.019436253086035
9.896650225837906,13.810904283799028,4.492478266650685
25.64146406840111,14.538008666855363,9.081362726307082
38.97019461047335,12.866786148905854,2.0068913225784586
25.64146406840111,14.806611922203079,9.450634096544004
39.10354274179008,14.398160081516727,3.7942043629732938
25.64146406840111,14.538008666855363,8.496695508340597
25.64146406840111,14.806611922203079,10.333238989063913
25.64146406840111,13.810904283799028,9.447078241644233
34.01622061317414,6.146164885533459,0.09883126031024977
45.43116200656474,17.930957349715317,5.13958284261801
25.64146406840111,24.678120486230345,6.521495559682846
25.64146406840111,14.806611922203079,10.121797713938204
25.64146406840111,12.866786148905854,7.379457080525468
46.89320090767659,3.4720018048170864,0.10942501025166629
10.161950342429726,14.538008666855363,4.378091599655075
25.64146406840111,14.806611922203079,9.70152581770413
25.64146406840111,13.810904283799028,9.61528293376008
25.64146406840111,13.810904283799028,9.447078241644233
10.161950342429726,14.538008666855363,4.378091599655075
25.64146406840111,13.810904283799028,9.58411452526099
25.64146406840111,14.538008666855363,9.803459862515664
25.64146406840111,13.810904283799028,9.407101984266772
25.64146406840111,13.810904283799028,8.323902380644032
25.64146406840111,14.538008666855363,10.019436253086035
46.89320090767659,3.4720018048170864,0.10942501025166629
25.64146406840111,24.678120486230345,6.521495559682846
25.64146406840111,14.806611922203079,9.201982740577929
39.10354274179008,14.398160081516727,3.7942043629732938
45.43116200656474,17.930957349715317,5.13958284261801
25.64146406840111,7.7581822270186445,8.644476525706489
25.64146406840111,14.806611922203079,8.999279240037932
48.98841254314665,14.806611922203079,0.16548886271831525
25.64146406840111,14.806611922203079,10.3311766801235
25.64146406840111,13.810904283799028,9.060601360447748
25.64146406840111,24.667297925050654,5.962022487601063
26.937643594907343,13.810904283799028,8.942964567835613
25.64146406840111,1.974937315419485,0.0911474699242876
25.64146406840111,13.810904283799028,9.56669001630286
25.64146406840111,13.810904283799028,9.59753460577119
9.896650225837906,13.810904283799028,4.492478266650685
5.612750735027085,13.810904283799028,2.6243961285828945
25.64146406840111,13.810904283799028,8.849723815720855
25.64146406840111,14.538008666855363,8.563489258383203
25.64146406840111,14.538008666855363,9.528715968073437
7.919865822365864,12.866786148905854,7.395165463039799
25.64146406840111,0.30291979836339955,0.10881689498131392
25.64146406840111,14.538008666855363,8.565005920303308
25.64146406840111,14.398160081516727,9.521908696539533
7.094136446020176,14.806611922203079,2.675225665070303
25.64146406840111,13.810904283799028,9.747114580504364
25.64146406840111,14.806611922203079,10.121797713938204
25.64146406840111,14.806611922203079,9.450634096544004
25.64146406840111,14.538008666855363,9.081362726307082
25.64146406840111,12.866786148905854,7.379457080525468
38.97019461047335,12.866786148905854,2.0068913225784586
25.64146406840111,13.810904283799028,8.881402453334793
25.64146406840111,14.398160081516727,9.922646639425736
25.64146406840111,11.173928834643437,6.585523260328175
24.620260536022588,14.806611922203079,10.69431960745157
25.64146406840111,14.806611922203079,9.631875851212882
0.7807795040177687,23.64137238985326,0.1793063033005128
24.92563821346558,6.146164885533459,0.09239736631378151
25.64146406840111,13.810904283799028,8.55500889541393
25.64146406840111,14.538008666855363,9.538790236529845
25.64146406840111,13.810904283799028,8.687766199175423
34.01622061317414,6.146164885533459,0.09883126031024977
25.64146406840111,13.418048683292188,7.688998244836067
25.64146406840111,14.806611922203079,9.917388317634167
25.64146406840111,14.538008666855363,9.76008518699247
46.839608128521306,14.538008666855363,0.6212510430811513
25.64146406840111,14.538008666855363,10.354985141471978
25.64146406840111,1.0657600264253588,0.10122935692217817
25.64146406840111,13.810904283799028,8.892466767338396
25.64146406840111,13.356412945906555,8.331109097160493
10.580149215636714,20.957812426499686,3.2185164950125262
25.64146406840111,14.538008666855363,8.496695508340597
25.64146406840111,14.806611922203079,10.333238989063913
38.66643302156276,14.806611922203079,4.193821190353767
25.64146406840111,12.866786148905854,7.379457080525468
25.64146406840111,14.806611922203079,9.917388317634167
46.839608128521306,14.538008666855363,0.6212510430811513
25.64146406840111,13.810904283799028,8.892466767338396
26.937643594907343,13.810904283799028,8.942964567835613
25.64146406840111,14.538008666855363,9.528715968073437
25.64146406840111,13.810904283799028,8.323902380644032
5.612750735027085,13.810904283799028,2.6243961285828945
25.64146406840111,13.810904283799028,9.56669001630286
25.64146406840111,1.0657600264253588,0.10122935692217817
25.64146406840111,14.806611922203079,9.70152581770413
25.64146406840111,13.810904283799028,9.58411452526099
25.64146406840111,13.810904283799028,9.747114580504364
48.98841254314665,14.806611922203079,0.16548886271831525
25.64146406840111,14.538008666855363,9.76008518699247
25.64146406840111,24.678120486230345,6.521495559682846
25.64146406840111,14.398160081516727,9.922646639425736
25.64146406840111,14.538008666855363,10.273079669195626
46.89320090767659,3.4720018048170864,0.10942501025166629
25.64146406840111,14.538008666855363,9.538790236529845
7.919865822365864,12.866786148905854,7.395165463039799
25.64146406840111,14.538008666855363,8.563489258383203
25.64146406840111,14.806611922203079,8.94162623350576
25.64146406840111,13.810904283799028,8.849723815720855
25.64146406840111,14.806611922203079,10.333238989063913
25.64146406840111,24.667297925050654,5.962022487601063
25.64146406840111,1.974937315419485,0.0911474699242876
25.64146406840111,13.810904283799028,8.687766199175423
25.64146406840111,0.30291979836339955,0.10881689498131392
25.64146406840111,14.806611922203079,10.121797713938204
25.64146406840111,13.356412945906555,8.331109097160493
10.580149215636714,20.957812426499686,3.2185164950125262
9.896650225837906,13.810904283799028,4.492478266650685
25.64146406840111,13.810904283799028,8.55500889541393
39.10354274179008,14.398160081516727,3.7942043629732938
25.64146406840111,14.538008666855363,10.354985141471978
25.64146406840111,13.810904283799028,9.447078241644233
25.64146406840111,14.806611922203079,10.3311766801235
25.64146406840111,14.538008666855363,9.52333420186797
25.64146406840111,14.538008666855363,10.019436253086035
25.64146406840111,14.806611922203079,9.258608837259134
25.64146406840111,14.806611922203079,9.631875851212882
25.64146406840111,13.418048683292188,7.688998244836067
25.64146406840111,13.810904283799028,8.881402453334793
25.64146406840111,14.806611922203079,9.201982740577929
25.64146406840111,14.806611922203079,8.999279240037932
38.66643302156276,14.806611922203079,4.193821190353767
0.7807795040177687,23.64137238985326,0.1793063033005128
24.620260536022588,14.806611922203079,10.69431960745157
25.64146406840111,14.538008666855363,8.565005920303308
24.92563821346558,6.146164885533459,0.09239736631378151
25.64146406840111,21.504262969503166,7.859250206797472
25.64146406840111,14.538008666855363,8.496695508340597
7.094136446020176,14.806611922203079,2.675225665070303
25.64146406840111,13.810904283799028,9.61528293376008
25.64146406840111,14.538008666855363,9.803459862515664
25.64146406840111,11.173928834643437,6.585523260328175
25.64146406840111,13.810904283799028,9.59753460577119
25.64146406840111,13.810904283799028,9.407101984266772
25.64146406840111,13.810904283799028,9.060601360447748
25.64146406840111,14.398160081516727,9.521908696539533
25.64146406840111,14.806611922203079,9.450634096544004
25.64146406840111,7.7581822270186445,8.644476525706489
25.64146406840111,14.538008666855363,9.081362726307082
10.161950342429726,14.538008666855363,4.378091599655075
45.43116200656474,17.930957349715317,5.13958284261801
25.64146406840111,21.504262969503166,7.859250206797472
25.64146406840111,14.538008666855363,10.354985141471978
25.64146406840111,14.538008666855363,9.528715968073437
25.64146406840111,13.810904283799028,9.060601360447748
25.64146406840111,14.806611922203079,10.204026767521894
5.434549806437339,13.810904283799028,2.397206790020943
25.64146406840111,13.810904283799028,9.59753460577119
10.161950342429726,14.538008666855363,4.378091599655075
25.64146406840111,13.810904283799028,9.58411452526099
25.64146406840111,24.678120486230345,6.521495559682846
25.64146406840111,14.806611922203079,9.917388317634167
25.64146406840111,24.667297925050654,5.962022487601063
25.64146406840111,14.806611922203079,9.201982740577929
25.64146406840111,13.810904283799028,8.687766199175423
25.64146406840111,14.806611922203079,8.999279240037932
38.66643302156276,14.806611922203079,4.193821190353767
25.64146406840111,13.810904283799028,9.56669001630286
45.43116200656474,17.930957349715317,5.13958284261801
25.64146406840111,13.810904283799028,9.407101984266772
25.64146406840111,14.538008666855363,8.496695508340597
38.97019461047335,12.866786148905854,2.0068913225784586
25.64146406840111,13.810904283799028,9.61528293376008
46.839608128521306,14.538008666855363,0.6212510430811513
25.64146406840111,13.810904283799028,8.55500889541393
25.64146406840111,14.806611922203079,9.70152581770413
9.896650225837906,13.810904283799028,4.492478266650685
25.64146406840111,13.810904283799028,8.892466767338396
25.64146406840111,13.810904283799028,9.747114580504364
25.64146406840111,13.810904283799028,9.447078241644233
25.64146406840111,14.538008666855363,9.76008518699247
25.64146406840111,14.806611922203079,10.333238989063913
34.01622061317414,6.146164885533459,0.09883126031024977
10.580149215636714,20.957812426499686,3.2185164950125262
25.64146406840111,1.974937315419485,0.0911474699242876
25.64146406840111,13.810904283799028,8.849723815720855
25.64146406840111,13.810904283799028,8.323902380644032
25.64146406840111,14.806611922203079,9.450634096544004
25.64146406840111,13.810904283799028,8.05654725423822
25.64146406840111,14.538008666855363,10.273079669195626
25.64146406840111,14.806611922203079,10.121797713938204
25.64146406840111,1.0657600264253588,0.10122935692217817
48.98841254314665,14.806611922203079,0.16548886271831525
5.612750735027085,13.810904283799028,2.6243961285828945
25.64146406840111,14.538008666855363,9.538790236529845
25.64146406840111,14.538008666855363,8.565005920303308
25.64146406840111,14.806611922203079,9.258608837259134
25.64146406840111,14.538008666855363,9.52333420186797
39.10354274179008,14.398160081516727,3.7942043629732938
25.64146406840111,13.418048683292188,7.688998244836067
0.7807795040177687,23.64137238985326,0.1793063033005128
25.64146406840111,14.806611922203079,8.94162623350576
25.64146406840111,14.806611922203079,10.3311766801235
7.094136446020176,14.806611922203079,2.675225665070303
25.64146406840111,14.806611922203079,8.747245211231014
25.64146406840111,11.173928834643437,6.585523260328175
25.64146406840111,14.538008666855363,10.019436253086035
24.92563821346558,6.146164885533459,0.09239736631378151
25.64146406840111,14.538008666855363,9.803459862515664
24.620260536022588,14.806611922203079,10.69431960745157
7.919865822365864,12.866786148905854,7.395165463039799
25.64146406840111,7.7581822270186445,8.644476525706489
25.64146406840111,14.806611922203079,9.631875851212882
25.64146406840111,14.398160081516727,9.521908696539533
25.64146406840111,14.538008666855363,9.081362726307082
25.64146406840111,0.30291979836339955,0.10881689498131392
25.64146406840111,14.538008666855363,8.563489258383203
46.89320090767659,3.4720018048170864,0.10942501025166629
25.64146406840111,13.356412945906555,8.331109097160493
25.64146406840111,14.398160081516727,9.922646639425736
25.64146406840111,13.810904283799028,8.881402453334793
5.612750735027085,13.810904283799028,2.6243961285828945
25.64146406840111,13.810904283799028,9.58411452526099
25.64146406840111,13.810904283799028,9.060601360447748
24.92563821346558,6.146164885533459,0.09239736631378151
25.64146406840111,14.806611922203079,9.450634096544004
25.64146406840111,24.678120486230345,6.521495559682846
25.64146406840111,14.538008666855363,8.565005920303308
25.64146406840111,14.538008666855363,9.538790236529845
25.64146406840111,14.538008666855363,9.081362726307082
25.64146406840111,21.504262969503166,7.859250206797472
25.64146406840111,14.806611922203079,9.70152581770413
25.64146406840111,14.806611922203079,10.121797713938204
25.64146406840111,14.806611922203079,10.204026767521894
25.64146406840111,14.538008666855363,10.354985141471978
25.64146406840111,14.806611922203079,9.631875851212882
46.89320090767659,3.4720018048170864,0.10942501025166629
25.64146406840111,14.538008666855363,9.76008518699247
25.64146406840111,14.806611922203079,10.3311766801235
25.64146406840111,13.810904283799028,8.881402453334793
25.64146406840111,24.667297925050654,5.962022487601063
7.094136446020176,14.806611922203079,2.675225665070303
39.10354274179008,14.398160081516727,3.7942043629732938
26.937643594907343,13.810904283799028,8.942964567835613
25.64146406840111,13.810904283799028,8.55500889541393
34.01622061317414,6.146164885533459,0.09883126031024977
25.64146406840111,14.806611922203079,9.201982740577929
25.64146406840111,13.810904283799028,9.61528293376008
25.64146406840111,13.810904283799028,9.59753460577119
25.64146406840111,14.806611922203079,9.190730230402025
10.161950342429726,14.538008666855363,4.378091599655075
25.64146406840111,14.806611922203079,8.999279240037932
25.64146406840111,14.806611922203079,9.651295777999723
5.434549806437339,13.810904283799028,2.397206790020943
25.64146406840111,13.810904283799028,8.323902380644032
25.64146406840111,2.4452815899126943,0.10963302242245854
25.64146406840111,1.974937315419485,0.0911474699242876
25.64146406840111,14.806611922203079,8.94162623350576
25.64146406840111,11.173928834643437,6.585523260328175
25.64146406840111,0.30291979836339955,0.10881689498131392
25.64146406840111,13.356412945906555,8.331109097160493
25.64146406840111,13.810904283799028,8.892466767338396
25.64146406840111,14.538008666855363,9.52333420186797
25.64146406840111,14.398160081516727,9.521908696539533
25.64146406840111,14.538008666855363,10.019436253086035
25.64146406840111,13.810904283799028,8.289943091116651
25.64146406840111,14.806611922203079,8.747245211231014
38.97019461047335,12.866786148905854,2.0068913225784586
10.580149215636714,20.957812426499686,3.2185164950125262
25.64146406840111,13.810904283799028,9.447078241644233
25.64146406840111,13.810904283799028,8.849723815720855
0.7807795040177687,23.64137238985326,0.1793063033005128
25.64146406840111,13.810904283799028,8.687766199175423
25.64146406840111,1.0657600264253588,0.10122935692217817
25.64146406840111,14.806611922203079,10.333238989063913
9.896650225837906,13.810904283799028,4.492478266650685
25.64146406840111,14.538008666855363,9.803459862515664
25.64146406840111,14.538008666855363,8.563489258383203
24.620260536022588,14.806611922203079,10.69431960745157
46.839608128521306,14.538008666855363,0.6212510430811513
25.64146406840111,14.538008666855363,10.273079669195626
25.64146406840111,14.538008666855363,8.496695508340597
38.66643302156276,14.806611922203079,4.193821190353767
25.64146406840111,14.538008666855363,9.528715968073437
25.64146406840111,14.648707056243556,9.060185434373109
25.64146406840111,13.418048683292188,7.688998244836067
25.64146406840111,14.398160081516727,9.922646639425736
25.64146406840111,13.810904283799028,9.407101984266772
25.64146406840111,14.806611922203079,9.917388317634167
48.98841254314665,14.806611922203079,0.16548886271831525
25.64146406840111,14.806611922203079,9.258608837259134
45.43116200656474,17.930957349715317,5.13958284261801
25.64146406840111,13.810904283799028,9.56669001630286
