25.64146406840111,14.806611922203079,9.28664597312154
25.64146406840111,14.806611922203079,9.281752737149864
1.4982491959919635,14.806611922203079,0.6344289334030887
1.7317316071774052,14.806611922203079,0.7300757072551592
40.61725893181934,14.806611922203079,3.5025802526142202
25.64146406840111,14.806611922203079,9.784952694688354
25.64146406840111,14.806611922203079,8.777740466164529
25.64146406840111,14.111035911330784,8.965292428936108
9.850447232314785,14.806611922203079,4.143177637467569
25.64146406840111,14.806611922203079,8.790130562457435
25.64146406840111,14.806611922203079,9.318826760220693
25.64146406840111,12.22417049288797,7.052640670657304
25.64146406840111,0.5911099282599785,0.10959092351932252
25.64146406840111,14.806611922203079,9.525749704945634
10.423466549200567,14.806611922203079,4.434195708037615
25.64146406840111,14.806611922203079,9.807436167796862
25.64146406840111,14.806611922203079,8.660618809510526
25.64146406840111,14.806611922203079,9.714568842851147
25.64146406840111,14.806611922203079,10.254560078329506
25.64146406840111,14.806611922203079,9.767210129980677
25.64146406840111,14.806611922203079,9.276096316805768
0.06607780836807109,14.806611922203079,0.09525904448204067
25.64146406840111,22.141935324715064,6.9293359650776285
25.64146406840111,0.7967213601810409,0.09366520847345233
25.64146406840111,12.504512747160632,7.556251994357074
25.64146406840111,14.806611922203079,10.525929214256884
25.64146406840111,14.806611922203079,8.758171829449221
25.64146406840111,25.060145303810593,5.573396763755478
25.64146406840111,14.806611922203079,9.525369575695871
38.57041363239674,14.806611922203079,4.517946406718469
25.64146406840111,14.806611922203079,8.845140422905235
25.64146406840111,9.522115835407485,4.193627487590463
25.64146406840111,14.806611922203079,9.680322946516043
25.64146406840111,14.03178849610434,8.549135039527513
25.64146406840111,14.806611922203079,9.525749704945634
25.64146406840111,14.806611922203079,9.28664597312154
25.64146406840111,14.806611922203079,10.254560078329506
25.64146406840111,14.111035911330784,8.965292428936108
25.64146406840111,14.806611922203079,8.845140422905235
40.61725893181934,14.806611922203079,3.5025802526142202
25.64146406840111,14.806611922203079,9.807436167796862
25.64146406840111,14.03178849610434,8.549135039527513
25.64146406840111,14.806611922203079,9.680322946516043
25.64146406840111,25.060145303810593,5.573396763755478
25.64146406840111,14.806611922203079,9.525369575695871
38.57041363239674,14.806611922203079,4.517946406718469
9.850447232314785,14.806611922203079,4.143177637467569
10.423466549200567,14.806611922203079,4.434195708037615
0.06607780836807109,14.806611922203079,0.09525904448204067
25.64146406840111,0.7967213601810409,0.09366520847345233
25.64146406840111,9.522115835407485,4.193627487590463
25.64146406840111,14.806611922203079,8.660618809510526
25.64146406840111,22.141935324715064,6.9293359650776285
25.64146406840111,14.806611922203079,9.782937236302482
25.64146406840111,14.806611922203079,10.525929214256884
25.64146406840111,14.806611922203079,9.276096316805768
25.64146406840111,14.806611922203079,9.767210129980677
25.64146406840111,14.806611922203079,9.784952694688354
25.64146406840111,12.22417049288797,7.052640670657304
25.64146406840111,14.806611922203079,9.857633550256116
25.64146406840111,14.806611922203079,9.318826760220693
1.4982491959919635,14.806611922203079,0.6344289334030887
25.64146406840111,14.806611922203079,8.777740466164529
25.64146406840111,14.806611922203079,8.790130562457435
1.4982491959919635,14.806611922203079,0.602283894887169
25.64146406840111,12.504512747160632,7.556251994357074
25.64146406840111,14.806611922203079,9.714568842851147
25.64146406840111,0.5911099282599785,0.10959092351932252
25.64146406840111,14.806611922203079,8.758171829449221
1.4982491959919635,14.806611922203079,0.602283894887169
10.423466549200567,14.806611922203079,4.434195708037615
25.64146406840111,0.5911099282599785,0.10959092351932252
25.64146406840111,14.806611922203079,9.857633550256116
25.64146406840111,14.806611922203079,9.276096316805768
25.64146406840111,14.806611922203079,9.525369575695871
25.64146406840111,14.111035911330784,8.965292428936108
25.64146406840111,22.141935324715064,6.9293359650776285
1.4982491959919635,14.806611922203079,0.6344289334030887
25.64146406840111,14.806611922203079,9.28664597312154
25.64146406840111,14.03178849610434,8.549135039527513
25.64146406840111,14.806611922203079,9.714568842851147
25.64146406840111,14.806611922203079,8.777740466164529
25.64146406840111,14.806611922203079,9.318826760220693
25.64146406840111,14.806611922203079,8.660618809510526
13.36426654107856,14.806611922203079,5.106843945465591
25.64146406840111,14.806611922203079,10.483746285267436
25.64146406840111,14.806611922203079,8.845140422905235
25.64146406840111,12.22417049288797,7.052640670657304
25.64146406840111,12.504512747160632,7.556251994357074
1.7317316071774052,14.806611922203079,0.7300757072551592
25.64146406840111,0.7967213601810409,0.09366520847345233
25.64146406840111,14.806611922203079,10.525929214256884
25.64146406840111,14.806611922203079,9.680322946516043
25.64146406840111,25.060145303810593,5.573396763755478
25.64146406840111,14.806611922203079,9.767210129980677
25.64146406840111,14.806611922203079,8.758171829449221
38.57041363239674,14.806611922203079,4.517946406718469
25.64146406840111,14.806611922203079,9.782937236302482
25.64146406840111,14.806611922203079,9.807436167796862
25.64146406840111,9.522115835407485,4.193627487590463
9.850447232314785,14.806611922203079,4.143177637467569
25.64146406840111,14.806611922203079,9.281752737149864
25.64146406840111,14.806611922203079,9.784952694688354
40.61725893181934,14.806611922203079,3.5025802526142202
25.64146406840111,14.806611922203079,10.254560078329506
0.06607780836807109,14.806611922203079,0.09525904448204067
25.64146406840111,14.806611922203079,8.790130562457435
1.4982491959919635,14.806611922203079,0.6344289334030887
0.06607780836807109,14.806611922203079,0.09525904448204067
25.64146406840111,22.141935324715064,6.9293359650776285
10.423466549200567,14.806611922203079,4.434195708037615
25.64146406840111,14.806611922203079,8.777740466164529
25.64146406840111,14.806611922203079,10.525929214256884
25.64146406840111,14.806611922203079,8.758171829449221
25.64146406840111,14.806611922203079,10.254560078329506
25.64146406840111,14.806611922203079,8.660618809510526
25.64146406840111,14.806611922203079,9.807436167796862
25.64146406840111,14.806611922203079,9.281752737149864
13.36426654107856,14.806611922203079,5.106843945465591
25.64146406840111,14.806611922203079,10.274650402168069
25.64146406840111,12.22417049288797,7.052640670657304
25.64146406840111,0.5911099282599785,0.10959092351932252
38.57041363239674,14.806611922203079,4.517946406718469
25.64146406840111,14.806611922203079,8.845140422905235
25.64146406840111,14.806611922203079,9.857633550256116
25.64146406840111,14.806611922203079,10.483746285267436
1.4982491959919635,14.806611922203079,0.602283894887169
25.64146406840111,14.806611922203079,9.680322946516043
25.64146406840111,14.111035911330784,8.965292428936108
25.64146406840111,14.806611922203079,9.767210129980677
1.7317316071774052,14.806611922203079,0.7300757072551592
25.64146406840111,14.806611922203079,9.784952694688354
40.61725893181934,14.806611922203079,3.5025802526142202
25.64146406840111,14.806611922203079,9.782937236302482
25.64146406840111,14.806611922203079,9.318826760220693
25.64146406840111,14.806611922203079,9.28664597312154
25.64146406840111,14.806611922203079,9.276096316805768
9.850447232314785,14.806611922203079,4.143177637467569
25.64146406840111,14.03178849610434,8.549135039527513
25.64146406840111,14.806611922203079,9.525749704945634
25.64146406840111,14.806611922203079,9.525369575695871
25.64146406840111,14.806611922203079,9.714568842851147
25.64146406840111,0.7967213601810409,0.09366520847345233
25.64146406840111,9.522115835407485,4.193627487590463
25.64146406840111,12.504512747160632,7.556251994357074
40.61725893181934,14.806611922203079,3.5025802526142202
25.64146406840111,14.806611922203079,9.525749704945634
1.4982491959919635,14.806611922203079,0.602283894887169
25.64146406840111,14.806611922203079,10.525929214256884
25.64146406840111,14.806611922203079,8.845140422905235
25.64146406840111,14.806611922203079,9.714568842851147
25.64146406840111,14.806611922203079,8.790130562457435
25.64146406840111,22.141935324715064,6.9293359650776285
1.7317316071774052,14.806611922203079,0.7300757072551592
13.36426654107856,14.806611922203079,5.106843945465591
25.64146406840111,14.806611922203079,9.525369575695871
26.73390851800584,10.704570416929108,10.188638050836962
25.64146406840111,14.806611922203079,10.254560078329506
25.64146406840111,14.806611922203079,9.276096316805768
25.64146406840111,14.806611922203079,10.483746285267436
2.3354703462964324,14.806611922203079,0.9580124520502493
25.64146406840111,14.806611922203079,9.857633550256116
25.64146406840111,12.22417049288797,7.052640670657304
25.64146406840111,14.806611922203079,9.680322946516043
25.64146406840111,14.806611922203079,9.784952694688354
25.64146406840111,0.7967213601810409,0.09366520847345233
38.57041363239674,14.806611922203079,4.517946406718469
25.64146406840111,14.806611922203079,9.807436167796862
25.64146406840111,25.060145303810593,5.573396763755478
25.64146406840111,14.806611922203079,8.758171829449221
10.423466549200567,14.806611922203079,4.154811294214872
25.64146406840111,14.03178849610434,8.549135039527513
25.64146406840111,14.806611922203079,9.318826760220693
25.64146406840111,14.806611922203079,8.660618809510526
25.64146406840111,12.504512747160632,7.556251994357074
25.64146406840111,14.806611922203079,9.28664597312154
25.64146406840111,14.111035911330784,8.965292428936108
25.64146406840111,9.522115835407485,4.193627487590463
25.64146406840111,14.806611922203079,9.767210129980677
1.4982491959919635,14.806611922203079,0.6344289334030887
10.423466549200567,14.806611922203079,4.434195708037615
25.64146406840111,0.5911099282599785,0.10959092351932252
25.64146406840111,14.806611922203079,8.777740466164529
25.64146406840111,14.806611922203079,10.274650402168069
0.06607780836807109,14.806611922203079,0.09525904448204067
25.64146406840111,14.806611922203079,9.281752737149864
1.4982491959919635,14.806611922203079,0.602283894887169
25.64146406840111,14.806611922203079,10.274650402168069
25.64146406840111,0.5911099282599785,0.10959092351932252
0.06607780836807109,14.806611922203079,0.09525904448204067
25.64146406840111,22.141935324715064,6.9293359650776285
25.64146406840111,14.806611922203079,9.525749704945634
25.64146406840111,14.806611922203079,8.660618809510526
25.64146406840111,12.504512747160632,7.556251994357074
25.64146406840111,14.806611922203079,9.281752737149864
25.64146406840111,14.806611922203079,8.777740466164529
25.64146406840111,9.522115835407485,4.193627487590463
25.64146406840111,14.806611922203079,9.782937236302482
1.4982491959919635,14.806611922203079,0.6344289334030887
25.64146406840111,14.806611922203079,8.790130562457435
38.57041363239674,14.806611922203079,4.517946406718469
1.7317316071774052,14.806611922203079,0.7300757072551592
25.64146406840111,14.806611922203079,9.525369575695871
9.850447232314785,14.806611922203079,4.143177637467569
25.64146406840111,12.22417049288797,7.052640670657304
25.64146406840111,14.806611922203079,9.857633550256116
25.64146406840111,14.806611922203079,10.525929214256884
26.73390851800584,10.704570416929108,10.188638050836962
25.64146406840111,14.806611922203079,9.784952694688354
25.64146406840111,14.806611922203079,9.714568842851147
13.36426654107856,14.806611922203079,5.106843945465591
25.64146406840111,14.806611922203079,8.845140422905235
25.64146406840111,14.806611922203079,9.276096316805768
25.64146406840111,14.111035911330784,8.965292428936108
10.423466549200567,14.806611922203079,4.154811294214872
25.64146406840111,25.060145303810593,5.573396763755478
25.64146406840111,14.806611922203079,9.807436167796862
25.64146406840111,14.03178849610434,8.549135039527513
25.64146406840111,14.806611922203079,9.28664597312154
2.3354703462964324,14.806611922203079,0.9580124520502493
25.64146406840111,14.806611922203079,9.767210129980677
25.64146406840111,14.806611922203079,8.758171829449221
10.423466549200567,14.806611922203079,4.434195708037615
25.64146406840111,14.806611922203079,9.680322946516043
25.64146406840111,14.806611922203079,10.483746285267436
25.64146406840111,14.806611922203079,10.254560078329506
25.64146406840111,0.7967213601810409,0.09366520847345233
25.64146406840111,14.806611922203079,9.318826760220693
25.64146406840111,14.806611922203079,8.845140422905235
25.64146406840111,22.141935324715064,6.9293359650776285
25.64146406840111,14.806611922203079,10.274650402168069
25.64146406840111,14.111035911330784,8.965292428936108
25.64146406840111,14.806611922203079,9.276096316805768
25.64146406840111,14.806611922203079,8.790130562457435
25.64146406840111,14.806611922203079,9.784952694688354
25.64146406840111,14.806611922203079,10.254560078329506
25.64146406840111,14.806611922203079,9.525369575695871
25.64146406840111,14.806611922203079,9.318826760220693
25.64146406840111,14.806611922203079,9.767210129980677
25.64146406840111,14.806611922203079,9.807436167796862
9.850447232314785,14.806611922203079,4.143177637467569
25.64146406840111,14.806611922203079,8.660618809510526
1.4982491959919635,14.806611922203079,0.6344289334030887
25.64146406840111,0.5911099282599785,0.10959092351932252
25.64146406840111,18.23889851937506,8.73175841678555
0.06607780836807109,14.806611922203079,0.09525904448204067
25.64146406840111,14.806611922203079,10.525929214256884
25.64146406840111,12.22417049288797,7.052640670657304
2.3354703462964324,14.806611922203079,0.9580124520502493
25.64146406840111,14.806611922203079,9.680322946516043
25.64146406840111,0.7967213601810409,0.09366520847345233
25.64146406840111,25.060145303810593,5.573396763755478
25.64146406840111,14.806611922203079,8.758171829449221
25.64146406840111,14.806611922203079,9.782937236302482
25.64146406840111,14.806611922203079,9.857633550256116
25.64146406840111,14.806611922203079,9.28664597312154
25.64146406840111,14.806611922203079,9.714568842851147
38.57041363239674,14.806611922203079,4.517946406718469
10.423466549200567,14.806611922203079,4.434195708037615
25.64146406840111,14.806611922203079,10.483746285267436
26.73390851800584,10.704570416929108,10.188638050836962
25.64146406840111,9.522115835407485,4.193627487590463
25.64146406840111,12.504512747160632,7.556251994357074
1.4982491959919635,14.806611922203079,0.602283894887169
25.64146406840111,14.03178849610434,8.549135039527513
25.64146406840111,14.806611922203079,8.777740466164529
25.64146406840111,14.806611922203079,9.525749704945634
13.36426654107856,14.806611922203079,5.106843945465591
10.423466549200567,14.806611922203079,4.154811294214872
25.64146406840111,14.806611922203079,9.281752737149864
25.64146406840111,14.806611922203079,9.318826760220693
25.64146406840111,14.806611922203079,9.784952694688354
25.64146406840111,14.806611922203079,9.281752737149864
25.64146406840111,14.806611922203079,8.845140422905235
25.64146406840111,14.806611922203079,9.525749704945634
25.64146406840111,25.060145303810593,5.573396763755478
10.423466549200567,14.806611922203079,4.154811294214872
25.64146406840111,18.23889851937506,8.73175841678555
25.64146406840111,14.806611922203079,10.483746285267436
25.64146406840111,14.806611922203079,10.254560078329506
26.73390851800584,10.704570416929108,10.188638050836962
25.64146406840111,14.806611922203079,9.680322946516043
9.850447232314785,14.806611922203079,4.143177637467569
25.64146406840111,14.03178849610434,8.549135039527513
25.64146406840111,14.806611922203079,8.777740466164529
25.64146406840111,0.7967213601810409,0.09366520847345233
25.64146406840111,14.806611922203079,8.790130562457435
1.4982491959919635,14.806611922203079,0.6344289334030887
25.64146406840111,14.806611922203079,9.767210129980677
1.4982491959919635,14.806611922203079,0.602283894887169
38.57041363239674,14.806611922203079,4.517946406718469
13.36426654107856,14.806611922203079,5.106843945465591
1.7317316071774052,14.806611922203079,0.7300757072551592
0.06607780836807109,14.806611922203079,0.09525904448204067
25.64146406840111,12.22417049288797,7.052640670657304
25.64146406840111,14.806611922203079,9.28664597312154
25.64146406840111,14.806611922203079,9.525369575695871
25.64146406840111,14.806611922203079,10.274650402168069
25.64146406840111,14.806611922203079,8.660618809510526
25.64146406840111,14.806611922203079,9.714568842851147
10.423466549200567,14.806611922203079,4.434195708037615
25.64146406840111,14.806611922203079,9.276096316805768
25.64146406840111,12.504512747160632,7.556251994357074
25.64146406840111,22.141935324715064,6.9293359650776285
25.64146406840111,14.806611922203079,9.782937236302482
25.64146406840111,0.5911099282599785,0.10959092351932252
25.64146406840111,14.806611922203079,9.807436167796862
25.64146406840111,9.522115835407485,4.193627487590463
25.64146406840111,14.806611922203079,8.758171829449221
40.61725893181934,14.806611922203079,3.5025802526142202
25.64146406840111,14.806611922203079,9.737704319214474
25.64146406840111,12.504512747160632,7.556251994357074
25.64146406840111,14.806611922203079,8.660618809510526
26.73390851800584,10.704570416929108,10.188638050836962
1.4982491959919635,14.806611922203079,0.6344289334030887
25.64146406840111,14.806611922203079,9.782937236302482
25.64146406840111,14.806611922203079,8.758171829449221
25.64146406840111,25.060145303810593,5.573396763755478
25.64146406840111,14.806611922203079,9.525749704945634
13.36426654107856,14.806611922203079,5.106843945465591
25.64146406840111,14.111035911330784,8.965292428936108
25.64146406840111,14.806611922203079,9.784952694688354
25.64146406840111,14.806611922203079,8.777740466164529
25.64146406840111,14.806611922203079,9.276096316805768
25.64146406840111,14.806611922203079,9.525369575695871
25.64146406840111,14.806611922203079,10.274650402168069
25.64146406840111,14.806611922203079,10.499942591660004
25.64146406840111,14.806611922203079,9.281752737149864
25.64146406840111,14.806611922203079,9.318826760220693
25.64146406840111,0.7967213601810409,0.09366520847345233
25.64146406840111,22.141935324715064,6.9293359650776285
25.64146406840111,14.806611922203079,9.807436167796862
25.64146406840111,14.806611922203079,9.737704319214474
1.7317316071774052,14.806611922203079,0.7300757072551592
38.57041363239674,14.806611922203079,4.517946406718469
25.64146406840111,14.806611922203079,9.767210129980677
25.64146406840111,14.806611922203079,10.483746285267436
25.64146406840111,0.5911099282599785,0.10959092351932252
25.64146406840111,14.806611922203079,8.845140422905235
25.64146406840111,14.806611922203079,9.857633550256116
25.64146406840111,12.22417049288797,7.052640670657304
25.64146406840111,14.806611922203079,9.680322946516043
9.850447232314785,14.806611922203079,4.143177637467569
40.61725893181934,14.806611922203079,3.5025802526142202
25.64146406840111,14.806611922203079,8.790130562457435
25.64146406840111,14.806611922203079,9.28664597312154
10.423466549200567,14.806611922203079,4.154811294214872
25.64146406840111,14.806611922203079,10.525929214256884
25.64146406840111,14.03178849610434,8.549135039527513
10.423466549200567,14.806611922203079,4.434195708037615
2.3354703462964324,14.806611922203079,0.9580124520502493
25.64146406840111,14.806611922203079,10.254560078329506
25.64146406840111,14.806611922203079,9.714568842851147
25.64146406840111,18.23889851937506,8.73175841678555
25.64146406840111,9.522115835407485,4.193627487590463
25.64146406840111,0.7967213601810409,0.09366520847345233
25.64146406840111,14.806611922203079,9.784952694688354
25.64146406840111,25.060145303810593,5.573396763755478
25.64146406840111,12.22417049288797,7.052640670657304
25.64146406840111,14.806611922203079,9.28664597312154
25.64146406840111,14.806611922203079,10.525929214256884
9.850447232314785,14.806611922203079,4.143177637467569
38.57041363239674,14.806611922203079,4.517946406718469
25.64146406840111,14.806611922203079,10.274650402168069
25.64146406840111,14.111035911330784,8.965292428936108
25.64146406840111,14.806611922203079,9.971442268073984
25.64146406840111,14.806611922203079,10.499942591660004
10.423466549200567,14.806611922203079,4.434195708037615
25.64146406840111,0.5911099282599785,0.10959092351932252
1.4982491959919635,14.806611922203079,0.602283894887169
0.06607780836807109,14.806611922203079,0.09525904448204067
25.64146406840111,14.806611922203079,8.777740466164529
25.64146406840111,14.806611922203079,9.767210129980677
25.64146406840111,14.806611922203079,9.281752737149864
25.64146406840111,14.806611922203079,9.714568842851147
25.64146406840111,14.806611922203079,8.660618809510526
1.7317316071774052,14.806611922203079,0.7300757072551592
25.64146406840111,14.806611922203079,9.525749704945634
25.64146406840111,14.806611922203079,9.525369575695871
2.3354703462964324,14.806611922203079,0.9580124520502493
25.64146406840111,14.806611922203079,9.44155878555633
25.64146406840111,14.806611922203079,9.276096316805768
10.423466549200567,14.806611922203079,4.154811294214872
25.64146406840111,14.806611922203079,9.318826760220693
25.64146406840111,14.806611922203079,9.807436167796862
25.64146406840111,14.806611922203079,8.845140422905235
25.64146406840111,14.806611922203079,9.737704319214474
25.64146406840111,14.806611922203079,10.08156032890772
25.64146406840111,22.141935324715064,6.9293359650776285
1.4982491959919635,14.806611922203079,0.6344289334030887
25.64146406840111,18.23889851937506,8.73175841678555
26.73390851800584,10.704570416929108,10.188638050836962
25.64146406840111,14.806611922203079,10.254560078329506
25.64146406840111,14.806611922203079,9.680322946516043
13.36426654107856,14.806611922203079,5.106843945465591
25.64146406840111,14.806611922203079,10.483746285267436
25.64146406840111,14.03178849610434,8.549135039527513
25.64146406840111,9.522115835407485,4.193627487590463
25.64146406840111,14.806611922203079,9.857633550256116
40.61725893181934,14.806611922203079,3.5025802526142202
25.64146406840111,12.504512747160632,7.556251994357074
25.64146406840111,14.806611922203079,9.971442268073984
1.4982491959919635,14.806611922203079,0.6344289334030887
25.64146406840111,14.806611922203079,9.525369575695871
25.64146406840111,14.806611922203079,8.790130562457435
25.64146406840111,25.060145303810593,5.573396763755478
25.64146406840111,14.806611922203079,9.807436167796862
25.64146406840111,14.111035911330784,8.965292428936108
25.64146406840111,0.5911099282599785,0.10959092351932252
25.64146406840111,14.806611922203079,10.274650402168069
25.64146406840111,18.23889851937506,8.73175841678555
25.64146406840111,14.806611922203079,9.525749704945634
25.64146406840111,14.806611922203079,10.254560078329506
25.64146406840111,14.806611922203079,9.680322946516043
38.57041363239674,14.806611922203079,4.517946406718469
26.73390851800584,10.704570416929108,10.188638050836962
25.64146406840111,14.806611922203079,10.08156032890772
25.64146406840111,14.03178849610434,8.549135039527513
25.64146406840111,14.806611922203079,9.857633550256116
25.64146406840111,14.806611922203079,9.318826760220693
25.64146406840111,22.141935324715064,6.9293359650776285
25.64146406840111,14.806611922203079,10.166308085735437
25.64146406840111,14.806611922203079,8.758171829449221
1.7317316071774052,14.806611922203079,0.7300757072551592
2.3354703462964324,14.806611922203079,0.9580124520502493
25.64146406840111,14.806611922203079,10.483746285267436
25.64146406840111,14.806611922203079,8.845140422905235
9.850447232314785,14.806611922203079,4.143177637467569
25.64146406840111,14.806611922203079,8.660618809510526
40.61725893181934,14.806611922203079,3.5025802526142202
10.423466549200567,14.806611922203079,4.154811294214872
25.64146406840111,14.806611922203079,9.28664597312154
25.64146406840111,14.806611922203079,9.281752737149864
10.423466549200567,14.806611922203079,4.434195708037615
25.64146406840111,14.806611922203079,10.525929214256884
25.64146406840111,14.806611922203079,9.44155878555633
25.64146406840111,14.806611922203079,10.499942591660004
13.36426654107856,14.806611922203079,5.106843945465591
25.64146406840111,9.522115835407485,4.193627487590463
25.64146406840111,14.806611922203079,9.714568842851147
1.4982491959919635,14.806611922203079,0.602283894887169
25.64146406840111,14.806611922203079,10.51027200292549
25.64146406840111,14.806611922203079,9.276096316805768
25.64146406840111,12.22417049288797,7.052640670657304
25.64146406840111,14.806611922203079,9.767210129980677
25.64146406840111,14.806611922203079,9.737704319214474
25.64146406840111,14.806611922203079,9.784952694688354
25.64146406840111,14.806611922203079,9.782937236302482
25.64146406840111,14.806611922203079,9.737704319214474
25.64146406840111,14.806611922203079,10.274650402168069
25.64146406840111,14.03178849610434,8.549135039527513
10.423466549200567,14.806611922203079,4.434195708037615
9.850447232314785,14.806611922203079,4.143177637467569
25.64146406840111,0.7967213601810409,0.09366520847345233
25.64146406840111,12.504512747160632,7.556251994357074
25.64146406840111,14.806611922203079,9.177111513491543
25.64146406840111,14.806611922203079,10.166308085735437
25.64146406840111,14.806611922203079,10.254560078329506
25.64146406840111,14.806611922203079,10.499942591660004
25.64146406840111,14.806611922203079,10.483746285267436
1.4982491959919635,14.806611922203079,0.6344289334030887
25.64146406840111,0.5911099282599785,0.10959092351932252
25.64146406840111,14.806611922203079,8.702967700163276
18.27721212333781,14.806611922203079,7.2728075009621245
38.57041363239674,14.806611922203079,4.517946406718469
25.64146406840111,14.806611922203079,9.276096316805768
25.64146406840111,14.806611922203079,8.660618809510526
25.64146406840111,14.806611922203079,9.28664597312154
25.64146406840111,14.806611922203079,9.857633550256116
25.64146406840111,14.806611922203079,9.318826760220693
25.64146406840111,25.060145303810593,5.573396763755478
25.64146406840111,14.806611922203079,9.525749704945634
25.64146406840111,14.806611922203079,9.971442268073984
0.06607780836807109,14.806611922203079,0.09525904448204067
25.64146406840111,14.806611922203079,9.680322946516043
25.64146406840111,14.806611922203079,9.767210129980677
25.64146406840111,18.23889851937506,8.73175841678555
25.64146406840111,14.806611922203079,8.790130562457435
25.64146406840111,14.806611922203079,9.784952694688354
25.64146406840111,14.806611922203079,10.08156032890772
10.423466549200567,14.806611922203079,4.154811294214872
25.64146406840111,14.806611922203079,9.281752737149864
1.7317316071774052,14.806611922203079,0.7300757072551592
13.36426654107856,14.806611922203079,5.106843945465591
25.64146406840111,14.806611922203079,9.714568842851147
25.64146406840111,14.806611922203079,9.525369575695871
25.64146406840111,14.806611922203079,10.525929214256884
25.64146406840111,14.806611922203079,8.777740466164529
25.64146406840111,14.806611922203079,8.758171829449221
25.64146406840111,12.22417049288797,7.052640670657304
26.73390851800584,10.704570416929108,10.188638050836962
1.4982491959919635,14.806611922203079,0.602283894887169
40.61725893181934,14.806611922203079,3.5025802526142202
25.64146406840111,14.806611922203079,9.44155878555633
25.64146406840111,14.806611922203079,9.807436167796862
25.64146406840111,14.806611922203079,10.51027200292549
2.3354703462964324,14.806611922203079,0.9580124520502493
25.64146406840111,14.806611922203079,9.782937236302482
25.64146406840111,14.806611922203079,8.845140422905235
25.64146406840111,9.522115835407485,4.193627487590463
25.64146406840111,14.111035911330784,8.965292428936108
25.64146406840111,9.522115835407485,4.193627487590463
10.423466549200567,14.806611922203079,4.434195708037615
1.7317316071774052,14.806611922203079,0.7300757072551592
25.64146406840111,14.806611922203079,10.499942591660004
25.64146406840111,12.22417049288797,7.052640670657304
25.64146406840111,14.806611922203079,8.777740466164529
25.64146406840111,0.5911099282599785,0.10959092351932252
25.64146406840111,14.806611922203079,9.525369575695871
25.64146406840111,14.806611922203079,10.51027200292549
25.64146406840111,28.703412809090658,4.8735425599380715
25.64146406840111,14.806611922203079,9.725816820338087
25.64146406840111,14.806611922203079,9.807436167796862
1.4982491959919635,14.806611922203079,0.6344289334030887
2.3354703462964324,14.806611922203079,0.9580124520502493
25.64146406840111,25.060145303810593,5.573396763755478
25.64146406840111,14.806611922203079,9.177111513491543
25.64146406840111,14.806611922203079,8.790130562457435
0.06607780836807109,14.806611922203079,0.09525904448204067
38.57041363239674,14.806611922203079,4.517946406718469
25.64146406840111,14.806611922203079,10.08156032890772
25.64146406840111,14.806611922203079,9.276096316805768
10.423466549200567,14.806611922203079,4.154811294214872
25.64146406840111,14.806611922203079,9.894141052944018
25.64146406840111,14.03178849610434,8.549135039527513
25.64146406840111,14.806611922203079,8.758171829449221
25.64146406840111,14.806611922203079,9.784952694688354
25.64146406840111,14.806611922203079,10.166308085735437
25.64146406840111,14.806611922203079,9.28664597312154
25.64146406840111,14.806611922203079,8.702967700163276
25.64146406840111,0.7967213601810409,0.09366520847345233
25.64146406840111,14.806611922203079,8.845140422905235
25.64146406840111,22.141935324715064,6.9293359650776285
25.64146406840111,14.806611922203079,9.971442268073984
18.27721212333781,14.806611922203079,7.2728075009621245
25.64146406840111,14.806611922203079,9.525749704945634
25.64146406840111,25.188214890296464,9.548687130483785
25.64146406840111,14.806611922203079,9.714568842851147
25.64146406840111,14.806611922203079,9.318826760220693
40.61725893181934,14.806611922203079,3.5025802526142202
25.64146406840111,14.806611922203079,9.281752737149864
25.64146406840111,14.806611922203079,10.525929214256884
9.850447232314785,14.806611922203079,4.143177637467569
25.64146406840111,18.23889851937506,8.73175841678555
1.4982491959919635,14.806611922203079,0.602283894887169
25.64146406840111,14.806611922203079,10.274650402168069
25.64146406840111,14.806611922203079,9.767210129980677
25.64146406840111,14.806611922203079,10.483746285267436
25.64146406840111,14.806611922203079,10.254560078329506
25.64146406840111,12.504512747160632,7.556251994357074
25.64146406840111,14.806611922203079,8.660618809510526
25.64146406840111,14.806611922203079,9.737704319214474
25.64146406840111,14.806611922203079,9.680322946516043
10.423466549200567,14.806611922203079,4.029279755373481
26.73390851800584,10.704570416929108,10.188638050836962
13.36426654107856,14.806611922203079,5.106843945465591
25.64146406840111,14.806611922203079,9.782937236302482
25.64146406840111,14.111035911330784,8.965292428936108
25.64146406840111,14.806611922203079,9.714568842851147
25.64146406840111,14.806611922203079,8.758171829449221
25.64146406840111,14.806611922203079,9.725816820338087
40.61725893181934,14.806611922203079,3.5025802526142202
25.64146406840111,14.806611922203079,9.894141052944018
2.3354703462964324,14.806611922203079,0.9580124520502493
9.850447232314785,14.806611922203079,4.143177637467569
25.64146406840111,14.806611922203079,10.166308085735437
25.64146406840111,14.806611922203079,9.177111513491543
10.423466549200567,14.806611922203079,4.154811294214872
25.64146406840111,14.806611922203079,9.767210129980677
25.64146406840111,25.188214890296464,9.548687130483785
25.64146406840111,14.806611922203079,9.971442268073984
25.64146406840111,14.111035911330784,8.965292428936108
25.64146406840111,14.806611922203079,9.525749704945634
25.64146406840111,14.806611922203079,9.784952694688354
25.64146406840111,14.03178849610434,8.549135039527513
26.73390851800584,10.704570416929108,10.188638050836962
1.7317316071774052,14.806611922203079,0.7300757072551592
25.64146406840111,14.806611922203079,10.499942591660004
0.06607780836807109,14.806611922203079,0.09525904448204067
25.64146406840111,14.806611922203079,10.51027200292549
25.64146406840111,14.806611922203079,9.28664597312154
25.64146406840111,14.806611922203079,10.483746285267436
25.64146406840111,14.806611922203079,10.08156032890772
25.64146406840111,14.806611922203079,9.807436167796862
25.64146406840111,14.806611922203079,9.44155878555633
25.64146406840111,14.806611922203079,8.845140422905235
25.64146406840111,12.22417049288797,7.052640670657304
25.64146406840111,14.806611922203079,8.702967700163276
25.64146406840111,12.504512747160632,7.556251994357074
25.64146406840111,14.806611922203079,9.680322946516043
25.64146406840111,14.806611922203079,10.274650402168069
25.64146406840111,14.806611922203079,9.218301332411123
10.423466549200567,14.806611922203079,4.434195708037615
25.64146406840111,14.806611922203079,10.525929214256884
25.64146406840111,28.703412809090658,4.8735425599380715
25.64146406840111,9.522115835407485,4.193627487590463
25.64146406840111,14.806611922203079,9.525369575695871
25.64146406840111,14.806611922203079,8.777740466164529
25.64146406840111,14.806611922203079,10.254560078329506
25.64146406840111,14.806611922203079,9.318826760220693
10.423466549200567,14.806611922203079,4.029279755373481
25.64146406840111,14.806611922203079,9.281752737149864
25.64146406840111,18.23889851937506,8.73175841678555
38.57041363239674,14.806611922203079,4.517946406718469
25.64146406840111,14.806611922203079,9.737704319214474
13.36426654107856,14.806611922203079,5.106843945465591
25.64146406840111,22.141935324715064,6.9293359650776285
1.4982491959919635,14.806611922203079,0.602283894887169
1.4982491959919635,14.806611922203079,0.6344289334030887
25.64146406840111,14.806611922203079,8.790130562457435
18.27721212333781,14.806611922203079,7.2728075009621245
25.64146406840111,14.806611922203079,9.782937236302482
25.64146406840111,0.5911099282599785,0.10959092351932252
25.64146406840111,14.806611922203079,9.857633550256116
38.57041363239674,14.806611922203079,4.517946406718469
25.64146406840111,28.986308991049157,5.728130712347192
25.64146406840111,14.806611922203079,9.218301332411123
25.64146406840111,14.806611922203079,9.767210129980677
25.64146406840111,14.806611922203079,9.28664597312154
25.64146406840111,14.806611922203079,9.807436167796862
25.64146406840111,14.806611922203079,9.281752737149864
25.64146406840111,0.5911099282599785,0.10959092351932252
25.64146406840111,15.31756414681887,10.37652951275684
25.64146406840111,14.806611922203079,9.525749704945634
8.005920234862185,14.806611922203079,3.5010313091168856
25.64146406840111,14.806611922203079,10.483746285267436
25.64146406840111,14.806611922203079,8.758171829449221
25.64146406840111,25.188214890296464,9.548687130483785
25.64146406840111,14.806611922203079,10.254560078329506
25.64146406840111,14.806611922203079,9.177111513491543
25.64146406840111,25.060145303810593,5.573396763755478
25.64146406840111,14.806611922203079,9.894141052944018
10.423466549200567,14.806611922203079,4.029279755373481
0.06607780836807109,14.806611922203079,0.09525904448204067
25.64146406840111,12.22417049288797,7.052640670657304
25.64146406840111,14.806611922203079,9.725816820338087
25.64146406840111,12.504512747160632,7.556251994357074
2.3354703462964324,14.806611922203079,0.9580124520502493
25.64146406840111,14.806611922203079,8.845140422905235
25.64146406840111,14.806611922203079,10.08156032890772
25.64146406840111,28.703412809090658,4.8735425599380715
25.64146406840111,14.806611922203079,9.680322946516043
13.36426654107856,14.806611922203079,5.106843945465591
25.64146406840111,14.806611922203079,9.737704319214474
9.850447232314785,14.806611922203079,4.143177637467569
25.64146406840111,14.806611922203079,9.784952694688354
25.64146406840111,14.806611922203079,10.51027200292549
1.6634646867936134,14.806611922203079,0.6774542018804527
25.64146406840111,14.806611922203079,9.276096316805768
25.64146406840111,0.7967213601810409,0.09366520847345233
25.64146406840111,14.806611922203079,9.782937236302482
25.64146406840111,22.141935324715064,6.9293359650776285
10.423466549200567,14.806611922203079,4.434195708037615
40.61725893181934,14.806611922203079,3.5025802526142202
1.4982491959919635,14.806611922203079,0.6344289334030887
25.64146406840111,18.23889851937506,8.73175841678555
25.64146406840111,14.806611922203079,8.702967700163276
18.27721212333781,14.806611922203079,7.2728075009621245
25.64146406840111,14.806611922203079,8.777740466164529
26.73390851800584,10.704570416929108,10.188638050836962
25.64146406840111,14.03178849610434,8.549135039527513
1.7317316071774052,14.806611922203079,0.7300757072551592
25.64146406840111,9.522115835407485,4.193627487590463
25.64146406840111,14.806611922203079,10.166308085735437
25.64146406840111,14.806611922203079,8.660618809510526
25.64146406840111,14.806611922203079,9.525369575695871
25.64146406840111,14.111035911330784,8.965292428936108
25.64146406840111,14.806611922203079,9.318826760220693
25.64146406840111,14.806611922203079,10.274650402168069
25.64146406840111,14.806611922203079,10.525929214256884
10.423466549200567,14.806611922203079,4.154811294214872
25.64146406840111,14.806611922203079,9.857633550256116
25.64146406840111,14.806611922203079,9.714568842851147
25.64146406840111,14.806611922203079,8.790130562457435
25.64146406840111,14.806611922203079,9.971442268073984
25.64146406840111,14.806611922203079,10.499942591660004
25.64146406840111,14.806611922203079,9.44155878555633
25.64146406840111,28.986308991049157,5.728130712347192
25.64146406840111,25.188214890296464,9.548687130483785
25.64146406840111,14.806611922203079,9.281752737149864
38.57041363239674,14.806611922203079,4.517946406718469
25.64146406840111,14.806611922203079,9.971442268073984
25.64146406840111,14.03178849610434,8.549135039527513
18.27721212333781,14.806611922203079,7.2728075009621245
1.6634646867936134,14.806611922203079,0.6774542018804527
10.423466549200567,14.806611922203079,4.154811294214872
25.64146406840111,15.31756414681887,10.37652951275684
25.64146406840111,0.5911099282599785,0.10959092351932252
25.64146406840111,14.806611922203079,9.44297182914846
25.64146406840111,14.806611922203079,10.51027200292549
25.64146406840111,14.806611922203079,10.254560078329506
37.790219734924236,12.22417049288797,1.454446544557409
25.64146406840111,14.806611922203079,9.680322946516043
25.64146406840111,14.806611922203079,8.777740466164529
25.64146406840111,14.806611922203079,8.790130562457435
25.64146406840111,14.806611922203079,9.218301332411123
26.73390851800584,10.704570416929108,10.188638050836962
25.64146406840111,12.504512747160632,7.556251994357074
25.64146406840111,14.806611922203079,9.894141052944018
25.64146406840111,14.806611922203079,9.525369575695871
25.64146406840111,14.806611922203079,8.660618809510526
25.64146406840111,14.806611922203079,10.274650402168069
25.64146406840111,14.806611922203079,9.784952694688354
25.64146406840111,14.806611922203079,9.857633550256116
25.64146406840111,14.806611922203079,10.483746285267436
25.64146406840111,14.806611922203079,9.767210129980677
40.61725893181934,14.806611922203079,3.5025802526142202
13.36426654107856,14.806611922203079,5.106843945465591
10.423466549200567,14.806611922203079,4.434195708037615
25.64146406840111,14.111035911330784,8.965292428936108
8.005920234862185,14.806611922203079,3.5010313091168856
25.64146406840111,14.806611922203079,8.758171829449221
25.64146406840111,14.806611922203079,9.28664597312154
25.64146406840111,14.806611922203079,10.166308085735437
25.64146406840111,14.806611922203079,8.845140422905235
25.64146406840111,14.806611922203079,9.737704319214474
25.64146406840111,14.806611922203079,9.177111513491543
0.06607780836807109,14.806611922203079,0.09525904448204067
25.64146406840111,14.806611922203079,8.702967700163276
25.64146406840111,14.806611922203079,9.318826760220693
25.64146406840111,25.060145303810593,5.573396763755478
25.64146406840111,14.806611922203079,10.08156032890772
25.64146406840111,14.806611922203079,9.276096316805768
25.64146406840111,14.806611922203079,10.525929214256884
2.3354703462964324,14.806611922203079,0.9580124520502493
25.64146406840111,14.806611922203079,10.14650927969871
25.64146406840111,14.806611922203079,10.008995773691632
1.4982491959919635,14.806611922203079,0.602283894887169
25.64146406840111,14.806611922203079,9.807436167796862
25.64146406840111,14.806611922203079,10.499942591660004
25.64146406840111,22.141935324715064,6.9293359650776285
25.64146406840111,0.7967213601810409,0.09366520847345233
25.64146406840111,14.806611922203079,9.44155878555633
9.850447232314785,14.806611922203079,4.143177637467569
10.423466549200567,14.806611922203079,4.029279755373481
25.64146406840111,14.806611922203079,9.530709528518317
25.64146406840111,12.22417049288797,7.052640670657304
25.64146406840111,14.806611922203079,9.714568842851147
25.64146406840111,14.806611922203079,9.782937236302482
25.64146406840111,14.806611922203079,9.135710080345383
1.7317316071774052,14.806611922203079,0.7300757072551592
25.64146406840111,14.806611922203079,9.525749704945634
25.64146406840111,14.806611922203079,9.720488570700752
25.64146406840111,14.806611922203079,9.725816820338087
9.850447232314785,14.806611922203079,4.143177637467569
25.64146406840111,14.806611922203079,8.885411922241872
25.64146406840111,14.806611922203079,9.276096316805768
25.64146406840111,14.806611922203079,9.807436167796862
25.64146406840111,0.5911099282599785,0.10959092351932252
25.64146406840111,14.03178849610434,8.549135039527513
25.64146406840111,12.504512747160632,7.556251994357074
25.64146406840111,14.806611922203079,9.767210129980677
25.64146406840111,14.806611922203079,10.525929214256884
37.790219734924236,12.22417049288797,1.454446544557409
25.64146406840111,14.806611922203079,9.218301332411123
25.64146406840111,14.806611922203079,9.44297182914846
25.64146406840111,14.806611922203079,10.14650927969871
25.64146406840111,14.806611922203079,8.845140422905235
25.64146406840111,14.806611922203079,8.777740466164529
25.64146406840111,22.141935324715064,6.9293359650776285
25.64146406840111,14.806611922203079,9.44155878555633
25.64146406840111,14.806611922203079,9.857633550256116
1.6634646867936134,14.806611922203079,0.6774542018804527
1.4982491959919635,14.806611922203079,0.602283894887169
25.64146406840111,25.188214890296464,9.548687130483785
25.64146406840111,14.806611922203079,8.702967700163276
25.64146406840111,14.806611922203079,9.281752737149864
25.64146406840111,12.22417049288797,7.052640670657304
25.64146406840111,14.806611922203079,9.135710080345383
25.64146406840111,14.806611922203079,8.758171829449221
25.64146406840111,14.806611922203079,9.530709528518317
25.64146406840111,14.806611922203079,9.714568842851147
13.36426654107856,14.806611922203079,5.106843945465591
25.64146406840111,14.806611922203079,9.894141052944018
1.7317316071774052,14.806611922203079,0.7300757072551592
25.64146406840111,0.7967213601810409,0.09366520847345233
25.64146406840111,14.806611922203079,9.318826760220693
25.64146406840111,28.986308991049157,5.728130712347192
25.64146406840111,14.806611922203079,10.008995773691632
25.64146406840111,14.806611922203079,9.680322946516043
25.64146406840111,14.111035911330784,8.965292428936108
25.64146406840111,15.31756414681887,10.37652951275684
25.64146406840111,14.806611922203079,10.166308085735437
25.64146406840111,14.806611922203079,8.790130562457435
10.423466549200567,14.806611922203079,4.434195708037615
25.64146406840111,14.806611922203079,10.51027200292549
25.64146406840111,9.522115835407485,4.193627487590463
25.64146406840111,14.806611922203079,9.784952694688354
0.06607780836807109,14.806611922203079,0.09525904448204067
25.64146406840111,14.806611922203079,10.254560078329506
40.61725893181934,14.806611922203079,3.5025802526142202
25.64146406840111,14.806611922203079,10.499942591660004
25.64146406840111,14.806611922203079,9.525749704945634
25.64146406840111,14.806611922203079,9.971442268073984
2.3354703462964324,14.806611922203079,0.9580124520502493
25.64146406840111,14.806611922203079,10.08156032890772
25.64146406840111,14.806611922203079,9.177111513491543
25.64146406840111,14.806611922203079,9.525369575695871
25.64146406840111,14.806611922203079,10.483746285267436
25.64146406840111,14.806611922203079,9.28664597312154
25.64146406840111,14.806611922203079,9.737704319214474
25.64146406840111,25.060145303810593,5.573396763755478
25.64146406840111,14.806611922203079,10.274650402168069
25.64146406840111,14.806611922203079,9.782937236302482
38.57041363239674,14.806611922203079,4.517946406718469
8.005920234862185,14.806611922203079,3.5010313091168856
25.64146406840111,18.23889851937506,8.73175841678555
25.64146406840111,14.806611922203079,8.660618809510526
26.73390851800584,10.704570416929108,10.188638050836962
25.64146406840111,28.703412809090658,4.8735425599380715
25.64146406840111,14.806611922203079,10.274650402168069
25.64146406840111,14.806611922203079,9.276096316805768
25.64146406840111,14.111035911330784,8.965292428936108
28.38899313818088,14.806611922203079,8.503154224615777
25.64146406840111,14.806611922203079,9.135710080345383
25.64146406840111,14.806611922203079,8.702967700163276
25.64146406840111,28.986308991049157,5.728130712347192
1.6634646867936134,14.806611922203079,0.6774542018804527
25.64146406840111,25.060145303810593,5.573396763755478
25.64146406840111,9.522115835407485,4.193627487590463
25.64146406840111,14.806611922203079,9.894141052944018
25.64146406840111,28.703412809090658,4.8735425599380715
25.64146406840111,22.141935324715064,6.9293359650776285
25.64146406840111,14.806611922203079,9.177111513491543
1.7317316071774052,14.806611922203079,0.7300757072551592
25.64146406840111,14.806611922203079,8.777740466164529
25.64146406840111,14.806611922203079,9.530709528518317
25.64146406840111,14.806611922203079,8.885411922241872
1.4982491959919635,14.806611922203079,0.6344289334030887
25.64146406840111,0.5911099282599785,0.10959092351932252
25.64146406840111,14.806611922203079,9.44297182914846
25.64146406840111,14.806611922203079,9.281752737149864
25.64146406840111,14.806611922203079,10.008995773691632
25.64146406840111,14.806611922203079,9.44155878555633
25.64146406840111,0.7967213601810409,0.09366520847345233
25.64146406840111,14.806611922203079,10.483746285267436
1.4982491959919635,14.806611922203079,0.602283894887169
25.64146406840111,14.806611922203079,9.725816820338087
25.64146406840111,14.806611922203079,9.525369575695871
2.3354703462964324,14.806611922203079,0.9580124520502493
25.64146406840111,14.806611922203079,10.499942591660004
25.64146406840111,14.806611922203079,9.737704319214474
38.57041363239674,14.806611922203079,4.517946406718469
25.64146406840111,14.806611922203079,10.166308085735437
25.64146406840111,14.806611922203079,9.767210129980677
25.64146406840111,14.806611922203079,8.758171829449221
25.64146406840111,14.806611922203079,9.218301332411123
25.64146406840111,12.22417049288797,7.052640670657304
0.06607780836807109,14.806611922203079,0.09525904448204067
40.61725893181934,14.806611922203079,3.5025802526142202
25.64146406840111,14.806611922203079,10.51027200292549
10.423466549200567,14.806611922203079,4.154811294214872
25.64146406840111,14.806611922203079,10.525929214256884
25.64146406840111,14.806611922203079,8.660618809510526
8.005920234862185,14.806611922203079,3.5010313091168856
13.36426654107856,14.806611922203079,5.106843945465591
25.64146406840111,14.806611922203079,8.68143055336177
25.64146406840111,14.806611922203079,9.720488570700752
25.64146406840111,15.31756414681887,10.37652951275684
25.64146406840111,14.806611922203079,9.782937236302482
25.64146406840111,14.03178849610434,8.549135039527513
25.64146406840111,14.806611922203079,9.525749704945634
25.64146406840111,12.504512747160632,7.556251994357074
25.64146406840111,18.23889851937506,8.73175841678555
25.64146406840111,14.806611922203079,9.28664597312154
25.64146406840111,14.806611922203079,8.845140422905235
25.64146406840111,14.806611922203079,9.318826760220693
25.64146406840111,14.806611922203079,8.832536936360995
25.64146406840111,14.806611922203079,9.857633550256116
25.64146406840111,14.806611922203079,9.971442268073984
25.64146406840111,14.806611922203079,10.457097511129556
9.850447232314785,14.806611922203079,4.143177637467569
25.64146406840111,14.806611922203079,9.714568842851147
25.64146406840111,14.806611922203079,10.08156032890772
25.64146406840111,14.806611922203079,10.14650927969871
25.64146406840111,14.806611922203079,10.254560078329506
25.64146406840111,14.806611922203079,9.680322946516043
37.790219734924236,12.22417049288797,1.454446544557409
25.64146406840111,14.806611922203079,8.790130562457435
10.423466549200567,14.806611922203079,4.029279755373481
18.27721212333781,14.806611922203079,7.2728075009621245
25.64146406840111,14.806611922203079,9.784952694688354
