21.17317551961498,14.444640747052391,7.111963016414019
23.250179593074478,10.391264083867192,5.4168212059771
21.78217905765791,6.120029455498174,3.743528146834896
34.29831013248786,14.325591778773205,4.781601965358809
38.2814216290154,15.29296585231362,4.983775974422922
26.719467067325663,17.182569967497052,9.328333640314654
7.578342754524314,15.942594282087946,2.851541193979702
5.068965222455745,12.573462249246095,6.852723205353885
23.53453332371404,17.560116684134,8.039750913330378
22.615916387263653,12.786781723493084,9.38995225034701
26.08059044967042,14.536664851403916,9.23740391301219
43.91910322263033,11.90216075250381,4.509501527000305
32.118919695266136,15.156187742510223,7.287371570718594
32.69775191077649,17.667960926868695,8.898136982521581
24.256517580087532,12.551116110480928,8.406608448286148
28.833957410866507,8.982297063301285,7.5887536120328765
40.86753292481401,16.41257433070166,5.06290595394122
33.895164842391154,14.45061231784956,5.929293616257835
6.003349256785366,15.942594282087946,4.696677561235083
24.256517580087532,17.182569967497052,8.468465646005185
27.728406544472932,11.79971860635963,5.90329334270554
27.056717144928626,15.926465165049121,9.808922468401928
20.76950847066233,15.358512362885152,8.112252635781282
24.256517580087532,17.182569967497052,8.468465646005185
21.882613578439326,13.830911659246174,6.841501563266552
6.003349256785366,9.150516806484195,4.331229509645066
10.551981125751666,17.182569967497052,3.683920800489476
18.72927437525973,12.841380610120646,7.11654927080852
21.539633629087657,27.22064472592136,7.741360738096455
43.83529156680102,32.320318532401075,4.844533117878832
41.39953366962186,10.136896184655086,0.1
35.107549251852596,13.704404581464281,4.632446187338267
24.69555122165222,13.557766121788333,9.073149863817417
16.73176785982229,12.551116110480928,6.846626456477637
27.82275563533767,12.613356261814808,6.767744467294088
43.21097637429072,10.340837252679677,3.938122004916015
42.60386938544242,12.788771843682822,0.1
16.88889229980719,17.262005425669017,5.869137952531982
35.34294816924908,14.205444630480827,5.075068646328848
23.09401610183823,15.942594282087946,8.689701743762816
22.615916387263653,12.788771843682822,9.391603329160422
39.047638146365045,15.617708707275918,5.00170636600185
24.256517580087532,16.41257433070166,7.762682440999836
23.09401610183823,12.551116110480928,8.962225501405678
26.719467067325663,17.182569967497052,8.11352676209647
15.723944704238134,8.57086786990791,8.994719706746652
24.256517580087532,17.182569967497052,8.468465646005185
23.09401610183823,4.94081271620624,7.175422068121618
23.31292654559489,17.182569967497052,8.06888292950806
38.82358419672997,16.969165356536564,6.275404753161354
26.719467067325663,17.182569967497052,9.328333640314654
23.09401610183823,15.942594282087946,8.689701743762816
40.44329392624448,21.063719043741685,8.482032028371167
23.31292654559489,9.322515079676807,7.502624248471242
26.719467067325663,17.182569967497052,9.328333640314654
16.349605734445994,7.8531271602065225,7.51096005424467
18.316789010935068,15.819101029203148,6.945954647555753
41.07505996466344,17.182569967497052,5.659823877443001
23.09401610183823,16.41257433070166,8.440868966790545
26.719467067325663,17.182569967497052,9.328333640314654
26.719467067325663,17.182569967497052,8.11352676209647
26.719467067325663,6.878995361115628,7.106398907648281
26.127837217406768,15.926465165049121,7.90629255436846
40.86753292481401,15.942594282087946,5.66043044373372
23.31292654559489,12.551116110480928,7.602478837859695
23.09401610183823,16.41257433070166,7.915064135448656
23.31292654559489,17.182569967497052,8.06888292950806
24.256517580087532,15.926465165049121,9.136365287079096
26.719467067325663,15.926465165049121,7.895998566935911
17.70847214248922,16.482619853185007,7.344447702309194
26.719467067325663,12.551116110480928,7.647122670448106
27.056717144928626,15.926465165049121,7.88672617918488
27.056717144928626,15.926465165049121,9.808922468401928
23.31292654559489,12.551116110480928,7.602478837859695
23.09401610183823,4.3034301217186055,0.1
23.31292654559489,12.551116110480928,8.85759735431692
26.719467067325663,17.182569967497052,9.328333640314654
23.31292654559489,12.551116110480928,8.85759735431692
23.09401610183823,15.926465165049121,8.69850201519814
23.31292654559489,12.551116110480928,7.602478837859695
