30.038380777543892,13.488747185898951,6.641142922118517
21.964314972840267,15.926465165049121,8.272993194912083
46.95031911213026,16.969165356536564,9.564868860140496
53.484697792353764,12.02214752719058,0.1
26.719467067325663,15.926465165049121,9.93594976701984
26.719467067325663,14.206422911484431,8.717445168742
27.056717144928626,18.12036099740064,8.957207934466345
27.056717144928626,15.926465165049121,9.808922468401928
23.53453332371404,22.105205863646766,8.039750913330378
22.615916387263653,15.153441500339227,9.38995225034701
52.91597155440854,1.97511139231821,10.0
26.719467067325663,15.926465165049121,9.93594976701984
21.339591335918833,15.926465165049121,8.037687226875173
48.9561257780354,20.975052008906907,8.259681675189954
26.719467067325663,15.926465165049121,9.121304038643895
28.516878790514976,15.926465165049121,8.857195385399631
14.017751302309534,15.926465165049121,0.5152532480067977
23.31292654559489,18.46502472857996,8.780955968974228
26.719467067325663,15.926465165049121,9.93594976701984
26.719467067325663,15.926465165049121,9.288394284765975
26.719467067325663,14.533437822277968,8.971312402825554
27.056717144928626,0.7992855328022461,9.808922468401928
27.056717144928626,19.65462976679151,9.808922468401928
27.662620946747403,15.926465165049121,9.580705106038637
29.68354758332222,15.926465165049121,8.819510762737975
23.31292654559489,12.551116110480928,8.85759735431692
27.669175314505488,15.926465165049121,9.578236363447456
18.72927437525973,0.5042305468530284,0.1
24.97450270915855,27.71596647535965,9.980967796402705
27.056717144928626,15.926465165049121,9.808922468401928
23.31292654559489,12.551116110480928,8.85759735431692
23.31292654559489,14.044257316768894,9.95777748879019
26.719467067325663,14.953245962278793,9.280939679638863
28.749626423363683,9.94205862309531,9.808922468401928
27.056717144928626,29.87701353441566,9.808922468401928
27.056717144928626,15.926465165049121,9.808922468401928
23.31292654559489,12.551116110480928,8.85759735431692
17.321984520567014,12.551116110480928,8.279034627976268
27.056717144928626,15.926465165049121,9.808922468401928
26.719467067325663,24.51904169075335,8.472496190477145
29.966966606341902,12.788771843682822,5.943462854288443
39.801442007910914,24.538720555144753,9.729965314651816
26.719467067325663,15.926465165049121,9.288394284765975
25.909387305811173,15.926465165049121,9.758928750127977
26.719467067325663,15.926465165049121,9.93594976701984
27.056717144928626,15.926465165049121,8.857195385399631
26.719467067325663,13.755256873337085,8.347382609367642
27.056717144928626,15.926465165049121,9.808922468401928
27.056717144928626,15.926465165049121,9.808922468401928
24.97450270915855,15.926465165049121,8.814671804742222
26.719467067325663,15.926465165049121,9.93594976701984
26.719467067325663,15.926465165049121,9.93594976701984
26.719467067325663,15.926465165049121,9.93594976701984
24.97450270915855,14.953245962278793,9.308844914264014
25.969708960095048,12.551116110480928,8.465644156827782
26.719467067325663,15.926465165049121,9.93594976701984
22.235563242382668,15.926465165049121,8.822108028049481
26.719467067325663,12.551116110480928,7.229442860383092
26.719467067325663,15.926465165049121,9.179771843518548
15.523337317272455,15.926465165049121,3.2256537913751773
43.117850189877004,15.926465165049121,3.75939875014625
51.973190889187066,15.926465165049121,6.891364819188394
51.973190889187066,31.24125837469998,9.979648906511791
51.973190889187066,14.953245962278793,6.729474293181126
48.9561257780354,14.953245962278793,0.36024955349262555
48.9561257780354,1.1420129045587597,4.34723202304714
48.9561257780354,15.926465165049121,8.097818620014518
26.719467067325663,15.926465165049121,9.93594976701984
27.056717144928626,15.926465165049121,9.156776157885869
26.719467067325663,24.37132374739555,9.082544081396112
26.719467067325663,19.170191253440517,8.361144828228895
26.719467067325663,15.926465165049121,9.93594976701984
24.97450270915855,14.953245962278793,9.980967796402705
14.017751302309534,14.953245962278793,0.3533627219995301
26.719467067325663,15.926465165049121,9.179771843518548
22.058731564565377,15.926465165049121,8.308555780032288
26.719467067325663,15.926465165049121,9.179771843518548
26.719467067325663,9.086328554517943,2.3597898212512334
26.719467067325663,15.926465165049121,9.93594976701984
26.719467067325663,14.953245962278793,9.017881317511282
