24.97450270915855,17.074714385838327,8.77420549819796
24.97450270915855,17.074714385838327,8.77420549819796
24.97450270915855,12.07636182029551,7.594189783830409
24.97450270915855,12.07636182029551,7.594189783830409
24.97450270915855,17.074714385838327,8.77420549819796
24.97450270915855,17.074714385838327,8.77420549819796
24.97450270915855,14.953245962278793,9.980967796402705
24.97450270915855,12.07636182029551,7.594189783830409
24.97450270915855,17.074714385838327,8.77420549819796
24.97450270915855,14.953245962278793,9.980967796402705
24.97450270915855,14.953245962278793,9.980967796402705
24.97450270915855,12.07636182029551,7.594189783830409
24.97450270915855,17.074714385838327,8.77420549819796
24.97450270915855,14.953245962278793,9.980967796402705
14.540605220926137,14.953245962278793,5.833260972793251
24.97450270915855,14.953245962278793,9.980967796402705
24.97450270915855,17.074714385838327,8.77420549819796
24.97450270915855,12.07636182029551,7.594189783830409
24.97450270915855,14.953245962278793,9.980967796402705
24.97450270915855,17.074714385838327,8.77420549819796
24.97450270915855,12.07636182029551,7.594189783830409
24.97450270915855,17.074714385838327,8.77420549819796
24.97450270915855,12.07636182029551,7.594189783830409
24.97450270915855,14.953245962278793,9.980967796402705
14.540605220926137,14.953245962278793,5.833260972793251
24.97450270915855,12.07636182029551,7.594189783830409
24.97450270915855,14.953245962278793,9.980967796402705
14.540605220926137,14.953245962278793,5.833260972793251
24.97450270915855,14.953245962278793,9.980967796402705
24.97450270915855,17.074714385838327,8.77420549819796
24.97450270915855,12.07636182029551,7.594189783830409
24.97450270915855,14.953245962278793,9.980967796402705
24.97450270915855,12.07636182029551,7.594189783830409
24.97450270915855,17.074714385838327,8.77420549819796
14.540605220926137,14.953245962278793,5.833260972793251
24.97450270915855,14.953245962278793,9.980967796402705
24.97450270915855,17.074714385838327,8.77420549819796
14.540605220926137,14.953245962278793,5.833260972793251
24.97450270915855,14.953245962278793,9.980967796402705
24.97450270915855,14.953245962278793,9.980967796402705
24.97450270915855,14.953245962278793,9.980967796402705
14.540605220926137,14.953245962278793,5.833260972793251
24.97450270915855,14.953245962278793,9.980967796402705
24.97450270915855,12.07636182029551,7.594189783830409
24.97450270915855,17.074714385838327,8.77420549819796
24.97450270915855,14.953245962278793,9.980967796402705
24.97450270915855,15.53887309201439,9.641436155455517
24.97450270915855,14.953245962278793,9.980967796402705
24.97450270915855,12.07636182029551,7.594189783830409
25.52225283968122,14.953245962278793,9.761226636342741
24.97450270915855,14.953245962278793,9.980967796402705
24.97450270915855,15.89683753930896,9.424330623869167
14.540605220926137,14.953245962278793,5.833260972793251
24.97450270915855,15.89683753930896,9.424330623869167
24.97450270915855,14.953245962278793,9.980967796402705
25.52225283968122,14.953245962278793,9.761226636342741
14.540605220926137,14.953245962278793,5.833260972793251
24.97450270915855,14.953245962278793,9.980967796402705
24.97450270915855,15.89683753930896,9.424330623869167
24.97450270915855,12.07636182029551,7.594189783830409
14.540605220926137,14.953245962278793,5.833260972793251
24.97450270915855,13.274042304586025,8.713532064560138
24.97450270915855,14.953245962278793,9.980967796402705
24.97450270915855,15.53887309201439,9.641436155455517
24.97450270915855,12.07636182029551,7.594189783830409
24.97450270915855,17.074714385838327,8.77420549819796
24.97450270915855,13.274042304586025,8.713532064560138
25.52225283968122,14.953245962278793,9.761226636342741
24.97450270915855,14.953245962278793,9.980967796402705
24.97450270915855,14.953245962278793,9.980967796402705
24.97450270915855,13.274042304586025,8.713532064560138
24.97450270915855,14.953245962278793,9.980967796402705
24.97450270915855,15.53887309201439,9.641436155455517
24.97450270915855,14.953245962278793,9.980967796402705
24.97450270915855,12.07636182029551,7.594189783830409
24.97450270915855,1.6969977885812249,9.980967796402705
24.97450270915855,15.89683753930896,9.424330623869167
24.97450270915855,1.6969977885812249,9.980967796402705
24.97450270915855,17.074714385838327,8.77420549819796
14.540605220926137,14.953245962278793,5.833260972793251
24.97450270915855,13.274042304586025,8.713532064560138
49.37695509192689,14.953245962278793,9.738462588417569
24.97450270915855,14.953245962278793,9.980967796402705
24.97450270915855,12.07636182029551,7.594189783830409
24.97450270915855,8.482745855681133,2.338613534667463
25.52225283968122,14.953245962278793,9.761226636342741
24.97450270915855,13.274042304586025,8.713532064560138
24.97450270915855,14.953245962278793,9.980967796402705
49.37695509192689,14.953245962278793,9.738462588417569
14.540605220926137,14.953245962278793,5.833260972793251
24.97450270915855,14.953245962278793,9.980967796402705
23.168084015435547,14.953245962278793,9.738462588417569
24.97450270915855,1.6969977885812249,9.980967796402705
24.97450270915855,14.953245962278793,9.980967796402705
24.97450270915855,14.953245962278793,9.980967796402705
24.97450270915855,15.89683753930896,9.424330623869167
24.97450270915855,8.482745855681133,2.338613534667463
14.540605220926137,14.953245962278793,5.833260972793251
24.97450270915855,13.274042304586025,8.713532064560138
25.52225283968122,14.953245962278793,9.761226636342741
24.97450270915855,14.953245962278793,9.980967796402705
24.97450270915855,8.482745855681133,2.338613534667463
49.37695509192689,14.953245962278793,9.738462588417569
24.97450270915855,14.953245962278793,9.980967796402705
23.168084015435547,14.953245962278793,9.738462588417569
14.540605220926137,14.953245962278793,5.833260972793251
24.97450270915855,14.953245962278793,9.980967796402705
24.97450270915855,13.274042304586025,8.713532064560138
24.97450270915855,14.953245962278793,9.980967796402705
24.97450270915855,14.953245962278793,9.980967796402705
24.97450270915855,8.482745855681133,2.338613534667463
20.59296679684783,14.953245962278793,8.261289520274081
24.97450270915855,14.953245962278793,9.980967796402705
24.97450270915855,14.953245962278793,9.980967796402705
24.97450270915855,15.53887309201439,9.641436155455517
24.97450270915855,14.953245962278793,9.980967796402705
24.97450270915855,14.953245962278793,9.980967796402705
24.97450270915855,17.074714385838327,8.77420549819796
24.97450270915855,14.953245962278793,9.980967796402705
33.11643546713585,14.953245962278793,9.980967796402705
24.97450270915855,14.953245962278793,9.980967796402705
14.851823332320096,9.255079446268201,9.62640265671306
24.97450270915855,14.953245962278793,9.980967796402705
20.59296679684783,14.953245962278793,8.261289520274081
24.97450270915855,14.953245962278793,9.980967796402705
24.97450270915855,13.274042304586025,8.713532064560138
14.540605220926137,14.953245962278793,5.833260972793251
24.97450270915855,14.953245962278793,9.980967796402705
24.818838487538383,7.478980005081739,0.1
25.52225283968122,27.064249073919,9.761226636342741
14.851823332320096,9.255079446268201,9.62640265671306
24.97450270915855,13.274042304586025,8.713532064560138
24.97450270915855,14.953245962278793,9.980967796402705
24.97450270915855,14.953245962278793,9.980967796402705
24.97450270915855,14.953245962278793,9.980967796402705
24.97450270915855,14.953245962278793,9.980967796402705
23.168084015435547,14.953245962278793,9.738462588417569
24.97450270915855,17.074714385838327,8.77420549819796
24.97450270915855,14.953245962278793,9.980967796402705
24.97450270915855,19.251299437531173,7.782178721520903
24.97450270915855,17.154003984867348,8.733649180479711
24.97450270915855,8.482745855681133,2.338613534667463
24.97450270915855,15.89683753930896,9.424330623869167
24.818838487538383,7.478980005081739,0.1
24.97450270915855,14.953245962278793,9.980967796402705
24.97450270915855,14.953245962278793,9.980967796402705
23.168084015435547,14.953245962278793,9.738462588417569
24.97450270915855,17.074714385838327,8.77420549819796
33.11643546713585,14.953245962278793,9.980967796402705
24.97450270915855,1.6969977885812249,9.980967796402705
24.97450270915855,14.953245962278793,9.980967796402705
25.52225283968122,27.064249073919,9.761226636342741
24.97450270915855,14.953245962278793,9.980967796402705
24.97450270915855,14.953245962278793,9.980967796402705
20.59296679684783,14.953245962278793,8.261289520274081
24.97450270915855,14.953245962278793,9.980967796402705
24.97450270915855,13.274042304586025,8.713532064560138
20.66501500212013,17.154003984867348,8.733649180479711
25.52225283968122,14.953245962278793,9.761226636342741
14.851823332320096,9.255079446268201,9.62640265671306
24.97450270915855,17.154003984867348,8.733649180479711
24.97450270915855,14.953245962278793,9.980967796402705
14.540605220926137,14.953245962278793,5.833260972793251
25.52225283968122,14.953245962278793,9.761226636342741
14.851823332320096,9.255079446268201,9.62640265671306
24.97450270915855,14.953245962278793,9.980967796402705
24.97450270915855,17.154003984867348,8.733649180479711
24.97450270915855,14.953245962278793,9.980967796402705
24.97450270915855,14.953245962278793,9.980967796402705
24.97450270915855,14.953245962278793,9.980967796402705
24.818838487538383,7.478980005081739,0.1
24.97450270915855,15.89683753930896,9.424330623869167
24.97450270915855,8.482745855681133,2.338613534667463
20.66501500212013,17.154003984867348,8.733649180479711
24.97450270915855,14.953245962278793,9.980967796402705
25.52225283968122,14.953245962278793,9.761226636342741
23.168084015435547,14.953245962278793,9.738462588417569
25.52225283968122,27.064249073919,9.761226636342741
24.97450270915855,14.953245962278793,9.980967796402705
24.97450270915855,14.953245962278793,9.980967796402705
24.97450270915855,14.953245962278793,9.980967796402705
28.29225319299604,14.953245962278793,8.649984379908954
24.97450270915855,14.953245962278793,9.980967796402705
25.52225283968122,14.953245962278793,9.761226636342741
24.97450270915855,14.953245962278793,9.980967796402705
24.97450270915855,14.953245962278793,9.980967796402705
18.49801065456942,14.953245962278793,7.420855046000679
24.97450270915855,8.482745855681133,2.338613534667463
24.818838487538383,7.478980005081739,0.1
24.97450270915855,17.074714385838327,8.77420549819796
24.97450270915855,14.953245962278793,9.980967796402705
24.97450270915855,14.953245962278793,9.980967796402705
24.97450270915855,12.07636182029551,7.594189783830409
20.66501500212013,17.154003984867348,8.733649180479711
24.97450270915855,14.953245962278793,9.980967796402705
24.97450270915855,14.953245962278793,9.980967796402705
24.97450270915855,14.953245962278793,9.980967796402705
24.97450270915855,14.953245962278793,9.980967796402705
24.97450270915855,14.953245962278793,9.980967796402705
24.97450270915855,14.953245962278793,9.980967796402705
24.97450270915855,14.953245962278793,9.980967796402705
24.97450270915855,17.154003984867348,8.733649180479711
24.97450270915855,14.953245962278793,9.980967796402705
24.97450270915855,14.953245962278793,9.980967796402705
20.59296679684783,14.953245962278793,8.261289520274081
24.97450270915855,15.53887309201439,9.641436155455517
24.97450270915855,14.953245962278793,9.980967796402705
24.97450270915855,12.07636182029551,7.594189783830409
24.97450270915855,1.6969977885812249,9.980967796402705
24.97450270915855,14.953245962278793,9.980967796402705
24.97450270915855,14.953245962278793,9.980967796402705
24.97450270915855,14.953245962278793,9.980967796402705
24.97450270915855,14.953245962278793,9.980967796402705
24.97450270915855,14.953245962278793,9.980967796402705
24.97450270915855,14.953245962278793,9.980967796402705
20.66501500212013,17.154003984867348,8.733649180479711
24.97450270915855,14.953245962278793,9.980967796402705
24.97450270915855,14.953245962278793,9.980967796402705
24.97450270915855,17.074714385838327,8.77420549819796
36.600265795268356,14.953245962278793,5.317055321043902
24.97450270915855,14.953245962278793,9.980967796402705
34.69215593920278,14.953245962278793,6.082532588741882
24.97450270915855,14.953245962278793,9.980967796402705
24.97450270915855,17.154003984867348,8.733649180479711
28.29225319299604,14.953245962278793,8.649984379908954
24.97450270915855,14.953245962278793,9.980967796402705
24.97450270915855,14.953245962278793,9.980967796402705
24.97450270915855,14.953245962278793,9.980967796402705
24.97450270915855,14.953245962278793,9.980967796402705
24.97450270915855,21.25555946120267,7.048370244868895
24.97450270915855,2.3872556362154196,0.1
24.97450270915855,13.274042304586025,8.713532064560138
24.97450270915855,14.953245962278793,9.980967796402705
24.97450270915855,14.953245962278793,9.980967796402705
24.97450270915855,14.953245962278793,9.980967796402705
24.97450270915855,14.953245962278793,9.980967796402705
24.97450270915855,15.89683753930896,9.424330623869167
24.97450270915855,14.953245962278793,9.980967796402705
24.97450270915855,14.953245962278793,9.980967796402705
24.97450270915855,12.07636182029551,7.594189783830409
25.52225283968122,14.953245962278793,9.761226636342741
24.97450270915855,14.953245962278793,9.980967796402705
24.97450270915855,14.953245962278793,9.980967796402705
24.97450270915855,14.953245962278793,9.980967796402705
24.97450270915855,14.953245962278793,9.980967796402705
24.97450270915855,14.953245962278793,9.980967796402705
24.97450270915855,14.953245962278793,9.980967796402705
24.97450270915855,14.953245962278793,9.980967796402705
45.80871805669866,14.953245962278793,1.62289648925562
24.97450270915855,14.953245962278793,9.980967796402705
34.69215593920278,14.953245962278793,6.082532588741882
24.97450270915855,8.482745855681133,2.338613534667463
17.018675574023785,14.953245962278793,6.827389543023412
36.600265795268356,14.953245962278793,5.317055321043902
24.97450270915855,14.953245962278793,9.980967796402705
24.97450270915855,17.154003984867348,8.733649180479711
24.97450270915855,14.953245962278793,9.980967796402705
24.97450270915855,14.953245962278793,9.980967796402705
44.7418507762119,14.953245962278793,2.050892104008792
24.97450270915855,14.953245962278793,9.980967796402705
24.97450270915855,15.89683753930896,9.424330623869167
24.97450270915855,23.987255601334862,6.245693768988115
24.97450270915855,2.3872556362154196,0.1
24.818838487538383,7.478980005081739,0.1
24.97450270915855,14.953245962278793,9.980967796402705
28.29225319299604,14.953245962278793,8.649984379908954
24.97450270915855,14.953245962278793,9.980967796402705
20.59296679684783,14.953245962278793,8.261289520274081
24.97450270915855,14.953245962278793,9.980967796402705
24.42423985891226,28.043937395277073,5.224520860289872
14.540605220926137,14.953245962278793,5.833260972793251
24.97450270915855,14.953245962278793,9.980967796402705
24.97450270915855,14.953245962278793,9.980967796402705
24.97450270915855,14.953245962278793,9.980967796402705
