24.97450270915855,17.154003984867348,8.733649180479711
24.97450270915855,17.154003984867348,8.733649180479711
92.11917731144032,14.953245962278793,0.1
92.11917731144032,14.953245962278793,0.1
24.97450270915855,23.357514432228985,9.980967796402705
24.97450270915855,23.357514432228985,9.980967796402705
24.97450270915855,17.154003984867348,8.733649180479711
24.97450270915855,17.154003984867348,8.733649180479711
24.97450270915855,14.953245962278793,9.980967796402705
24.97450270915855,23.357514432228985,9.980967796402705
24.97450270915855,17.154003984867348,8.733649180479711
24.97450270915855,14.953245962278793,9.980967796402705
24.97450270915855,7.7163019797395735,0.5843455533814179
92.11917731144032,14.953245962278793,0.1
24.97450270915855,14.953245962278793,9.980967796402705
92.11917731144032,14.953245962278793,0.1
24.97450270915855,7.7163019797395735,0.5843455533814179
24.97450270915855,23.357514432228985,9.980967796402705
24.97450270915855,7.7163019797395735,0.5843455533814179
24.97450270915855,17.154003984867348,8.733649180479711
24.97450270915855,14.953245962278793,9.980967796402705
23.939794295442994,14.953245962278793,9.603937775528959
24.97450270915855,7.7163019797395735,0.5843455533814179
24.97450270915855,14.953245962278793,9.980967796402705
24.97450270915855,17.154003984867348,8.733649180479711
24.97450270915855,23.357514432228985,9.980967796402705
92.11917731144032,14.953245962278793,0.1
24.97450270915855,14.953245962278793,9.980967796402705
24.97450270915855,17.154003984867348,8.733649180479711
24.97450270915855,23.357514432228985,9.980967796402705
24.97450270915855,7.7163019797395735,0.5843455533814179
24.97450270915855,17.154003984867348,8.733649180479711
24.97450270915855,14.953245962278793,9.980967796402705
24.97450270915855,23.357514432228985,9.980967796402705
24.97450270915855,7.7163019797395735,0.5843455533814179
24.97450270915855,14.953245962278793,9.980967796402705
23.939794295442994,14.953245962278793,9.603937775528959
92.11917731144032,14.953245962278793,0.1
24.97450270915855,23.357514432228985,9.980967796402705
22.621942951625037,3.2808024251332455,9.617561024836489
92.11917731144032,14.953245962278793,0.1
24.97450270915855,14.953245962278793,9.980967796402705
23.939794295442994,14.953245962278793,9.603937775528959
22.621942951625037,3.2808024251332455,9.617561024836489
24.97450270915855,17.154003984867348,8.733649180479711
24.97450270915855,23.357514432228985,9.980967796402705
24.97450270915855,14.953245962278793,9.980967796402705
92.11917731144032,14.953245962278793,0.1
24.97450270915855,23.357514432228985,9.980967796402705
24.97450270915855,17.154003984867348,8.733649180479711
23.939794295442994,14.953245962278793,9.603937775528959
22.621942951625037,3.2808024251332455,9.617561024836489
24.97450270915855,17.154003984867348,8.733649180479711
23.939794295442994,14.953245962278793,9.603937775528959
24.97450270915855,14.953245962278793,9.980967796402705
92.11917731144032,14.953245962278793,0.1
22.621942951625037,3.2808024251332455,9.617561024836489
24.97450270915855,14.953245962278793,9.980967796402705
92.11917731144032,14.953245962278793,0.1
23.939794295442994,14.953245962278793,9.603937775528959
24.97450270915855,14.953245962278793,9.980967796402705
24.97450270915855,23.357514432228985,9.980967796402705
24.97450270915855,14.953245962278793,9.980967796402705
24.97450270915855,17.154003984867348,8.733649180479711
22.621942951625037,3.2808024251332455,9.617561024836489
24.97450270915855,15.53887309201439,9.980967796402705
92.11917731144032,14.953245962278793,0.1
24.97450270915855,14.953245962278793,9.980967796402705
24.97450270915855,23.357514432228985,9.980967796402705
25.52225283968122,14.953245962278793,9.761226636342741
24.97450270915855,14.953245962278793,9.980967796402705
24.97450270915855,15.89683753930896,9.424330623869167
23.939794295442994,14.953245962278793,9.603937775528959
50.09043637079917,18.210480745767356,3.4994734122935363
24.97450270915855,15.89683753930896,9.424330623869167
24.97450270915855,14.953245962278793,9.980967796402705
24.97450270915855,14.953245962278793,9.980967796402705
25.52225283968122,14.953245962278793,9.761226636342741
24.97450270915855,7.7163019797395735,0.5843455533814179
23.939794295442994,14.953245962278793,9.603937775528959
24.97450270915855,14.953245962278793,9.980967796402705
24.97450270915855,15.89683753930896,9.424330623869167
92.11917731144032,14.953245962278793,0.1
24.97450270915855,23.357514432228985,9.980967796402705
23.939794295442994,14.953245962278793,9.603937775528959
24.97450270915855,7.7163019797395735,0.5843455533814179
24.97450270915855,14.953245962278793,9.980967796402705
24.97450270915855,14.953245962278793,9.980967796402705
24.97450270915855,14.953245962278793,9.980967796402705
92.11917731144032,14.953245962278793,0.1
44.45025630897186,14.953245962278793,9.738462588417569
24.97450270915855,15.53887309201439,9.980967796402705
24.97450270915855,23.357514432228985,9.980967796402705
24.97450270915855,7.7163019797395735,0.5843455533814179
24.97450270915855,17.154003984867348,8.733649180479711
24.97450270915855,14.953245962278793,9.980967796402705
25.52225283968122,14.953245962278793,9.761226636342741
24.97450270915855,14.953245962278793,9.980967796402705
24.97450270915855,14.953245962278793,9.980967796402705
24.97450270915855,14.953245962278793,9.980967796402705
24.97450270915855,14.953245962278793,9.980967796402705
50.09043637079917,18.210480745767356,3.4994734122935363
24.97450270915855,14.953245962278793,9.980967796402705
92.11917731144032,14.953245962278793,0.1
39.41506517882881,1.2775908757366032,9.359929419536185
44.45025630897186,14.953245962278793,9.738462588417569
24.97450270915855,14.953245962278793,9.980967796402705
24.97450270915855,15.53887309201439,9.980967796402705
24.97450270915855,7.7163019797395735,0.5843455533814179
24.97450270915855,14.953245962278793,9.980967796402705
22.621942951625037,3.2808024251332455,9.617561024836489
92.11917731144032,14.953245962278793,0.1
24.97450270915855,23.357514432228985,9.980967796402705
24.97450270915855,14.953245962278793,9.980967796402705
24.97450270915855,14.953245962278793,9.980967796402705
92.11917731144032,14.953245962278793,0.1
24.97450270915855,15.89683753930896,9.424330623869167
24.97450270915855,14.953245962278793,9.980967796402705
24.97450270915855,14.953245962278793,9.980967796402705
24.97450270915855,17.154003984867348,8.733649180479711
23.939794295442994,14.953245962278793,9.603937775528959
24.97450270915855,14.953245962278793,9.980967796402705
50.36301517586098,15.697681075445391,8.783672113689558
50.09043637079917,18.210480745767356,3.4994734122935363
25.57899692084851,14.953245962278793,9.738462588417569
24.97450270915855,14.953245962278793,9.980967796402705
24.97450270915855,23.357514432228985,9.980967796402705
24.97450270915855,14.953245962278793,9.980967796402705
24.97450270915855,7.7163019797395735,0.5843455533814179
25.52225283968122,14.953245962278793,9.761226636342741
24.97450270915855,14.953245962278793,9.980967796402705
24.97450270915855,14.953245962278793,9.980967796402705
92.11917731144032,14.953245962278793,0.1
0.4580217196380332,19.639441816728826,9.256595840306815
24.97450270915855,14.953245962278793,9.980967796402705
25.57899692084851,14.953245962278793,9.738462588417569
50.36301517586098,15.697681075445391,8.783672113689558
24.97450270915855,14.953245962278793,9.980967796402705
23.939794295442994,14.953245962278793,9.603937775528959
21.575785461899716,13.148162181248242,9.843872110931747
24.97450270915855,14.953245962278793,9.980967796402705
50.09043637079917,18.210480745767356,3.4994734122935363
21.575785461899716,13.148162181248242,9.843872110931747
25.57899692084851,14.953245962278793,9.738462588417569
24.97450270915855,14.953245962278793,9.980967796402705
24.97450270915855,14.953245962278793,9.980967796402705
24.97450270915855,14.953245962278793,9.980967796402705
92.11917731144032,14.953245962278793,0.1
24.97450270915855,14.953245962278793,9.980967796402705
24.97450270915855,15.89683753930896,9.424330623869167
24.97450270915855,14.953245962278793,9.980967796402705
24.97450270915855,14.953245962278793,9.980967796402705
23.939794295442994,14.953245962278793,9.603937775528959
50.09043637079917,18.210480745767356,3.4994734122935363
39.41506517882881,1.2775908757366032,9.359929419536185
24.97450270915855,14.953245962278793,9.980967796402705
25.52225283968122,14.953245962278793,9.761226636342741
24.97450270915855,14.953245962278793,9.980967796402705
24.97450270915855,14.953245962278793,9.980967796402705
24.97450270915855,14.953245962278793,9.980967796402705
24.97450270915855,14.953245962278793,9.980967796402705
25.57899692084851,14.953245962278793,9.738462588417569
10.219293303487746,14.953245962278793,4.0996783759022675
24.97450270915855,14.953245962278793,9.980967796402705
39.41506517882881,1.2775908757366032,9.359929419536185
24.97450270915855,7.7163019797395735,0.5843455533814179
25.57899692084851,14.953245962278793,9.738462588417569
23.939794295442994,14.953245962278793,9.603937775528959
50.36301517586098,15.697681075445391,8.783672113689558
44.45025630897186,14.953245962278793,9.738462588417569
22.621942951625037,3.2808024251332455,9.617561024836489
24.97450270915855,14.953245962278793,9.980967796402705
24.97450270915855,14.953245962278793,9.980967796402705
24.97450270915855,7.7163019797395735,0.5843455533814179
24.97450270915855,14.953245962278793,9.980967796402705
24.97450270915855,14.953245962278793,9.980967796402705
24.97450270915855,14.953245962278793,9.980967796402705
24.97450270915855,14.953245962278793,9.980967796402705
35.190244444208375,14.953245962278793,5.8827142047681065
24.97450270915855,14.953245962278793,9.980967796402705
24.97450270915855,15.53887309201439,9.980967796402705
24.97450270915855,14.953245962278793,9.980967796402705
24.97450270915855,14.953245962278793,9.980967796402705
24.97450270915855,14.953245962278793,9.980967796402705
10.219293303487746,14.953245962278793,4.0996783759022675
24.97450270915855,17.154003984867348,8.733649180479711
24.97450270915855,14.953245962278793,9.980967796402705
24.97450270915855,14.953245962278793,9.980967796402705
39.41506517882881,1.2775908757366032,9.359929419536185
24.97450270915855,14.953245962278793,9.980967796402705
24.97450270915855,14.349350634350401,9.559314796744832
10.219293303487746,14.953245962278793,4.0996783759022675
24.97450270915855,14.953245962278793,9.980967796402705
24.97450270915855,14.953245962278793,9.980967796402705
24.97450270915855,14.953245962278793,9.980967796402705
35.7692086587151,14.953245962278793,5.650450876948325
18.49801065456942,14.953245962278793,7.420855046000679
24.97450270915855,14.953245962278793,9.980967796402705
24.97450270915855,14.953245962278793,9.980967796402705
23.939794295442994,14.953245962278793,9.603937775528959
24.97450270915855,14.953245962278793,9.980967796402705
24.97450270915855,14.953245962278793,9.980967796402705
24.97450270915855,14.953245962278793,9.980967796402705
24.97450270915855,14.953245962278793,9.980967796402705
24.97450270915855,7.7163019797395735,0.5843455533814179
25.52225283968122,14.953245962278793,9.761226636342741
24.97450270915855,14.953245962278793,9.980967796402705
92.11917731144032,14.953245962278793,0.1
24.97450270915855,14.349350634350401,9.559314796744832
35.190244444208375,14.953245962278793,5.8827142047681065
24.97450270915855,12.314272410586755,7.833868875957091
24.97450270915855,7.7163019797395735,0.5843455533814179
35.7692086587151,14.953245962278793,5.650450876948325
24.97450270915855,14.953245962278793,9.980967796402705
24.97450270915855,14.953245962278793,9.980967796402705
24.97450270915855,14.953245962278793,9.980967796402705
24.97450270915855,14.953245962278793,9.980967796402705
25.57899692084851,1.5301453929836466,0.1
24.97450270915855,21.25555946120267,7.048370244868895
24.97450270915855,14.953245962278793,9.980967796402705
24.97450270915855,14.953245962278793,9.980967796402705
24.97450270915855,14.953245962278793,9.980967796402705
25.57899692084851,14.953245962278793,9.738462588417569
24.97450270915855,17.154003984867348,8.733649180479711
24.97450270915855,14.953245962278793,9.980967796402705
24.97450270915855,14.953245962278793,9.980967796402705
24.97450270915855,14.953245962278793,9.980967796402705
24.97450270915855,19.251299437531173,7.782178721520903
24.97450270915855,17.154003984867348,8.733649180479711
24.97450270915855,14.953245962278793,9.980967796402705
24.97450270915855,15.89683753930896,9.424330623869167
50.09043637079917,18.210480745767356,3.4994734122935363
18.49801065456942,14.953245962278793,7.420855046000679
24.97450270915855,14.953245962278793,9.980967796402705
24.97450270915855,14.953245962278793,9.980967796402705
21.575785461899716,13.148162181248242,9.843872110931747
25.52225283968122,14.953245962278793,9.761226636342741
10.219293303487746,14.953245962278793,4.0996783759022675
