42.351626569300635,16.807551175438952,4.661816853206367
42.351626569300635,16.807551175438952,4.661816853206367
26.539065244275058,15.768415956132934,9.644951567819318
26.539065244275058,15.768415956132934,9.644951567819318
23.325507945194435,16.807551175438952,9.13240079220424
26.539065244275058,15.768415956132934,9.644951567819318
26.539065244275058,15.768415956132934,9.644951567819318
28.4578734975777,16.03192635345241,9.771433166405027
23.325507945194435,16.807551175438952,9.13240079220424
20.26823159048876,7.600491909346758,5.662096998686945
20.26823159048876,7.600491909346758,5.662096998686945
23.325507945194435,16.807551175438952,9.13240079220424
23.325507945194435,16.807551175438952,9.13240079220424
28.746667188415266,16.807551175438952,10.618592646488683
20.26823159048876,7.600491909346758,5.662096998686945
66.79911659813955,2.5375611787282955,0.10953877167819986
21.02303704257394,16.807551175438952,8.088390770646335
5.325739374832676,3.570266969177439,8.110866832066243
63.31920864253891,1.4498155714455618,0.09432708729899018
66.79911659813955,2.5375611787282955,0.10953877167819986
23.325507945194435,16.807551175438952,9.13240079220424
42.351626569300635,16.807551175438952,4.661816853206367
21.02303704257394,16.807551175438952,8.088390770646335
28.4578734975777,27.143576882740803,7.829656797336284
34.55776187563491,0.46811294695234906,0.10563091071975556
26.539065244275058,15.768415956132934,9.644951567819318
28.4578734975777,24.420615882511076,7.63535724288712
28.4578734975777,16.03192635345241,9.771433166405027
63.31920864253891,1.4498155714455618,0.09432708729899018
20.26823159048876,7.600491909346758,5.662096998686945
21.02303704257394,16.03192635345241,8.165895403029316
5.325739374832676,3.570266969177439,8.110866832066243
21.02303704257394,16.807551175438952,9.827465838628138
66.79911659813955,2.5375611787282955,0.10953877167819986
42.351626569300635,16.807551175438952,4.661816853206367
26.539065244275058,15.768415956132934,9.644951567819318
28.746667188415266,16.807551175438952,10.618592646488683
29.674934393454784,7.824580479869985,0.1010405654676902
5.325953011616097,16.807551175438952,1.7732829085917488
34.55776187563491,0.46811294695234906,0.10563091071975556
28.4578734975777,1.5319199751284156,0.09121940860686324
20.26823159048876,7.600491909346758,5.662096998686945
28.4578734975777,20.531031470976902,9.033391703947693
42.351626569300635,16.807551175438952,4.661816853206367
0.48117030474830225,6.835283514036426,0.45736544835575244
21.02303704257394,16.807551175438952,8.088390770646335
28.4578734975777,16.807551175438952,10.375690893302355
66.79911659813955,2.5375611787282955,0.10953877167819986
23.325507945194435,16.807551175438952,9.13240079220424
5.325953011616097,16.807551175438952,1.7732829085917488
21.02303704257394,16.03192635345241,8.165895403029316
28.4578734975777,1.5319199751284156,0.09121940860686324
28.4578734975777,16.807551175438952,9.317799798728615
28.4578734975777,24.420615882511076,7.63535724288712
0.48117030474830225,6.835283514036426,0.45736544835575244
28.4578734975777,1.5319199751284156,0.09121940860686324
3.2762514755667196,16.807551175438952,0.8703857187130096
20.26823159048876,7.600491909346758,5.662096998686945
66.79911659813955,2.5375611787282955,0.10953877167819986
23.325507945194435,16.807551175438952,9.13240079220424
21.02303704257394,16.807551175438952,8.088390770646335
5.325953011616097,16.807551175438952,1.7732829085917488
34.55776187563491,0.46811294695234906,0.10563091071975556
28.4578734975777,30.412347789050894,5.8525886159511415
2.626058560855917,16.03192635345241,0.9051445915524393
21.02303704257394,16.807551175438952,8.088390770646335
0.48117030474830225,6.835283514036426,0.45736544835575244
20.26823159048876,7.600491909346758,5.662096998686945
24.940522330143605,49.910501320982746,2.9314464545103602
28.4578734975777,16.807551175438952,10.659621116454314
63.31920864253891,1.4498155714455618,0.09432708729899018
21.02303704257394,9.802576950855293,7.5463473733952515
34.55776187563491,0.46811294695234906,0.10563091071975556
28.4578734975777,16.03192635345241,9.771433166405027
66.79911659813955,2.5375611787282955,0.10953877167819986
2.626058560855917,16.807551175438952,1.010204917426871
28.4578734975777,16.807551175438952,10.372397367528281
51.199376929479584,16.807551175438952,10.075648163596773
21.02303704257394,10.415011356225756,7.768013895689921
21.02303704257394,9.802576950855293,7.5463473733952515
23.325507945194435,16.807551175438952,9.13240079220424
21.02303704257394,16.03192635345241,7.65464312723833
28.4578734975777,16.807551175438952,10.372397367528281
34.55776187563491,0.46811294695234906,0.10563091071975556
43.8776362722213,16.03192635345241,3.793440384875985
20.26823159048876,7.600491909346758,5.662096998686945
66.79911659813955,2.5375611787282955,0.10953877167819986
25.179268465956355,16.03192635345241,6.101287985354949
28.4578734975777,20.531031470976902,9.033391703947693
21.02303704257394,16.03192635345241,8.165895403029316
2.626058560855917,16.03192635345241,0.9051445915524393
43.55508777396854,25.56253398213995,9.683517760754345
28.4578734975777,30.412347789050894,5.8525886159511415
28.4578734975777,16.807551175438952,10.375690893302355
27.56790742632181,16.03192635345241,9.263105990409422
28.4578734975777,30.412347789050894,5.8525886159511415
1.4954513468828097,14.983008366600217,0.6005050531059966
25.179268465956355,16.03192635345241,6.101287985354949
21.02303704257394,16.807551175438952,8.088390770646335
63.31920864253891,1.4498155714455618,0.09432708729899018
21.02303704257394,0.8155392246811175,0.10939850698856358
28.4578734975777,6.625625405791789,0.09616080774684868
28.4578734975777,18.34230834764986,9.051830567526407
26.539065244275058,15.768415956132934,9.644951567819318
29.674934393454784,7.824580479869985,0.1010405654676902
28.4578734975777,16.03192635345241,9.771433166405027
21.02303704257394,16.807551175438952,6.85023302579596
21.02303704257394,10.415011356225756,7.768013895689921
28.746667188415266,16.807551175438952,10.618592646488683
28.4578734975777,30.20682234707479,5.667722229025107
21.02303704257394,9.802576950855293,7.5463473733952515
28.4578734975777,16.807551175438952,10.467525866855985
2.626058560855917,16.03192635345241,0.9051445915524393
28.4578734975777,16.807551175438952,9.317799798728615
28.746667188415266,16.807551175438952,10.618592646488683
29.674934393454784,7.824580479869985,0.1010405654676902
28.4578734975777,30.412347789050894,5.8525886159511415
42.351626569300635,16.807551175438952,4.661816853206367
28.4578734975777,16.807551175438952,10.375690893302355
28.4578734975777,6.625625405791789,0.09616080774684868
26.5409449164993,16.03192635345241,8.9838809780356
28.4578734975777,16.03192635345241,9.52685943522054
21.02303704257394,16.807551175438952,8.088390770646335
2.626058560855917,16.807551175438952,1.010204917426871
1.4954513468828097,14.983008366600217,0.6005050531059966
5.325739374832676,3.570266969177439,8.110866832066243
2.626058560855917,26.63554468359307,0.6107789455809883
21.02303704257394,16.03192635345241,8.165895403029316
28.4578734975777,16.03192635345241,9.389630846374805
28.4578734975777,16.03192635345241,9.771433166405027
28.4578734975777,16.807551175438952,9.152866154288025
8.605516877354665,16.03192635345241,3.4121084230361403
28.4578734975777,16.807551175438952,9.921855859534242
28.4578734975777,18.34230834764986,9.051830567526407
28.4578734975777,16.03192635345241,9.377977246896847
0.48117030474830225,6.835283514036426,0.45736544835575244
28.4578734975777,30.20682234707479,5.667722229025107
