28.746667188415266,4.803096543936158,0.0960666294480996
1.0385574455038897,16.807551175438952,1.8581673805870453
29.888545752381287,16.807551175438952,9.592723435933555
9.083187771859436,7.281229522136455,7.908549990968291
28.746667188415266,16.807551175438952,6.405621157911761
1.0385574455038897,16.807551175438952,0.35944275245896484
28.746667188415266,20.36990985877912,7.981546817686415
28.746667188415266,16.807551175438952,9.08529323363243
6.640608729770594,7.4424621421520865,2.448996208340328
1.0385574455038897,16.807551175438952,0.3697149358804424
32.39372609159757,16.807551175438952,4.816802182464821
1.8542436817383396,16.807551175438952,2.5972621998892587
15.031803029644541,16.807551175438952,6.114496734717513
28.746667188415266,16.807551175438952,6.145231974469464
28.746667188415266,16.807551175438952,6.145231974469464
28.746667188415266,4.5944852097504505,0.10432733402416026
1.0385574455038897,5.336241176033246,1.1743852668825658
13.156972849068175,5.478030160849938,1.2389339224495575
28.746667188415266,16.807551175438952,6.145231974469464
1.0385574455038897,16.807551175438952,0.3831685845727174
28.746667188415266,16.807551175438952,5.084833307519913
60.24272815342656,1.8250726488596198,0.1020622224734968
1.0385574455038897,16.807551175438952,3.213491030824315
1.2574671080739135,16.807551175438952,0.4854656582162097
28.746667188415266,16.807551175438952,5.142759626339922
16.42612563284452,4.4770965596790795,4.406010203682081
28.746667188415266,16.807551175438952,10.689381583170569
28.746667188415266,16.807551175438952,9.769166560686337
28.746667188415266,16.807551175438952,6.145231974469464
16.42612563284452,16.807551175438952,10.55418663242325
1.4261055036973835,16.807551175438952,0.3433579968684504
53.96426404828226,8.618403879575753,0.09581717226671814
3.7501411844299692,24.00999089681737,0.9550099178444172
28.746667188415266,44.509532300407216,6.773717759209654
28.746667188415266,16.807551175438952,8.845777545196288
1.0385574455038897,16.807551175438952,3.213491030824315
16.42612563284452,11.761922577563997,8.208302127378637
40.116114310238984,28.85234944934006,8.129152583289182
1.0385574455038897,16.807551175438952,3.213491030824315
30.473539771202315,16.807551175438952,6.072097956949785
28.746667188415266,16.807551175438952,6.145231974469464
28.746667188415266,16.807551175438952,10.230438762620363
28.746667188415266,16.807551175438952,6.145231974469464
28.746667188415266,16.807551175438952,8.879808232621045
1.7057921653494788,16.03595146273772,0.6013059524018416
28.746667188415266,16.807551175438952,6.145231974469464
28.746667188415266,7.502569448388176,0.1098442882114677
28.746667188415266,16.807551175438952,6.145231974469464
0.7205722519145881,4.51939218359143,0.25426945966718134
28.746667188415266,16.807551175438952,9.906985125955048
28.746667188415266,32.22970286462464,4.852449091452375
22.73665664641335,15.441582946938547,3.8316086574573602
28.746667188415266,16.807551175438952,6.145231974469464
0.4587592015434408,51.50105166322548,0.13901347683361437
28.746667188415266,16.807551175438952,10.55802602300193
28.746667188415266,4.803096543936158,0.09843844587832971
4.396162809835202,0.47404614639665965,0.1081440329113731
11.655811930581827,5.628167185894393,6.918363741166407
16.42612563284452,16.807551175438952,6.118700210966986
28.746667188415266,16.807551175438952,10.054919746003087
8.565166935801432,16.807551175438952,3.040738558875088
39.46697931843426,16.807551175438952,6.0757838481290385
28.746667188415266,16.807551175438952,6.145231974469464
13.84529329678151,28.53939849183697,3.00756842087954
2.7450796261787693,9.285625344504421,0.6923580911855265
0.6603596515322329,0.42045835298189616,0.3422414711724717
28.746667188415266,16.807551175438952,5.084833307519913
13.84529329678151,18.604515273557936,3.0518495837311628
11.655811930581827,16.807551175438952,5.028811062085039
1.0385574455038897,16.807551175438952,3.213491030824315
10.716619473898422,15.315627138574945,3.5343794368862698
28.746667188415266,16.807551175438952,6.145231974469464
11.311376414575145,4.3728881087218845,0.10111350885782733
28.746667188415266,16.807551175438952,6.145231974469464
0.2910941283489228,29.865636584502024,0.09568528313665457
28.746667188415266,4.803096543936158,0.09803747061785265
11.895038821605802,10.077991789067024,4.794113878289142
1.981809197116183,16.807551175438952,2.592131270248525
28.746667188415266,16.807551175438952,5.084833307519913
1.0385574455038897,16.807551175438952,0.35815690729624206
