28.746667188415266,16.807551175438952,9.57118980080631
28.4578734975777,16.807551175438952,10.69029847296127
28.4578734975777,30.23529855500408,10.705840862988259
28.746667188415266,16.807551175438952,9.57118980080631
34.81545871465538,15.768415956132934,6.522898215356657
57.34893811187621,16.807551175438952,0.09336671443914739
28.746667188415266,0.07323943726872084,0.09070276776187296
34.81545871465538,15.768415956132934,6.522898215356657
28.4578734975777,16.807551175438952,10.69029847296127
57.34893811187621,16.807551175438952,0.09336671443914739
3.0055641012583756,16.807551175438952,0.9832606449931901
2.626058560855917,26.49732335321735,10.588954489388897
39.05033359971338,23.98284116549977,9.594396806794421
28.4578734975777,17.937060549728503,9.320551211252512
34.81545871465538,15.768415956132934,6.522898215356657
34.81545871465538,15.768415956132934,6.522898215356657
146.47135830707253,3.7332824304417827,0.10548947921690269
28.4578734975777,16.807551175438952,10.69029847296127
28.4578734975777,30.23529855500408,10.705840862988259
37.36799455929316,30.24665193012821,7.514571330020679
39.05033359971338,23.98284116549977,9.594396806794421
20.26823159048876,16.807551175438952,7.310027712020144
2.626058560855917,26.49732335321735,10.588954489388897
20.26823159048876,16.807551175438952,7.310027712020144
39.05033359971338,23.98284116549977,9.594396806794421
28.4578734975777,30.23529855500408,10.705840862988259
28.4578734975777,16.807551175438952,10.69029847296127
3.0055641012583756,16.807551175438952,0.9832606449931901
28.4578734975777,2.0993932494460292,9.99411466201477
10.472077160994608,16.807551175438952,3.699240758906003
3.0055641012583756,16.807551175438952,0.9832606449931901
39.05033359971338,23.98284116549977,9.594396806794421
28.746667188415266,16.807551175438952,8.971287220728525
20.26823159048876,16.807551175438952,7.310027712020144
51.27040835288135,1.1937407331895677,5.190509344290059
27.25903075930913,26.49732335321735,5.982214665273258
24.710742872120576,27.977596473205907,5.555530416322828
32.331453551259116,4.556973990360426,0.10150060840433454
146.47135830707253,3.7332824304417827,0.10548947921690269
41.15671613838006,27.193520990900893,6.84819064802612
28.4578734975777,17.937060549728503,9.320551211252512
146.47135830707253,3.7332824304417827,0.10548947921690269
28.4578734975777,16.807551175438952,10.69029847296127
28.4578734975777,0.9670930172164294,0.09449337602291842
28.4578734975777,16.807551175438952,10.287371778914451
5.325739374832676,16.807551175438952,2.024180122241561
28.4578734975777,1.3174459806362133,0.09491857028540304
37.96962568249783,4.556973990360426,0.09436434163701761
24.710742872120576,27.977596473205907,5.555530416322828
28.4578734975777,31.102590935385336,5.749040174952819
10.472077160994608,16.807551175438952,3.699240758906003
27.25903075930913,26.49732335321735,5.982214665273258
51.27040835288135,1.1937407331895677,5.190509344290059
39.05033359971338,23.98284116549977,9.594396806794421
28.746667188415266,16.807551175438952,9.57118980080631
24.710742872120576,27.977596473205907,5.555530416322828
28.4578734975777,16.807551175438952,10.287371778914451
28.4578734975777,21.99012913783901,7.829656797336284
34.55776187563491,16.807551175438952,7.3376119254442775
146.47135830707253,3.7332824304417827,0.10548947921690269
57.34893811187621,16.807551175438952,0.09336671443914739
27.25903075930913,26.49732335321735,5.982214665273258
28.4578734975777,31.102590935385336,5.749040174952819
34.81545871465538,15.768415956132934,6.522898215356657
28.4578734975777,16.807551175438952,10.063192642206566
28.4578734975777,24.420615882511076,7.205593737993257
37.36799455929316,30.24665193012821,7.514571330020679
28.4578734975777,16.807551175438952,10.705506887376744
37.96962568249783,4.556973990360426,0.09436434163701761
28.4578734975777,0.9670930172164294,0.09449337602291842
32.331453551259116,4.556973990360426,0.10150060840433454
28.4578734975777,1.3174459806362133,0.09491857028540304
28.4578734975777,17.850271019524936,9.082189095817803
28.746667188415266,0.07323943726872084,0.09070276776187296
28.4578734975777,17.937060549728503,9.320551211252512
2.626058560855917,16.03192635345241,1.0535369398258556
2.626058560855917,33.88386361257228,0.4999580734353717
20.26823159048876,16.807551175438952,7.310027712020144
2.626058560855917,26.49732335321735,0.5617034492866919
41.15671613838006,27.193520990900893,6.84819064802612
28.4578734975777,24.578505576639444,6.83698215559624
55.81731243246074,8.382281804161408,7.042115778519119
27.25903075930913,26.49732335321735,5.982214665273258
28.4578734975777,30.482151284831993,5.35381278319499
5.325739374832676,16.807551175438952,2.024180122241561
28.4578734975777,16.807551175438952,9.827465838628138
31.647355478892777,2.726939162267824,0.10252486499274896
51.27040835288135,1.1937407331895677,5.190509344290059
28.746667188415266,16.807551175438952,9.57118980080631
28.4578734975777,16.807551175438952,10.063192642206566
28.4578734975777,16.807551175438952,10.705506887376744
34.81545871465538,15.768415956132934,6.522898215356657
28.746667188415266,16.807551175438952,8.971287220728525
19.83504974574064,7.824580479869985,4.723804215302168
28.4578734975777,16.807551175438952,10.69029847296127
28.4578734975777,17.850271019524936,9.082189095817803
28.4578734975777,17.850271019524936,9.17854606745137
5.325953011616097,16.807551175438952,1.9942092697416576
34.55776187563491,16.807551175438952,7.3376119254442775
28.4578734975777,16.807551175438952,10.705506887376744
28.4578734975777,1.5319199751284156,0.09715829403194036
20.26823159048876,16.807551175438952,7.310027712020144
3.0055641012583756,16.807551175438952,0.9832606449931901
27.872272127191145,16.807551175438952,9.460571094974368
28.4578734975777,31.102590935385336,5.749040174952819
28.4578734975777,17.937060549728503,9.320551211252512
28.4578734975777,16.807551175438952,9.616183280211128
34.55776187563491,16.807551175438952,7.758591783231445
28.4578734975777,24.578505576639444,6.83698215559624
28.746667188415266,16.807551175438952,9.57118980080631
23.73121063832858,16.807551175438952,7.663746864746082
28.4578734975777,16.807551175438952,10.287371778914451
10.472077160994608,16.807551175438952,3.699240758906003
2.626058560855917,33.88386361257228,0.4999580734353717
28.4578734975777,1.7983377106861518,0.09463386154804306
