28.746667188415266,16.807551175438952,7.884285526607776
28.4578734975777,16.807551175438952,8.122451273948148
28.4578734975777,16.807551175438952,8.122451273948148
28.746667188415266,16.807551175438952,9.667145432639577
51.87818966704364,16.807551175438952,1.411073714207565
37.36799455929316,16.807551175438952,7.59161091507786
28.746667188415266,16.807551175438952,7.884285526607776
28.746667188415266,16.807551175438952,8.792360842025849
4.509484801054146,3.3059216616939473,7.861666035262902
37.36799455929316,16.807551175438952,7.59161091507786
51.05026508758691,17.642449272057128,8.728371091576252
45.41615055597035,3.1726321655398766,0.09058713041062795
47.22484623421254,16.807551175438952,8.925634789535364
16.429872180051323,96.4706379260762,1.540477504092044
28.746667188415266,16.807551175438952,8.138233174225402
28.4578734975777,16.807551175438952,8.122451273948148
28.4578734975777,17.642449272057128,8.942547605683135
28.4578734975777,16.807551175438952,9.99411466201477
34.81545871465538,15.768415956132934,6.103815032179734
49.41385728056947,12.73401275342244,0.10109933259665425
28.746667188415266,19.027679345364255,9.31270789564128
28.746667188415266,16.807551175438952,9.97950217925934
28.4578734975777,16.807551175438952,8.122451273948148
56.64134790220173,17.642449272057128,0.6994216434858085
28.746667188415266,16.807551175438952,8.705948269198313
28.746667188415266,16.807551175438952,7.884285526607776
19.477056658951888,17.642449272057128,6.6158449820443055
35.90748556530451,16.807551175438952,7.646363930683017
38.95032645286786,16.807551175438952,8.705948269198313
28.746667188415266,17.642449272057128,8.728371091576252
55.1686438315288,16.807551175438952,10.04018397754713
28.4578734975777,16.807551175438952,10.705840862988259
28.746667188415266,16.807551175438952,9.888473705587261
28.746667188415266,16.807551175438952,8.9388935758595
37.36799455929316,16.807551175438952,7.59161091507786
28.746667188415266,17.642449272057128,10.588954489388897
21.456632116393315,16.807551175438952,8.06998062780863
18.350911922274896,31.93865103434112,4.830546035039589
55.983534519562276,16.807551175438952,0.10371736656570474
28.746667188415266,16.807551175438952,8.138233174225402
34.01239028230627,16.807551175438952,7.134117366497492
28.746667188415266,16.807551175438952,8.805179496838615
28.4578734975777,16.807551175438952,10.506709033812793
28.746667188415266,16.807551175438952,7.884285526607776
28.746667188415266,17.642449272057128,8.738030405153483
28.746667188415266,19.226050370557065,9.834758831455385
48.40273649539108,16.807551175438952,2.5215272373044484
28.4578734975777,16.807551175438952,9.633084321462032
48.50438500902598,27.977596473205907,8.332219260343027
28.4578734975777,16.807551175438952,8.122451273948148
28.746667188415266,16.807551175438952,8.94776722258871
5.395918727611242,16.807551175438952,7.532563049735168
49.159161826788534,16.807551175438952,2.6058184506787048
28.746667188415266,16.807551175438952,10.462087418383165
37.28163689290496,18.40725533365316,8.572155255811609
28.4578734975777,16.807551175438952,9.528709648048476
15.414080015752461,16.807551175438952,5.8038770361588865
28.4578734975777,16.807551175438952,10.001982639877898
28.746667188415266,15.043264394128645,9.225281608069654
28.746667188415266,16.807551175438952,9.219433742472633
28.746667188415266,26.566816353219576,5.923149885434398
28.746667188415266,24.820734702948393,6.831577154482803
28.746667188415266,16.807551175438952,8.138233174225402
28.4578734975777,16.807551175438952,10.277588158806143
28.4578734975777,16.807551175438952,9.989817902597458
28.746667188415266,17.642449272057128,8.738030405153483
28.4578734975777,16.807551175438952,8.122451273948148
28.746667188415266,10.035902276951433,2.5972757404247613
30.977690569473793,16.807551175438952,9.808754601195345
28.746667188415266,17.642449272057128,9.573469378053549
37.36799455929316,16.807551175438952,6.129075617369783
77.58493356051883,33.56507190952227,7.888128604970387
28.746667188415266,16.807551175438952,8.138233174225402
6.61476447156528,16.807551175438952,10.325839435744037
28.4578734975777,16.807551175438952,8.122451273948148
28.4578734975777,16.807551175438952,10.190691168185227
37.36799455929316,16.807551175438952,6.591609858517248
55.76750730513238,30.2622333570995,8.895863820397414
37.36799455929316,16.807551175438952,6.669015433572874
28.746667188415266,16.807551175438952,8.699275564144624
