28.4578734975777,16.03192635345241,6.887930228601606
0.3275534813315138,16.03192635345241,0.12321984499468433
28.4578734975777,16.03192635345241,10.072411376175044
25.168371760293212,16.03192635345241,9.797485873196852
28.4578734975777,18.861468189158284,6.941751023080789
28.4578734975777,6.625625405791789,0.09173104351396377
29.674934393454784,11.668062168075311,0.1010405654676902
28.4578734975777,16.03192635345241,9.463766111554433
56.63585475023437,16.807551175438952,7.979611894475209
28.4578734975777,16.03192635345241,9.01652066016283
31.075264808934566,16.03192635345241,6.920898513949337
28.4578734975777,16.03192635345241,9.969058612564432
28.4578734975777,16.03192635345241,9.783327818714039
18.295427599422027,16.03192635345241,6.941751023080789
66.79911659813955,3.6366768787194887,0.10953877167819986
28.4578734975777,20.531031470976902,7.58803193921937
28.4578734975777,16.03192635345241,6.887930228601606
28.4578734975777,16.03192635345241,10.261091566939703
28.4578734975777,16.03192635345241,9.197482262450253
21.02303704257394,9.802576950855293,7.420934624083805
28.4578734975777,20.181819003347766,7.069705495642755
28.4578734975777,19.506331487328627,8.81780331964189
21.02303704257394,16.03192635345241,7.3958054854191335
28.4578734975777,31.84231900954742,5.623522634163543
28.746667188415266,16.807551175438952,10.618592646488683
28.4578734975777,16.03192635345241,6.920898513949337
28.4578734975777,16.03192635345241,6.887930228601606
28.4578734975777,1.5319199751284156,0.09121940860686324
28.4578734975777,16.807551175438952,6.98443149701958
8.50429340944445,16.807551175438952,9.354685360059893
28.4578734975777,25.51392737815712,7.182499597250748
28.4578734975777,9.895850297777724,5.667722229025107
42.351626569300635,18.156691376933274,5.929054466241651
62.947127129703894,22.138787836748733,2.770886554510811
28.4578734975777,16.807551175438952,7.025106865347459
28.4578734975777,16.807551175438952,9.871975722442794
28.4578734975777,24.420615882511076,7.63535724288712
21.02303704257394,16.03192635345241,7.65464312723833
28.4578734975777,16.03192635345241,9.57469565673436
43.55508777396854,25.56253398213995,10.266046053829106
28.4578734975777,33.106632707979756,7.176294704181639
28.4578734975777,16.807551175438952,9.009410639401818
7.207004884970765,16.03192635345241,2.9119667107911704
8.482381168092687,16.807551175438952,7.740367972898095
28.4578734975777,25.51392737815712,6.81042241100319
28.4578734975777,25.870663514728093,6.106429369393931
2.626058560855917,16.03192635345241,0.9241079338269793
41.268882844756114,16.807551175438952,4.7878635154058395
24.399226093321218,1.4432011261523776,0.09879048605996535
28.4578734975777,16.03192635345241,6.887930228601606
26.5409449164993,16.03192635345241,10.606916425526842
8.605516877354665,16.03192635345241,3.4121084230361403
52.85584727438929,25.51392737815712,4.8968606832327115
48.80006305987362,16.807551175438952,2.37563647270933
28.4578734975777,16.03192635345241,6.941751023080789
28.4578734975777,16.03192635345241,6.887930228601606
28.4578734975777,16.03192635345241,8.928435841002509
7.541718389887418,16.03192635345241,6.917620807818068
21.02303704257394,16.807551175438952,7.383272426858728
17.70585874581373,16.807551175438952,7.740367972898095
21.02303704257394,10.415011356225756,7.768013895689921
28.4578734975777,16.807551175438952,6.97440608638352
28.4578734975777,16.03192635345241,9.544603703142437
51.199376929479584,16.03192635345241,0.8541558698052001
27.56790742632181,16.03192635345241,9.380648278883452
28.4578734975777,16.807551175438952,10.160282160666418
37.41624260022479,16.807551175438952,7.025106865347459
28.4578734975777,16.807551175438952,10.659621116454314
48.80006305987362,16.03192635345241,5.288889198957312
2.626058560855917,16.807551175438952,0.9229723933618398
28.4578734975777,16.03192635345241,6.887930228601606
28.4578734975777,25.51392737815712,6.81042241100319
28.4578734975777,3.8783481140478457,0.09456239492279549
21.02303704257394,16.03192635345241,8.421714460421915
8.997476941014707,16.03192635345241,3.610691287509779
28.4578734975777,16.807551175438952,7.025106865347459
34.55776187563491,0.46811294695234906,0.10481480540487811
28.4578734975777,16.03192635345241,10.017729894436739
28.4578734975777,16.03192635345241,6.887930228601606
28.4578734975777,2.951474310903146,9.52685943522054
