16.429872180051323,96.4706379260762,1.540477504092044
28.746667188415266,16.807551175438952,9.981262788492186
28.746667188415266,16.807551175438952,9.981262788492186
55.983534519562276,16.807551175438952,0.10371736656570474
28.746667188415266,4.684873050927442,0.09824846848564697
28.746667188415266,4.684873050927442,0.09824846848564697
28.746667188415266,16.807551175438952,9.888473705587261
28.746667188415266,19.027679345364255,9.31270789564128
28.746667188415266,4.684873050927442,0.09824846848564697
44.91600628283466,42.42692672002773,4.3414793335006845
55.983534519562276,16.807551175438952,0.10371736656570474
28.746667188415266,16.807551175438952,10.021801256091868
28.746667188415266,4.684873050927442,0.09824846848564697
4.509484801054146,3.3059216616939473,7.861666035262902
48.40273649539108,16.807551175438952,2.802978719424698
28.746667188415266,16.807551175438952,8.81373672577275
30.849064664848107,16.807551175438952,8.441389881031132
37.36799455929316,16.807551175438952,6.669015433572874
28.746667188415266,19.027679345364255,9.31270789564128
49.41385728056947,12.73401275342244,0.09791426680701369
28.746667188415266,16.807551175438952,9.981262788492186
58.14386821756908,16.807551175438952,0.10156858638163627
28.746667188415266,16.807551175438952,10.180495508689805
37.28163689290496,18.40725533365316,8.572155255811609
37.36799455929316,16.807551175438952,6.669015433572874
45.41615055597035,3.1726321655398766,0.09058713041062795
28.746667188415266,16.807551175438952,9.888473705587261
34.81545871465538,15.768415956132934,6.103815032179734
28.746667188415266,10.035902276951433,2.5972757404247613
30.849064664848107,16.807551175438952,8.441389881031132
16.429872180051323,96.4706379260762,1.540477504092044
28.746667188415266,19.027679345364255,9.31270789564128
28.746667188415266,16.807551175438952,8.805179496838615
28.746667188415266,16.807551175438952,10.088217153943766
28.746667188415266,24.819849844379334,10.345681826471614
28.746667188415266,16.807551175438952,9.97950217925934
28.746667188415266,4.684873050927442,0.09824846848564697
55.983534519562276,16.807551175438952,0.10371736656570474
48.40273649539108,27.630394781474692,2.5153395627295945
28.746667188415266,24.820734702948393,6.831577154482803
28.746667188415266,16.807551175438952,9.97950217925934
16.429872180051323,96.4706379260762,1.540477504092044
28.746667188415266,16.807551175438952,9.981262788492186
37.36799455929316,16.807551175438952,6.669015433572874
28.746667188415266,10.035902276951433,2.5972757404247613
28.746667188415266,17.642449272057128,9.573469378053549
44.91600628283466,42.42692672002773,4.3414793335006845
28.746667188415266,19.027679345364255,9.31270789564128
28.746667188415266,16.807551175438952,10.180495508689805
34.81545871465538,15.768415956132934,6.103815032179734
3.8077661959646756,16.807551175438952,1.4360494211695738
28.746667188415266,16.807551175438952,10.572059560211462
45.41615055597035,3.1726321655398766,0.09058713041062795
28.746667188415266,24.753755275458932,10.5946234619421
37.36799455929316,16.807551175438952,6.669015433572874
28.746667188415266,16.807551175438952,9.48439139125862
28.4578734975777,16.807551175438952,10.2891836138671
28.746667188415266,16.807551175438952,9.981262788492186
28.746667188415266,24.820734702948393,6.831577154482803
51.87818966704364,16.807551175438952,10.325839435744037
28.746667188415266,15.043264394128645,9.225281608069654
4.509484801054146,3.3059216616939473,7.861666035262902
28.746667188415266,19.226050370557065,9.834758831455385
28.746667188415266,10.035902276951433,2.5972757404247613
28.746667188415266,16.807551175438952,8.81373672577275
28.746667188415266,16.807551175438952,9.48439139125862
28.746667188415266,17.642449272057128,9.141350331273125
28.746667188415266,16.807551175438952,8.805179496838615
28.746667188415266,16.807551175438952,10.572059560211462
44.91600628283466,42.42692672002773,4.3414793335006845
28.746667188415266,16.807551175438952,10.180495508689805
34.01239028230627,16.807551175438952,9.646179272003563
49.41385728056947,12.73401275342244,0.09791426680701369
37.28163689290496,18.40725533365316,8.572155255811609
28.746667188415266,16.807551175438952,8.792360842025849
28.746667188415266,24.819849844379334,10.345681826471614
28.746667188415266,17.642449272057128,10.588954489388897
30.977690569473793,16.807551175438952,9.808754601195345
28.746667188415266,16.807551175438952,10.453454738681312
47.22484623421254,16.807551175438952,8.925634789535364
34.81545871465538,15.768415956132934,6.103815032179734
28.746667188415266,3.810872272422083,0.09414333920492957
28.4578734975777,16.807551175438952,10.190691168185227
37.36799455929316,16.807551175438952,6.591609858517248
28.746667188415266,3.810872272422083,0.09414333920492957
34.81545871465538,15.768415956132934,6.103815032179734
28.746667188415266,19.027679345364255,9.31270789564128
28.4578734975777,16.807551175438952,10.04018397754713
28.746667188415266,15.043264394128645,9.225281608069654
28.4578734975777,16.807551175438952,10.2891836138671
28.746667188415266,24.820734702948393,6.831577154482803
28.746667188415266,16.807551175438952,10.088217153943766
28.746667188415266,4.684873050927442,0.09824846848564697
28.746667188415266,16.807551175438952,8.81373672577275
37.36799455929316,16.807551175438952,6.669015433572874
28.746667188415266,16.807551175438952,9.410849680532387
58.14386821756908,16.807551175438952,0.10156858638163627
28.746667188415266,16.807551175438952,8.792360842025849
28.4578734975777,16.807551175438952,10.74047088919767
37.36799455929316,16.807551175438952,6.129075617369783
28.746667188415266,16.807551175438952,10.453454738681312
55.983534519562276,16.807551175438952,0.10371736656570474
28.4578734975777,16.807551175438952,10.81368165608025
3.8077661959646756,16.807551175438952,1.4360494211695738
28.4578734975777,17.642449272057128,9.574079596843779
28.746667188415266,16.807551175438952,9.981262788492186
28.746667188415266,17.642449272057128,10.588954489388897
