28.4578734975777,17.850271019524936,7.42435396619687
12.844444057946333,16.03192635345241,4.762810706679701
28.4578734975777,16.807551175438952,9.551713165014524
34.55776187563491,6.638418036264463,7.91658566408856
20.26823159048876,16.807551175438952,7.279573649833873
28.4578734975777,6.625625405791789,6.775864977916852
19.83504974574064,7.824580479869985,4.723804215302168
28.4578734975777,21.99012913783901,7.829656797336284
28.4578734975777,16.807551175438952,10.459019831519138
28.4578734975777,1.058583520661994,0.10324784247405999
34.55776187563491,16.807551175438952,8.26546531313716
21.02303704257394,16.807551175438952,6.791495009796038
28.4578734975777,17.937060549728503,9.320551211252512
24.940522330143605,49.910501320982746,7.231273980961996
51.27040835288135,1.1937407331895677,0.09165972070125836
28.4578734975777,16.807551175438952,9.616183280211128
28.4578734975777,16.03192635345241,9.23203946576072
28.4578734975777,1.497423793853818,9.99411466201477
26.539065244275058,15.768415956132934,6.522898215356657
2.2572178164517656,14.920204151537,5.422928667734204
79.66464836636545,26.49732335321735,5.986628082955571
21.02303704257394,16.03192635345241,6.5910575899155575
28.4578734975777,31.102590935385336,5.749040174952819
5.325953011616097,16.807551175438952,1.7732829085917488
28.746667188415266,16.807551175438952,8.971287220728525
21.02303704257394,16.03192635345241,6.5910575899155575
2.626058560855917,16.807551175438952,5.5420048888968365
28.4578734975777,1.5319199751284156,0.09121940860686324
28.4578734975777,16.807551175438952,7.678216009033637
28.4578734975777,16.807551175438952,7.108218078491333
21.02303704257394,16.03192635345241,6.5910575899155575
8.663637499989854,16.807551175438952,2.908458412590909
28.746667188415266,16.807551175438952,9.57118980080631
39.05033359971338,23.98284116549977,9.960319023751998
28.4578734975777,9.336214352245925,1.8690046996139644
2.626058560855917,26.63554468359307,0.6305776607752354
28.4578734975777,24.420615882511076,7.63535724288712
28.4578734975777,17.850271019524936,9.131558391897883
28.4578734975777,16.03192635345241,6.907780658610853
28.4578734975777,16.807551175438952,7.108218078491333
28.4578734975777,16.807551175438952,7.108218078491333
28.4578734975777,17.850271019524936,7.331794418670886
43.157139049494845,42.25068312782672,5.5906711513001
28.4578734975777,13.523552498275583,6.096319440847413
2.626058560855917,26.63554468359307,3.4871137952074083
23.73121063832858,6.835283514036426,0.10344184669417755
2.626058560855917,16.03192635345241,5.339685440146154
28.4578734975777,8.244725223129977,0.0986375748816482
21.02303704257394,16.807551175438952,7.722407865822683
28.4578734975777,2.460474534706217,0.09491857028540304
7.402991033639331,16.807551175438952,5.532842477799968
28.4578734975777,17.850271019524936,9.642959051079975
19.14401368698279,16.807551175438952,6.455775091717083
28.4578734975777,16.807551175438952,7.108218078491333
2.626058560855917,16.807551175438952,0.8703857187130096
21.02303704257394,16.807551175438952,6.791495009796038
5.325739374832676,29.807155967599694,2.024180122241561
50.09525470846283,17.850271019524936,3.009631320785407
28.4578734975777,16.807551175438952,10.026481539514808
28.746667188415266,16.807551175438952,9.889170389597187
39.84818779419709,16.03192635345241,7.163688309355409
51.670759143524066,16.807551175438952,7.678216009033637
28.4578734975777,17.850271019524936,7.42435396619687
2.626058560855917,16.807551175438952,3.74676865315855
21.02303704257394,16.03192635345241,8.59133403757705
10.472077160994608,16.807551175438952,4.063905256090579
37.96962568249783,4.556973990360426,0.09436434163701761
28.4578734975777,25.717754036417254,7.231273980961996
28.4578734975777,17.850271019524936,8.897397186486915
2.626058560855917,16.807551175438952,5.5420048888968365
37.36799455929316,30.24665193012821,7.514571330020679
28.4578734975777,16.03192635345241,6.907780658610853
28.4578734975777,16.807551175438952,7.678216009033637
31.647355478892777,2.726939162267824,0.10252486499274896
28.4578734975777,21.06094873789987,7.648192550881979
21.02303704257394,16.807551175438952,7.518673857465279
34.55776187563491,16.807551175438952,8.03106986725345
21.02303704257394,16.807551175438952,9.827465838628138
2.626058560855917,16.03192635345241,1.0535369398258556
28.4578734975777,16.03192635345241,7.475896560282955
