28.746667188415266,16.807551175438952,9.57118980080631
8.663637499989854,16.807551175438952,2.908458412590909
28.746667188415266,16.807551175438952,9.57118980080631
26.539065244275058,15.768415956132934,6.522898215356657
26.539065244275058,15.768415956132934,6.522898215356657
2.626058560855917,26.63554468359307,0.6305776607752354
39.05033359971338,23.98284116549977,9.960319023751998
28.4578734975777,17.937060549728503,9.320551211252512
26.539065244275058,15.768415956132934,6.522898215356657
26.539065244275058,15.768415956132934,6.522898215356657
8.663637499989854,16.807551175438952,2.908458412590909
37.36799455929316,30.24665193012821,7.514571330020679
39.05033359971338,23.98284116549977,9.960319023751998
20.26823159048876,16.807551175438952,7.279573649833873
2.626058560855917,26.63554468359307,0.6305776607752354
20.26823159048876,16.807551175438952,7.279573649833873
39.05033359971338,23.98284116549977,9.960319023751998
8.663637499989854,16.807551175438952,2.908458412590909
28.4578734975777,1.497423793853818,9.99411466201477
39.05033359971338,23.98284116549977,9.960319023751998
28.746667188415266,16.807551175438952,8.971287220728525
20.26823159048876,16.807551175438952,7.279573649833873
51.27040835288135,1.1937407331895677,0.09165972070125836
21.02303704257394,16.807551175438952,7.722407865822683
28.4578734975777,17.937060549728503,9.320551211252512
12.844444057946333,16.03192635345241,4.762810706679701
28.4578734975777,16.807551175438952,10.026481539514808
5.325739374832676,29.807155967599694,2.024180122241561
28.4578734975777,2.460474534706217,0.09491857028540304
37.96962568249783,4.556973990360426,0.09436434163701761
21.02303704257394,16.807551175438952,7.722407865822683
28.4578734975777,31.102590935385336,5.749040174952819
51.27040835288135,1.1937407331895677,0.09165972070125836
39.05033359971338,23.98284116549977,9.960319023751998
28.746667188415266,16.807551175438952,9.57118980080631
21.02303704257394,16.807551175438952,7.722407865822683
28.4578734975777,16.807551175438952,10.026481539514808
28.4578734975777,21.99012913783901,7.829656797336284
34.55776187563491,16.807551175438952,8.03106986725345
28.4578734975777,31.102590935385336,5.749040174952819
26.539065244275058,15.768415956132934,6.522898215356657
28.4578734975777,9.336214352245925,1.8690046996139644
28.4578734975777,24.420615882511076,7.63535724288712
37.36799455929316,30.24665193012821,7.514571330020679
37.96962568249783,4.556973990360426,0.09436434163701761
12.844444057946333,16.03192635345241,4.762810706679701
28.4578734975777,2.460474534706217,0.09491857028540304
28.4578734975777,17.850271019524936,9.642959051079975
28.4578734975777,17.937060549728503,9.320551211252512
2.626058560855917,16.03192635345241,1.0535369398258556
20.26823159048876,16.807551175438952,7.279573649833873
21.02303704257394,16.807551175438952,7.518673857465279
34.55776187563491,16.807551175438952,8.26546531313716
5.325739374832676,29.807155967599694,2.024180122241561
21.02303704257394,16.807551175438952,9.827465838628138
31.647355478892777,2.726939162267824,0.10252486499274896
51.27040835288135,1.1937407331895677,0.09165972070125836
28.746667188415266,16.807551175438952,9.57118980080631
28.4578734975777,9.336214352245925,1.8690046996139644
26.539065244275058,15.768415956132934,6.522898215356657
28.746667188415266,16.807551175438952,8.971287220728525
19.83504974574064,7.824580479869985,4.723804215302168
28.4578734975777,17.850271019524936,9.642959051079975
28.4578734975777,17.850271019524936,8.897397186486915
5.325953011616097,16.807551175438952,1.7732829085917488
34.55776187563491,16.807551175438952,8.03106986725345
28.4578734975777,1.5319199751284156,0.09121940860686324
20.26823159048876,16.807551175438952,7.279573649833873
28.4578734975777,31.102590935385336,5.749040174952819
28.4578734975777,17.937060549728503,9.320551211252512
28.4578734975777,16.807551175438952,9.616183280211128
21.02303704257394,16.807551175438952,7.518673857465279
28.746667188415266,16.807551175438952,9.57118980080631
23.73121063832858,6.835283514036426,0.10344184669417755
28.4578734975777,16.807551175438952,10.026481539514808
28.4578734975777,17.850271019524936,9.642959051079975
10.472077160994608,16.807551175438952,4.063905256090579
51.27040835288135,1.1937407331895677,0.09165972070125836
28.4578734975777,1.058583520661994,0.10324784247405999
28.4578734975777,17.850271019524936,9.131558391897883
39.05033359971338,23.98284116549977,9.960319023751998
5.325953011616097,16.807551175438952,1.7732829085917488
34.55776187563491,16.807551175438952,8.26546531313716
28.4578734975777,1.5319199751284156,0.09121940860686324
28.4578734975777,8.244725223129977,0.0986375748816482
7.402991033639331,16.807551175438952,5.532842477799968
28.4578734975777,9.336214352245925,1.8690046996139644
8.663637499989854,16.807551175438952,2.908458412590909
28.4578734975777,16.807551175438952,9.551713165014524
28.4578734975777,24.420615882511076,7.63535724288712
28.4578734975777,16.03192635345241,9.23203946576072
19.14401368698279,16.807551175438952,6.455775091717083
23.73121063832858,6.835283514036426,0.10344184669417755
12.844444057946333,16.03192635345241,4.762810706679701
28.4578734975777,1.5319199751284156,0.09121940860686324
28.4578734975777,16.03192635345241,9.23203946576072
28.4578734975777,1.058583520661994,0.10324784247405999
2.626058560855917,16.807551175438952,0.8703857187130096
21.02303704257394,16.807551175438952,7.722407865822683
20.26823159048876,16.807551175438952,7.279573649833873
51.27040835288135,1.1937407331895677,0.09165972070125836
21.02303704257394,16.03192635345241,8.59133403757705
39.05033359971338,23.98284116549977,9.960319023751998
28.4578734975777,16.807551175438952,10.026481539514808
28.4578734975777,17.850271019524936,8.897397186486915
5.325953011616097,16.807551175438952,1.7732829085917488
28.746667188415266,16.807551175438952,9.889170389597187
2.626058560855917,26.63554468359307,0.6305776607752354
43.157139049494845,42.25068312782672,5.5906711513001
28.4578734975777,16.807551175438952,10.459019831519138
28.4578734975777,8.244725223129977,0.0986375748816482
28.4578734975777,17.850271019524936,9.131558391897883
21.02303704257394,16.807551175438952,7.518673857465279
50.09525470846283,17.850271019524936,3.009631320785407
34.55776187563491,16.807551175438952,8.03106986725345
