8.331923663294226,16.807551175438952,3.2587270322013957
28.4578734975777,0.9670930172164294,0.09449337602291842
37.36799455929316,16.807551175438952,7.5066146381119125
34.55776187563491,16.807551175438952,7.91658566408856
20.26823159048876,16.807551175438952,9.019345411767203
28.4578734975777,16.40378574824677,10.21193837725523
28.4578734975777,16.807551175438952,8.335215376189058
28.4578734975777,21.99012913783901,7.829656797336284
34.55776187563491,16.807551175438952,7.91658566408856
37.36799455929316,16.807551175438952,7.5066146381119125
28.4578734975777,30.482151284831993,7.9668147115949735
28.4578734975777,16.807551175438952,9.898821389849527
28.746667188415266,21.559174103772303,9.564910240232276
16.429872180051323,4.537373798516736,1.540477504092044
28.746667188415266,11.721381293260723,10.660191874877295
28.4578734975777,16.807551175438952,8.122451273948148
28.4578734975777,26.29998052090325,8.531004833312377
28.4578734975777,2.0993932494460292,9.99411466201477
34.81545871465538,15.768415956132934,6.270436951889006
14.239273475902479,12.73401275342244,0.10109933259665425
16.496571102319734,0.4631071702172349,9.31270789564128
34.55776187563491,16.807551175438952,7.91658566408856
28.4578734975777,16.807551175438952,9.629302798520348
28.4578734975777,16.807551175438952,7.9668147115949735
28.746667188415266,16.807551175438952,9.65711507522308
28.4578734975777,16.807551175438952,9.495992377596972
34.55776187563491,16.807551175438952,7.91658566408856
28.4578734975777,16.807551175438952,8.335215376189058
28.4578734975777,27.193520990900893,6.349038338190021
28.4578734975777,16.807551175438952,8.335215376189058
55.1686438315288,3.7332824304417827,0.10548947921690269
28.4578734975777,16.807551175438952,10.705840862988259
28.746667188415266,16.807551175438952,10.196038070633026
37.36799455929316,22.86817941942781,9.594396806794421
28.4578734975777,16.807551175438952,8.964223741140467
2.626058560855917,26.49732335321735,10.588954489388897
28.4578734975777,24.420615882511076,7.205593737993257
28.4578734975777,9.239081335247944,1.4311705618764117
28.4578734975777,16.807551175438952,8.335215376189058
28.4578734975777,41.73561971126973,8.882597443435852
52.885111430093716,16.807551175438952,1.0777616173693358
57.34893811187621,16.807551175438952,0.09336671443914739
28.4578734975777,1.3174459806362133,10.506709033812793
28.4578734975777,16.807551175438952,8.531004833312377
21.072610904675678,28.0136276642982,7.5066146381119125
28.4578734975777,16.807551175438952,8.335215376189058
21.05113324521839,16.807551175438952,7.147710641235445
11.20582694680854,12.46375269666601,5.7122684817854585
24.710742872120576,27.977596473205907,5.555530416322828
28.4578734975777,16.807551175438952,9.568561039202867
28.4578734975777,1.3174459806362133,7.095057913507324
54.99816026806688,16.807551175438952,8.531004833312377
28.4578734975777,16.807551175438952,8.531004833312377
18.59556160161571,16.807551175438952,7.160441530151939
28.4578734975777,4.556973990360426,4.627092870904177
28.4578734975777,16.807551175438952,10.217812114777182
5.325739374832676,16.807551175438952,5.180200140924176
27.218393755155123,16.807551175438952,9.688008908469122
28.4578734975777,16.807551175438952,10.148000254910725
28.746667188415266,16.807551175438952,7.964419526744897
28.797629418403687,1.3174459806362133,8.08181414552712
28.746667188415266,24.820734702948393,7.48159650558296
28.4578734975777,16.807551175438952,7.9668147115949735
28.4578734975777,16.807551175438952,10.335069334328946
28.4578734975777,1.3174459806362133,8.051580732208235
28.746667188415266,17.642449272057128,9.368229659201155
37.96962568249783,4.556973990360426,0.09436434163701761
37.36799455929316,16.807551175438952,7.5066146381119125
30.977690569473793,15.197909712890674,9.808754601195345
28.746667188415266,17.642449272057128,9.573469378053549
37.36799455929316,30.24665193012821,7.514571330020679
34.55776187563491,16.807551175438952,7.91658566408856
31.101130995868143,4.556973990360426,0.10150060840433454
28.4578734975777,8.30924301241725,4.852490636647063
28.4578734975777,16.807551175438952,9.064744460587281
28.4578734975777,33.35349386791454,9.01384841220039
34.55776187563491,16.807551175438952,7.328660791186084
28.4578734975777,16.807551175438952,8.335215376189058
44.86581998512785,13.978218080694482,7.177114686295578
28.4578734975777,16.03192635345241,10.213750683755592
