32.8134160583057,10.323630999070629,0.9953579974082665
31.421612393376677,6.241259496252048,0.10176505478771156
22.55479364912013,12.820497871546717,9.294360123281786
31.740603086887493,17.26862855348599,8.873270110885441
15.319239687022527,16.39945375864708,5.3197467801953
28.746667188415266,16.807551175438952,10.617260939325039
41.9485294506794,17.345769300981452,5.359038954819563
34.842915542571085,11.792614415966934,2.269915997623216
29.947021037916397,8.267455539064805,0.09804425838182892
34.87452726840832,14.309219875430076,5.193061826155745
22.732880185642344,13.279757080595461,9.882331335683281
28.746667188415266,16.807551175438952,10.53039961741593
23.428164185233957,12.820497871546717,9.138716960450411
34.760254509940474,11.235914110809277,1.3375138313963804
29.947021037916397,8.267455539064805,0.09804425838182892
28.746667188415266,16.807551175438952,9.359095829003316
42.30481640244475,3.645359680152467,4.528201629803604
33.171532302661475,6.139655303879971,0.09969447180494424
11.424560545993769,2.918348408971312,0.10785920456552373
31.421612393376677,6.241259496252048,0.10176505478771156
34.760254509940474,11.235914110809277,1.3375138313963804
23.89639248264602,17.6517106343856,8.539367571095635
46.73216110440605,13.394463660744034,0.4120861972785006
23.428164185233957,12.820497871546717,9.138716960450411
43.0457803885631,11.162415883343773,0.09162092988424111
38.81215874759587,11.930890241587058,0.4772304360574071
25.536342750043946,8.086538210952664,0.10299193770083229
28.746667188415266,25.0044456269758,7.213265084597483
17.923464799179197,10.3435180212991,9.679812698864055
22.55479364912013,12.820497871546717,9.294360123281786
34.842915542571085,11.792614415966934,2.269915997623216
26.286194214016273,14.460503109794903,9.571448524127977
34.87452726840832,14.309219875430076,5.193061826155745
29.047028768225697,13.90809562324286,7.685885948530832
34.668035250527645,9.83186650862973,0.10901466879036344
28.746667188415266,16.807551175438952,10.617260939325039
21.28564133297874,11.800660204426345,8.979879177346941
28.746667188415266,16.807551175438952,9.962352741046324
28.746667188415266,25.0044456269758,7.213265084597483
17.56203345882831,9.98461218079323,9.922649466426906
28.746667188415266,12.820497871546717,6.78299369405552
38.87645049631308,11.595065460226468,0.10631228237125499
28.746667188415266,16.807551175438952,9.254107458098904
20.96820458149523,6.511275548747394,0.6914118486193183
23.428164185233957,15.111019377132827,8.381246594287122
43.0457803885631,11.162415883343773,0.09162092988424111
32.8134160583057,10.323630999070629,0.9953579974082665
34.760254509940474,11.235914110809277,1.3375138313963804
28.746667188415266,25.0044456269758,7.126508385458259
29.170712130950374,13.143410858115853,6.040446179285549
22.55479364912013,16.807551175438952,8.619098041837848
22.55479364912013,12.820497871546717,9.294360123281786
28.746667188415266,16.807551175438952,9.359095829003316
28.746667188415266,12.820497871546717,7.115834630087794
28.746667188415266,16.807551175438952,10.53039961741593
23.89639248264602,17.6517106343856,8.539367571095635
42.09341492348773,5.232752027015977,0.09285738973498148
34.842915542571085,11.792614415966934,2.269915997623216
28.746667188415266,16.807551175438952,9.303508069403811
