7.991589666333219,17.850271019524936,2.852457250399332
2.626058560855917,16.03192635345241,3.0127174756961863
28.4578734975777,16.807551175438952,9.551713165014524
28.4578734975777,16.807551175438952,7.545448992105157
20.26823159048876,7.600491909346758,5.662096998686945
28.4578734975777,6.625625405791789,0.097510118423904
29.674934393454784,7.824580479869985,0.09496360094340407
28.4578734975777,24.048924518817806,7.829656797336284
28.4578734975777,16.807551175438952,10.33251476211147
28.4578734975777,16.807551175438952,7.545448992105157
34.55776187563491,16.807551175438952,7.819860913142869
28.4578734975777,16.807551175438952,7.545448992105157
28.4578734975777,18.711975989458736,8.856059065074867
24.940522330143605,49.910501320982746,2.9314464545103602
66.79911659813955,1.9948622435255587,0.10953877167819986
28.4578734975777,20.531031470976902,9.033391703947693
21.02303704257394,16.807551175438952,6.85023302579596
28.4578734975777,16.807551175438952,6.421155049591871
26.539065244275058,15.768415956132934,9.644951567819318
21.02303704257394,9.802576950855293,7.5463473733952515
43.8776362722213,16.03192635345241,3.793440384875985
28.4578734975777,18.34230834764986,8.89054438303618
28.4578734975777,16.807551175438952,10.467525866855985
5.325953011616097,16.807551175438952,1.7732829085917488
28.746667188415266,16.807551175438952,9.644149243246078
21.02303704257394,6.319733340501603,6.5910575899155575
28.4578734975777,16.03192635345241,7.43123032868174
28.4578734975777,1.5319199751284156,0.09121940860686324
21.02303704257394,16.03192635345241,7.368618606459766
28.4578734975777,16.807551175438952,7.108218078491333
21.02303704257394,16.03192635345241,7.368618606459766
28.4578734975777,30.20682234707479,5.245371279540401
42.351626569300635,16.807551175438952,9.57118980080631
23.325507945194435,16.807551175438952,9.13240079220424
28.4578734975777,9.336214352245925,1.8690046996139644
28.4578734975777,16.807551175438952,7.545448992105157
28.4578734975777,24.420615882511076,7.63535724288712
21.02303704257394,16.03192635345241,7.65464312723833
28.4578734975777,16.03192635345241,9.344936340901668
43.55508777396854,25.56253398213995,9.683517760754345
17.831428080653986,16.03192635345241,6.101287985354949
28.4578734975777,16.807551175438952,7.545448992105157
21.02303704257394,8.413399374099935,5.484527494210415
21.02303704257394,6.1708792427357455,4.237999329605567
2.626058560855917,26.63554468359307,3.4871137952074083
1.105689716781697,6.835283514036426,0.09557331036667506
2.626058560855917,16.03192635345241,0.9051445915524393
28.4578734975777,16.03192635345241,7.43123032868174
28.4578734975777,16.03192635345241,6.917620807818068
48.7007808507186,1.4498155714455618,0.09432708729899018
26.5409449164993,16.03192635345241,6.3541200000078994
8.605516877354665,16.03192635345241,6.6017894843021905
36.21542147725188,16.807551175438952,6.989315422608481
21.02303704257394,16.807551175438952,7.482837269883182
3.2762514755667196,16.807551175438952,0.8703857187130096
28.4578734975777,16.807551175438952,7.053424193573896
5.325739374832676,3.570266969177439,2.024180122241561
28.4578734975777,16.03192635345241,6.917620807818068
28.4578734975777,30.140318643900116,5.896489756553493
28.746667188415266,16.807551175438952,9.889170389597187
21.02303704257394,10.415011356225756,7.768013895689921
51.670759143524066,11.745551060358904,0.09507992168598373
21.02303704257394,0.8155392246811175,0.10939850698856358
28.4578734975777,16.807551175438952,10.372397367528281
27.56790742632181,16.03192635345241,9.263105990409422
10.472077160994608,16.807551175438952,4.029788322468126
28.4578734975777,16.807551175438952,7.545448992105157
28.4578734975777,16.807551175438952,10.659621116454314
28.4578734975777,16.807551175438952,7.545448992105157
2.626058560855917,16.807551175438952,0.8823528049611784
21.02303704257394,16.03192635345241,8.311095284575133
28.4578734975777,16.03192635345241,6.907780658610853
28.4578734975777,16.807551175438952,10.075648163596773
28.4578734975777,28.446101159688197,6.009144138739635
28.4578734975777,16.807551175438952,9.467657518799646
28.4578734975777,16.03192635345241,6.917620807818068
34.55776187563491,0.46811294695234906,0.10563091071975556
21.02303704257394,16.807551175438952,9.827465838628138
28.4578734975777,16.807551175438952,7.545448992105157
28.4578734975777,16.03192635345241,7.475896560282955
