39.46697931843426,16.807551175438952,4.675582883127548
1.0385574455038897,16.807551175438952,1.9990409037446368
28.746667188415266,16.807551175438952,6.405621157911761
6.640608729770594,16.807551175438952,2.335421752402019
28.746667188415266,16.807551175438952,6.405621157911761
1.0385574455038897,16.807551175438952,0.35317377097316055
28.746667188415266,16.807551175438952,5.219820724236424
6.640608729770594,13.878983968840203,2.614782933154537
6.640608729770594,16.807551175438952,2.448996208340328
1.0385574455038897,16.807551175438952,1.9990409037446368
28.746667188415266,16.807551175438952,9.357374422384371
34.94453886208382,9.909477152457056,0.09612334175708048
6.640608729770594,12.002280731728248,3.458855734641883
28.746667188415266,16.807551175438952,8.907233865731394
1.0385574455038897,16.807551175438952,2.527974564893793
28.746667188415266,4.5944852097504505,0.10432733402416026
28.746667188415266,16.807551175438952,5.142759626339922
6.640608729770594,5.478030160849938,1.2389339224495575
28.746667188415266,16.807551175438952,5.142759626339922
1.0385574455038897,16.807551175438952,0.34282031866895785
28.746667188415266,16.807551175438952,5.142759626339922
60.24272815342656,1.8250726488596198,0.10741928295659996
39.46697931843426,32.60185820613636,7.819287274100364
1.2380601014374673,16.807551175438952,2.0381105804290844
28.746667188415266,16.807551175438952,5.142759626339922
6.640608729770594,16.807551175438952,2.4737530355118516
29.170712130950374,16.807551175438952,10.097675719537438
28.746667188415266,16.807551175438952,4.611022215023604
39.46697931843426,18.026973711977693,6.56414437404253
16.42612563284452,16.807551175438952,10.55418663242325
28.746667188415266,16.807551175438952,5.142759626339922
53.96426404828226,8.618403879575753,0.1039476160170096
39.46697931843426,15.315627138574945,4.4936276597195715
28.746667188415266,33.12370883496364,4.8733563614193285
28.746667188415266,16.807551175438952,5.142759626339922
39.46697931843426,20.224198284420577,9.039832793807818
1.0385574455038897,16.807551175438952,1.9990409037446368
28.746667188415266,16.807551175438952,5.219820724236424
39.46697931843426,16.807551175438952,5.671325926929155
1.0385574455038897,16.807551175438952,0.4069794590325915
1.0385574455038897,17.396507947920746,2.0279781835820962
28.746667188415266,16.807551175438952,10.489839424472343
37.41829331540021,5.948053136382043,0.09028911557704823
6.640608729770594,16.807551175438952,2.3372764808001905
1.7057921653494788,15.739139451533106,0.6310457582875183
6.640608729770594,16.807551175438952,2.337852812933694
28.746667188415266,7.502569448388176,9.512518424490395
6.640608729770594,16.807551175438952,3.4170651935382743
1.0385574455038897,16.807551175438952,2.527974564893793
10.240804572227459,16.807551175438952,3.678225180091235
28.746667188415266,22.65595041712561,7.416563880799911
11.649709829455977,16.807551175438952,3.8316086574573602
28.746667188415266,16.807551175438952,5.142759626339922
0.9528803213365203,51.50105166322548,0.13901347683361437
6.640608729770594,16.807551175438952,2.2637020687696516
13.110245365391352,16.807551175438952,4.5058753076079245
6.640608729770594,0.47404614639665965,0.09809009189757839
11.655811930581827,5.628167185894393,0.09619033320640924
28.746667188415266,16.807551175438952,5.142759626339922
28.746667188415266,16.807551175438952,5.142759626339922
6.640608729770594,10.647971444533916,3.9134953184377044
20.21045908801682,47.67366401842476,3.3077520708132053
28.746667188415266,16.807551175438952,5.219820724236424
13.84529329678151,28.53939849183697,6.3594549025783005
6.640608729770594,16.807551175438952,2.488414945875854
1.0385574455038897,16.807551175438952,0.3568994370002125
28.746667188415266,16.807551175438952,10.322896693150462
1.0385574455038897,16.807551175438952,0.3561656367797489
28.746667188415266,16.807551175438952,9.388392670516561
1.0385574455038897,16.807551175438952,0.34148634547067735
42.10067225716537,15.315627138574945,3.5343794368862698
1.0385574455038897,16.807551175438952,0.38785139980985256
24.127538938601507,4.3728881087218845,0.09019216320141007
53.54009227957694,16.807551175438952,2.0530236135985755
1.098002030600439,16.807551175438952,0.394551975487136
28.746667188415266,4.803096543936158,4.193346368311342
40.98381053871352,3.796370627190349,0.10599717525117006
6.640608729770594,16.807551175438952,2.472865911309357
1.0385574455038897,16.807551175438952,2.2902220903476644
1.2380601014374673,16.807551175438952,0.3716143955841861
