16.429872180051323,4.537373798516736,1.540477504092044
28.746667188415266,16.807551175438952,10.196038070633026
16.496571102319734,0.4631071702172349,9.31270789564128
28.4578734975777,16.807551175438952,10.217812114777182
16.496571102319734,0.4631071702172349,9.31270789564128
14.239273475902479,12.73401275342244,0.10109933259665425
28.4578734975777,16.807551175438952,10.705840862988259
28.746667188415266,16.807551175438952,10.196038070633026
34.81545871465538,15.768415956132934,6.270436951889006
16.429872180051323,4.537373798516736,1.540477504092044
16.496571102319734,0.4631071702172349,9.31270789564128
57.34893811187621,16.807551175438952,0.09336671443914739
28.746667188415266,24.820734702948393,7.48159650558296
16.429872180051323,4.537373798516736,1.540477504092044
28.746667188415266,17.642449272057128,9.573469378053549
16.496571102319734,0.4631071702172349,9.31270789564128
34.81545871465538,15.768415956132934,6.270436951889006
11.20582694680854,12.46375269666601,5.7122684817854585
28.746667188415266,24.820734702948393,7.48159650558296
28.4578734975777,16.807551175438952,10.217812114777182
57.34893811187621,16.807551175438952,0.09336671443914739
52.885111430093716,16.807551175438952,1.0777616173693358
14.239273475902479,12.73401275342244,0.10109933259665425
2.626058560855917,26.49732335321735,10.588954489388897
30.977690569473793,15.197909712890674,9.808754601195345
37.36799455929316,22.86817941942781,9.594396806794421
28.746667188415266,21.559174103772303,9.564910240232276
34.81545871465538,15.768415956132934,6.270436951889006
34.81545871465538,15.768415956132934,6.270436951889006
16.496571102319734,0.4631071702172349,9.31270789564128
55.1686438315288,3.7332824304417827,0.10548947921690269
11.20582694680854,12.46375269666601,5.7122684817854585
28.746667188415266,24.820734702948393,7.48159650558296
28.4578734975777,16.807551175438952,10.217812114777182
28.4578734975777,16.807551175438952,10.705840862988259
27.218393755155123,16.807551175438952,9.688008908469122
37.36799455929316,30.24665193012821,7.514571330020679
37.36799455929316,22.86817941942781,9.594396806794421
20.26823159048876,16.807551175438952,9.019345411767203
2.626058560855917,26.49732335321735,10.588954489388897
28.4578734975777,1.3174459806362133,10.506709033812793
20.26823159048876,16.807551175438952,9.019345411767203
37.36799455929316,22.86817941942781,9.594396806794421
11.20582694680854,12.46375269666601,5.7122684817854585
28.4578734975777,16.807551175438952,10.705840862988259
14.239273475902479,12.73401275342244,0.10109933259665425
27.218393755155123,16.807551175438952,9.688008908469122
28.4578734975777,16.807551175438952,10.217812114777182
52.885111430093716,16.807551175438952,1.0777616173693358
28.4578734975777,2.0993932494460292,9.99411466201477
28.4578734975777,16.807551175438952,10.335069334328946
52.885111430093716,16.807551175438952,1.0777616173693358
37.36799455929316,22.86817941942781,9.594396806794421
28.746667188415266,16.807551175438952,9.65711507522308
11.20582694680854,12.46375269666601,5.7122684817854585
20.26823159048876,16.807551175438952,9.019345411767203
28.746667188415266,11.721381293260723,10.660191874877295
28.4578734975777,16.807551175438952,9.064744460587281
24.710742872120576,27.977596473205907,5.555530416322828
31.101130995868143,4.556973990360426,0.10150060840433454
28.4578734975777,16.807551175438952,9.495992377596972
55.1686438315288,3.7332824304417827,0.10548947921690269
28.4578734975777,27.193520990900893,6.349038338190021
8.331923663294226,16.807551175438952,3.2587270322013957
28.746667188415266,21.559174103772303,9.564910240232276
55.1686438315288,3.7332824304417827,0.10548947921690269
28.4578734975777,16.807551175438952,10.217812114777182
28.4578734975777,0.9670930172164294,0.09449337602291842
28.4578734975777,16.807551175438952,10.148000254910725
5.325739374832676,16.807551175438952,5.180200140924176
28.4578734975777,16.807551175438952,9.568561039202867
28.746667188415266,17.642449272057128,9.368229659201155
37.96962568249783,4.556973990360426,0.09436434163701761
24.710742872120576,27.977596473205907,5.555530416322828
28.4578734975777,16.807551175438952,9.629302798520348
28.4578734975777,16.40378574824677,10.21193837725523
28.4578734975777,16.807551175438952,10.335069334328946
28.746667188415266,24.820734702948393,7.48159650558296
28.4578734975777,16.807551175438952,9.064744460587281
28.746667188415266,11.721381293260723,10.660191874877295
37.36799455929316,22.86817941942781,9.594396806794421
28.746667188415266,16.807551175438952,10.196038070633026
24.710742872120576,27.977596473205907,5.555530416322828
28.4578734975777,16.807551175438952,10.148000254910725
28.4578734975777,21.99012913783901,7.829656797336284
28.4578734975777,16.807551175438952,9.898821389849527
28.4578734975777,9.239081335247944,1.4311705618764117
34.55776187563491,16.807551175438952,7.328660791186084
21.05113324521839,16.807551175438952,7.147710641235445
27.218393755155123,16.807551175438952,9.688008908469122
55.1686438315288,3.7332824304417827,0.10548947921690269
57.34893811187621,16.807551175438952,0.09336671443914739
28.4578734975777,16.807551175438952,9.064744460587281
28.4578734975777,16.807551175438952,9.629302798520348
34.81545871465538,15.768415956132934,6.270436951889006
28.4578734975777,16.807551175438952,8.964223741140467
28.4578734975777,24.420615882511076,7.205593737993257
37.36799455929316,30.24665193012821,7.514571330020679
28.4578734975777,16.03192635345241,10.213750683755592
8.331923663294226,16.807551175438952,3.2587270322013957
28.4578734975777,16.807551175438952,9.495992377596972
37.96962568249783,4.556973990360426,0.09436434163701761
28.746667188415266,24.820734702948393,7.48159650558296
28.4578734975777,0.9670930172164294,0.09449337602291842
31.101130995868143,4.556973990360426,0.10150060840433454
