26.02410481843773,22.005851992397666,6.788237556434725
26.02410481843773,15.959487170185021,9.56567191798847
3.0504905221636314,15.959487170185021,8.63536824302454
26.02410481843773,28.37917916519139,5.952695545971276
26.02410481843773,19.9568376717291,7.915600484562795
44.857913590951995,9.449824233869307,0.10839974019885126
27.90777132297223,15.959487170185021,8.005473436642822
26.02410481843773,28.37917916519139,5.365809026661577
47.11636155494447,0.8215009541628316,0.10537548430500912
26.02410481843773,16.100600564472288,10.176992931809362
26.02410481843773,28.155985261203227,6.51950113329219
27.90777132297223,15.624648987366399,7.964465740220721
26.02410481843773,0.40510629694646083,0.09413386020707674
23.0951085779762,15.959487170185021,9.09423886352648
46.34243106192964,15.959487170185021,2.492459005209458
26.02410481843773,28.37917916519139,6.705203481910539
27.90777132297223,28.37917916519139,6.430722957856883
27.90777132297223,28.37917916519139,6.0447244130054365
26.02410481843773,16.100600564472288,10.081432745296873
26.02410481843773,1.8734151270349955,9.999596234676085
26.02410481843773,9.449824233869307,3.625534491993609
12.26719908235053,0.3608055408077602,0.09458822806607811
27.90777132297223,16.100600564472288,8.020685540978633
12.26719908235053,15.959487170185021,4.215587002301648
26.02410481843773,16.100600564472288,10.35636162495929
26.02410481843773,15.809319389493771,10.725162755796624
26.02410481843773,0.3608055408077602,0.10456837449569756
26.02410481843773,15.959487170185021,7.679401038568176
26.02410481843773,15.959487170185021,7.679401038568176
26.02410481843773,16.100600564472288,9.107876248340295
26.02410481843773,15.959487170185021,9.096605985111688
26.02410481843773,13.191807727798286,8.23260665923984
27.90777132297223,15.959487170185021,9.151088261759382
41.51918597909248,13.191807727798286,6.742344871187038
27.90777132297223,11.545052198847756,6.958173982911708
27.90777132297223,16.100600564472288,8.020685540978633
27.90777132297223,15.959487170185021,8.005473436642822
27.90777132297223,28.37917916519139,6.329118902433053
26.02410481843773,15.959487170185021,8.884492490952729
28.140928218870503,16.100600564472288,9.018648973684874
26.02410481843773,13.191807727798286,7.525049972766223
26.02410481843773,26.19534180261255,8.410600743722
26.02410481843773,15.959487170185021,10.37326930687378
26.02410481843773,15.959487170185021,9.000539197310806
12.26719908235053,15.959487170185021,4.91910678583236
33.961055480608366,19.23344795378838,8.634066425371355
15.777257227914028,11.243507140878204,8.741254071987674
22.232079804788988,9.449824233869307,4.912766272570833
15.777257227914028,0.5034411766913738,0.10736130444593889
3.370864049000654,15.959487170185021,1.187381397146768
27.90777132297223,28.37917916519139,6.430722957856883
21.981764012524238,0.4961841111036023,0.09280515716036475
27.90777132297223,15.959487170185021,10.45425525220376
12.26719908235053,22.812487940064024,3.0684786323971958
27.90777132297223,15.959487170185021,9.151088261759382
26.02410481843773,3.3255683946499586,0.10110274977492409
26.02410481843773,5.877069965171469,0.09740069137723484
27.90777132297223,28.37917916519139,6.430722957856883
27.90777132297223,15.959487170185021,8.005473436642822
15.87142184304266,15.959487170185021,6.311674382825024
20.161606132105533,7.721104622416959,4.765013686718722
27.90777132297223,15.959487170185021,9.492612611268504
1.4892481649706877,11.757979890737431,0.8165735273514415
26.02410481843773,16.100600564472288,9.85008079085699
26.02410481843773,15.624648987366399,7.638393342146075
42.83747203909286,24.461316842025845,9.92377776944803
1.4892481649706877,13.191807727798286,0.7275603207469723
26.02410481843773,33.18363597271451,7.629579173440095
26.02410481843773,15.959487170185021,9.842039870201065
26.02410481843773,15.959487170185021,9.31330849461564
27.90777132297223,16.100600564472288,9.157325165142007
27.90777132297223,28.37917916519139,6.253955702824341
22.438746881247816,15.959487170185021,8.856987652561735
26.02410481843773,16.100600564472288,9.10012798629734
27.90777132297223,30.738601805516385,5.091378062764011
27.90777132297223,16.100600564472288,8.810331437877592
26.02410481843773,28.37917916519139,5.267353243999107
15.777257227914028,0.5034411766913738,3.293014524951098
38.1346717676855,28.37917916519139,6.0988394463678866
27.90777132297223,5.5557602472865995,0.09335022632563102
