30.797054828691195,6.018997011562805,0.09587427580652604
30.797054828691195,6.018997011562805,0.09587427580652604
30.797054828691195,6.018997011562805,0.09587427580652604
26.02410481843773,16.100600564472288,8.803133997137577
30.797054828691195,6.018997011562805,0.09587427580652604
26.02410481843773,16.100600564472288,9.555467342365983
26.02410481843773,16.100600564472288,9.555467342365983
30.797054828691195,6.018997011562805,0.09587427580652604
26.02410481843773,16.100600564472288,8.803133997137577
26.02410481843773,16.100600564472288,8.803133997137577
30.797054828691195,6.018997011562805,0.09587427580652604
30.797054828691195,6.018997011562805,0.09587427580652604
26.02410481843773,16.100600564472288,9.555467342365983
26.02410481843773,16.100600564472288,8.803133997137577
26.02410481843773,16.100600564472288,9.555467342365983
26.02410481843773,16.100600564472288,9.732261051665434
26.02410481843773,16.100600564472288,9.732261051665434
26.02410481843773,29.78616330948556,10.069556113760996
30.797054828691195,6.018997011562805,0.09587427580652604
26.02410481843773,16.100600564472288,9.732261051665434
30.797054828691195,6.018997011562805,0.09587427580652604
26.02410481843773,16.100600564472288,9.732261051665434
30.797054828691195,6.018997011562805,0.09587427580652604
26.02410481843773,16.100600564472288,8.803133997137577
26.02410481843773,29.78616330948556,10.069556113760996
19.70349444887866,16.100600564472288,6.92885002193227
23.310725657451176,2.3012906138553646,9.456328673210432
30.797054828691195,6.018997011562805,0.09587427580652604
26.02410481843773,16.100600564472288,8.803133997137577
26.02410481843773,31.745057957645482,9.29517582384984
19.70349444887866,16.100600564472288,6.92885002193227
26.02410481843773,16.100600564472288,10.358131919721743
26.02410481843773,16.100600564472288,9.555467342365983
26.02410481843773,18.39079307766969,8.955125299490588
26.02410481843773,16.100600564472288,8.803133997137577
13.185802145865388,32.44840663439342,2.5025876569488106
26.02410481843773,16.100600564472288,10.47535103288396
26.02410481843773,29.78616330948556,10.069556113760996
26.02410481843773,16.100600564472288,9.544716910971776
26.02410481843773,16.100600564472288,9.555467342365983
26.02410481843773,16.100600564472288,9.732261051665434
26.02410481843773,18.39079307766969,8.955125299490588
13.185802145865388,32.44840663439342,2.5025876569488106
26.02410481843773,16.100600564472288,10.587866752001851
42.77290582578226,25.743338509493164,9.839047139232026
26.02410481843773,16.100600564472288,8.827336283335555
30.797054828691195,6.018997011562805,0.09587427580652604
13.185802145865388,32.44840663439342,2.5025876569488106
26.02410481843773,0.453086197964792,0.10835533299479172
26.02410481843773,16.100600564472288,10.358131919721743
9.345176119836044,16.100600564472288,3.492937622011028
26.02410481843773,16.100600564472288,10.290829993789954
26.02410481843773,16.935515188372285,8.36820423524882
26.02410481843773,16.100600564472288,9.20055737644737
26.02410481843773,16.100600564472288,10.47535103288396
26.02410481843773,18.39079307766969,8.955125299490588
26.02410481843773,16.100600564472288,10.587866752001851
26.02410481843773,16.100600564472288,9.555467342365983
9.345176119836044,16.100600564472288,3.492937622011028
15.750586485234976,16.100600564472288,6.037665682636808
26.02410481843773,16.100600564472288,9.091310036870672
26.02410481843773,0.453086197964792,0.10835533299479172
13.185802145865388,32.44840663439342,2.5025876569488106
46.65425494636453,32.44840663439342,8.531197186031395
26.02410481843773,16.100600564472288,8.828384422511109
26.02410481843773,16.100600564472288,10.173136268708665
26.02410481843773,11.842564864361457,7.3112873437104255
26.02410481843773,16.100600564472288,10.587866752001851
26.02410481843773,16.100600564472288,10.290829993789954
11.988224458358339,62.03245262795194,0.6238950989246035
26.02410481843773,22.803381080934123,6.423634684789811
26.02410481843773,16.935515188372285,8.36820423524882
26.02410481843773,29.78616330948556,10.069556113760996
26.02410481843773,16.100600564472288,9.257554441042133
26.02410481843773,11.842564864361457,7.3112873437104255
26.02410481843773,16.100600564472288,10.47535103288396
35.79227221584498,29.139053420074347,7.632459929118883
26.02410481843773,16.100600564472288,8.828384422511109
26.02410481843773,16.100600564472288,9.20055737644737
26.02410481843773,22.803381080934123,6.423634684789811
26.02410481843773,16.100600564472288,8.936893685278788
26.02410481843773,16.100600564472288,9.847492164640084
26.02410481843773,16.100600564472288,9.544716910971776
26.02410481843773,16.100600564472288,9.146006625458481
26.02410481843773,16.100600564472288,10.250696891657967
26.02410481843773,16.100600564472288,9.555467342365983
26.02410481843773,16.100600564472288,10.173136268708665
26.02410481843773,16.100600564472288,9.53312778248215
11.988224458358339,62.03245262795194,0.6238950989246035
26.02410481843773,16.100600564472288,9.276630170714215
26.02410481843773,0.453086197964792,0.10835533299479172
26.02410481843773,16.935515188372285,8.36820423524882
42.77290582578226,25.743338509493164,9.839047139232026
26.02410481843773,29.78616330948556,10.069556113760996
26.02410481843773,16.100600564472288,8.827336283335555
26.02410481843773,16.100600564472288,10.30100158755514
26.02410481843773,16.100600564472288,9.966774991409324
26.02410481843773,11.842564864361457,7.3112873437104255
26.02410481843773,16.100600564472288,9.576756903059032
26.02410481843773,16.100600564472288,8.803133997137577
26.02410481843773,16.100600564472288,8.936893685278788
35.79227221584498,29.139053420074347,7.632459929118883
26.02410481843773,16.100600564472288,10.290829993789954
26.02410481843773,16.100600564472288,10.30100158755514
26.02410481843773,16.100600564472288,10.358131919721743
26.02410481843773,16.100600564472288,9.257554441042133
26.02410481843773,16.100600564472288,9.307590563592132
15.750586485234976,16.100600564472288,6.037665682636808
26.02410481843773,16.100600564472288,8.828384422511109
9.345176119836044,16.100600564472288,3.492937622011028
26.02410481843773,16.100600564472288,8.887980394336283
26.02410481843773,16.100600564472288,9.091310036870672
26.02410481843773,28.07453287309204,5.91154122109736
26.02410481843773,16.100600564472288,10.250696891657967
26.02410481843773,16.100600564472288,8.769795832080394
26.02410481843773,16.100600564472288,9.732261051665434
26.02410481843773,0.453086197964792,0.10835533299479172
26.02410481843773,16.100600564472288,9.23592197034294
26.02410481843773,16.100600564472288,8.827336283335555
26.02410481843773,16.935515188372285,8.36820423524882
26.02410481843773,12.116250730776237,6.525036245431817
46.65425494636453,32.44840663439342,8.531197186031395
15.750586485234976,16.100600564472288,6.037665682636808
35.79227221584498,29.139053420074347,7.632459929118883
26.02410481843773,16.100600564472288,9.555467342365983
42.77290582578226,25.743338509493164,9.839047139232026
26.02410481843773,16.100600564472288,9.276630170714215
26.02410481843773,16.100600564472288,9.847492164640084
26.02410481843773,16.100600564472288,8.85482086058551
9.345176119836044,16.100600564472288,3.492937622011028
26.02410481843773,16.100600564472288,9.544716910971776
26.02410481843773,22.803381080934123,6.423634684789811
26.02410481843773,16.100600564472288,8.769795832080394
26.02410481843773,16.100600564472288,8.803133997137577
26.02410481843773,16.100600564472288,8.887980394336283
13.185802145865388,32.44840663439342,2.5025876569488106
24.14911035809981,16.100600564472288,9.558986486924468
26.02410481843773,0.453086197964792,0.10835533299479172
26.02410481843773,16.100600564472288,8.943299579703973
26.02410481843773,16.100600564472288,10.560907709725342
26.02410481843773,16.100600564472288,9.257554441042133
19.70349444887866,16.100600564472288,6.92885002193227
26.02410481843773,16.100600564472288,8.828384422511109
26.02410481843773,16.100600564472288,9.146006625458481
26.02410481843773,16.100600564472288,8.827336283335555
44.122423135470434,16.100600564472288,3.2605635437406337
26.02410481843773,43.85307049705728,3.553757307571188
26.02410481843773,16.100600564472288,9.966774991409324
26.02410481843773,11.021079519520061,5.333317653302508
26.02410481843773,16.100600564472288,9.23592197034294
26.02410481843773,16.935515188372285,8.36820423524882
26.02410481843773,16.100600564472288,9.53312778248215
