26.02410481843773,22.005851992397666,6.788237556434725
26.02410481843773,18.14699584189288,7.877264174397206
3.5480280202508654,28.347110989203465,0.73584911405058
26.02410481843773,17.74030110566491,8.504804465355885
26.02410481843773,16.100600564472288,10.36880760156541
44.857913590951995,9.449824233869307,0.09199985337363227
26.02410481843773,9.739907764709844,7.877264174397206
26.02410481843773,16.100600564472288,8.693719916346307
26.02410481843773,15.959487170185021,10.68004331354257
26.02410481843773,16.100600564472288,8.693719916346307
26.02410481843773,16.100600564472288,8.693719916346307
26.02410481843773,0.9566869781989344,0.09798191643269384
26.02410481843773,0.40510629694646083,0.0955135634760626
26.02410481843773,21.09854819932526,10.59865780339639
15.900947114264602,28.37917916519139,3.307684399023558
26.02410481843773,16.100600564472288,8.693719916346307
26.02410481843773,16.100600564472288,10.274753476051025
50.520804975501136,5.15978889160187,0.10368034292370451
26.02410481843773,16.100600564472288,10.632521497417539
26.02410481843773,1.8734151270349955,9.999596234676085
15.777257227914028,16.100600564472288,6.229323821358804
26.02410481843773,16.100600564472288,10.418594284468394
26.02410481843773,16.100600564472288,8.693719916346307
15.777257227914028,0.7504823633095592,0.09696921560757431
1.4892481649706877,13.313771596100644,4.627826406505849
15.777257227914028,0.305976848903863,3.174258170947316
17.297831102623388,13.439091439371971,6.000122040076036
26.02410481843773,15.959487170185021,9.22463116687393
26.02410481843773,16.100600564472288,8.693719916346307
26.02410481843773,16.100600564472288,9.831874526223762
26.02410481843773,16.100600564472288,8.693719916346307
26.02410481843773,16.100600564472288,8.693719916346307
15.777257227914028,0.44082312146560126,3.174258170947316
26.02410481843773,16.100600564472288,10.582729658787509
26.02410481843773,16.100600564472288,8.693719916346307
16.128106716090386,16.100600564472288,9.988776520932186
27.90777132297223,15.959487170185021,8.776937818323544
26.02410481843773,16.100600564472288,10.126309791134535
26.02410481843773,16.100600564472288,8.693719916346307
26.02410481843773,16.100600564472288,10.45890756801613
17.550295885501534,16.100600564472288,6.262461288345549
26.02410481843773,16.100600564472288,8.693719916346307
26.02410481843773,16.100600564472288,10.435806713407386
26.02410481843773,16.100600564472288,8.693719916346307
26.02410481843773,16.100600564472288,9.370711239103773
26.02410481843773,16.100600564472288,10.43123884741393
15.777257227914028,11.243507140878204,8.958821990308122
26.02410481843773,16.100600564472288,9.75120886127173
15.777257227914028,0.8453306752418444,0.10546647719980254
3.370864049000654,15.959487170185021,1.2954466161141462
26.02410481843773,16.100600564472288,7.877264174397206
26.02410481843773,16.100600564472288,8.693719916346307
26.02410481843773,16.100600564472288,8.693719916346307
27.90777132297223,15.809319389493771,8.586598819438626
27.90777132297223,15.959487170185021,10.434878959967824
26.02410481843773,16.100600564472288,10.082376854170102
72.5797239911775,16.100600564472288,5.8468720570780945
27.90777132297223,28.37917916519139,5.863451141433178
27.90777132297223,15.959487170185021,8.005473436642822
26.02410481843773,16.100600564472288,8.693719916346307
26.02410481843773,16.100600564472288,9.49829441896294
26.02410481843773,16.100600564472288,10.565565868481691
26.02410481843773,16.100600564472288,10.540470211801516
26.02410481843773,16.100600564472288,8.693719916346307
38.1346717676855,16.100600564472288,6.129753366547776
38.1346717676855,16.100600564472288,5.760174084314212
1.4892481649706877,13.313771596100644,0.6632191817159924
26.02410481843773,33.18363597271451,4.521378854448782
38.1346717676855,16.100600564472288,6.2446737087037
26.02410481843773,25.995197414506922,5.537896689259181
38.1346717676855,28.37917916519139,7.837796420164633
12.511264150549625,28.37917916519139,2.4147797121630608
38.1346717676855,0.9428430992640768,0.10072860877375164
26.02410481843773,16.100600564472288,10.101290150433641
26.02410481843773,16.100600564472288,8.693719916346307
13.62793550947056,24.000617790188034,3.369577308989134
26.02410481843773,16.100600564472288,9.144138960918658
15.777257227914028,0.7692327755067156,3.293014524951098
26.02410481843773,16.100600564472288,7.877264174397206
27.90777132297223,5.5557602472865995,0.09570790532513232
