15.926313031340708,16.100600564472288,9.195158906472177
15.926313031340708,16.100600564472288,9.195158906472177
15.926313031340708,16.100600564472288,9.195158906472177
15.926313031340708,16.100600564472288,9.195158906472177
26.02410481843773,16.100600564472288,9.652310637872029
15.926313031340708,16.100600564472288,9.195158906472177
26.02410481843773,16.100600564472288,9.652310637872029
15.926313031340708,16.100600564472288,9.195158906472177
26.02410481843773,16.100600564472288,10.227380894048952
15.926313031340708,16.100600564472288,9.195158906472177
34.49865273099123,18.789801003504483,9.56603326854449
26.02410481843773,16.100600564472288,9.652310637872029
34.49865273099123,18.789801003504483,9.56603326854449
34.49865273099123,18.789801003504483,9.56603326854449
26.02410481843773,16.100600564472288,10.227380894048952
34.49865273099123,18.789801003504483,9.56603326854449
26.02410481843773,16.100600564472288,9.298980065023175
26.02410481843773,16.100600564472288,9.350636750971386
26.02410481843773,16.100600564472288,9.652310637872029
26.02410481843773,16.100600564472288,9.350636750971386
26.02410481843773,16.100600564472288,9.31368500774417
26.02410481843773,16.100600564472288,9.298980065023175
26.02410481843773,18.789801003504483,8.717624200784227
26.02410481843773,16.100600564472288,9.652310637872029
15.926313031340708,16.100600564472288,9.195158906472177
26.02410481843773,16.100600564472288,9.31368500774417
26.02410481843773,16.100600564472288,10.227380894048952
26.02410481843773,25.836556943266483,6.53669145778388
26.02410481843773,16.100600564472288,9.350636750971386
15.926313031340708,16.100600564472288,9.195158906472177
34.49865273099123,18.789801003504483,9.56603326854449
26.02410481843773,33.39711134534065,4.427434713277465
26.02410481843773,18.789801003504483,8.717624200784227
15.926313031340708,16.100600564472288,9.195158906472177
34.49865273099123,18.789801003504483,9.56603326854449
26.02410481843773,16.100600564472288,9.350636750971386
26.02410481843773,33.39711134534065,4.427434713277465
26.02410481843773,16.100600564472288,9.652310637872029
26.02410481843773,16.100600564472288,9.31368500774417
15.926313031340708,16.100600564472288,9.195158906472177
26.02410481843773,1.3947062228005576,0.09384639258021768
26.02410481843773,33.39711134534065,4.427434713277465
26.02410481843773,16.100600564472288,9.298980065023175
26.02410481843773,29.547996319482202,5.57147599420436
25.569529348498467,11.990285377156054,7.225421199701448
26.02410481843773,16.100600564472288,9.652310637872029
26.02410481843773,16.100600564472288,10.342553872249475
34.49865273099123,18.789801003504483,9.56603326854449
26.02410481843773,18.789801003504483,8.717624200784227
26.02410481843773,16.100600564472288,9.652310637872029
0.3360342009470081,16.100600564472288,0.11328520113400474
26.02410481843773,16.100600564472288,9.298980065023175
26.02410481843773,29.547996319482202,5.57147599420436
26.02410481843773,16.100600564472288,10.227380894048952
26.02410481843773,18.789801003504483,8.717624200784227
26.02410481843773,25.836556943266483,6.53669145778388
26.02410481843773,33.39711134534065,4.427434713277465
26.02410481843773,16.100600564472288,9.350636750971386
34.49865273099123,18.789801003504483,9.56603326854449
26.02410481843773,16.100600564472288,10.463328019737771
32.86749532735437,16.100600564472288,7.698300087337935
26.02410481843773,16.100600564472288,9.545021901248106
26.02410481843773,16.100600564472288,9.31368500774417
26.02410481843773,18.789801003504483,8.27542391735341
25.569529348498467,11.990285377156054,7.225421199701448
26.02410481843773,16.100600564472288,9.698367529233696
26.02410481843773,16.100600564472288,9.31368500774417
34.49865273099123,18.789801003504483,9.56603326854449
26.02410481843773,16.100600564472288,10.463328019737771
26.02410481843773,16.100600564472288,9.545021901248106
26.02410481843773,29.547996319482202,5.57147599420436
26.02410481843773,16.100600564472288,9.980043850243636
2.365805272988137,31.114076579257734,0.8247352588541104
26.02410481843773,33.39711134534065,4.427434713277465
26.02410481843773,16.100600564472288,10.245887146864634
26.02410481843773,25.836556943266483,6.53669145778388
26.02410481843773,16.100600564472288,9.383307728998602
26.02410481843773,16.100600564472288,9.350636750971386
26.02410481843773,18.789801003504483,8.27542391735341
26.02410481843773,1.3947062228005576,0.09384639258021768
26.02410481843773,16.100600564472288,9.298980065023175
26.02410481843773,18.789801003504483,8.717624200784227
26.02410481843773,16.100600564472288,9.698367529233696
26.02410481843773,16.100600564472288,9.383307728998602
26.02410481843773,18.789801003504483,9.100852844302505
17.049426698497356,16.100600564472288,6.896175015849286
26.02410481843773,16.100600564472288,9.545021901248106
21.469470066615834,16.100600564472288,7.2183819326958565
26.02410481843773,25.905308866257634,6.355789746331404
26.02410481843773,16.100600564472288,9.980043850243636
26.02410481843773,29.547996319482202,5.57147599420436
26.02410481843773,16.100600564472288,10.227380894048952
46.65203611638882,16.100600564472288,2.4047749957205995
26.02410481843773,16.100600564472288,9.213269599424185
26.02410481843773,16.100600564472288,9.298980065023175
26.02410481843773,16.100600564472288,9.31368500774417
26.02410481843773,16.100600564472288,10.463328019737771
26.02410481843773,1.3947062228005576,0.09384639258021768
26.02410481843773,16.100600564472288,10.342553872249475
34.49865273099123,18.789801003504483,9.56603326854449
26.02410481843773,16.100600564472288,9.447416175275686
26.02410481843773,16.100600564472288,10.463328019737771
26.02410481843773,16.100600564472288,9.698367529233696
26.02410481843773,18.789801003504483,8.4768217430107
26.02410481843773,16.100600564472288,9.652310637872029
32.86749532735437,16.100600564472288,7.698300087337935
26.02410481843773,16.100600564472288,9.032379466949166
15.926313031340708,16.100600564472288,9.195158906472177
26.02410481843773,18.789801003504483,8.27542391735341
26.02410481843773,16.100600564472288,9.31368500774417
26.02410481843773,16.100600564472288,10.181403311432412
26.02410481843773,25.905308866257634,6.355789746331404
26.02410481843773,18.789801003504483,8.717624200784227
26.02410481843773,16.100600564472288,9.840688689861093
26.02410481843773,16.47269751021391,9.339578737760917
26.02410481843773,29.547996319482202,5.57147599420436
27.050755386827973,16.100600564472288,10.452194525151615
26.02410481843773,16.100600564472288,9.383307728998602
26.02410481843773,16.100600564472288,9.515615309900348
26.02410481843773,18.789801003504483,8.914924132567398
26.02410481843773,16.100600564472288,9.154239013144176
26.02410481843773,16.100600564472288,10.227380894048952
0.3360342009470081,16.100600564472288,0.11328520113400474
26.02410481843773,16.100600564472288,9.698367529233696
26.02410481843773,16.100600564472288,9.154239013144176
26.02410481843773,33.39711134534065,4.427434713277465
27.050755386827973,16.100600564472288,10.452194525151615
26.02410481843773,18.789801003504483,8.717624200784227
21.198614465008255,16.100600564472288,8.583994934919586
26.02410481843773,10.662440808757173,4.839168716294625
17.049426698497356,16.100600564472288,6.896175015849286
28.311380752966734,16.100600564472288,9.734144707336592
26.02410481843773,16.100600564472288,9.980043850243636
26.02410481843773,16.100600564472288,10.245887146864634
26.02410481843773,1.3947062228005576,0.09384639258021768
26.02410481843773,16.100600564472288,9.515615309900348
26.02410481843773,25.836556943266483,6.53669145778388
26.02410481843773,18.789801003504483,8.4768217430107
34.49865273099123,18.789801003504483,9.56603326854449
26.02410481843773,18.789801003504483,8.27542391735341
32.86749532735437,16.100600564472288,7.698300087337935
26.02410481843773,16.100600564472288,10.463328019737771
26.02410481843773,18.789801003504483,9.100852844302505
26.02410481843773,16.100600564472288,9.545021901248106
15.926313031340708,16.100600564472288,9.195158906472177
21.469470066615834,16.100600564472288,7.2183819326958565
26.02410481843773,16.47269751021391,9.339578737760917
26.02410481843773,25.905308866257634,6.355789746331404
26.02410481843773,16.100600564472288,9.298980065023175
26.02410481843773,16.100600564472288,9.545021901248106
26.02410481843773,16.100600564472288,9.652310637872029
26.02410481843773,16.100600564472288,9.515615309900348
0.3360342009470081,16.100600564472288,0.11328520113400474
26.02410481843773,0.111466952303509,0.095158810967301
21.198614465008255,16.100600564472288,8.583994934919586
25.569529348498467,11.990285377156054,7.225421199701448
34.49865273099123,18.789801003504483,9.56603326854449
26.02410481843773,16.100600564472288,9.154239013144176
26.02410481843773,18.789801003504483,8.914924132567398
3.061092722860458,16.100600564472288,1.1590851220389422
26.02410481843773,16.100600564472288,9.032379466949166
26.02410481843773,16.100600564472288,10.463328019737771
26.02410481843773,16.100600564472288,10.227380894048952
26.02410481843773,18.794099436490015,7.596053434517164
26.02410481843773,10.662440808757173,4.839168716294625
26.02410481843773,18.789801003504483,8.717624200784227
26.02410481843773,29.547996319482202,5.57147599420436
26.02410481843773,16.100600564472288,9.840688689861093
26.02410481843773,16.100600564472288,9.698367529233696
26.02410481843773,16.100600564472288,9.904629413043994
26.02410481843773,18.789801003504483,8.27542391735341
26.02410481843773,18.789801003504483,9.100852844302505
26.02410481843773,18.789801003504483,8.4768217430107
26.02410481843773,16.100600564472288,9.447416175275686
11.97950193355594,18.789801003504483,4.142410707621131
17.049426698497356,16.100600564472288,6.896175015849286
26.02410481843773,18.789801003504483,8.857159013221787
26.02410481843773,16.100600564472288,10.342553872249475
26.02410481843773,16.100600564472288,8.79196977790322
