26.02410481843773,16.100600564472288,9.652310637872029
26.02410481843773,16.100600564472288,9.652310637872029
26.02410481843773,16.100600564472288,10.227380894048952
34.49865273099123,18.789801003504483,9.56603326854449
26.02410481843773,16.100600564472288,9.652310637872029
34.49865273099123,18.789801003504483,9.56603326854449
34.49865273099123,18.789801003504483,9.56603326854449
26.02410481843773,16.100600564472288,10.227380894048952
34.49865273099123,18.789801003504483,9.56603326854449
26.02410481843773,16.100600564472288,10.194361957659636
26.02410481843773,16.100600564472288,8.951620661304787
26.02410481843773,16.100600564472288,9.652310637872029
26.02410481843773,16.100600564472288,8.951620661304787
26.02410481843773,16.100600564472288,10.194361957659636
26.02410481843773,18.789801003504483,8.717624200784227
26.02410481843773,16.100600564472288,9.652310637872029
26.02410481843773,16.100600564472288,10.227380894048952
26.02410481843773,25.836556943266483,6.5399097834048
26.02410481843773,16.100600564472288,8.951620661304787
34.49865273099123,18.789801003504483,9.56603326854449
26.02410481843773,33.39711134534065,4.427434713277465
26.02410481843773,18.789801003504483,8.717624200784227
34.49865273099123,18.789801003504483,9.56603326854449
26.02410481843773,16.100600564472288,8.951620661304787
26.02410481843773,33.39711134534065,4.427434713277465
26.02410481843773,16.100600564472288,9.652310637872029
26.02410481843773,1.3947062228005576,0.09244240732020051
26.02410481843773,33.39711134534065,4.427434713277465
26.02410481843773,16.100600564472288,10.194361957659636
26.02410481843773,29.547996319482202,5.226697053351112
26.02410481843773,16.100600564472288,9.652310637872029
26.02410481843773,16.100600564472288,9.74460486420763
34.49865273099123,18.789801003504483,9.56603326854449
26.02410481843773,18.789801003504483,8.717624200784227
26.02410481843773,16.100600564472288,9.652310637872029
0.3360342009470081,16.100600564472288,0.11328520113400474
26.02410481843773,16.100600564472288,10.194361957659636
26.02410481843773,29.547996319482202,5.226697053351112
26.02410481843773,16.100600564472288,10.227380894048952
26.02410481843773,18.789801003504483,8.717624200784227
26.02410481843773,25.836556943266483,6.5399097834048
26.02410481843773,33.39711134534065,4.427434713277465
26.02410481843773,16.100600564472288,8.951620661304787
34.49865273099123,18.789801003504483,9.56603326854449
18.538261873022968,16.100600564472288,10.463328019737771
26.02410481843773,18.789801003504483,8.014273438620151
26.02410481843773,18.789801003504483,8.086385932521354
26.02410481843773,16.100600564472288,9.742195326454691
34.49865273099123,18.789801003504483,9.56603326854449
18.538261873022968,16.100600564472288,10.463328019737771
26.02410481843773,18.789801003504483,8.014273438620151
26.02410481843773,29.547996319482202,5.226697053351112
26.02410481843773,16.100600564472288,9.980043850243636
2.365805272988137,31.114076579257734,0.8247352588541104
26.02410481843773,33.39711134534065,4.427434713277465
26.02410481843773,25.836556943266483,6.5399097834048
26.02410481843773,16.100600564472288,8.951620661304787
26.02410481843773,18.789801003504483,8.086385932521354
26.02410481843773,1.3947062228005576,0.09244240732020051
26.02410481843773,16.100600564472288,10.194361957659636
26.02410481843773,18.789801003504483,8.717624200784227
26.02410481843773,16.100600564472288,9.742195326454691
26.02410481843773,18.789801003504483,7.783050385432119
17.049426698497356,16.100600564472288,6.782002472274837
26.02410481843773,18.789801003504483,8.014273438620151
21.469470066615834,16.100600564472288,7.2183819326958565
26.02410481843773,25.905308866257634,6.420962968486076
26.02410481843773,16.100600564472288,9.980043850243636
26.02410481843773,29.547996319482202,5.226697053351112
26.02410481843773,16.100600564472288,10.227380894048952
46.65203611638882,16.100600564472288,2.46680475028129
26.02410481843773,18.789801003504483,8.41774748286536
26.02410481843773,16.100600564472288,10.194361957659636
18.538261873022968,16.100600564472288,10.463328019737771
26.02410481843773,1.3947062228005576,0.09244240732020051
26.02410481843773,16.100600564472288,9.74460486420763
34.49865273099123,18.789801003504483,9.56603326854449
26.02410481843773,16.100600564472288,9.447416175275686
18.538261873022968,16.100600564472288,10.463328019737771
26.02410481843773,16.100600564472288,9.742195326454691
26.02410481843773,16.100600564472288,9.652310637872029
26.02410481843773,16.100600564472288,9.032379466949166
26.02410481843773,18.789801003504483,8.086385932521354
26.02410481843773,25.905308866257634,6.420962968486076
26.02410481843773,18.789801003504483,8.717624200784227
26.02410481843773,20.790517207314224,9.840688689861093
26.02410481843773,16.47269751021391,8.77102081121009
26.02410481843773,29.547996319482202,5.226697053351112
26.02410481843773,18.789801003504483,7.956416886746947
26.02410481843773,18.789801003504483,8.353445096080987
26.02410481843773,16.100600564472288,9.154239013144176
26.02410481843773,16.100600564472288,10.227380894048952
0.3360342009470081,16.100600564472288,0.11328520113400474
26.02410481843773,16.100600564472288,9.742195326454691
26.02410481843773,16.100600564472288,9.154239013144176
26.02410481843773,33.39711134534065,4.427434713277465
26.02410481843773,18.789801003504483,7.956416886746947
26.02410481843773,18.789801003504483,8.717624200784227
21.198614465008255,16.100600564472288,8.583994934919586
26.02410481843773,10.662440808757173,5.382930126073476
17.049426698497356,16.100600564472288,6.782002472274837
28.311380752966734,16.100600564472288,9.734144707336592
26.02410481843773,16.100600564472288,9.980043850243636
26.02410481843773,1.3947062228005576,0.09244240732020051
26.02410481843773,25.836556943266483,6.5399097834048
34.49865273099123,18.789801003504483,9.56603326854449
26.02410481843773,18.789801003504483,8.086385932521354
18.538261873022968,16.100600564472288,10.463328019737771
26.02410481843773,18.789801003504483,7.783050385432119
26.02410481843773,18.789801003504483,8.014273438620151
21.469470066615834,16.100600564472288,7.2183819326958565
26.02410481843773,16.47269751021391,8.77102081121009
26.02410481843773,25.905308866257634,6.420962968486076
26.02410481843773,16.100600564472288,10.194361957659636
26.02410481843773,18.789801003504483,8.014273438620151
26.02410481843773,16.100600564472288,9.652310637872029
0.3360342009470081,16.100600564472288,0.11328520113400474
26.02410481843773,16.100600564472288,9.703971577909712
21.198614465008255,16.100600564472288,8.583994934919586
34.49865273099123,18.789801003504483,9.56603326854449
26.02410481843773,16.100600564472288,9.154239013144176
26.02410481843773,18.789801003504483,8.353445096080987
26.02410481843773,16.100600564472288,9.032379466949166
18.538261873022968,16.100600564472288,10.463328019737771
26.02410481843773,16.100600564472288,10.227380894048952
26.02410481843773,18.794099436490015,8.70374091922366
26.02410481843773,10.662440808757173,5.382930126073476
26.02410481843773,18.789801003504483,8.717624200784227
26.02410481843773,29.547996319482202,5.226697053351112
26.02410481843773,20.790517207314224,9.840688689861093
26.02410481843773,16.100600564472288,9.742195326454691
26.02410481843773,16.100600564472288,9.70279305769019
26.02410481843773,18.789801003504483,8.086385932521354
26.02410481843773,18.789801003504483,7.783050385432119
26.02410481843773,16.100600564472288,9.447416175275686
11.97950193355594,14.067244663795663,5.240467926331144
17.049426698497356,16.100600564472288,6.782002472274837
26.02410481843773,16.100600564472288,9.596856068172322
26.02410481843773,16.100600564472288,9.74460486420763
26.02410481843773,16.100600564472288,10.130316084268541
11.97950193355594,14.067244663795663,5.240467926331144
26.02410481843773,18.789801003504483,7.956416886746947
26.02410481843773,25.905308866257634,6.420962968486076
26.02410481843773,16.100600564472288,9.703971577909712
26.02410481843773,18.794099436490015,8.70374091922366
49.27367435212739,18.789801003504483,4.2716998585574055
26.02410481843773,16.100600564472288,9.742195326454691
26.02410481843773,18.789801003504483,8.353445096080987
26.02410481843773,18.789801003504483,8.086385932521354
26.02410481843773,16.100600564472288,8.951620661304787
17.049426698497356,16.100600564472288,6.782002472274837
26.02410481843773,16.100600564472288,10.540298255557124
26.02410481843773,18.789801003504483,7.952708808339259
26.02410481843773,16.100600564472288,9.596856068172322
26.02410481843773,1.3947062228005576,0.09244240732020051
46.65203611638882,16.100600564472288,2.46680475028129
26.02410481843773,18.789801003504483,8.41774748286536
26.02410481843773,12.459231988161108,7.769229299316422
26.02410481843773,18.789801003504483,7.783050385432119
26.02410481843773,16.100600564472288,9.70279305769019
26.02410481843773,29.547996319482202,5.441955750188615
26.02410481843773,25.836556943266483,6.5399097834048
26.02410481843773,8.783411350237696,2.443589737533862
26.02410481843773,10.662440808757173,5.382930126073476
26.02410481843773,16.100600564472288,10.130316084268541
26.02410481843773,16.47269751021391,8.77102081121009
26.02410481843773,29.547996319482202,5.226697053351112
43.65797821840914,18.789801003504483,6.323518634520761
26.02410481843773,16.100600564472288,9.74460486420763
26.02410481843773,16.100600564472288,10.194361957659636
49.27367435212739,18.789801003504483,4.217200442894399
26.02410481843773,18.789801003504483,8.014273438620151
