38.23049472122082,14.614128927921843,4.26125510747633
43.05595674085573,14.457873572752305,1.960162227460688
24.112588759420127,11.906196603665474,7.365495805898708
23.728907098570108,8.704404646805465,3.3290668407118935
16.687114520588445,16.737867181497542,6.400770976441454
40.645738591004864,10.847264917936432,0.10489208158176452
34.90153880830283,10.739300094302017,0.47230276963053364
30.40618595964357,15.959487170185021,7.981285156486118
44.902450878323044,7.1936962064301415,0.09507619999260071
24.606852803014558,11.357997813182482,6.312381599631616
31.136040726952334,13.63642328310084,6.363700098487172
26.02150716856632,14.29694915625182,9.636737558456835
18.401158723449385,16.18469512051771,6.3035144843097815
28.06157224366249,6.471951704768052,0.10445775278778414
36.553537571204245,6.5660244092527265,0.10431328644888206
39.538599597714956,15.947614382434283,5.0649159706158855
15.279514483974593,17.490847867658836,5.428836405273951
28.990998610776494,15.390593144547928,8.597861242655947
32.19767443923545,6.4485637277848245,0.09331342912524056
32.756941472493665,17.645087596883336,8.468355220578854
16.123996759055927,14.29366194813443,6.907133320958569
41.604109659584765,10.236320471454889,0.10323090573374545
34.4902858536604,14.682808890914025,5.546993597402575
23.525432057804217,15.946342653989829,8.3345225646936
23.487381277986522,15.611802991461701,9.542928481908259
28.336265632908095,11.923948105013931,5.921171738489474
37.40091022522414,8.55403202565432,0.09856213432666514
29.70050639741284,15.918284719243449,8.000224541270498
27.475521911703098,16.123851248946277,9.656236150055445
41.94453361097598,7.603416658078541,0.10365304753203684
15.752266241109906,7.006380757539425,5.969924573204898
26.508684731468588,6.99794755335177,0.09519741737786365
