26.02150716856632,14.29694915625182,8.417841930430944
39.538599597714956,15.947614382434283,5.48056256099044
30.40618595964357,14.29694915625182,7.61288314208734
30.40618595964357,15.959487170185021,8.062323584976685
30.40618595964357,15.264816219310456,7.912796015049573
30.40618595964357,15.264816219310456,8.687918861727235
40.645738591004864,10.847264917936432,0.10489208158176452
30.40618595964357,15.959487170185021,6.956342773092897
46.328007465820846,3.5217854698367845,0.7861696276731722
30.40618595964357,15.264816219310456,8.788069320459671
28.336265632908095,11.923948105013931,5.921171738489474
43.91375694921281,9.66950554538969,0.09287927289763148
30.40618595964357,15.959487170185021,8.088538517850397
36.553537571204245,6.5660244092527265,0.10431328644888206
40.43399427344082,8.255704133329115,0.09283724376606822
57.95672263170326,11.906196603665474,7.365495805898708
30.40618595964357,15.959487170185021,8.144884258351194
50.96628443919626,16.123851248946277,0.9468593861183408
30.40618595964357,14.29694915625182,7.822130734556815
20.462609967483477,13.876262947516881,8.94214819311452
23.728907098570108,8.704404646805465,3.8602196727333817
26.02150716856632,15.959487170185021,10.162146833259799
1.4229963757211692,7.1936962064301415,0.10515353530484955
30.40618595964357,15.98835693258691,6.958422023959957
26.02150716856632,15.959487170185021,10.394419055164107
26.02150716856632,15.959487170185021,7.55916749792754
6.554460502760339,14.29694915625182,9.462991750446236
30.40618595964357,15.959487170185021,6.956342773092897
15.208525214314562,1.700911815264952,6.217810537130661
30.814786277823988,13.551645845273871,6.290113081274743
26.020156919979822,17.309629737850074,6.8867980131562865
28.990998610776494,12.139590472927091,5.303295704341627
4.5256222171145986,13.436485169376839,6.1430194003111716
15.311027381269914,10.755919543272638,8.766464764860494
35.49320466434018,6.17528858112207,0.10923231964144002
26.02150716856632,13.63642328310084,7.8759735462845635
18.401158723449385,16.18469512051771,6.3035144843097815
32.14397692197941,11.650675534513471,4.326647622110378
30.40618595964357,15.959487170185021,6.956342773092897
24.296220734134113,7.802159038566229,3.788171368776029
30.40618595964357,15.959487170185021,8.386269888057269
34.4902858536604,4.868799275998027,0.09639368468085963
46.358701306046065,14.29694915625182,8.593803688772867
7.367343715573469,15.959487170185021,2.9043633665387425
26.02150716856632,13.63642328310084,8.417292570529526
30.40618595964357,15.959487170185021,7.982136430758629
30.40618595964357,15.264816219310456,6.865225065480895
30.40618595964357,9.404182025351481,0.5596992243984406
16.687114520588445,5.264756045016572,6.400770976441454
33.716223671617016,12.604580176997876,4.0748524541279725
16.90471263189965,11.180392106456779,9.328995010645487
30.40618595964357,14.29694915625182,7.4639845215717395
26.02150716856632,14.29694915625182,7.930152350244695
30.40618595964357,15.959487170185021,8.296881294834128
30.40618595964357,15.959487170185021,6.956342773092897
26.02150716856632,14.29694915625182,8.26189994850425
39.165994545817014,1.787830538061943,0.09063985498474995
30.40618595964357,15.959487170185021,6.956342773092897
26.02150716856632,6.436524301866569,4.304316062541159
26.508684731468588,6.99794755335177,0.09519741737786365
34.71272672251699,11.494826013034144,1.9354225047473193
35.72139174452816,11.875693694185737,3.799820034733899
40.380586951673436,19.471155922415143,7.634552425007362
30.40618595964357,29.427394882433596,0.1
11.318316252636642,15.959487170185021,7.327677811634591
34.75769746422305,9.27332975613399,0.10211414252935493
15.752266241109906,7.006380757539425,6.549765452139535
45.76779965190634,14.29694915625182,0.7478053351980339
30.40618595964357,15.264816219310456,6.865225065480895
5.746529996114305,7.766821977787213,1.960162227460688
30.40618595964357,15.959487170185021,9.402518939528429
18.943846696530958,17.490847867658836,5.428836405273951
30.40618595964357,15.264816219310456,6.865225065480895
26.742234368015527,6.104760928022503,0.10149076211261744
18.844977710500736,8.589519848552975,6.97018517856419
23.815433024991613,1.637097539147078,7.154275279607908
2.642674307364743,17.59855828079111,6.912760553713201
30.40618595964357,15.959487170185021,8.04587130240973
30.40618595964357,15.959487170185021,9.41452789167919
30.40618595964357,15.264816219310456,7.423199084766031
