26.02410481843773,17.67254185926844,9.09317746457696
30.797054828691195,6.018997011562805,0.09587427580652604
30.797054828691195,6.018997011562805,0.09587427580652604
26.02410481843773,17.67254185926844,9.09317746457696
26.02410481843773,17.67254185926844,9.09317746457696
30.797054828691195,6.018997011562805,0.09587427580652604
26.02410481843773,17.67254185926844,9.09317746457696
26.02410481843773,16.100600564472288,9.732288543171045
30.797054828691195,6.018997011562805,0.09587427580652604
26.02410481843773,4.986486030109786,9.905139030489881
26.02410481843773,4.986486030109786,9.905139030489881
26.02410481843773,17.67254185926844,9.09317746457696
30.797054828691195,6.018997011562805,0.09587427580652604
26.02410481843773,16.100600564472288,9.732288543171045
24.04423541653232,32.44840663439342,4.5508332293891876
26.02410481843773,17.67254185926844,9.09317746457696
26.02410481843773,16.100600564472288,9.732288543171045
30.797054828691195,6.018997011562805,0.09587427580652604
9.985606819281603,15.959487170185021,4.073806787468271
30.797054828691195,6.018997011562805,0.09587427580652604
9.985606819281603,15.959487170185021,4.073806787468271
26.02410481843773,4.986486030109786,9.905139030489881
26.02410481843773,16.100600564472288,9.732288543171045
26.02410481843773,4.986486030109786,9.905139030489881
9.985606819281603,15.959487170185021,4.073806787468271
26.02410481843773,16.100600564472288,10.360407760479202
26.02410481843773,17.67254185926844,9.09317746457696
0.2083682253331247,15.959487170185021,0.10114970697193543
26.02410481843773,16.100600564472288,10.611753413830588
24.04423541653232,32.44840663439342,4.5508332293891876
26.02410481843773,16.100600564472288,10.611753413830588
0.2083682253331247,15.959487170185021,0.10114970697193543
26.02410481843773,17.67254185926844,9.09317746457696
26.02410481843773,16.100600564472288,10.196059882350232
0.2083682253331247,15.959487170185021,0.10114970697193543
24.04423541653232,32.44840663439342,4.5508332293891876
30.797054828691195,6.018997011562805,0.09587427580652604
26.02410481843773,16.100600564472288,10.360407760479202
9.985606819281603,15.959487170185021,4.073806787468271
0.2083682253331247,15.959487170185021,0.10114970697193543
26.02410481843773,16.100600564472288,10.611753413830588
24.04423541653232,32.44840663439342,4.5508332293891876
30.797054828691195,6.018997011562805,0.09587427580652604
9.985606819281603,15.959487170185021,4.073806787468271
36.261579220780405,9.846991598359999,0.09710987507485683
26.02410481843773,16.100600564472288,10.611753413830588
9.985606819281603,15.959487170185021,4.073806787468271
26.02410481843773,16.100600564472288,10.360407760479202
30.797054828691195,6.018997011562805,0.09587427580652604
26.02410481843773,25.87482542258489,6.634646226792568
26.02410481843773,16.100600564472288,9.732288543171045
26.02410481843773,16.100600564472288,10.286086331467034
24.04423541653232,32.44840663439342,4.5508332293891876
26.02410481843773,16.100600564472288,10.196059882350232
26.02410481843773,16.100600564472288,9.534916108720685
26.02410481843773,16.100600564472288,10.286086331467034
9.985606819281603,15.959487170185021,4.073806787468271
23.310725657451176,24.292861901413787,9.456328673210432
26.02410481843773,16.100600564472288,10.419200314948311
8.71338501973774,17.67254185926844,3.0700088815840285
30.797054828691195,6.018997011562805,0.09587427580652604
0.2083682253331247,15.959487170185021,0.10114970697193543
26.02410481843773,17.67254185926844,9.09317746457696
26.02410481843773,16.100600564472288,9.334558119110374
26.02410481843773,16.100600564472288,10.360407760479202
49.66592377503878,14.562831041349938,0.0964618552987156
26.02410481843773,16.100600564472288,9.732288543171045
24.04423541653232,32.44840663439342,4.5508332293891876
26.02410481843773,26.952632969282206,5.599258617835868
0.2083682253331247,15.959487170185021,0.10114970697193543
49.66592377503878,14.562831041349938,0.0964618552987156
26.02410481843773,18.16293619024163,9.29517582384984
26.02410481843773,32.44840663439342,4.959305228828374
26.02410481843773,16.100600564472288,9.334558119110374
26.02410481843773,16.100600564472288,9.534916108720685
26.02410481843773,16.100600564472288,10.286086331467034
13.203207781244096,16.100600564472288,4.7770292436472905
26.02410481843773,4.986486030109786,9.905139030489881
8.71338501973774,17.67254185926844,3.0700088815840285
26.02410481843773,18.39079307766969,8.955125299490588
28.217585784805888,28.687509008310204,5.430485232572512
26.02410481843773,16.100600564472288,9.732288543171045
26.02410481843773,25.87482542258489,6.634646226792568
26.02410481843773,16.100600564472288,10.360407760479202
26.02410481843773,16.100600564472288,9.858702344527561
13.185802145865388,32.44840663439342,2.674550811820021
9.985606819281603,15.959487170185021,4.073806787468271
24.04423541653232,32.44840663439342,4.5508332293891876
31.92456739795504,16.100600564472288,8.388565451541789
26.02410481843773,17.67254185926844,9.09317746457696
26.02410481843773,16.100600564472288,10.196059882350232
49.66592377503878,14.562831041349938,0.0964618552987156
26.02410481843773,16.100600564472288,10.355247666341969
26.02410481843773,16.100600564472288,10.419200314948311
26.02410481843773,16.100600564472288,9.212570650204382
26.02410481843773,4.986486030109786,9.905139030489881
26.02410481843773,16.100600564472288,9.858702344527561
26.02410481843773,16.100600564472288,10.611753413830588
26.02410481843773,18.39079307766969,8.955125299490588
26.02410481843773,32.44840663439342,4.959305228828374
13.185802145865388,32.44840663439342,2.674550811820021
26.02410481843773,16.100600564472288,10.360407760479202
26.02410481843773,16.100600564472288,10.587866752001851
24.04423541653232,32.44840663439342,4.5508332293891876
36.261579220780405,9.846991598359999,0.09710987507485683
8.71338501973774,17.67254185926844,3.0700088815840285
26.02410481843773,22.464338669482483,6.4413985103310845
26.02410481843773,25.743338509493164,5.875750308884308
26.02410481843773,16.100600564472288,8.902128779898584
9.985606819281603,15.959487170185021,4.073806787468271
30.797054828691195,6.018997011562805,0.09587427580652604
13.185802145865388,32.44840663439342,2.674550811820021
26.02410481843773,32.44840663439342,4.959305228828374
26.02410481843773,26.952632969282206,5.599258617835868
26.02410481843773,0.453086197964792,0.10631665838846414
28.217585784805888,28.687509008310204,5.430485232572512
13.203207781244096,16.100600564472288,4.7770292436472905
25.670271450789468,16.100600564472288,9.625615008163045
26.02410481843773,22.78536505372545,7.433918201663209
26.02410481843773,16.100600564472288,10.616594543640964
26.02410481843773,16.690618199961147,8.699773862407659
26.02410481843773,32.44840663439342,5.248336363395041
26.02410481843773,16.100600564472288,10.360407760479202
31.92456739795504,16.100600564472288,8.388565451541789
26.02410481843773,18.39079307766969,8.955125299490588
26.02410481843773,16.100600564472288,10.587866752001851
26.02410481843773,4.986486030109786,9.905139030489881
0.2083682253331247,15.959487170185021,0.10114970697193543
8.71338501973774,17.67254185926844,3.0700088815840285
24.04423541653232,32.44840663439342,4.5508332293891876
26.02410481843773,16.100600564472288,9.858702344527561
25.670271450789468,16.100600564472288,9.625615008163045
26.02410481843773,16.100600564472288,10.360407760479202
26.02410481843773,16.100600564472288,9.858702344527561
17.20078810020867,16.100600564472288,6.39750997708262
39.20728949382286,16.100600564472288,5.747753190901881
26.02410481843773,16.100600564472288,10.643429156795829
26.02410481843773,0.453086197964792,0.10631665838846414
13.185802145865388,32.44840663439342,2.674550811820021
36.261579220780405,9.846991598359999,0.09710987507485683
26.02410481843773,16.100600564472288,10.286086331467034
26.02410481843773,32.44840663439342,4.936991921510751
26.02410481843773,32.44840663439342,4.970310412783658
26.02410481843773,32.44840663439342,4.676068404542599
26.02410481843773,16.100600564472288,10.07842829843567
26.02410481843773,22.464338669482483,6.4413985103310845
26.02410481843773,17.67254185926844,9.09317746457696
49.66592377503878,14.562831041349938,0.0964618552987156
28.217585784805888,28.687509008310204,5.430485232572512
26.02410481843773,11.842564864361457,6.340457730120826
26.02410481843773,16.100600564472288,9.883076545746373
26.02410481843773,25.151931069638255,6.391883407246071
8.71338501973774,17.67254185926844,3.0700088815840285
26.02410481843773,16.100600564472288,10.587866752001851
26.02410481843773,16.100600564472288,10.616594543640964
26.02410481843773,62.03245262795194,2.5421554917959464
26.02410481843773,22.803381080934123,6.518960786328234
26.02410481843773,26.952632969282206,5.599258617835868
26.02410481843773,32.44840663439342,4.959305228828374
26.02410481843773,16.690618199961147,8.699773862407659
26.02410481843773,16.100600564472288,10.196059882350232
24.04423541653232,32.44840663439342,4.5508332293891876
26.02410481843773,16.100600564472288,9.334558119110374
