26.02150716856632,26.51538293778699,5.791682380521797
2.2050491722563876,15.947614382434283,0.7722781409169288
26.13509202552479,20.434055148224274,6.943068047079709
30.40618595964357,15.959487170185021,8.373049346939117
26.02410481843773,20.434055148224274,7.738982367020474
26.02150716856632,15.959487170185021,10.502259557316524
40.645738591004864,10.847264917936432,0.09890558782984242
26.13509202552479,6.4051360814088305,0.10050277500584606
26.02150716856632,20.434055148224274,7.721284811307497
17.012970942004948,15.959487170185021,6.26441362227984
21.27622554323009,11.923948105013931,0.09203316927551503
30.40618595964357,23.886234201463047,7.830698313230299
26.02150716856632,15.959487170185021,10.44089540692152
30.40618595964357,15.959487170185021,8.30309851995642
26.13509202552479,10.41641587880299,5.4381173624474615
27.299249495314157,6.475293686861754,0.10431703984466296
17.012970942004948,15.959487170185021,6.26441362227984
30.40618595964357,15.959487170185021,8.903535067501032
30.40618595964357,34.67513617351397,6.022263655648645
26.02410481843773,15.959487170185021,7.1955304745859
5.731595746516312,15.959487170185021,8.179766904599743
30.40618595964357,15.959487170185021,9.347258010270455
26.02410481843773,20.434055148224274,7.738982367020474
6.030429269440603,20.434055148224274,5.25837091933231
26.02410481843773,15.959487170185021,9.804996205695254
30.40618595964357,10.41641587880299,4.957879131159089
30.40618595964357,15.959487170185021,8.537874498111075
17.012970942004948,15.959487170185021,6.122522092647956
5.049479498514437,15.959487170185021,1.9480527036348048
26.02150716856632,15.959487170185021,9.533294560674328
44.71756135233341,15.959487170185021,7.8493848801089925
26.02410481843773,7.2123502664092864,3.35685173450744
0.8189416867687207,15.959487170185021,4.4058176529274515
12.78771292841024,15.959487170185021,8.159223072296523
17.012970942004948,20.434055148224274,6.807865514714414
19.75492989459441,15.959487170185021,7.167920626414862
26.02150716856632,15.959487170185021,10.415654600148581
26.02150716856632,15.959487170185021,10.608047348065632
6.737893913056109,15.959487170185021,8.679403652134393
17.012970942004948,15.959487170185021,6.26441362227984
30.40618595964357,20.434055148224274,9.417829284718456
26.02150716856632,15.959487170185021,9.644066817382415
17.012970942004948,20.434055148224274,6.807865514714414
32.961663293979356,15.959487170185021,8.179766904599743
5.718340940136412,27.584549846470892,1.9369016293381416
26.13509202552479,15.959487170185021,8.916407315155764
17.012970942004948,15.959487170185021,6.806725662399913
30.40618595964357,15.959487170185021,8.272431602044325
26.02410481843773,15.959487170185021,7.1955304745859
17.012970942004948,20.434055148224274,4.702205970596608
26.02410481843773,15.959487170185021,9.45298789346316
30.40618595964357,15.959487170185021,8.603965514449941
26.02410481843773,15.959487170185021,7.1955304745859
26.13509202552479,26.82488475846646,6.237282697671789
30.40618595964357,1.4046232483664056,0.10397265675757207
50.27420553341618,15.959487170185021,1.1583782616108755
26.13509202552479,20.434055148224274,7.314455668194372
26.02150716856632,33.42147312491898,4.34489991933785
26.02410481843773,20.434055148224274,7.738982367020474
7.7886550773416,15.959487170185021,4.5417263755742
30.40618595964357,2.9972819044344696,0.10119948967224186
26.02410481843773,20.434055148224274,7.738982367020474
30.40618595964357,15.959487170185021,7.065609221955553
30.40618595964357,15.959487170185021,7.623709354336562
17.012970942004948,15.959487170185021,6.7306764400398365
17.012970942004948,20.434055148224274,6.807865514714414
17.012970942004948,15.959487170185021,6.26441362227984
17.012970942004948,20.434055148224274,5.222148689320124
30.40618595964357,15.959487170185021,9.40484740815695
26.02410481843773,15.959487170185021,9.457379495130013
26.13509202552479,15.959487170185021,10.579658529277935
26.13509202552479,15.959487170185021,10.723454901845562
17.012970942004948,15.959487170185021,5.995105307109966
30.40618595964357,20.434055148224274,8.872799612818936
1.529612345262752,8.589519848552975,1.1151450081550884
44.52423779261817,31.133590213095285,2.7401003230278924
29.407142673605993,15.959487170185021,8.556688090433244
22.08689359030275,6.272039253490519,0.10482350853985431
30.40618595964357,10.41641587880299,2.244731041757084
26.02410481843773,15.959487170185021,7.1955304745859
