26.02150716856632,26.51538293778699,6.4436943803227855
26.02410481843773,15.959487170185021,10.17687735344952
29.407142673605993,15.959487170185021,7.56477584857643
30.40618595964357,15.959487170185021,8.566792154735895
26.02410481843773,15.959487170185021,10.713716414741983
26.02150716856632,15.959487170185021,10.502259557316524
40.645738591004864,10.847264917936432,0.09890558782984242
26.13509202552479,6.4051360814088305,0.10030439682583621
26.02150716856632,20.434055148224274,8.028824488414752
17.012970942004948,15.959487170185021,6.26441362227984
21.27622554323009,11.923948105013931,0.09203316927551503
9.638012472041424,15.959487170185021,3.6637655810413547
26.02150716856632,15.959487170185021,10.44089540692152
26.02410481843773,15.959487170185021,10.598872583914865
26.13509202552479,10.41641587880299,5.4381173624474615
27.299249495314157,6.475293686861754,0.10431703984466296
17.012970942004948,15.959487170185021,6.26441362227984
26.13509202552479,15.959487170185021,7.692443425620101
30.40618595964357,34.67513617351397,5.065682923752549
26.13509202552479,15.959487170185021,9.979812379519998
6.637706867061136,15.959487170185021,2.6866771558883746
26.02410481843773,15.959487170185021,7.692376337162007
26.02410481843773,20.434055148224274,7.508154712574506
6.030429269440603,20.434055148224274,5.25837091933231
26.02410481843773,15.959487170185021,9.804996205695254
26.02410481843773,15.959487170185021,7.692376337162007
30.40618595964357,15.959487170185021,8.823005652775818
17.012970942004948,15.959487170185021,6.333881443577657
21.851348439212288,19.76129211125105,7.988290982846591
26.02150716856632,15.959487170185021,9.791170286873147
44.71756135233341,15.959487170185021,3.2262771041525857
29.407142673605993,15.959487170185021,7.56477584857643
29.407142673605993,26.261609118664452,7.044365507295003
26.13509202552479,15.959487170185021,7.692443425620101
26.91725360588592,20.434055148224274,6.807865514714414
30.40618595964357,20.434055148224274,9.19020287155452
26.02150716856632,15.959487170185021,10.415654600148581
26.02410481843773,21.26935237762353,8.104444596270866
6.737893913056109,15.959487170185021,2.343700313789804
17.012970942004948,15.959487170185021,6.26441362227984
26.13509202552479,15.959487170185021,7.692443425620101
26.02150716856632,15.959487170185021,9.644066817382415
26.02410481843773,15.959487170185021,7.692376337162007
32.961663293979356,15.959487170185021,8.179766904599743
1.9921748992582908,27.584549846470892,1.9369016293381416
4.322136366474293,15.959487170185021,8.916407315155764
17.012970942004948,7.44550127944335,6.806725662399913
30.40618595964357,15.959487170185021,8.999792220807269
29.407142673605993,15.959487170185021,7.56477584857643
17.012970942004948,20.434055148224274,4.702205970596608
26.02410481843773,15.959487170185021,9.45298789346316
26.13509202552479,15.959487170185021,7.692443425620101
26.02410481843773,15.959487170185021,9.906707140623148
29.407142673605993,15.959487170185021,7.56477584857643
26.02410481843773,15.959487170185021,10.730748261264951
50.27420553341618,15.959487170185021,1.1583782616108755
20.696348608890563,20.434055148224274,7.314455668194372
26.02150716856632,33.42147312491898,4.946599919932832
26.02410481843773,20.434055148224274,7.738982367020474
7.7886550773416,15.959487170185021,4.5417263755742
30.40618595964357,2.9972819044344696,0.09664869453066993
29.407142673605993,15.959487170185021,9.390567007342668
29.407142673605993,15.959487170185021,7.56477584857643
30.40618595964357,15.959487170185021,9.178154640438313
17.012970942004948,15.959487170185021,6.7306764400398365
17.012970942004948,7.278968985965518,6.807865514714414
29.407142673605993,15.959487170185021,7.56477584857643
17.012970942004948,20.434055148224274,4.6080261925788415
30.40618595964357,15.959487170185021,9.163294877717219
26.02410481843773,15.959487170185021,9.457379495130013
26.13509202552479,31.84681955373972,10.579658529277935
26.13509202552479,15.959487170185021,10.723454901845562
29.407142673605993,15.959487170185021,9.659330984795591
30.40618595964357,26.658851040409655,6.974287137821598
1.529612345262752,8.589519848552975,1.1468260193211193
26.02410481843773,15.959487170185021,7.692376337162007
29.407142673605993,15.959487170185021,8.556688090433244
22.08689359030275,6.272039253490519,0.10482350853985431
26.02410481843773,15.959487170185021,9.039266613174966
26.02410481843773,15.959487170185021,7.1955304745859
