26.02150716856632,26.51538293778699,8.417841930430944
2.2050491722563876,15.947614382434283,5.474390783906611
30.40618595964357,14.29694915625182,7.61288314208734
30.40618595964357,15.959487170185021,8.373049346939117
30.40618595964357,15.959487170185021,7.623709354336562
26.02150716856632,15.959487170185021,10.502259557316524
40.645738591004864,10.847264917936432,0.10665778147385718
30.40618595964357,15.959487170185021,6.956342773092897
30.40618595964357,15.959487170185021,8.142209835098171
24.345656704935905,15.959487170185021,9.369011395964094
45.87108307536823,11.923948105013931,0.10773633297568486
30.40618595964357,15.959487170185021,8.01866282574822
26.02150716856632,15.959487170185021,8.679403652134393
26.02150716856632,15.959487170185021,9.303125980060315
30.40618595964357,20.43843320346221,8.293241769257929
30.40618595964357,2.4254837890569148,0.0998349602926934
46.822397193063736,15.959487170185021,3.4678545056720504
26.02150716856632,15.959487170185021,10.594421916972728
26.02150716856632,15.959487170185021,8.939969258038877
30.40618595964357,15.959487170185021,8.159223072296523
47.14973356648104,8.704404646805465,0.09556912606684649
34.11805943691668,15.959487170185021,9.38891281681947
1.4229963757211692,7.1936962064301415,1.2327473095220622
30.40618595964357,15.264816219310456,8.814368650606495
30.40618595964357,15.959487170185021,8.436896060384447
30.40618595964357,21.050137451103375,8.241767486564845
30.40618595964357,15.959487170185021,8.702499497646677
30.40618595964357,15.959487170185021,7.893709331940196
15.208525214314562,1.700911815264952,6.217810537130661
61.422338401826,13.551645845273871,0.09425021484789527
30.40618595964357,15.959487170185021,7.8493848801089925
26.02150716856632,15.959487170185021,10.175881952017052
5.932949891744448,23.690631079451045,6.1430194003111716
30.40618595964357,15.959487170185021,8.159223072296523
8.103142607444301,21.605242673269295,7.980559976170563
26.02150716856632,13.63642328310084,8.716723141628442
30.40618595964357,15.959487170185021,8.580976945422513
26.02150716856632,15.959487170185021,8.679403652134393
26.02150716856632,15.959487170185021,8.679403652134393
19.744132737761245,7.802159038566229,4.37223575451415
30.40618595964357,15.959487170185021,8.159223072296523
26.02150716856632,15.959487170185021,8.935757267484773
5.655069414617394,14.29694915625182,8.593803688772867
5.956935386555879,15.959487170185021,2.8686702741467838
8.93315929873804,27.584549846470892,7.623709354336562
30.40618595964357,15.959487170185021,8.50693768752359
26.02150716856632,15.959487170185021,8.679403652134393
30.40618595964357,15.959487170185021,7.623709354336562
16.687114520588445,5.264756045016572,6.400770976441454
26.02150716856632,15.959487170185021,9.224939219072077
16.90471263189965,11.180392106456779,9.66559679611616
30.40618595964357,15.959487170185021,8.643601521464417
46.86408462018157,15.959487170185021,3.8440321631536514
26.02150716856632,15.959487170185021,9.737185112947826
30.40618595964357,15.959487170185021,8.159223072296523
30.40618595964357,15.959487170185021,8.26042858940431
26.02150716856632,15.959487170185021,8.118221821372908
26.02150716856632,13.912410194908876,7.746726325659197
30.40618595964357,15.959487170185021,8.159223072296523
30.40618595964357,15.959487170185021,8.594951908107685
34.71272672251699,22.365003302289402,9.346475258843471
26.02150716856632,15.959487170185021,10.60197122528488
30.40618595964357,15.959487170185021,8.898612262013959
30.40618595964357,15.959487170185021,7.623709354336562
11.318316252636642,15.959487170185021,4.196686740222716
34.75769746422305,9.27332975613399,0.10411827410698198
26.02150716856632,22.158930794542965,0.1
30.40618595964357,15.959487170185021,8.876017693010432
30.40618595964357,15.959487170185021,8.159223072296523
0.7372512199330501,15.264816219310456,8.489105758479331
26.02150716856632,15.959487170185021,8.679403652134393
26.02150716856632,15.959487170185021,9.464118184776664
26.02150716856632,15.959487170185021,10.711897511538092
26.02150716856632,15.959487170185021,8.679403652134393
1.529612345262752,8.589519848552975,0.9963698629510755
30.40618595964357,15.959487170185021,9.248437172579038
30.40618595964357,15.959487170185021,9.278377704416888
26.13509202552479,15.959487170185021,8.04587130240973
30.40618595964357,10.41641587880299,2.244731041757084
30.40618595964357,15.959487170185021,8.159223072296523
