22.574999694428406,28.63600528847877,4.354663267688977
22.574999694428406,28.63600528847877,4.354663267688977
30.5305606858592,15.959487170185021,9.111530464142213
22.574999694428406,28.63600528847877,4.354663267688977
30.5305606858592,15.959487170185021,9.111530464142213
30.5305606858592,15.959487170185021,9.111530464142213
26.02410481843773,9.783426317742753,3.8967923840413166
22.574999694428406,28.63600528847877,4.354663267688977
26.02410481843773,9.783426317742753,3.8967923840413166
20.310213619798958,3.0943187110162675,0.09724566745133464
26.02410481843773,2.4719082760067455,0.09385666056173853
30.5305606858592,15.959487170185021,9.111530464142213
12.26719908235053,31.841560132363284,2.0946548242740626
22.574999694428406,28.63600528847877,4.354663267688977
19.81606487960474,15.959487170185021,4.899861886497042
20.310213619798958,3.0943187110162675,0.09724566745133464
19.81606487960474,15.959487170185021,4.899861886497042
12.26719908235053,31.841560132363284,2.0946548242740626
26.02410481843773,15.959487170185021,9.792129372682785
40.709700975002264,15.959487170185021,5.070355285962399
26.02410481843773,2.4719082760067455,0.09385666056173853
12.26719908235053,15.959487170185021,4.491194040397273
40.709700975002264,15.959487170185021,5.070355285962399
30.5305606858592,15.959487170185021,8.90462431492573
19.81606487960474,15.959487170185021,4.899861886497042
26.02410481843773,21.655930749822623,6.655106695032348
26.02410481843773,9.783426317742753,3.8967923840413166
26.02410481843773,15.959487170185021,9.336030161012026
26.02410481843773,2.4719082760067455,0.09385666056173853
22.574999694428406,28.63600528847877,4.354663267688977
30.5305606858592,15.959487170185021,9.111530464142213
26.02410481843773,35.16997906048106,4.091736535842841
26.02410481843773,9.783426317742753,3.8967923840413166
12.26719908235053,15.959487170185021,4.491194040397273
26.02410481843773,15.959487170185021,9.792129372682785
26.02410481843773,15.959487170185021,9.336030161012026
17.40306080792213,15.959487170185021,7.066255414058962
12.26719908235053,31.841560132363284,2.0946548242740626
20.310213619798958,3.0943187110162675,0.09724566745133464
26.02410481843773,2.4719082760067455,0.09385666056173853
10.269496639394884,24.630358838387174,2.4745838738877604
26.02410481843773,21.655930749822623,6.655106695032348
30.5305606858592,15.959487170185021,9.111530464142213
26.02410481843773,15.959487170185021,8.819442842456398
26.02410481843773,35.16997906048106,4.091736535842841
26.02410481843773,9.783426317742753,3.8967923840413166
30.5305606858592,15.959487170185021,8.90462431492573
51.87307432888997,46.14027345129003,3.0632925757079623
17.40306080792213,15.959487170185021,7.066255414058962
26.02410481843773,21.655930749822623,6.655106695032348
12.26719908235053,30.841248164770484,2.404136465799668
19.81606487960474,15.959487170185021,4.899861886497042
26.02410481843773,5.89406594220547,8.94743856847979
40.709700975002264,15.959487170185021,5.070355285962399
3.6937871580100463,25.48125941767301,0.8049689207601336
26.02410481843773,15.959487170185021,9.336030161012026
26.02410481843773,26.746690805423484,6.163777341495147
26.02410481843773,15.959487170185021,10.213690403913334
26.02410481843773,9.783426317742753,3.8967923840413166
30.5305606858592,15.959487170185021,9.111530464142213
26.02410481843773,5.89406594220547,8.94743856847979
12.26719908235053,15.959487170185021,4.491194040397273
26.02410481843773,26.746690805423484,6.163777341495147
22.574999694428406,28.63600528847877,4.354663267688977
19.81606487960474,15.959487170185021,4.899861886497042
26.02410481843773,15.959487170185021,9.593657923145852
3.6937871580100463,25.48125941767301,0.8049689207601336
26.02410481843773,35.16997906048106,4.091736535842841
20.310213619798958,3.0943187110162675,0.09724566745133464
12.26719908235053,30.841248164770484,2.404136465799668
26.02410481843773,15.959487170185021,8.83864407384031
13.148975911163593,32.95125485104368,5.8706592524447965
26.02410481843773,21.655930749822623,6.655106695032348
26.02410481843773,15.959487170185021,10.213690403913334
26.02410481843773,15.959487170185021,9.533817993978001
26.02410481843773,9.783426317742753,3.8967923840413166
26.02410481843773,6.624266913122472,0.10615651375021203
26.02410481843773,15.959487170185021,9.593657923145852
12.26719908235053,31.841560132363284,2.0946548242740626
13.148975911163593,32.95125485104368,5.8706592524447965
3.6937871580100463,25.48125941767301,0.8049689207601336
12.26719908235053,15.959487170185021,4.491194040397273
26.02410481843773,15.959487170185021,9.792129372682785
26.02410481843773,15.959487170185021,9.738200404147623
26.02410481843773,5.89406594220547,8.94743856847979
26.02410481843773,21.655930749822623,6.655106695032348
26.02410481843773,2.4719082760067455,0.09385666056173853
17.40306080792213,15.959487170185021,7.066255414058962
51.87307432888997,46.14027345129003,3.0632925757079623
26.02410481843773,26.746690805423484,6.163777341495147
12.26719908235053,15.959487170185021,4.705068914529419
22.574999694428406,28.63600528847877,4.354663267688977
42.751087670912185,15.959487170185021,3.9020155358786743
12.26719908235053,31.841560132363284,2.0946548242740626
26.02410481843773,15.959487170185021,8.819442842456398
22.574999694428406,28.63600528847877,4.354663267688977
26.02410481843773,9.238511266399179,3.411845237208311
12.26719908235053,30.841248164770484,2.404136465799668
12.26719908235053,15.959487170185021,4.551384576927234
30.5305606858592,15.959487170185021,9.111530464142213
17.40306080792213,15.959487170185021,7.066255414058962
12.26719908235053,15.959487170185021,4.95338674268063
26.02410481843773,15.959487170185021,9.92694908373078
26.02410481843773,15.959487170185021,8.965379009827586
30.5305606858592,15.959487170185021,8.90462431492573
26.02410481843773,15.959487170185021,8.83864407384031
26.02410481843773,15.959487170185021,9.593657923145852
26.02410481843773,15.959487170185021,10.54781884560294
19.81606487960474,15.959487170185021,4.899861886497042
12.26719908235053,15.959487170185021,4.589678171584162
26.02410481843773,22.320613794899394,9.93755830126886
26.02410481843773,5.89406594220547,8.94743856847979
13.148975911163593,32.95125485104368,5.8706592524447965
26.02410481843773,9.783426317742753,3.8967923840413166
12.26719908235053,15.959487170185021,4.916138001173788
26.02410481843773,15.959487170185021,9.738200404147623
30.5305606858592,15.959487170185021,8.90462431492573
3.6937871580100463,25.48125941767301,0.8049689207601336
26.02410481843773,15.959487170185021,9.00608362200705
26.02410481843773,15.959487170185021,9.119072730444033
12.26719908235053,31.841560132363284,2.0946548242740626
26.02410481843773,15.959487170185021,9.922642070094033
26.02410481843773,31.006807361715538,4.814630798836394
12.26719908235053,15.959487170185021,4.589678171584162
26.02410481843773,21.655930749822623,6.655106695032348
1.6757660611778604,15.959487170185021,0.670347113644142
18.40337333289036,15.959487170185021,6.519776374468266
26.02410481843773,15.959487170185021,10.213690403913334
12.26719908235053,15.959487170185021,4.79648244310537
40.709700975002264,15.959487170185021,5.070355285962399
51.556116690963144,15.959487170185021,0.5835965571130041
20.310213619798958,3.0943187110162675,0.09724566745133464
26.02410481843773,9.238511266399179,3.411845237208311
22.716348577724535,15.959487170185021,9.163565846697066
18.55634798771367,15.959487170185021,6.49761339571946
26.02410481843773,15.959487170185021,9.508631485539519
26.02410481843773,15.959487170185021,10.004782061857417
26.02410481843773,15.959487170185021,8.965379009827586
26.02410481843773,15.959487170185021,9.336030161012026
26.02410481843773,15.959487170185021,9.533817993978001
26.02410481843773,15.959487170185021,8.819442842456398
30.5305606858592,15.959487170185021,9.111530464142213
12.26719908235053,15.959487170185021,4.551384576927234
13.368313502034468,13.191807727798286,5.890361880962591
26.02410481843773,15.959487170185021,9.92694908373078
26.02410481843773,15.959487170185021,9.738200404147623
12.26719908235053,15.959487170185021,4.533364081828252
26.02410481843773,35.16997906048106,4.091736535842841
