40.645738591004864,11.003065275386767,0.09890558782984242
26.02410481843773,15.959487170185021,10.31256821339827
26.02410481843773,10.49619790576903,5.530537913963448
4.322136366474293,15.959487170185021,8.916407315155764
26.02410481843773,15.959487170185021,10.31256821339827
26.02150716856632,26.51538293778699,6.4436943803227855
26.02410481843773,15.959487170185021,9.45298789346316
30.40618595964357,15.959487170185021,9.412818722863635
26.02150716856632,19.062492748268426,10.502259557316524
22.08689359030275,6.272039253490519,0.10482350853985431
26.13509202552479,15.959487170185021,9.548653775400592
26.02410481843773,10.49619790576903,5.530537913963448
4.322136366474293,15.959487170185021,8.916407315155764
30.40618595964357,15.959487170185021,9.412818722863635
9.638012472041424,15.959487170185021,3.769009165243928
30.40618595964357,4.365987210038744,0.09664869453066993
46.44272469364766,15.959487170185021,2.306432845030168
26.02410481843773,15.959487170185021,9.45298789346316
26.02410481843773,15.959487170185021,10.31256821339827
40.645738591004864,11.003065275386767,0.09890558782984242
30.40618595964357,15.959487170185021,9.412818722863635
26.02410481843773,10.49619790576903,5.530537913963448
26.13509202552479,15.959487170185021,9.548653775400592
30.40618595964357,4.365987210038744,0.09664869453066993
26.13509202552479,15.959487170185021,9.548653775400592
44.71756135233341,15.959487170185021,3.2262771041525857
27.299249495314157,10.317673660625557,0.10431703984466296
4.322136366474293,15.959487170185021,8.916407315155764
26.02410481843773,15.959487170185021,9.45298789346316
1.529612345262752,10.198967006186757,1.1468260193211193
26.02150716856632,19.062492748268426,10.502259557316524
30.40618595964357,4.365987210038744,0.09664869453066993
27.299249495314157,10.317673660625557,0.10431703984466296
26.13509202552479,15.959487170185021,9.548653775400592
9.638012472041424,15.959487170185021,3.769009165243928
14.798161123726471,15.959487170185021,5.19240284568702
17.012970942004948,15.959487170185021,6.844715508381554
44.71756135233341,15.959487170185021,3.2262771041525857
46.44272469364766,15.959487170185021,2.306432845030168
26.02410481843773,15.959487170185021,10.31256821339827
26.02150716856632,15.959487170185021,9.644066817382415
30.40618595964357,15.959487170185021,9.163294877717219
27.299249495314157,10.317673660625557,0.10431703984466296
4.322136366474293,15.959487170185021,8.916407315155764
26.02410481843773,10.49619790576903,5.530537913963448
26.13509202552479,15.959487170185021,9.548653775400592
26.02410481843773,15.959487170185021,9.45298789346316
26.13509202552479,31.84681955373972,10.579658529277935
14.798161123726471,15.959487170185021,5.19240284568702
1.529612345262752,10.198967006186757,1.1468260193211193
22.08689359030275,6.272039253490519,0.10482350853985431
26.02150716856632,28.43443796701211,10.44089540692152
40.645738591004864,11.003065275386767,0.09890558782984242
30.40618595964357,4.365987210038744,0.09664869453066993
26.13509202552479,6.4051360814088305,0.10030439682583621
17.012970942004948,7.44550127944335,6.806725662399913
22.08689359030275,6.272039253490519,0.10482350853985431
23.027690994139906,20.434055148224274,7.314455668194372
26.13509202552479,6.4051360814088305,0.10030439682583621
26.13509202552479,31.84681955373972,10.579658529277935
9.638012472041424,15.959487170185021,3.769009165243928
26.02410481843773,10.49619790576903,5.530537913963448
17.012970942004948,7.44550127944335,6.806725662399913
26.02410481843773,15.959487170185021,9.45298789346316
40.645738591004864,11.003065275386767,0.09890558782984242
26.02150716856632,15.959487170185021,9.644066817382415
30.40618595964357,15.959487170185021,9.163294877717219
1.9921748992582908,27.584549846470892,1.9369016293381416
21.830128484621298,20.434055148224274,4.6080261925788415
26.13509202552479,15.959487170185021,9.548653775400592
4.322136366474293,15.959487170185021,8.916407315155764
40.645738591004864,11.003065275386767,0.09890558782984242
26.13509202552479,15.959487170185021,9.421114638160484
26.02150716856632,20.434055148224274,8.028824488414752
26.02410481843773,15.959487170185021,10.00395202011534
30.40618595964357,26.658851040409655,6.974287137821598
26.13509202552479,15.959487170185021,9.548653775400592
26.02150716856632,15.959487170185021,9.644066817382415
26.02410481843773,15.959487170185021,9.307365294772575
21.830128484621298,20.434055148224274,4.6080261925788415
26.13509202552479,15.959487170185021,10.6017322326607
4.322136366474293,15.959487170185021,8.916407315155764
23.027690994139906,20.434055148224274,7.314455668194372
17.012970942004948,15.959487170185021,6.844715508381554
26.02410481843773,15.959487170185021,9.45298789346316
27.299249495314157,10.317673660625557,0.10431703984466296
22.08689359030275,6.272039253490519,0.10482350853985431
26.02150716856632,26.51538293778699,6.4436943803227855
17.012970942004948,20.434055148224274,5.186623169633148
17.012970942004948,7.44550127944335,6.806725662399913
26.13509202552479,6.4051360814088305,0.10030439682583621
26.02150716856632,15.959487170185021,9.809559705466821
26.02410481843773,15.959487170185021,9.804996205695254
46.44272469364766,15.959487170185021,2.306432845030168
30.40618595964357,15.959487170185021,8.999792220807269
26.13509202552479,15.959487170185021,9.979812379519998
26.13509202552479,15.959487170185021,10.6017322326607
44.71756135233341,15.959487170185021,3.2262771041525857
14.798161123726471,15.959487170185021,5.19240284568702
26.13509202552479,6.4051360814088305,0.10030439682583621
21.830128484621298,20.434055148224274,4.6080261925788415
26.02410481843773,15.959487170185021,10.31256821339827
30.40618595964357,15.959487170185021,9.178154640438313
26.02410481843773,20.434055148224274,8.36492023712728
26.02410481843773,11.419655422535822,6.381131027939706
29.407142673605993,15.959487170185021,9.663543325964268
9.638012472041424,15.959487170185021,3.769009165243928
46.44272469364766,15.959487170185021,2.306432845030168
26.13509202552479,15.959487170185021,9.548653775400592
1.529612345262752,10.198967006186757,1.1468260193211193
30.40618595964357,15.959487170185021,8.999792220807269
26.02150716856632,20.434055148224274,8.028824488414752
30.40618595964357,15.959487170185021,9.412818722863635
26.02150716856632,26.51538293778699,6.4436943803227855
30.40618595964357,4.365987210038744,0.09664869453066993
26.02410481843773,10.49619790576903,5.530537913963448
26.02410481843773,15.959487170185021,10.713716414741983
6.637706867061136,15.959487170185021,2.403534168524912
26.13509202552479,15.959487170185021,9.421114638160484
30.40618595964357,26.658851040409655,6.974287137821598
30.40618595964357,15.959487170185021,9.163294877717219
26.02410481843773,15.959487170185021,9.193273795833608
32.961663293979356,15.959487170185021,8.369094045277002
6.637706867061136,15.959487170185021,2.403534168524912
26.02410481843773,11.419655422535822,6.381131027939706
26.13509202552479,15.959487170185021,9.421114638160484
26.02410481843773,20.434055148224274,7.760319023046716
26.02410481843773,20.434055148224274,8.36492023712728
26.02410481843773,10.49619790576903,5.530537913963448
26.13509202552479,20.411282291714564,7.742017739172559
26.02410481843773,15.959487170185021,9.945871218547863
29.407142673605993,15.959487170185021,9.154072642523081
17.012970942004948,20.434055148224274,5.186623169633148
46.44272469364766,15.959487170185021,2.306432845030168
26.02150716856632,15.959487170185021,9.809559705466821
26.02410481843773,15.959487170185021,9.307365294772575
26.399165829449583,21.26935237762353,7.298457464865908
26.13509202552479,15.959487170185021,9.548653775400592
14.798161123726471,15.959487170185021,5.19240284568702
17.012970942004948,15.959487170185021,6.247255068823009
26.02410481843773,15.959487170185021,10.00395202011534
29.407142673605993,15.959487170185021,9.103598142498615
26.02410481843773,15.959487170185021,10.31256821339827
29.407142673605993,15.959487170185021,8.678276909858788
30.40618595964357,15.959487170185021,9.412818722863635
26.02410481843773,15.959487170185021,10.350192422539983
17.012970942004948,15.959487170185021,6.844715508381554
26.02410481843773,15.959487170185021,9.710058790661853
26.02410481843773,15.959487170185021,10.373583136548785
9.638012472041424,15.959487170185021,3.769009165243928
26.13509202552479,15.959487170185021,9.843149619443675
29.407142673605993,15.959487170185021,9.663543325964268
26.13509202552479,15.959487170185021,10.6017322326607
