21.512747365680653,13.203348498666985,9.774086783538362
21.512747365680653,13.203348498666985,9.774086783538362
21.554040832425695,6.776261489669848,9.720225328108599
31.278914819741075,17.9361030277828,9.538643849477477
19.22877612038886,12.547040708211515,9.193369933794882
20.818926859851107,12.547040708211515,9.953628616242856
21.512747365680653,12.547040708211515,9.714652477789942
21.512747365680653,13.203348498666985,9.774086783538362
19.22877612038886,12.547040708211515,9.193369933794882
21.512747365680653,12.547040708211515,9.714652477789942
23.693067528060705,17.36729959059247,8.183769643123954
25.26233974662022,13.203348498666985,8.522326003204833
21.512747365680653,12.547040708211515,9.714652477789942
21.512747365680653,13.203348498666985,9.774086783538362
23.693067528060705,17.36729959059247,8.183769643123954
21.512747365680653,13.203348498666985,9.774086783538362
23.693067528060705,17.36729959059247,8.183769643123954
22.004807438976336,16.779172764510335,9.55928558299973
22.004807438976336,16.779172764510335,9.55928558299973
21.512747365680653,12.547040708211515,9.714652477789942
23.693067528060705,17.36729959059247,8.183769643123954
21.512747365680653,13.203348498666985,9.774086783538362
20.818926859851107,12.547040708211515,9.953628616242856
25.26233974662022,13.203348498666985,8.522326003204833
31.278914819741075,17.9361030277828,9.538643849477477
20.818926859851107,12.547040708211515,9.953628616242856
22.004807438976336,16.779172764510335,9.55928558299973
20.818926859851107,12.547040708211515,9.953628616242856
36.08230632866267,24.462296440907426,9.774086783538362
20.818926859851107,12.547040708211515,9.953628616242856
21.554040832425695,6.776261489669848,9.720225328108599
21.512747365680653,12.547040708211515,9.714652477789942
21.81757909938357,13.203348498666985,9.912583822942166
36.08230632866267,24.462296440907426,9.774086783538362
15.179685480751049,15.685941005325148,5.80519210632068
20.818926859851107,12.547040708211515,9.953628616242856
22.480983266208995,0.20986167513296544,0.1
21.512747365680653,12.547040708211515,9.714652477789942
21.512747365680653,10.452244712530193,9.714652477789942
17.010313266546287,1.9132747762704398,8.647219468739674
15.179685480751049,15.685941005325148,5.80519210632068
22.480983266208995,14.982911539479606,9.000849231228633
21.554040832425695,6.776261489669848,9.720225328108599
25.26233974662022,13.203348498666985,8.522326003204833
23.693067528060705,17.36729959059247,8.183769643123954
21.512747365680653,3.9157333701681747,7.597989881110488
31.278914819741075,17.9361030277828,9.538643849477477
18.592540028524905,5.2907395869147145,8.447321798382657
22.480983266208995,14.982911539479606,9.000849231228633
19.22877612038886,12.547040708211515,9.193369933794882
21.512747365680653,14.540383081804954,8.875328341297903
31.278914819741075,17.9361030277828,9.538643849477477
37.81373577520165,12.547040708211515,9.714652477789942
21.512747365680653,14.540383081804954,8.875328341297903
19.22877612038886,12.547040708211515,9.193369933794882
21.512747365680653,10.452244712530193,9.714652477789942
4.578174455361175,10.876481268623097,8.134887481343574
21.512747365680653,12.547040708211515,9.714652477789942
17.010313266546287,1.9132747762704398,8.647219468739674
22.480983266208995,14.982911539479606,9.000849231228633
21.512747365680653,3.9157333701681747,7.597989881110488
21.512747365680653,13.203348498666985,9.774086783538362
21.512747365680653,13.203348498666985,9.774086783538362
25.26233974662022,13.203348498666985,8.522326003204833
21.512747365680653,14.540383081804954,8.875328341297903
21.512747365680653,12.547040708211515,9.714652477789942
37.81373577520165,12.547040708211515,9.714652477789942
19.22877612038886,12.547040708211515,9.193369933794882
22.480983266208995,14.982911539479606,9.000849231228633
25.26233974662022,13.203348498666985,8.522326003204833
27.908754674580376,13.203348498666985,7.319955672188973
21.512747365680653,13.203348498666985,9.774086783538362
21.512747365680653,13.203348498666985,9.774086783538362
21.512747365680653,3.9157333701681747,7.597989881110488
20.818926859851107,12.547040708211515,9.953628616242856
21.512747365680653,12.547040708211515,9.714652477789942
10.54485961210546,10.997074864605649,8.770068122198381
22.004807438976336,16.779172764510335,9.55928558299973
20.818926859851107,12.547040708211515,9.953628616242856
20.818926859851107,12.547040708211515,9.953628616242856
21.512747365680653,12.547040708211515,9.714652477789942
21.512747365680653,13.203348498666985,9.774086783538362
22.480983266208995,14.982911539479606,9.000849231228633
4.578174455361175,10.876481268623097,8.134887481343574
21.512747365680653,10.92979674875991,8.192765425952311
21.512747365680653,21.494625727424655,6.003857694280218
10.54485961210546,10.997074864605649,8.770068122198381
21.512747365680653,12.547040708211515,9.714652477789942
21.512747365680653,12.547040708211515,9.714652477789942
20.818926859851107,12.547040708211515,9.953628616242856
21.512747365680653,12.547040708211515,9.714652477789942
21.512747365680653,21.494625727424655,6.003857694280218
20.818926859851107,12.547040708211515,9.953628616242856
21.512747365680653,3.9157333701681747,7.597989881110488
22.480983266208995,14.982911539479606,9.000849231228633
20.818926859851107,12.547040708211515,9.953628616242856
21.512747365680653,13.203348498666985,9.774086783538362
26.738163947217643,16.779172764510335,9.55928558299973
21.512747365680653,4.1391207661966085,9.714652477789942
22.004807438976336,16.779172764510335,9.55928558299973
13.257189916989832,7.082112863870126,8.770690952859352
21.512747365680653,12.547040708211515,9.714652477789942
10.54485961210546,10.997074864605649,8.770068122198381
21.512747365680653,13.203348498666985,9.774086783538362
19.22877612038886,12.547040708211515,9.193369933794882
0.03951901257570967,16.98484415991491,7.972827576596468
21.512747365680653,18.20338944213961,9.714652477789942
21.512747365680653,12.547040708211515,9.714652477789942
22.480983266208995,14.982911539479606,9.000849231228633
13.257189916989832,7.082112863870126,8.770690952859352
21.512747365680653,13.203348498666985,9.774086783538362
21.512747365680653,14.540383081804954,8.875328341297903
25.26233974662022,13.203348498666985,8.522326003204833
20.818926859851107,13.203348498666985,9.458856854003889
21.512747365680653,13.203348498666985,9.774086783538362
26.738163947217643,16.779172764510335,9.55928558299973
21.512747365680653,12.547040708211515,9.714652477789942
21.512747365680653,13.203348498666985,9.774086783538362
20.818926859851107,13.203348498666985,9.458856854003889
21.512747365680653,12.547040708211515,9.714652477789942
21.512747365680653,12.547040708211515,9.714652477789942
20.818926859851107,13.203348498666985,9.458856854003889
21.512747365680653,12.547040708211515,9.714652477789942
31.278914819741075,17.9361030277828,9.538643849477477
21.512747365680653,13.203348498666985,9.774086783538362
21.81757909938357,13.203348498666985,9.912583822942166
21.512747365680653,12.547040708211515,9.714652477789942
19.22877612038886,12.547040708211515,9.193369933794882
21.512747365680653,20.1171177373387,6.414968373911013
21.512747365680653,13.203348498666985,9.774086783538362
23.693067528060705,17.36729959059247,8.183769643123954
21.512747365680653,13.203348498666985,9.774086783538362
21.512747365680653,12.547040708211515,9.714652477789942
21.512747365680653,10.92979674875991,8.192765425952311
27.908754674580376,13.203348498666985,7.319955672188973
21.512747365680653,13.203348498666985,9.774086783538362
34.50541998423573,12.547040708211515,3.5027934877416094
41.374295608307975,21.75340296274181,8.590468587923382
20.818926859851107,8.325285424949143,4.99888267276061
20.818926859851107,13.203348498666985,9.458856854003889
13.257189916989832,7.082112863870126,8.770690952859352
22.480983266208995,0.20986167513296544,0.1
15.179685480751049,15.685941005325148,5.80519210632068
19.22877612038886,12.547040708211515,9.193369933794882
20.818926859851107,12.547040708211515,9.953628616242856
20.818926859851107,12.547040708211515,9.953628616242856
