21.512747365680653,40.20860569110769,3.209528702653128
21.512747365680653,40.20860569110769,3.209528702653128
21.554040832425695,6.776261489669848,9.720225328108599
31.278914819741075,17.9361030277828,8.574056003584252
34.86456419076778,27.656044815456237,7.253111390411527
20.818926859851107,12.547040708211515,9.953628616242856
21.512747365680653,12.547040708211515,9.714652477789942
21.512747365680653,40.20860569110769,3.209528702653128
34.86456419076778,27.656044815456237,7.253111390411527
21.512747365680653,12.547040708211515,9.714652477789942
23.693067528060705,17.36729959059247,8.183769643123954
25.26233974662022,13.203348498666985,8.522326003204833
21.512747365680653,12.547040708211515,9.714652477789942
21.512747365680653,40.20860569110769,3.209528702653128
23.693067528060705,17.36729959059247,8.183769643123954
21.512747365680653,40.20860569110769,3.209528702653128
23.693067528060705,17.36729959059247,8.183769643123954
26.738163947217643,16.779172764510335,9.55928558299973
3.879202077932896,4.800678226345446,6.908481302602903
26.738163947217643,16.779172764510335,9.55928558299973
21.512747365680653,12.547040708211515,9.714652477789942
23.693067528060705,17.36729959059247,8.183769643123954
21.512747365680653,40.20860569110769,3.209528702653128
20.818926859851107,12.547040708211515,9.953628616242856
3.879202077932896,4.800678226345446,6.908481302602903
25.26233974662022,13.203348498666985,8.522326003204833
31.278914819741075,17.9361030277828,8.574056003584252
20.818926859851107,12.547040708211515,9.953628616242856
26.738163947217643,16.779172764510335,9.55928558299973
20.818926859851107,12.547040708211515,9.953628616242856
36.08230632866267,24.462296440907426,9.774086783538362
20.818926859851107,12.547040708211515,9.953628616242856
21.554040832425695,6.776261489669848,9.720225328108599
21.512747365680653,12.547040708211515,9.714652477789942
22.968725663716263,13.203348498666985,9.774086783538362
36.08230632866267,24.462296440907426,9.774086783538362
16.800382767305024,15.685941005325148,9.714652477789942
20.818926859851107,12.547040708211515,9.953628616242856
3.879202077932896,4.800678226345446,6.908481302602903
22.480983266208995,0.20986167513296544,9.786005585983961
21.512747365680653,12.547040708211515,9.714652477789942
21.512747365680653,10.452244712530193,9.714652477789942
17.010313266546287,1.393561626536055,8.647219468739674
16.800382767305024,15.685941005325148,9.714652477789942
22.480983266208995,14.982911539479606,9.000849231228633
21.554040832425695,6.776261489669848,9.720225328108599
25.26233974662022,13.203348498666985,8.522326003204833
23.693067528060705,17.36729959059247,8.183769643123954
21.512747365680653,3.9157333701681747,7.597989881110488
31.278914819741075,17.9361030277828,8.574056003584252
18.592540028524905,5.2907395869147145,8.447321798382657
3.879202077932896,4.800678226345446,6.908481302602903
22.480983266208995,14.982911539479606,9.000849231228633
34.86456419076778,27.656044815456237,7.253111390411527
21.512747365680653,14.540383081804954,8.875328341297903
31.278914819741075,17.9361030277828,8.574056003584252
37.81373577520165,12.547040708211515,9.714652477789942
21.512747365680653,14.540383081804954,8.875328341297903
34.86456419076778,27.656044815456237,7.253111390411527
21.512747365680653,10.452244712530193,9.714652477789942
29.154809017717284,4.992267811297104,0.1
3.879202077932896,4.800678226345446,6.908481302602903
4.578174455361175,10.876481268623097,8.134887481343574
21.512747365680653,12.547040708211515,9.714652477789942
17.010313266546287,1.393561626536055,8.647219468739674
22.480983266208995,14.982911539479606,9.000849231228633
21.512747365680653,3.9157333701681747,7.597989881110488
21.512747365680653,40.20860569110769,3.209528702653128
21.512747365680653,13.203348498666985,9.774086783538362
25.26233974662022,13.203348498666985,8.522326003204833
21.512747365680653,14.540383081804954,8.875328341297903
21.512747365680653,12.547040708211515,9.714652477789942
37.81373577520165,12.547040708211515,9.714652477789942
14.31074352627948,22.03208648821585,3.8964667166341043
34.86456419076778,27.656044815456237,7.253111390411527
22.480983266208995,14.982911539479606,9.000849231228633
25.26233974662022,13.203348498666985,8.522326003204833
27.908754674580376,13.203348498666985,7.319955672188973
21.512747365680653,13.203348498666985,9.774086783538362
21.512747365680653,40.20860569110769,3.209528702653128
21.512747365680653,3.9157333701681747,7.597989881110488
20.818926859851107,12.547040708211515,9.953628616242856
3.879202077932896,4.800678226345446,6.908481302602903
21.512747365680653,12.547040708211515,9.714652477789942
25.487981116728882,12.547040708211515,7.814074187321271
14.31074352627948,22.03208648821585,3.8964667166341043
23.488432150617225,12.547040708211515,8.770068122198381
26.738163947217643,16.779172764510335,9.55928558299973
20.818926859851107,12.547040708211515,9.953628616242856
20.818926859851107,12.547040708211515,9.953628616242856
13.98338910210278,12.659493594824514,6.626138500147428
21.512747365680653,12.547040708211515,9.714652477789942
21.512747365680653,40.20860569110769,3.209528702653128
22.480983266208995,14.982911539479606,9.000849231228633
4.578174455361175,10.876481268623097,8.134887481343574
21.512747365680653,10.92979674875991,9.714652477789942
21.512747365680653,21.494625727424655,6.003857694280218
23.488432150617225,12.547040708211515,8.770068122198381
21.512747365680653,12.547040708211515,9.714652477789942
21.512747365680653,12.547040708211515,9.714652477789942
20.818926859851107,12.547040708211515,9.953628616242856
3.879202077932896,4.800678226345446,6.908481302602903
21.512747365680653,12.547040708211515,9.714652477789942
21.512747365680653,21.494625727424655,6.003857694280218
20.818926859851107,12.547040708211515,9.953628616242856
21.512747365680653,3.9157333701681747,7.597989881110488
22.480983266208995,14.982911539479606,9.000849231228633
20.818926859851107,12.547040708211515,9.953628616242856
35.7971397902904,12.547040708211515,2.885216063493651
26.738163947217643,16.779172764510335,9.55928558299973
21.512747365680653,12.547040708211515,9.714652477789942
26.738163947217643,16.779172764510335,9.55928558299973
13.257189916989832,7.082112863870126,8.770690952859352
21.512747365680653,24.462296440907426,5.275493017224058
21.512747365680653,12.547040708211515,9.714652477789942
23.488432150617225,12.547040708211515,8.770068122198381
21.512747365680653,13.203348498666985,9.774086783538362
34.86456419076778,27.656044815456237,7.253111390411527
22.574052891523927,16.98484415991491,7.972827576596468
29.154809017717284,4.992267811297104,0.1
11.838649183992061,16.98484415991491,4.181238926715888
39.545016952013185,12.547040708211515,1.0933380470033356
21.512747365680653,12.547040708211515,9.714652477789942
21.512747365680653,12.547040708211515,9.714652477789942
22.480983266208995,14.982911539479606,9.000849231228633
13.257189916989832,7.082112863870126,8.770690952859352
20.818926859851107,16.779172764510335,7.443071550378828
21.512747365680653,13.203348498666985,9.774086783538362
21.512747365680653,14.540383081804954,8.875328341297903
25.26233974662022,13.203348498666985,8.522326003204833
21.512747365680653,13.203348498666985,9.774086783538362
21.512747365680653,40.20860569110769,3.209528702653128
14.31074352627948,22.03208648821585,3.8964667166341043
26.738163947217643,16.779172764510335,9.55928558299973
26.315314273136632,12.547040708211515,7.4185222438314415
21.512747365680653,24.462296440907426,5.275493017224058
21.512747365680653,12.547040708211515,9.714652477789942
11.838649183992061,13.203348498666985,5.378763695649569
42.23268109778503,12.547040708211515,0.1
35.7971397902904,12.547040708211515,2.885216063493651
14.335361687542086,17.825933157170635,4.824149758265759
19.22877612038886,15.74993848418982,7.3238118942980615
19.22877612038886,12.547040708211515,9.193369933794882
12.929947104875248,4.897904243946334,4.163804367723305
21.512747365680653,12.547040708211515,9.714652477789942
