39.487590849495184,15.394188385519067,4.612493784608747
18.097062199078238,10.6324160039611,9.789652603715584
21.512747365680653,11.720611635542792,8.989424948786334
27.48310256831537,10.212150531013322,3.8559330103140574
36.4427916320622,11.17978873067964,0.44569244971358657
39.82980321993068,13.256805487166778,1.9767263429897817
26.75504547591941,17.109934353010914,9.38040847553741
34.16298268185518,17.9361030277828,8.574056003584252
41.511186334593525,12.366907070641961,0.1
20.991187529318058,8.690095930604183,5.509717983171214
43.0140981152447,16.981703982366287,4.805236131604385
36.10929014366437,16.47350521905196,6.850860487918888
24.960514349099583,12.51378503180367,8.034544377567718
27.417180649790588,13.478104575594253,7.797231506973983
21.658627821623178,8.846287892812597,5.312960266763865
35.44029748073237,9.44646443908496,0.1
35.64428469998247,10.486590911883956,0.1
36.61804662865072,9.939745054512576,0.1
32.703531541423786,9.57796088224729,0.1
35.52926858937512,9.749567472733977,0.1
26.107865950273208,9.931852609070305,4.230950791184341
24.951366936571382,9.565853877404532,4.3528588368060355
21.554040832425695,11.246953433399579,8.503696927070136
21.572973775827585,7.017096023449542,1.557618731388665
44.89077117446538,13.561931842767462,0.14362761772574473
28.154814765810166,9.331069345701614,1.8997048124234084
