26.738163947217643,13.203348498666985,8.362455305321529
21.512747365680653,13.203348498666985,9.774086783538362
21.512747365680653,12.547040708211515,9.019593239445523
21.512747365680653,13.203348498666985,9.07745254789086
17.40344198202712,12.547040708211515,8.383646820318972
21.512747365680653,12.547040708211515,9.714652477789942
10.622960802942043,16.98484415991491,9.309108315320504
21.945665956981784,18.20338944213961,7.232041407843178
21.512747365680653,12.547040708211515,8.441415802330097
20.818926859851107,15.621726403913918,8.681667667020864
21.512747365680653,21.75340296274181,8.653553814879693
21.512747365680653,13.203348498666985,9.07745254789086
21.512747365680653,13.203348498666985,9.07745254789086
20.818926859851107,12.547040708211515,9.052009173015819
4.31116292232899,13.203348498666985,8.53297521906099
17.010313266546287,2.16655754926856,8.647219468739674
21.512747365680653,27.697432681453957,7.520949376030139
20.818926859851107,12.547040708211515,9.953628616242856
23.693067528060705,17.36729959059247,8.183769643123954
26.738163947217643,13.203348498666985,8.362455305321529
19.22877612038886,12.547040708211515,9.182753903081405
20.818926859851107,13.203348498666985,9.109868481461156
20.818926859851107,13.203348498666985,8.399724423185072
8.683519903502656,9.422511454870673,6.905808438741058
21.512747365680653,9.00307997148985,8.256177378172712
25.39910237143903,12.547040708211515,7.856567541010836
20.818926859851107,12.547040708211515,8.681667667020864
19.22877612038886,12.547040708211515,9.05391978528008
22.004807438976336,16.779172764510335,9.55928558299973
21.512747365680653,12.547040708211515,9.714652477789942
22.480983266208995,12.997744292806873,9.62443599645791
21.512747365680653,12.547040708211515,9.714652477789942
20.818926859851107,12.319562776092683,9.953628616242856
21.512747365680653,13.203348498666985,9.774086783538362
26.738163947217643,12.056758842433258,6.6965155064779776
26.738163947217643,16.779172764510335,9.55928558299973
19.22877612038886,13.203348498666985,9.111779093725417
21.512747365680653,12.547040708211515,9.019593239445523
25.26233974662022,13.203348498666985,8.522326003204833
0.03951901257570967,16.98484415991491,7.972827576596468
20.818926859851107,12.547040708211515,9.953628616242856
21.512747365680653,13.203348498666985,9.07745254789086
26.738163947217643,16.779172764510335,9.55928558299973
20.818926859851107,12.547040708211515,9.052009173015819
21.512747365680653,13.203348498666985,9.774086783538362
21.512747365680653,13.203348498666985,9.07745254789086
20.818926859851107,13.203348498666985,9.109868481461156
25.39910237143903,12.547040708211515,7.856567541010836
20.818926859851107,16.779172764510335,8.367984929827557
21.512747365680653,12.547040708211515,9.714652477789942
26.738163947217643,16.779172764510335,8.449707232072388
21.512747365680653,27.697432681453957,7.520949376030139
19.22877612038886,12.547040708211515,9.05391978528008
21.512747365680653,13.203348498666985,9.07745254789086
21.512747365680653,12.547040708211515,9.714652477789942
18.592540028524905,5.2907395869147145,8.447321798382657
0.5883016551108362,13.203348498666985,9.495897437563105
8.683519903502656,9.422511454870673,6.905808438741058
21.512747365680653,13.203348498666985,9.774086783538362
21.554040832425695,6.776261489669848,9.720225328108599
3.022424258692886,10.997074864605649,8.770068122198381
21.512747365680653,12.547040708211515,9.714652477789942
20.818926859851107,21.75340296274181,8.685969748449988
21.81757909938357,13.203348498666985,9.912583822942166
31.278914819741075,34.6778590716431,5.410828890516358
26.738163947217643,13.203348498666985,8.362455305321529
19.22877612038886,12.547040708211515,9.193369933794882
17.010313266546287,2.16655754926856,8.647219468739674
26.738163947217643,13.203348498666985,8.362455305321529
21.512747365680653,14.540383081804954,8.875328341297903
21.512747365680653,13.203348498666985,9.774086783538362
21.512747365680653,13.203348498666985,9.07745254789086
21.512747365680653,12.547040708211515,8.441415802330097
19.22877612038886,12.547040708211515,9.193369933794882
26.738163947217643,16.779172764510335,9.55928558299973
20.818926859851107,15.621726403913918,8.681667667020864
19.22877612038886,12.547040708211515,9.193369933794882
20.818926859851107,12.547040708211515,9.953628616242856
21.512747365680653,12.547040708211515,8.06216825876443
21.512747365680653,12.547040708211515,9.714652477789942
21.512747365680653,13.203348498666985,9.07745254789086
21.512747365680653,12.547040708211515,9.019593239445523
20.818926859851107,13.203348498666985,9.109868481461156
25.39910237143903,12.547040708211515,7.856567541010836
20.818926859851107,12.547040708211515,9.052009173015819
5.301277138483766,12.547040708211515,2.534565983321939
21.512747365680653,27.697432681453957,7.520949376030139
19.22877612038886,12.547040708211515,9.05391978528008
7.065316148147469,13.203348498666985,3.2100508601377054
20.818926859851107,12.547040708211515,9.953628616242856
21.512747365680653,13.203348498666985,9.07745254789086
21.512747365680653,12.547040708211515,9.714652477789942
8.683519903502656,9.422511454870673,6.905808438741058
26.738163947217643,16.779172764510335,8.449707232072388
21.512747365680653,21.75340296274181,8.761152707572164
4.578174455361175,14.523402898083871,8.134887481343574
0.5883016551108362,13.203348498666985,9.495897437563105
21.512747365680653,4.1391207661966085,0.1
20.818926859851107,21.75340296274181,8.685969748449988
21.512747365680653,13.203348498666985,9.07745254789086
26.738163947217643,13.203348498666985,8.362455305321529
19.22877612038886,12.547040708211515,9.193369933794882
20.818926859851107,12.547040708211515,9.052009173015819
21.512747365680653,13.203348498666985,9.07745254789086
23.96622334888272,12.547040708211515,8.541633862562463
21.512747365680653,13.203348498666985,9.07745254789086
21.512747365680653,13.203348498666985,9.774086783538362
27.908754674580376,13.203348498666985,7.319955672188973
20.818926859851107,13.203348498666985,9.109868481461156
21.512747365680653,12.643817376050439,8.361094652574025
19.22877612038886,13.203348498666985,9.111779093725417
19.22877612038886,12.547040708211515,9.05391978528008
21.512747365680653,13.203348498666985,9.07745254789086
26.738163947217643,16.779172764510335,9.55928558299973
20.818926859851107,15.621726403913918,8.681667667020864
11.838649183992061,12.547040708211515,5.660114860324086
26.738163947217643,16.779172764510335,8.449707232072388
26.580303963926085,3.098535898217648,6.759119930156397
12.309649221237867,21.278577365849213,8.067731915236514
21.512747365680653,13.203348498666985,9.774086783538362
21.512747365680653,13.203348498666985,9.07745254789086
20.818926859851107,12.547040708211515,9.953628616242856
20.818926859851107,12.547040708211515,9.052009173015819
21.512747365680653,12.547040708211515,9.019593239445523
20.818926859851107,13.203348498666985,9.109868481461156
25.39910237143903,12.547040708211515,7.856567541010836
21.512747365680653,27.697432681453957,7.520949376030139
21.512747365680653,13.203348498666985,9.07745254789086
13.257189916989832,7.082112863870126,8.770690952859352
36.08230632866267,24.462296440907426,8.84833312298681
21.512747365680653,12.547040708211515,9.714652477789942
0.5883016551108362,13.203348498666985,9.495897437563105
8.683519903502656,9.422511454870673,6.905808438741058
21.512747365680653,13.203348498666985,9.774086783538362
22.480983266208995,12.997744292806873,9.62443599645791
4.31116292232899,13.203348498666985,8.53297521906099
20.818926859851107,21.75340296274181,8.685969748449988
26.738163947217643,13.203348498666985,8.362455305321529
19.22877612038886,12.547040708211515,9.193369933794882
21.512747365680653,13.203348498666985,9.07745254789086
26.738163947217643,13.203348498666985,8.362455305321529
17.010313266546287,2.16655754926856,8.647219468739674
21.512747365680653,13.203348498666985,9.774086783538362
19.22877612038886,12.547040708211515,9.193369933794882
26.315314273136632,13.203348498666985,8.043918283907889
21.512747365680653,13.203348498666985,9.07745254789086
19.22877612038886,13.203348498666985,9.111779093725417
21.512747365680653,12.547040708211515,9.714652477789942
21.512747365680653,13.203348498666985,9.07745254789086
21.512747365680653,12.547040708211515,9.714652477789942
20.818926859851107,12.547040708211515,9.953628616242856
25.26233974662022,13.203348498666985,8.522326003204833
37.81373577520165,12.547040708211515,9.714652477789942
21.512747365680653,10.452244712530193,9.714652477789942
20.818926859851107,13.203348498666985,9.109868481461156
21.512747365680653,12.547040708211515,9.019593239445523
25.39910237143903,12.547040708211515,7.856567541010836
32.1341368426263,15.596926885052671,8.646838943628415
20.818926859851107,12.547040708211515,9.052009173015819
21.512747365680653,13.203348498666985,9.774086783538362
21.512747365680653,27.697432681453957,7.520949376030139
19.22877612038886,12.547040708211515,9.05391978528008
21.512747365680653,13.203348498666985,9.07745254789086
21.512747365680653,12.547040708211515,9.714652477789942
0.5883016551108362,13.203348498666985,9.495897437563105
20.818926859851107,13.203348498666985,8.399724423185072
8.683519903502656,9.422511454870673,6.905808438741058
20.818926859851107,21.75340296274181,8.685969748449988
26.738163947217643,13.203348498666985,8.362455305321529
26.738163947217643,13.203348498666985,8.362455305321529
19.22877612038886,12.547040708211515,9.193369933794882
20.818926859851107,16.779172764510335,8.367984929827557
21.512747365680653,13.203348498666985,9.07745254789086
42.43235267140218,12.547040708211515,9.252311571517222
21.512747365680653,13.203348498666985,9.774086783538362
26.738163947217643,16.779172764510335,8.449707232072388
19.22877612038886,13.203348498666985,9.111779093725417
3.6839980021057457,13.203348498666985,8.59359107022519
21.512747365680653,13.203348498666985,8.457493405196196
21.945665956981784,18.20338944213961,7.232041407843178
19.22877612038886,12.547040708211515,9.193369933794882
21.512747365680653,13.203348498666985,9.07745254789086
20.818926859851107,12.319562776092683,9.953628616242856
26.738163947217643,16.779172764510335,9.55928558299973
21.512747365680653,12.547040708211515,8.441415802330097
21.512747365680653,7.136245610264355,1.9161669724969705
21.512747365680653,27.697432681453957,7.520949376030139
21.512747365680653,12.547040708211515,9.019593239445523
21.512747365680653,12.547040708211515,8.441415802330097
0.03951901257570967,16.98484415991491,7.972827576596468
20.818926859851107,12.547040708211515,9.052009173015819
25.39910237143903,12.547040708211515,7.856567541010836
21.512747365680653,13.203348498666985,9.774086783538362
20.818926859851107,12.319562776092683,9.953628616242856
20.818926859851107,12.547040708211515,9.953628616242856
21.512747365680653,13.203348498666985,9.07745254789086
19.22877612038886,12.547040708211515,9.05391978528008
20.818926859851107,13.203348498666985,9.109868481461156
21.512747365680653,13.203348498666985,9.07745254789086
20.818926859851107,21.75340296274181,8.685969748449988
21.512747365680653,12.547040708211515,9.714652477789942
0.5883016551108362,13.203348498666985,9.495897437563105
8.683519903502656,9.422511454870673,6.905808438741058
26.738163947217643,13.203348498666985,8.362455305321529
19.22877612038886,12.547040708211515,9.193369933794882
21.512747365680653,13.203348498666985,9.07745254789086
37.81373577520165,12.547040708211515,9.714652477789942
21.512747365680653,13.203348498666985,9.07745254789086
26.738163947217643,13.203348498666985,8.362455305321529
21.512747365680653,13.203348498666985,9.774086783538362
25.26233974662022,13.203348498666985,8.522326003204833
26.738163947217643,16.779172764510335,9.55928558299973
26.738163947217643,16.779172764510335,8.449707232072388
19.22877612038886,12.547040708211515,9.193369933794882
19.22877612038886,13.203348498666985,9.111779093725417
21.512747365680653,12.547040708211515,9.714652477789942
21.512747365680653,21.75340296274181,8.653553814879693
20.818926859851107,12.547040708211515,8.681667667020864
20.818926859851107,12.547040708211515,9.052009173015819
21.512747365680653,13.203348498666985,9.774086783538362
21.512747365680653,13.203348498666985,8.457493405196196
22.004807438976336,16.779172764510335,9.55928558299973
21.512747365680653,13.203348498666985,9.07745254789086
20.818926859851107,13.203348498666985,9.458856854003889
17.010313266546287,2.16655754926856,8.647219468739674
23.96622334888272,12.547040708211515,8.541633862562463
19.22877612038886,30.39410623563989,3.7951300791899634
20.818926859851107,12.547040708211515,9.953628616242856
25.39910237143903,12.547040708211515,7.856567541010836
23.693067528060705,17.36729959059247,8.183769643123954
19.22877612038886,12.547040708211515,9.05391978528008
21.512747365680653,13.203348498666985,9.07745254789086
21.512747365680653,12.547040708211515,9.019593239445523
21.512747365680653,12.547040708211515,9.714652477789942
21.512747365680653,21.75340296274181,8.653553814879693
20.818926859851107,13.203348498666985,9.109868481461156
20.818926859851107,12.547040708211515,9.052009173015819
21.512747365680653,27.697432681453957,7.520949376030139
0.5883016551108362,13.203348498666985,9.495897437563105
21.512747365680653,13.203348498666985,9.07745254789086
21.512747365680653,13.203348498666985,9.774086783538362
18.592540028524905,5.2907395869147145,8.447321798382657
21.512747365680653,13.203348498666985,9.774086783538362
8.683519903502656,9.422511454870673,6.905808438741058
20.818926859851107,21.75340296274181,8.685969748449988
26.738163947217643,13.203348498666985,8.362455305321529
19.22877612038886,12.547040708211515,9.193369933794882
21.81757909938357,13.203348498666985,9.912583822942166
21.512747365680653,13.203348498666985,9.07745254789086
5.301277138483766,12.547040708211515,2.534565983321939
26.738163947217643,13.203348498666985,8.362455305321529
21.512747365680653,13.203348498666985,9.774086783538362
26.738163947217643,16.779172764510335,9.55928558299973
26.738163947217643,16.779172764510335,8.449707232072388
19.22877612038886,12.547040708211515,9.193369933794882
21.512747365680653,13.203348498666985,9.07745254789086
19.22877612038886,13.203348498666985,9.111779093725417
21.512747365680653,12.547040708211515,9.714652477789942
21.512747365680653,12.547040708211515,8.441415802330097
21.512747365680653,13.203348498666985,9.07745254789086
17.40344198202712,12.547040708211515,8.383646820318972
20.818926859851107,15.621726403913918,8.681667667020864
26.738163947217643,12.056758842433258,6.6965155064779776
21.512747365680653,13.203348498666985,9.774086783538362
23.693067528060705,17.36729959059247,8.183769643123954
20.818926859851107,12.547040708211515,9.052009173015819
21.512747365680653,13.203348498666985,9.07745254789086
18.592540028524905,5.2907395869147145,8.447321798382657
8.683519903502656,9.422511454870673,6.905808438741058
23.96622334888272,12.547040708211515,8.541633862562463
15.81187751004933,12.547040708211515,8.75714036953922
21.512747365680653,13.203348498666985,9.07745254789086
20.818926859851107,12.547040708211515,9.953628616242856
21.512747365680653,12.547040708211515,9.019593239445523
21.512747365680653,12.547040708211515,9.019593239445523
20.818926859851107,13.203348498666985,9.109868481461156
21.512747365680653,13.203348498666985,9.774086783538362
17.010313266546287,2.16655754926856,8.647219468739674
25.39910237143903,12.547040708211515,7.856567541010836
21.512747365680653,27.697432681453957,7.520949376030139
19.22877612038886,12.547040708211515,9.05391978528008
21.512747365680653,12.547040708211515,9.714652477789942
0.5883016551108362,13.203348498666985,9.495897437563105
26.580303963926085,3.098535898217648,6.759119930156397
20.818926859851107,21.75340296274181,8.685969748449988
26.738163947217643,13.203348498666985,8.362455305321529
19.22877612038886,12.547040708211515,9.193369933794882
26.738163947217643,13.203348498666985,8.362455305321529
21.512747365680653,13.203348498666985,9.774086783538362
26.738163947217643,16.779172764510335,8.449707232072388
19.22877612038886,12.547040708211515,9.193369933794882
21.512747365680653,13.203348498666985,9.07745254789086
21.512747365680653,12.547040708211515,9.714652477789942
4.578174455361175,14.523402898083871,8.134887481343574
19.22877612038886,13.203348498666985,9.111779093725417
26.738163947217643,16.779172764510335,9.55928558299973
21.512747365680653,13.203348498666985,9.774086783538362
20.818926859851107,12.547040708211515,9.953628616242856
3.022424258692886,10.997074864605649,8.770068122198381
0.5883016551108362,13.203348498666985,9.495897437563105
21.512747365680653,13.203348498666985,9.774086783538362
23.96622334888272,12.547040708211515,8.541633862562463
21.512747365680653,12.547040708211515,9.019593239445523
21.512747365680653,13.203348498666985,9.07745254789086
20.818926859851107,13.203348498666985,9.109868481461156
20.818926859851107,21.75340296274181,8.685969748449988
13.257189916989832,7.082112863870126,8.770690952859352
20.818926859851107,12.547040708211515,9.052009173015819
26.738163947217643,13.203348498666985,8.362455305321529
25.39910237143903,12.547040708211515,7.856567541010836
21.512747365680653,12.547040708211515,9.714652477789942
20.818926859851107,15.621726403913918,8.681667667020864
21.512747365680653,21.75340296274181,8.653553814879693
21.512747365680653,12.547040708211515,9.019593239445523
21.512747365680653,27.697432681453957,7.520949376030139
19.22877612038886,12.547040708211515,9.05391978528008
8.683519903502656,9.422511454870673,6.905808438741058
21.512747365680653,13.203348498666985,9.07745254789086
21.512747365680653,12.547040708211515,9.714652477789942
26.738163947217643,13.203348498666985,8.362455305321529
5.301277138483766,12.547040708211515,2.534565983321939
19.22877612038886,12.547040708211515,9.193369933794882
21.512747365680653,12.547040708211515,8.441415802330097
21.512747365680653,13.203348498666985,9.07745254789086
21.512747365680653,13.203348498666985,9.774086783538362
26.738163947217643,16.779172764510335,8.449707232072388
19.22877612038886,12.547040708211515,9.193369933794882
21.512747365680653,13.203348498666985,9.07745254789086
19.22877612038886,13.203348498666985,9.111779093725417
26.738163947217643,16.779172764510335,9.55928558299973
19.22877612038886,30.39410623563989,3.7951300791899634
20.818926859851107,12.547040708211515,8.681667667020864
20.818926859851107,12.547040708211515,9.052009173015819
20.818926859851107,13.203348498666985,9.109868481461156
21.512747365680653,12.547040708211515,9.714652477789942
20.818926859851107,15.621726403913918,8.681667667020864
21.512747365680653,13.203348498666985,9.07745254789086
21.512747365680653,13.203348498666985,9.07745254789086
21.512747365680653,12.547040708211515,9.019593239445523
21.512747365680653,12.547040708211515,9.019593239445523
21.512747365680653,13.203348498666985,9.07745254789086
20.818926859851107,12.547040708211515,9.953628616242856
20.818926859851107,12.547040708211515,9.052009173015819
26.738163947217643,16.779172764510335,9.55928558299973
21.512747365680653,13.203348498666985,9.774086783538362
36.08230632866267,24.462296440907426,8.84833312298681
21.512747365680653,12.547040708211515,9.714652477789942
32.1341368426263,15.596926885052671,8.646838943628415
5.301277138483766,12.547040708211515,2.534565983321939
25.39910237143903,12.547040708211515,7.856567541010836
21.512747365680653,12.547040708211515,9.714652477789942
21.512747365680653,27.697432681453957,7.520949376030139
21.512747365680653,9.00307997148985,8.256177378172712
21.945665956981784,18.20338944213961,7.232041407843178
19.22877612038886,12.547040708211515,9.05391978528008
37.81373577520165,12.547040708211515,9.714652477789942
19.22877612038886,13.203348498666985,9.111779093725417
21.512747365680653,12.547040708211515,9.714652477789942
0.5883016551108362,13.203348498666985,9.495897437563105
8.683519903502656,9.422511454870673,6.905808438741058
20.818926859851107,21.75340296274181,8.685969748449988
26.738163947217643,13.203348498666985,8.362455305321529
19.22877612038886,12.547040708211515,9.193369933794882
20.818926859851107,12.547040708211515,8.681667667020864
21.512747365680653,13.203348498666985,9.07745254789086
21.512747365680653,13.203348498666985,9.774086783538362
26.738163947217643,13.203348498666985,8.362455305321529
21.512747365680653,13.203348498666985,9.774086783538362
26.738163947217643,16.779172764510335,8.449707232072388
19.22877612038886,12.547040708211515,9.193369933794882
21.81757909938357,13.203348498666985,9.912583822942166
21.512747365680653,13.203348498666985,9.774086783538362
20.818926859851107,12.547040708211515,9.953628616242856
21.512747365680653,13.203348498666985,9.07745254789086
20.818926859851107,12.547040708211515,9.953628616242856
21.512747365680653,12.547040708211515,9.019593239445523
20.818926859851107,13.203348498666985,9.109868481461156
22.480983266208995,12.997744292806873,9.62443599645791
20.818926859851107,12.547040708211515,9.052009173015819
25.39910237143903,12.547040708211515,7.856567541010836
21.512747365680653,27.697432681453957,7.520949376030139
21.512747365680653,4.1391207661966085,0.1
21.512747365680653,10.452244712530193,9.714652477789942
21.512747365680653,13.203348498666985,9.07745254789086
21.512747365680653,12.547040708211515,9.714652477789942
26.738163947217643,16.779172764510335,9.55928558299973
19.22877612038886,12.547040708211515,9.05391978528008
21.512747365680653,13.203348498666985,9.07745254789086
10.622960802942043,16.98484415991491,9.309108315320504
21.512747365680653,12.547040708211515,9.714652477789942
0.5883016551108362,13.203348498666985,9.495897437563105
19.22877612038886,12.547040708211515,9.193369933794882
8.683519903502656,9.422511454870673,6.905808438741058
20.818926859851107,21.75340296274181,8.685969748449988
26.738163947217643,13.203348498666985,8.362455305321529
21.512747365680653,13.203348498666985,9.07745254789086
21.512747365680653,13.203348498666985,9.774086783538362
26.738163947217643,13.203348498666985,8.362455305321529
21.512747365680653,13.203348498666985,9.774086783538362
19.22877612038886,13.203348498666985,9.111779093725417
26.738163947217643,16.779172764510335,8.449707232072388
19.22877612038886,12.547040708211515,9.193369933794882
21.512747365680653,13.203348498666985,9.07745254789086
21.512747365680653,12.547040708211515,8.441415802330097
21.512747365680653,21.75340296274181,8.653553814879693
20.818926859851107,12.547040708211515,9.052009173015819
21.512747365680653,13.203348498666985,8.457493405196196
19.22877612038886,12.547040708211515,9.05391978528008
20.818926859851107,15.621726403913918,8.681667667020864
37.81373577520165,12.547040708211515,9.714652477789942
27.908754674580376,13.203348498666985,7.319955672188973
21.512747365680653,12.547040708211515,9.019593239445523
21.512747365680653,13.203348498666985,9.07745254789086
21.512747365680653,13.203348498666985,9.07745254789086
21.512747365680653,4.1391207661966085,0.1
20.818926859851107,12.547040708211515,9.953628616242856
26.580303963926085,3.098535898217648,6.759119930156397
42.43235267140218,12.547040708211515,9.252311571517222
20.818926859851107,13.203348498666985,9.109868481461156
20.818926859851107,12.547040708211515,9.052009173015819
25.39910237143903,12.547040708211515,7.856567541010836
21.512747365680653,27.697432681453957,7.520949376030139
19.22877612038886,13.203348498666985,9.111779093725417
21.512747365680653,13.203348498666985,9.07745254789086
21.512747365680653,13.203348498666985,8.457493405196196
21.512747365680653,12.547040708211515,9.714652477789942
0.5883016551108362,13.203348498666985,9.495897437563105
8.683519903502656,9.422511454870673,6.905808438741058
18.592540028524905,5.2907395869147145,8.447321798382657
20.818926859851107,21.75340296274181,8.685969748449988
26.738163947217643,13.203348498666985,8.362455305321529
19.22877612038886,12.547040708211515,9.193369933794882
21.512747365680653,13.203348498666985,9.07745254789086
21.512747365680653,13.203348498666985,9.774086783538362
26.738163947217643,13.203348498666985,8.362455305321529
21.512747365680653,13.203348498666985,9.774086783538362
26.738163947217643,16.779172764510335,8.449707232072388
19.22877612038886,12.547040708211515,9.193369933794882
21.512747365680653,13.203348498666985,9.07745254789086
21.512747365680653,12.547040708211515,9.714652477789942
26.738163947217643,16.779172764510335,9.55928558299973
21.512747365680653,12.547040708211515,8.441415802330097
21.512747365680653,21.75340296274181,8.653553814879693
20.818926859851107,12.547040708211515,9.052009173015819
26.738163947217643,16.779172764510335,9.55928558299973
21.512747365680653,13.203348498666985,9.07745254789086
3.6839980021057457,13.203348498666985,8.59359107022519
21.512747365680653,13.203348498666985,9.07745254789086
20.818926859851107,12.547040708211515,9.953628616242856
21.512747365680653,12.547040708211515,9.019593239445523
20.818926859851107,13.203348498666985,9.109868481461156
21.512747365680653,12.547040708211515,9.714652477789942
5.301277138483766,12.547040708211515,2.534565983321939
21.512747365680653,12.547040708211515,8.441415802330097
20.818926859851107,12.547040708211515,9.052009173015819
25.39910237143903,12.547040708211515,7.856567541010836
21.512747365680653,27.697432681453957,7.520949376030139
19.22877612038886,12.547040708211515,9.05391978528008
21.512747365680653,12.547040708211515,9.714652477789942
21.512747365680653,13.203348498666985,9.07745254789086
21.512747365680653,13.203348498666985,9.07745254789086
0.5883016551108362,13.203348498666985,9.495897437563105
8.683519903502656,9.422511454870673,6.905808438741058
20.818926859851107,12.547040708211515,9.953628616242856
20.818926859851107,21.75340296274181,8.685969748449988
26.738163947217643,13.203348498666985,8.362455305321529
0.03951901257570967,16.98484415991491,7.972827576596468
19.22877612038886,12.547040708211515,9.193369933794882
19.22877612038886,30.39410623563989,3.7951300791899634
21.512747365680653,13.203348498666985,9.07745254789086
21.512747365680653,13.203348498666985,9.774086783538362
26.738163947217643,13.203348498666985,8.362455305321529
21.512747365680653,12.547040708211515,9.714652477789942
21.512747365680653,13.203348498666985,9.774086783538362
26.738163947217643,16.779172764510335,8.449707232072388
19.22877612038886,12.547040708211515,9.193369933794882
19.22877612038886,13.203348498666985,9.111779093725417
21.512747365680653,12.547040708211515,9.714652477789942
21.512747365680653,21.75340296274181,8.653553814879693
20.818926859851107,12.547040708211515,9.052009173015819
21.512747365680653,13.203348498666985,8.457493405196196
21.512747365680653,12.643817376050439,8.361094652574025
21.512747365680653,12.547040708211515,8.441415802330097
19.22877612038886,12.547040708211515,9.182753903081405
20.818926859851107,13.203348498666985,9.109868481461156
21.512747365680653,13.203348498666985,9.07745254789086
4.578174455361175,14.523402898083871,8.134887481343574
20.818926859851107,12.547040708211515,9.953628616242856
21.512747365680653,12.547040708211515,9.019593239445523
21.512747365680653,12.547040708211515,9.714652477789942
20.818926859851107,16.779172764510335,8.367984929827557
20.818926859851107,12.547040708211515,9.052009173015819
20.818926859851107,13.203348498666985,9.109868481461156
25.39910237143903,12.547040708211515,7.856567541010836
19.22877612038886,12.547040708211515,9.193369933794882
21.512747365680653,27.697432681453957,7.520949376030139
19.22877612038886,12.547040708211515,9.05391978528008
21.512747365680653,13.203348498666985,9.07745254789086
3.022424258692886,10.997074864605649,8.770068122198381
26.315314273136632,13.203348498666985,8.043918283907889
21.512747365680653,12.547040708211515,9.714652477789942
21.512747365680653,10.452244712530193,9.714652477789942
26.738163947217643,12.056758842433258,6.6965155064779776
20.818926859851107,12.547040708211515,9.052009173015819
0.5883016551108362,13.203348498666985,9.495897437563105
20.818926859851107,21.75340296274181,8.685969748449988
36.08230632866267,24.462296440907426,8.84833312298681
8.683519903502656,9.422511454870673,6.905808438741058
26.738163947217643,13.203348498666985,8.362455305321529
21.512747365680653,13.203348498666985,9.07745254789086
21.512747365680653,13.203348498666985,9.774086783538362
26.738163947217643,13.203348498666985,8.362455305321529
21.512747365680653,13.203348498666985,9.774086783538362
26.738163947217643,16.779172764510335,8.449707232072388
19.22877612038886,12.547040708211515,9.193369933794882
21.512747365680653,13.203348498666985,9.07745254789086
19.22877612038886,13.203348498666985,9.111779093725417
21.512747365680653,12.547040708211515,9.714652477789942
19.22877612038886,12.547040708211515,9.193369933794882
20.818926859851107,13.203348498666985,9.458856854003889
21.512747365680653,13.203348498666985,9.07745254789086
21.512747365680653,4.1391207661966085,0.1
21.512747365680653,12.547040708211515,9.019593239445523
20.818926859851107,12.547040708211515,9.953628616242856
26.580303963926085,3.098535898217648,6.759119930156397
21.512747365680653,21.75340296274181,8.653553814879693
21.512747365680653,12.547040708211515,9.019593239445523
20.818926859851107,13.203348498666985,9.109868481461156
20.818926859851107,12.547040708211515,9.052009173015819
25.39910237143903,12.547040708211515,7.856567541010836
21.512747365680653,27.697432681453957,7.520949376030139
19.22877612038886,12.547040708211515,9.05391978528008
21.512747365680653,13.203348498666985,9.07745254789086
21.512747365680653,12.547040708211515,9.714652477789942
0.5883016551108362,13.203348498666985,9.495897437563105
21.512747365680653,12.547040708211515,9.714652477789942
7.065316148147469,13.203348498666985,3.2100508601377054
8.683519903502656,9.422511454870673,6.905808438741058
20.818926859851107,21.75340296274181,8.685969748449988
26.738163947217643,13.203348498666985,8.362455305321529
19.22877612038886,12.547040708211515,9.193369933794882
21.512747365680653,13.203348498666985,9.07745254789086
21.512747365680653,13.203348498666985,9.07745254789086
21.512747365680653,13.203348498666985,9.774086783538362
26.738163947217643,13.203348498666985,8.362455305321529
21.512747365680653,13.203348498666985,9.774086783538362
26.738163947217643,16.779172764510335,8.449707232072388
19.22877612038886,13.203348498666985,9.111779093725417
21.512747365680653,13.203348498666985,9.774086783538362
21.512747365680653,12.547040708211515,9.714652477789942
26.738163947217643,16.779172764510335,9.55928558299973
21.512747365680653,12.547040708211515,8.441415802330097
17.40344198202712,12.547040708211515,8.383646820318972
20.818926859851107,12.547040708211515,9.052009173015819
13.257189916989832,7.082112863870126,8.770690952859352
13.257189916989832,7.082112863870126,8.770690952859352
15.81187751004933,12.547040708211515,8.75714036953922
6.44716872959,12.547040708211515,9.714652477789942
20.818926859851107,13.203348498666985,9.458856854003889
21.512747365680653,7.136245610264355,1.9161669724969705
20.818926859851107,16.779172764510335,8.367984929827557
20.818926859851107,21.75340296274181,8.685969748449988
21.512747365680653,13.203348498666985,9.07745254789086
20.818926859851107,12.547040708211515,9.953628616242856
21.512747365680653,12.547040708211515,9.019593239445523
20.818926859851107,13.203348498666985,9.109868481461156
20.818926859851107,12.547040708211515,9.052009173015819
25.39910237143903,12.547040708211515,7.856567541010836
26.738163947217643,16.779172764510335,8.449707232072388
21.512747365680653,27.697432681453957,7.520949376030139
19.22877612038886,12.547040708211515,9.05391978528008
21.512747365680653,13.203348498666985,9.07745254789086
21.512747365680653,12.547040708211515,9.714652477789942
0.5883016551108362,13.203348498666985,9.495897437563105
8.683519903502656,9.422511454870673,6.905808438741058
19.22877612038886,12.547040708211515,9.193369933794882
26.738163947217643,13.203348498666985,8.362455305321529
21.512747365680653,13.203348498666985,9.07745254789086
21.512747365680653,13.203348498666985,9.774086783538362
26.738163947217643,13.203348498666985,8.362455305321529
19.22877612038886,12.547040708211515,9.193369933794882
21.512747365680653,13.203348498666985,9.774086783538362
21.512747365680653,13.203348498666985,9.07745254789086
21.512747365680653,12.547040708211515,9.714652477789942
19.22877612038886,13.203348498666985,9.111779093725417
26.738163947217643,16.779172764510335,9.55928558299973
21.512747365680653,12.547040708211515,8.441415802330097
20.818926859851107,12.547040708211515,9.052009173015819
21.512747365680653,21.75340296274181,8.653553814879693
21.512747365680653,13.203348498666985,9.774086783538362
21.512747365680653,13.203348498666985,8.457493405196196
20.818926859851107,12.547040708211515,8.681667667020864
8.683519903502656,9.422511454870673,6.905808438741058
21.512747365680653,14.540383081804954,8.875328341297903
10.622960802942043,16.98484415991491,9.309108315320504
20.818926859851107,12.547040708211515,9.052009173015819
19.22877612038886,12.547040708211515,9.193369933794882
20.818926859851107,13.203348498666985,9.109868481461156
21.512747365680653,13.203348498666985,9.774086783538362
21.512747365680653,13.203348498666985,9.07745254789086
15.81187751004933,12.547040708211515,8.75714036953922
20.818926859851107,12.547040708211515,9.953628616242856
21.512747365680653,12.547040708211515,9.019593239445523
26.738163947217643,16.779172764510335,8.449707232072388
21.512747365680653,12.547040708211515,9.714652477789942
20.818926859851107,12.547040708211515,9.052009173015819
25.39910237143903,12.547040708211515,7.856567541010836
21.512747365680653,27.697432681453957,7.520949376030139
19.22877612038886,12.547040708211515,9.05391978528008
21.512747365680653,13.203348498666985,9.07745254789086
21.512747365680653,12.547040708211515,9.714652477789942
0.5883016551108362,13.203348498666985,9.495897437563105
23.96622334888272,12.547040708211515,8.541633862562463
20.818926859851107,21.75340296274181,8.685969748449988
19.22877612038886,12.547040708211515,9.193369933794882
26.738163947217643,13.203348498666985,8.362455305321529
21.512747365680653,13.203348498666985,9.07745254789086
26.738163947217643,13.203348498666985,8.362455305321529
21.512747365680653,13.203348498666985,9.774086783538362
19.22877612038886,12.547040708211515,9.193369933794882
4.31116292232899,13.203348498666985,8.53297521906099
21.512747365680653,13.203348498666985,9.07745254789086
19.22877612038886,13.203348498666985,9.111779093725417
21.512747365680653,12.547040708211515,9.714652477789942
26.738163947217643,16.779172764510335,9.55928558299973
21.512747365680653,12.547040708211515,8.441415802330097
21.512747365680653,21.75340296274181,8.653553814879693
20.818926859851107,12.547040708211515,9.052009173015819
21.512747365680653,13.203348498666985,8.457493405196196
21.512747365680653,12.547040708211515,8.441415802330097
21.512747365680653,12.547040708211515,9.714652477789942
21.512747365680653,13.203348498666985,8.457493405196196
21.512747365680653,13.203348498666985,9.774086783538362
21.512747365680653,13.203348498666985,9.07745254789086
20.818926859851107,12.547040708211515,9.953628616242856
21.512747365680653,12.547040708211515,9.019593239445523
26.738163947217643,16.779172764510335,9.55928558299973
0.03951901257570967,16.98484415991491,7.972827576596468
6.44716872959,12.547040708211515,9.714652477789942
21.512747365680653,12.547040708211515,9.019593239445523
20.818926859851107,13.203348498666985,9.109868481461156
20.818926859851107,12.547040708211515,9.052009173015819
17.40344198202712,12.547040708211515,8.383646820318972
19.22877612038886,12.547040708211515,9.182753903081405
25.39910237143903,12.547040708211515,7.856567541010836
21.512747365680653,13.203348498666985,9.07745254789086
21.512747365680653,27.697432681453957,7.520949376030139
19.22877612038886,12.547040708211515,9.05391978528008
21.512747365680653,12.547040708211515,9.714652477789942
0.5883016551108362,13.203348498666985,9.495897437563105
21.512747365680653,14.540383081804954,8.875328341297903
8.683519903502656,9.422511454870673,6.905808438741058
20.818926859851107,21.75340296274181,8.685969748449988
26.738163947217643,13.203348498666985,8.362455305321529
19.22877612038886,12.547040708211515,9.193369933794882
21.512747365680653,13.203348498666985,9.07745254789086
21.512747365680653,13.203348498666985,9.774086783538362
26.738163947217643,13.203348498666985,8.362455305321529
21.945665956981784,18.20338944213961,7.232041407843178
21.512747365680653,13.203348498666985,9.774086783538362
26.738163947217643,16.779172764510335,8.449707232072388
19.22877612038886,12.547040708211515,9.193369933794882
21.512747365680653,13.203348498666985,9.07745254789086
19.22877612038886,13.203348498666985,9.111779093725417
37.81373577520165,12.547040708211515,9.714652477789942
21.512747365680653,12.547040708211515,9.714652477789942
21.512747365680653,13.203348498666985,9.774086783538362
21.512747365680653,13.203348498666985,9.07745254789086
11.838649183992061,12.547040708211515,5.660114860324086
20.818926859851107,13.203348498666985,9.109868481461156
8.683519903502656,9.422511454870673,6.905808438741058
20.818926859851107,12.547040708211515,9.953628616242856
21.512747365680653,13.203348498666985,9.774086783538362
0.03951901257570967,16.98484415991491,7.972827576596468
21.512747365680653,13.203348498666985,9.07745254789086
21.512747365680653,12.547040708211515,9.019593239445523
6.44716872959,12.547040708211515,9.714652477789942
20.818926859851107,13.203348498666985,9.458856854003889
20.818926859851107,12.547040708211515,9.052009173015819
19.22877612038886,12.547040708211515,9.05391978528008
25.39910237143903,12.547040708211515,7.856567541010836
21.512747365680653,27.697432681453957,7.520949376030139
0.5883016551108362,13.203348498666985,9.495897437563105
20.818926859851107,21.75340296274181,8.685969748449988
21.512747365680653,13.203348498666985,9.07745254789086
26.738163947217643,13.203348498666985,8.362455305321529
21.512747365680653,12.547040708211515,9.714652477789942
19.22877612038886,12.547040708211515,9.193369933794882
21.512747365680653,7.136245610264355,1.9161669724969705
21.512747365680653,13.203348498666985,9.774086783538362
26.738163947217643,16.779172764510335,9.55928558299973
21.512747365680653,13.203348498666985,9.07745254789086
26.738163947217643,13.203348498666985,8.362455305321529
21.512747365680653,13.203348498666985,9.774086783538362
21.512747365680653,12.547040708211515,8.441415802330097
4.31116292232899,13.203348498666985,8.53297521906099
26.738163947217643,16.779172764510335,8.449707232072388
42.43235267140218,12.547040708211515,9.252311571517222
19.22877612038886,12.547040708211515,9.193369933794882
21.512747365680653,12.547040708211515,9.019593239445523
19.22877612038886,12.547040708211515,9.182753903081405
21.512747365680653,13.203348498666985,9.07745254789086
19.22877612038886,13.203348498666985,9.111779093725417
19.22877612038886,12.547040708211515,9.05391978528008
0.5883016551108362,13.203348498666985,9.495897437563105
21.512747365680653,13.203348498666985,9.774086783538362
19.22877612038886,13.203348498666985,9.111779093725417
26.738163947217643,16.779172764510335,9.55928558299973
21.512747365680653,27.697432681453957,7.520949376030139
21.512747365680653,12.547040708211515,8.441415802330097
21.512747365680653,7.136245610264355,1.9161669724969705
11.838649183992061,12.547040708211515,5.660114860324086
21.512747365680653,13.203348498666985,9.07745254789086
21.512747365680653,12.547040708211515,9.714652477789942
32.1341368426263,15.596926885052671,8.646838943628415
20.818926859851107,12.547040708211515,9.953628616242856
21.512747365680653,12.547040708211515,9.019593239445523
20.818926859851107,13.203348498666985,9.109868481461156
20.818926859851107,12.547040708211515,9.052009173015819
21.512747365680653,12.547040708211515,9.019593239445523
25.39910237143903,12.547040708211515,7.856567541010836
21.512747365680653,21.75340296274181,8.653553814879693
26.738163947217643,16.779172764510335,9.55928558299973
21.512747365680653,13.203348498666985,9.07745254789086
21.512747365680653,12.547040708211515,9.714652477789942
20.818926859851107,16.779172764510335,8.367984929827557
19.22877612038886,12.547040708211515,9.182753903081405
21.512747365680653,13.203348498666985,8.457493405196196
20.818926859851107,12.547040708211515,9.052009173015819
8.683519903502656,9.422511454870673,6.905808438741058
19.22877612038886,12.547040708211515,9.193369933794882
20.818926859851107,21.75340296274181,8.685969748449988
21.512747365680653,13.203348498666985,9.07745254789086
26.738163947217643,13.203348498666985,8.362455305321529
21.512747365680653,13.203348498666985,9.07745254789086
21.512747365680653,4.1391207661966085,0.1
26.738163947217643,13.203348498666985,8.362455305321529
21.512747365680653,13.203348498666985,9.774086783538362
26.738163947217643,16.779172764510335,8.449707232072388
19.22877612038886,12.547040708211515,9.193369933794882
21.512747365680653,13.203348498666985,9.07745254789086
26.738163947217643,16.779172764510335,8.449707232072388
21.512747365680653,12.547040708211515,9.714652477789942
0.5883016551108362,13.203348498666985,9.495897437563105
21.512747365680653,12.547040708211515,8.06216825876443
20.818926859851107,13.203348498666985,9.458856854003889
20.818926859851107,12.547040708211515,9.953628616242856
13.257189916989832,7.082112863870126,8.770690952859352
21.945665956981784,18.20338944213961,7.232041407843178
20.818926859851107,12.547040708211515,9.953628616242856
21.512747365680653,12.547040708211515,9.019593239445523
20.818926859851107,13.203348498666985,9.109868481461156
20.818926859851107,12.547040708211515,9.052009173015819
21.512747365680653,12.547040708211515,8.441415802330097
25.39910237143903,12.547040708211515,7.856567541010836
21.512747365680653,27.697432681453957,7.520949376030139
26.738163947217643,13.203348498666985,8.362455305321529
19.22877612038886,12.547040708211515,9.05391978528008
21.512747365680653,13.203348498666985,9.07745254789086
21.512747365680653,12.547040708211515,9.714652477789942
8.683519903502656,9.422511454870673,6.905808438741058
20.818926859851107,21.75340296274181,8.685969748449988
26.738163947217643,16.779172764510335,8.133151368291541
26.738163947217643,13.203348498666985,8.362455305321529
19.22877612038886,12.547040708211515,9.193369933794882
21.512747365680653,13.203348498666985,9.07745254789086
21.512747365680653,13.203348498666985,9.774086783538362
21.512747365680653,13.203348498666985,9.774086783538362
19.22877612038886,12.547040708211515,9.193369933794882
19.22877612038886,13.203348498666985,9.111779093725417
21.512747365680653,13.203348498666985,9.07745254789086
20.818926859851107,12.547040708211515,9.052009173015819
32.1341368426263,15.596926885052671,8.646838943628415
21.512747365680653,12.547040708211515,9.714652477789942
21.512747365680653,4.1391207661966085,0.1
26.738163947217643,16.779172764510335,9.55928558299973
20.818926859851107,12.547040708211515,9.953628616242856
21.512747365680653,13.203348498666985,9.774086783538362
19.22877612038886,13.203348498666985,9.111779093725417
21.512747365680653,13.203348498666985,9.07745254789086
21.512747365680653,13.203348498666985,9.07745254789086
5.301277138483766,12.547040708211515,2.534565983321939
20.818926859851107,15.621726403913918,8.681667667020864
21.512747365680653,12.547040708211515,9.714652477789942
15.81187751004933,12.547040708211515,8.75714036953922
20.818926859851107,12.547040708211515,8.681667667020864
21.512747365680653,13.203348498666985,9.07745254789086
20.818926859851107,12.547040708211515,9.953628616242856
21.512747365680653,12.547040708211515,9.019593239445523
21.512747365680653,13.203348498666985,9.774086783538362
20.818926859851107,13.203348498666985,8.399724423185072
21.512747365680653,21.75340296274181,8.761152707572164
26.738163947217643,13.203348498666985,8.362455305321529
20.818926859851107,13.203348498666985,9.109868481461156
20.818926859851107,12.547040708211515,9.052009173015819
25.39910237143903,12.547040708211515,7.856567541010836
21.512747365680653,27.697432681453957,7.520949376030139
19.22877612038886,12.547040708211515,9.05391978528008
21.512747365680653,13.203348498666985,9.07745254789086
21.512747365680653,12.547040708211515,9.714652477789942
0.5883016551108362,13.203348498666985,9.495897437563105
8.683519903502656,9.422511454870673,6.905808438741058
19.22877612038886,12.547040708211515,9.193369933794882
20.818926859851107,21.75340296274181,8.685969748449988
26.738163947217643,13.203348498666985,8.362455305321529
19.22877612038886,12.547040708211515,9.193369933794882
21.512747365680653,13.203348498666985,9.07745254789086
26.738163947217643,16.779172764510335,8.449707232072388
21.512747365680653,13.203348498666985,9.07745254789086
21.512747365680653,12.547040708211515,9.714652477789942
26.738163947217643,16.779172764510335,9.55928558299973
20.818926859851107,12.547040708211515,9.052009173015819
21.512747365680653,12.547040708211515,8.441415802330097
21.512747365680653,13.203348498666985,8.457493405196196
17.40344198202712,12.547040708211515,8.383646820318972
20.818926859851107,13.203348498666985,8.399724423185072
21.512747365680653,21.75340296274181,8.653553814879693
21.512747365680653,13.203348498666985,9.07745254789086
20.818926859851107,12.547040708211515,9.953628616242856
21.512747365680653,12.547040708211515,9.019593239445523
21.512747365680653,13.203348498666985,9.774086783538362
21.512747365680653,13.203348498666985,9.774086783538362
19.22877612038886,12.547040708211515,9.05391978528008
21.512747365680653,27.697432681453957,7.520949376030139
20.818926859851107,13.203348498666985,9.109868481461156
20.818926859851107,12.547040708211515,9.052009173015819
26.738163947217643,13.203348498666985,8.362455305321529
25.39910237143903,12.547040708211515,7.856567541010836
21.512747365680653,13.203348498666985,9.07745254789086
21.512747365680653,12.547040708211515,9.714652477789942
21.512747365680653,12.547040708211515,8.441415802330097
0.5883016551108362,13.203348498666985,9.495897437563105
8.683519903502656,9.422511454870673,6.905808438741058
21.512747365680653,13.203348498666985,8.457493405196196
32.1341368426263,15.596926885052671,8.646838943628415
20.818926859851107,21.75340296274181,8.685969748449988
20.818926859851107,16.779172764510335,8.367984929827557
26.738163947217643,13.203348498666985,8.362455305321529
19.22877612038886,12.547040708211515,9.193369933794882
26.738163947217643,16.779172764510335,9.55928558299973
21.512747365680653,13.203348498666985,9.07745254789086
21.512747365680653,13.203348498666985,9.774086783538362
21.512747365680653,9.00307997148985,8.256177378172712
23.96622334888272,12.547040708211515,8.541633862562463
21.512747365680653,13.203348498666985,9.774086783538362
26.738163947217643,16.779172764510335,8.449707232072388
19.22877612038886,12.547040708211515,9.193369933794882
21.512747365680653,13.203348498666985,9.07745254789086
19.22877612038886,13.203348498666985,9.111779093725417
20.818926859851107,13.203348498666985,9.109868481461156
21.512747365680653,12.547040708211515,9.714652477789942
26.315314273136632,13.203348498666985,8.043918283907889
42.43235267140218,12.547040708211515,9.252311571517222
21.512747365680653,13.203348498666985,9.07745254789086
21.512747365680653,13.203348498666985,9.774086783538362
20.818926859851107,12.547040708211515,9.953628616242856
21.512747365680653,13.203348498666985,9.07745254789086
21.512747365680653,13.203348498666985,9.07745254789086
21.512747365680653,13.203348498666985,9.774086783538362
21.512747365680653,12.547040708211515,9.019593239445523
20.818926859851107,13.203348498666985,9.458856854003889
4.31116292232899,13.203348498666985,8.53297521906099
20.818926859851107,13.203348498666985,9.109868481461156
20.818926859851107,12.547040708211515,9.052009173015819
19.22877612038886,12.547040708211515,9.182753903081405
25.39910237143903,12.547040708211515,7.856567541010836
21.512747365680653,27.697432681453957,7.520949376030139
0.5883016551108362,13.203348498666985,9.495897437563105
19.22877612038886,12.547040708211515,9.05391978528008
21.512747365680653,12.547040708211515,9.714652477789942
8.683519903502656,9.422511454870673,6.905808438741058
21.512747365680653,21.75340296274181,8.761152707572164
20.818926859851107,21.75340296274181,8.685969748449988
26.738163947217643,13.203348498666985,8.362455305321529
19.22877612038886,12.547040708211515,9.193369933794882
20.818926859851107,12.547040708211515,9.052009173015819
21.512747365680653,13.203348498666985,9.07745254789086
26.738163947217643,13.203348498666985,8.362455305321529
26.738163947217643,16.779172764510335,8.449707232072388
21.512747365680653,13.203348498666985,9.774086783538362
26.738163947217643,12.056758842433258,6.6965155064779776
19.22877612038886,12.547040708211515,9.193369933794882
19.22877612038886,13.203348498666985,9.111779093725417
21.512747365680653,12.547040708211515,9.714652477789942
21.512747365680653,12.547040708211515,9.714652477789942
19.22877612038886,30.39410623563989,3.7951300791899634
19.22877612038886,12.547040708211515,9.193369933794882
26.738163947217643,16.779172764510335,9.55928558299973
21.512747365680653,13.203348498666985,9.774086783538362
21.512747365680653,13.203348498666985,9.07745254789086
21.512747365680653,27.697432681453957,7.520949376030139
21.512747365680653,13.203348498666985,9.07745254789086
20.818926859851107,12.547040708211515,9.953628616242856
20.818926859851107,12.547040708211515,9.052009173015819
21.512747365680653,13.203348498666985,9.07745254789086
21.512747365680653,12.547040708211515,9.019593239445523
20.818926859851107,13.203348498666985,9.109868481461156
20.818926859851107,13.203348498666985,9.109868481461156
20.818926859851107,12.547040708211515,9.052009173015819
20.818926859851107,12.547040708211515,9.052009173015819
26.580303963926085,3.098535898217648,6.759119930156397
25.39910237143903,12.547040708211515,7.856567541010836
19.22877612038886,12.547040708211515,9.05391978528008
21.512747365680653,13.203348498666985,9.07745254789086
21.512747365680653,12.547040708211515,9.019593239445523
21.512747365680653,12.547040708211515,9.019593239445523
21.512747365680653,12.547040708211515,9.714652477789942
0.5883016551108362,13.203348498666985,9.495897437563105
8.683519903502656,9.422511454870673,6.905808438741058
21.512747365680653,21.75340296274181,8.653553814879693
20.818926859851107,21.75340296274181,8.685969748449988
26.738163947217643,13.203348498666985,8.362455305321529
19.22877612038886,12.547040708211515,9.193369933794882
21.512747365680653,13.203348498666985,9.07745254789086
21.512747365680653,13.203348498666985,9.07745254789086
21.512747365680653,13.203348498666985,9.774086783538362
26.738163947217643,13.203348498666985,8.362455305321529
21.512747365680653,13.203348498666985,9.07745254789086
21.512747365680653,13.203348498666985,9.774086783538362
26.738163947217643,16.779172764510335,8.449707232072388
19.22877612038886,12.547040708211515,9.193369933794882
21.512747365680653,13.203348498666985,9.07745254789086
19.22877612038886,13.203348498666985,9.111779093725417
21.512747365680653,12.547040708211515,9.714652477789942
26.738163947217643,16.779172764510335,9.55928558299973
