21.512747365680653,21.494625727424655,6.003857694280218
21.512747365680653,12.547040708211515,9.204282269714344
40.01801994923192,12.547040708211515,9.252311571517222
12.309649221237867,21.278577365849213,8.067731915236514
15.179685480751049,15.685941005325148,5.80519210632068
11.838649183992061,12.547040708211515,7.560492279627663
27.908754674580376,13.203348498666985,7.319955672188973
21.512747365680653,13.203348498666985,9.774086783538362
21.512747365680653,12.547040708211515,9.714652477789942
10.244074540488823,12.547040708211515,7.429464087359406
3.622136214123188,5.469708723872119,7.303052980466997
26.738163947217643,16.779172764510335,9.55928558299973
10.622960802942043,16.98484415991491,9.309108315320504
21.512747365680653,16.884470456648508,8.361094652574025
21.512747365680653,10.92979674875991,8.192765425952311
20.818926859851107,8.325285424949143,4.99888267276061
19.22877612038886,12.547040708211515,9.193369933794882
21.512747365680653,3.9157333701681747,7.597989881110488
4.578174455361175,10.876481268623097,8.134887481343574
15.81187751004933,12.547040708211515,8.75714036953922
14.157356849452398,16.98484415991491,7.579661032115018
26.315314273136632,13.203348498666985,9.077771884539429
26.738163947217643,16.779172764510335,8.133151368291541
21.512747365680653,21.75340296274181,8.761152707572164
26.738163947217643,12.547040708211515,9.124343724274866
21.512747365680653,10.452244712530193,9.714652477789942
21.512747365680653,12.547040708211515,9.714652477789942
23.96622334888272,12.547040708211515,8.591081961429186
20.818926859851107,12.547040708211515,9.953628616242856
21.512747365680653,9.00307997148985,8.256177378172712
31.278914819741075,17.9361030277828,9.538643849477477
20.818926859851107,13.203348498666985,8.399724423185072
21.512747365680653,12.547040708211515,9.714652477789942
21.512747365680653,12.547040708211515,8.06216825876443
37.81373577520165,12.547040708211515,9.714652477789942
20.818926859851107,12.547040708211515,9.953628616242856
23.693067528060705,17.36729959059247,8.183769643123954
3.6839980021057457,13.203348498666985,8.59359107022519
21.512747365680653,14.540383081804954,8.875328341297903
25.26233974662022,13.203348498666985,8.522326003204833
20.818926859851107,11.60883233777959,8.681667667020864
5.301277138483766,12.547040708211515,8.75714036953922
21.512747365680653,4.1391207661966085,9.714652477789942
17.40344198202712,12.547040708211515,8.383646820318972
19.22877612038886,12.547040708211515,9.182753903081405
22.480983266208995,0.20986167513296544,0.1
21.81757909938357,13.203348498666985,9.912583822942166
21.512747365680653,18.20338944213961,9.714652477789942
21.554040832425695,6.776261489669848,9.720225328108599
20.818926859851107,12.547040708211515,9.953628616242856
19.22877612038886,16.779172764510335,8.826803162093977
10.54485961210546,10.997074864605649,8.770068122198381
0.03951901257570967,16.98484415991491,7.972827576596468
20.818926859851107,16.779172764510335,8.367984929827557
21.512747365680653,13.203348498666985,9.774086783538362
32.1341368426263,13.203348498666985,8.646838943628415
34.50541998423573,12.547040708211515,3.5027934877416094
17.010313266546287,1.9132747762704398,8.647219468739674
21.512747365680653,12.547040708211515,9.714652477789942
18.592540028524905,5.2907395869147145,8.447321798382657
4.31116292232899,13.203348498666985,8.53297521906099
20.818926859851107,13.203348498666985,9.458856854003889
13.257189916989832,7.082112863870126,8.770690952859352
21.512747365680653,20.1171177373387,6.414968373911013
22.480983266208995,14.982911539479606,9.000849231228633
36.08230632866267,24.462296440907426,9.774086783538362
21.512747365680653,12.547040708211515,9.714652477789942
21.512747365680653,13.203348498666985,9.774086783538362
21.512747365680653,13.203348498666985,9.774086783538362
22.004807438976336,16.779172764510335,9.55928558299973
20.818926859851107,12.547040708211515,8.681667667020864
21.512747365680653,13.203348498666985,8.457493405196196
36.08230632866267,37.85692043199956,5.615379669003874
20.818926859851107,13.203348498666985,8.399724423185072
21.512747365680653,12.547040708211515,8.441415802330097
26.738163947217643,16.779172764510335,8.768392983287438
20.818926859851107,12.547040708211515,9.20180839752677
19.22877612038886,12.547040708211515,9.193369933794882
21.512747365680653,13.203348498666985,9.774086783538362
19.22877612038886,12.547040708211515,9.182753903081405
26.738163947217643,16.779172764510335,8.768392983287438
21.512747365680653,16.779172764510335,8.848331528726916
26.738163947217643,16.779172764510335,8.768392983287438
21.512747365680653,13.203348498666985,9.146156957303926
25.584309300209696,12.547040708211515,9.154318839213989
26.738163947217643,16.779172764510335,8.768392983287438
26.738163947217643,16.779172764510335,8.768392983287438
41.374295608307975,21.75340296274181,8.590468587923382
26.738163947217643,28.731348529517824,9.008576383819598
0.5883016551108362,16.779172764510335,8.37499004627718
21.512747365680653,12.547040708211515,9.204282269714344
21.512747365680653,12.547040708211515,9.204282269714344
19.22877612038886,12.547040708211515,9.182753903081405
9.765279673709765,16.779172764510335,8.416651467709297
20.818926859851107,12.547040708211515,9.20180839752677
20.818926859851107,13.203348498666985,9.458856854003889
20.818926859851107,13.203348498666985,9.143683085116354
21.512747365680653,12.547040708211515,9.714652477789942
21.512747365680653,13.203348498666985,9.146156957303926
21.512747365680653,13.203348498666985,9.146156957303926
