42.70331110776949,28.803320304439296,7.675801492301875
13.98338910210278,4.052521879485876,9.869197682984671
21.512747365680653,15.743214454156433,8.449157294621731
19.069122567008197,12.547040708211515,8.067731915236514
36.74126300327559,13.203348498666985,8.723585715695066
10.902161831938523,3.085359818364724,7.990011082957292
21.512747365680653,13.203348498666985,8.723585715695066
21.512747365680653,19.45529797115585,9.663066775363607
25.845110358710034,12.210883932757493,7.303158798725521
21.512747365680653,17.36729959059247,8.659616523235282
30.019459716090335,9.83254285208216,9.462601222586175
24.74137927622318,18.552723396825176,7.9998277753846825
24.659572706405605,13.203348498666985,8.796186764044378
3.1957622888948976,32.89357512909604,0.5828110659973473
30.97867568699352,17.36729959059247,9.299724682287662
3.054621675376744,8.886169459318545,2.062088206071398
7.204102678577373,30.690044716833334,8.035261424001906
21.512747365680653,13.203348498666985,7.912597483463594
21.512747365680653,35.6793198976725,3.6169600325731137
33.77950268835897,4.880387662555639,8.33229727077711
0.2596914334177356,17.36729959059247,6.448187597518453
17.618893206215112,17.36729959059247,6.085702629923161
17.538019168756644,13.170654271870895,7.98799144113253
21.512747365680653,12.547040708211515,9.714652477789942
21.512747365680653,18.426071391173803,7.003699883692414
21.512747365680653,9.704756829799958,6.702327907588369
21.512747365680653,12.547040708211515,9.714652477789942
21.512747365680653,17.36729959059247,8.110538208283742
7.831664634756018,11.506667828403142,8.62057994792181
21.512747365680653,13.203348498666985,7.912597483463594
34.16298268185518,17.9361030277828,8.574056003584252
21.826537211717277,12.547040708211515,9.5646280499209
30.305527448486274,17.36729959059247,8.097685934073976
18.439998669206194,12.547040708211515,9.714652477789942
21.512747365680653,17.36729959059247,8.282669168319782
21.512747365680653,12.547040708211515,9.714652477789942
30.305527448486274,17.36729959059247,9.53223531490598
21.512747365680653,13.203348498666985,8.59359107022519
15.817935287902149,4.5962678973999775,7.811884361346332
21.512747365680653,13.203348498666985,9.774086783538362
21.512747365680653,13.203348498666985,9.774086783538362
23.488432150617225,13.203348498666985,8.579895381742155
26.791614669413008,17.36729959059247,8.189934174762978
21.512747365680653,17.36729959059247,7.4306701157603285
33.30895128926339,11.720611635542792,2.9519353426362827
22.480983266208995,13.203348498666985,8.757760569547603
21.512747365680653,13.203348498666985,8.732275732510782
26.961261583652064,13.203348498666985,7.912597483463594
21.554040832425695,13.301994650637392,9.720225328108599
18.189112598862494,12.547040708211515,8.696301826068089
21.512747365680653,12.547040708211515,8.56696747058314
21.512747365680653,20.88497087394261,6.179116783939772
21.512747365680653,13.203348498666985,8.59359107022519
21.512747365680653,26.384611415170184,4.891134155004938
21.512747365680653,11.5006324827736,8.778819403839519
26.176092838706857,13.203348498666985,9.786005585983961
21.512747365680653,13.203348498666985,8.723585715695066
17.010313266546287,13.203348498666985,8.534214745753905
30.97867568699352,13.203348498666985,7.923635594135196
21.512747365680653,13.203348498666985,8.723585715695066
22.21799595252281,16.779172764510335,7.943259260858809
21.376908655736734,8.956596912153183,8.689422541284191
21.512747365680653,17.36729959059247,8.110538208283742
21.376908655736734,13.203348498666985,9.71236991785928
22.480983266208995,14.982911539479606,8.757760569547603
21.808334001009605,17.36729959059247,7.532768036607989
34.53569044550819,13.3617498854617,4.495091592992784
21.376908655736734,17.36729959059247,8.117566016089489
21.512747365680653,13.203348498666985,9.774086783538362
26.738163947217643,16.779172764510335,9.55928558299973
21.512747365680653,12.547040708211515,9.714652477789942
30.305527448486274,17.9361030277828,9.864197086276173
30.305527448486274,17.9361030277828,8.084211657083497
9.150736419705911,13.203348498666985,7.791634172535458
41.56836144436994,13.203348498666985,1.113859364382165
21.512747365680653,12.547040708211515,8.56696747058314
30.305527448486274,17.9361030277828,8.084211657083497
21.512747365680653,12.547040708211515,8.56696747058314
21.512747365680653,8.499531633220682,8.455192323583729
21.512747365680653,12.547040708211515,9.714652477789942
21.512747365680653,12.547040708211515,9.714652477789942
21.512747365680653,12.547040708211515,9.714652477789942
30.305527448486274,17.9361030277828,8.084211657083497
21.512747365680653,12.547040708211515,8.56696747058314
21.512747365680653,13.203348498666985,8.59359107022519
30.305527448486274,12.547040708211515,8.005036881421834
21.512747365680653,13.203348498666985,9.774086783538362
21.512747365680653,13.203348498666985,8.59359107022519
21.512747365680653,12.547040708211515,9.714652477789942
21.512747365680653,15.702701144859692,8.663315318805655
23.488432150617225,13.203348498666985,8.579895381742155
23.488432150617225,12.547040708211515,8.770068122198381
21.512747365680653,13.203348498666985,8.59359107022519
21.512747365680653,15.092863984490018,8.653092112394315
30.97867568699352,12.547040708211515,7.897011994493147
30.97867568699352,13.203348498666985,5.925169879194346
23.488432150617225,13.203348498666985,8.579895381742155
13.98338910210278,8.499531633220682,9.869197682984671
21.512747365680653,17.36729959059247,8.659616523235282
21.512747365680653,12.547040708211515,9.714652477789942
