18.099695920856085,11.653090892825135,6.147626086890736
50.27513484471173,15.216069837972373,4.915352297497295
25.310212442266184,18.91029518621652,6.48549068486134
1.7950120928233844,0.08084151781239957,0.10234915364884647
25.310212442266184,15.216069837972373,10.46970697957911
39.63247945479973,2.230751968873074,0.10873197669678976
25.310212442266184,15.216069837972373,9.482217034660566
17.129740235816517,15.216069837972373,7.775994092867607
50.27513484471173,15.216069837972373,6.3827880876930045
13.74555957267692,12.587299715243947,5.967897430119797
50.27513484471173,15.216069837972373,5.657697981110076
72.89791113572247,6.179431972430137,0.4606923150042487
9.309409112377564,1.3311761848248427,6.860459319987122
50.27513484471173,15.216069837972373,0.17457437837446066
25.310212442266184,23.92945576337543,6.8239377177406375
1.6255602971665866,23.664359752513846,0.3715454057996567
23.27878227345318,15.216069837972373,9.622600416199539
20.426743491938723,5.2891758925396655,0.0929826641911502
4.763368464746051,25.588127487024284,5.701639455117701
25.310212442266184,15.216069837972373,9.472356695825596
25.310212442266184,15.216069837972373,7.110799459840847
21.980431895118784,4.824639624331484,0.09001987712474907
25.310212442266184,15.216069837972373,10.834649904011979
25.310212442266184,15.216069837972373,6.929395244923172
15.851549161975615,15.953054811522126,5.395710404302584
3.430784333723114,10.09431845478816,6.48549068486134
50.27513484471173,15.216069837972373,4.758136804137411
17.26542862025702,21.996414016971382,6.581325839140479
18.059322207767945,15.216069837972373,7.775994092867607
25.310212442266184,14.575999496160499,9.147784521839103
50.27513484471173,15.216069837972373,6.3827880876930045
27.52746509118647,15.216069837972373,6.405542240146126
29.992364567982616,15.216069837972373,7.496865413069509
15.116338879132492,9.880070778250946,5.347786131686479
14.681903310059546,1.2335700877983005,0.10119042989335729
50.27513484471173,15.216069837972373,6.3827880876930045
14.681903310059546,0.6048321718443255,7.564592822367117
25.310212442266184,15.216069837972373,7.110799459840847
24.04032389684685,19.1445750522236,7.549174170513567
17.26542862025702,21.996414016971382,6.581325839140479
25.310212442266184,15.216069837972373,7.110799459840847
25.107690114659817,14.575999496160499,5.886564543324836
84.39820651987387,15.216069837972373,0.1029445937822126
13.79451054496435,14.575999496160499,2.494545432786939
25.310212442266184,15.216069837972373,6.405542240146126
37.202239627420404,23.92945576337543,9.560264384368612
25.310212442266184,15.216069837972373,10.807429233620994
50.27513484471173,15.216069837972373,0.1877307488882172
10.222707754691385,2.0159683543296154,8.88314743859436
39.04165862473226,0.3012540383189716,0.1076312888149992
0.0687489024056731,0.11156825648963675,3.823572771824467
17.26542862025702,15.216069837972373,6.724813546085965
50.27513484471173,11.178444530251435,3.223253326759994
26.96221016068822,5.854979943620629,1.1094369503834116
12.546902485987076,8.719315328574407,0.09285816039437578
0.8561179633736822,30.54637589663694,8.039135486128508
26.438978902443452,0.1427649023067019,5.915945622599018
50.27513484471173,15.216069837972373,0.17282341225971828
25.240594599533743,10.159130871649072,6.528441673311121
50.27513484471173,15.216069837972373,5.657697981110076
4.508484879857921,7.259611957229857,3.949497726748719
14.747341703690264,19.78175573705889,4.264351356638898
85.19952469335153,5.65615694002746,4.654527236703142
42.33691317801232,12.241753838016166,7.32807603053767
17.853903516750094,28.93613346472614,4.758136804137411
50.27513484471173,15.216069837972373,4.915352297497295
0.14321228627778781,29.50144570476344,0.5353372596981345
49.76109769057061,15.216069837972373,6.366825946648547
51.707643309709084,16.93579762438633,8.51495276017905
28.04009068353332,0.8841220025541779,2.732499802462109
24.9787983912934,1.3119683562697109,0.09667131650820424
14.681903310059546,9.434723624762846,9.382199666423713
49.30314549929962,12.518394952470292,5.4903378426257605
1.8815111588785793,17.214013378016183,0.6850912295402891
25.310212442266184,27.087501158614636,6.405542240146126
25.310212442266184,15.216069837972373,9.851680477000285
30.736655216240017,3.0778921934789683,3.5008758020193667
3.0295106212329044,5.704120494407647,4.1769425368071165
33.45247453992938,15.216069837972373,10.232105592652116
34.39137607323124,21.996414016971382,9.367769582511297
