4.856055339913258,13.94790765305681,2.0471311279468574
50.10786928217031,40.46352576453699,2.254017774502687
50.10786928217031,31.597161018341303,3.2202994579010964
5.084162974529848,21.47351489283654,3.0966801881997927
5.938818556091351,0.7117091822859685,4.004533796568767
50.10786928217031,57.91361464536921,3.1441628800229067
67.84841377134684,43.629937792859,3.296099979852666
30.840279480423405,31.597161018341303,3.417522059812095
68.84811771223495,28.878023294043306,2.4550724842974403
0.049177618556809466,22.00398931405008,0.10921483681063905
1.259777862877547,31.597161018341303,2.3857134815195624
42.5690271118918,26.118500235908186,4.125495691488942
23.732490727502146,31.597161018341303,6.8930673951676225
25.310212442266184,14.421978915475108,3.5419046973424844
97.97699944485012,31.597161018341303,6.212639937376174
34.79683759892112,20.49296004922584,3.1929358214030987
1.8668857886250065,21.67524032697799,1.0765663919704547
25.923057988486317,31.597161018341303,3.9094962782118405
50.10786928217031,20.49296004922584,3.1929358214030987
50.10786928217031,31.597161018341303,3.2202994579010964
50.10786928217031,98.23469349121595,4.697912033270512
12.041950048419643,27.469181858768636,3.6635098322730877
50.10786928217031,31.597161018341303,3.8043408799919964
25.310212442266184,14.421978915475108,3.21859299573625
50.10786928217031,31.597161018341303,3.8043408799919964
25.107952779533075,15.216069837972373,9.962417997662188
12.353085916517378,11.796617020036008,9.492833063884971
50.10786928217031,20.49296004922584,3.4248890930254925
50.10786928217031,42.89650673328895,3.502377781146609
57.439253859757144,29.58542746430483,3.1441628800229067
83.32295178451562,15.150406863719395,0.14721500396438758
50.10786928217031,31.597161018341303,3.0456132813235435
50.10786928217031,31.597161018341303,3.2202994579010964
1.1081790124871485,15.216069837972373,1.2904351293509622
50.10786928217031,14.421978915475108,0.10729213076336454
4.210313139115601,18.63845445819866,0.4240190096304275
50.10786928217031,31.597161018341303,3.8043408799919964
1.726647918398724,0.2034456642296281,0.10776826926762953
50.10786928217031,10.721051996201119,3.9094962782118405
50.10786928217031,31.597161018341303,3.417522059812095
49.48547378856336,33.26258047300995,8.949327298407079
32.18329410064398,21.47351489283654,9.121225432976958
5.329531915975981,62.5472414497647,3.013726340778715
50.10786928217031,26.856971930142873,3.1441628800229067
50.10786928217031,6.574254409395653,3.1441628800229067
35.62648042950161,9.555954543463201,0.09355256944469809
50.10786928217031,20.49296004922584,3.8215306502958413
48.07884209095673,19.36008982923547,7.171203001205852
95.38093028229886,31.597161018341303,4.851011596130172
39.04165862473226,0.5488003621601459,0.10157343792125444
141.4133021230753,15.912078211544697,3.384311774150761
50.10786928217031,31.597161018341303,10.13414180026169
44.08321262790454,45.81117369095884,3.0456132813235435
73.95398963247231,3.0425210183321836,5.520316177294651
13.471804656803696,15.216069837972373,3.228906641800771
0.9758258318836286,14.404000739330158,0.14614270389746706
13.471804656803696,6.683292951335738,8.623193056314113
28.57148364960101,0.0002845590082191583,0.0981653181013824
50.10786928217031,27.9890708001196,3.1929358214030987
50.10786928217031,55.2206159195715,3.417522059812095
0.1083101007830961,28.589380245294787,0.09871530515365083
124.13405287850584,25.14418386465077,0.10488308318883542
50.10786928217031,14.421978915475108,3.61545664583443
50.10786928217031,31.597161018341303,9.14319274989301
25.310212442266184,2.5990165403485435,0.10516983974460484
50.10786928217031,26.118500235908186,3.3585160432551913
1.2598415481458076,31.597161018341303,0.2579330793738375
51.943831745026415,3.4764425069814173,4.209029486507957
25.310212442266184,26.593437651150158,3.6534327166753346
50.10786928217031,8.965836522838035,0.09619039507495218
30.672469734362434,2.3773258563877073,0.1026740944757411
0.516425321428926,20.49296004922584,3.1929358214030987
25.310212442266184,26.118500235908186,9.51938316864682
19.40168391944915,56.012197446328315,1.942708888172203
23.100976267038163,15.929848634986996,5.8355452684135845
1.3374000857033854,29.686191094576238,0.27681912166342754
13.471804656803696,11.985127212779265,4.869404336876599
50.10786928217031,31.597161018341303,3.417522059812095
50.10786928217031,31.597161018341303,9.185107576070173
18.322177359926023,20.49296004922584,5.70593460353248
