0.0687489024056731,0.11156825648963675,3.823572771824467
14.681903310059546,0.6048321718443255,0.10860570045425641
85.19952469335153,1.778372600814428,0.09378758582153475
25.310212442266184,15.216069837972373,9.482217034660566
8.103825917213843,15.216069837972373,10.807429233620994
25.310212442266184,15.216069837972373,9.413669288650947
0.3259707047246039,23.824601048438915,0.09487480003598187
25.310212442266184,15.216069837972373,9.413669288650947
12.546902485987076,8.719315328574407,9.090310294285274
49.30314549929962,12.518394952470292,0.10581774606214213
17.029031805902502,5.2891758925396655,0.6364588019465192
14.976664405385488,14.575999496160499,5.4421312384625695
23.27878227345318,15.216069837972373,9.622600416199539
3.0295106212329044,3.6057798992042622,5.543597333737361
49.30314549929962,12.518394952470292,0.10581774606214213
65.20160156832591,16.93579762438633,8.51495276017905
14.681903310059546,0.6048321718443255,0.10860570045425641
72.89791113572247,6.179431972430137,0.4606923150042487
25.310212442266184,15.216069837972373,9.482217034660566
39.04165862473226,0.42479973615934863,0.1076312888149992
72.89791113572247,6.179431972430137,0.4606923150042487
14.681903310059546,0.6048321718443255,0.10860570045425641
49.30314549929962,12.518394952470292,0.10581774606214213
10.222707754691385,0.05789330756939459,8.88314743859436
25.310212442266184,14.575999496160499,9.147784521839103
3.0295106212329044,3.6057798992042622,5.543597333737361
25.310212442266184,15.216069837972373,9.851680477000285
75.1561553344605,19.813786717057994,0.1877307488882172
21.391454938669384,19.78175573705889,4.264351356638898
17.029031805902502,5.2891758925396655,0.6364588019465192
23.27878227345318,15.216069837972373,9.622600416199539
22.543064979458975,23.92945576337543,9.560264384368612
25.310212442266184,14.575999496160499,9.147784521839103
0.3259707047246039,23.824601048438915,0.09487480003598187
72.89791113572247,6.179431972430137,0.4606923150042487
0.14321228627778781,37.66532730296143,0.10919651780165748
25.310212442266184,14.575999496160499,9.147784521839103
49.30314549929962,12.518394952470292,0.10581774606214213
39.04165862473226,0.42479973615934863,0.1076312888149992
4.147294111167589,12.074479489022469,10.232105592652116
21.391454938669384,19.78175573705889,4.264351356638898
25.310212442266184,15.216069837972373,9.482217034660566
50.27513484471173,15.216069837972373,0.17457437837446066
21.9612729164507,10.159130871649072,6.528441673311121
8.103825917213843,15.216069837972373,10.807429233620994
23.27878227345318,15.216069837972373,9.622600416199539
65.20160156832591,16.93579762438633,8.51495276017905
25.310212442266184,15.216069837972373,9.851680477000285
22.543064979458975,23.92945576337543,9.560264384368612
25.310212442266184,14.575999496160499,9.147784521839103
25.310212442266184,15.216069837972373,10.46970697957911
13.74555957267692,12.587299715243947,5.967897430119797
17.029031805902502,5.2891758925396655,0.6364588019465192
25.310212442266184,15.216069837972373,10.834649904011979
8.103825917213843,15.216069837972373,10.807429233620994
1.6255602971665866,3.8239707801915443,0.3715454057996567
0.0687489024056731,0.11156825648963675,3.823572771824467
25.310212442266184,15.216069837972373,9.482217034660566
50.27513484471173,15.216069837972373,0.17457437837446066
50.27513484471173,15.216069837972373,0.17457437837446066
75.1561553344605,19.813786717057994,0.1877307488882172
25.310212442266184,15.216069837972373,10.834649904011979
47.80502946424082,1.3119683562697109,0.09667131650820424
29.992364567982616,15.216069837972373,8.751693961719411
25.310212442266184,7.634987189527285,0.10651378839524438
14.681903310059546,0.6048321718443255,0.10860570045425641
12.546902485987076,8.719315328574407,9.090310294285274
14.976664405385488,14.575999496160499,5.4421312384625695
76.98763030819435,8.706511465772369,0.10490717476778229
49.30314549929962,12.518394952470292,0.10581774606214213
85.19952469335153,1.778372600814428,0.09378758582153475
34.39137607323124,32.50246569099981,6.682622629144227
33.45247453992938,15.216069837972373,6.701175779685395
0.14321228627778781,37.66532730296143,0.10919651780165748
29.992364567982616,15.216069837972373,8.751693961719411
50.27513484471173,15.216069837972373,0.16650336725740525
25.310212442266184,40.825394353351854,7.235173901173376
7.950767884410311,15.216069837972373,3.4174460762399597
85.19952469335153,1.778372600814428,0.09378758582153475
17.853903516750094,39.83809988776371,2.662689482016619
15.116338879132492,10.12340441044216,9.201128742007722
17.029031805902502,5.2891758925396655,0.6364588019465192
25.310212442266184,15.216069837972373,9.413669288650947
25.310212442266184,15.216069837972373,10.72184828020618
25.310212442266184,10.14831546243003,5.11052218808024
0.3259707047246039,23.824601048438915,0.09487480003598187
25.310212442266184,15.216069837972373,9.413669288650947
25.310212442266184,15.216069837972373,9.278758903858245
3.0295106212329044,3.6057798992042622,5.543597333737361
34.39137607323124,32.50246569099981,6.682622629144227
25.310212442266184,7.634987189527285,0.10651378839524438
50.27513484471173,26.665234441868137,8.233138961798728
