21.332411182652123,4.255167360262323,0.09903101725492515
23.743852637929944,14.575999496160499,8.890751518275442
0.0687489024056731,8.20629136796129,1.8834380520966916
21.980431895118784,4.824639624331484,0.0911702921519673
28.546459456134386,4.362521625623292,0.09394840201969994
25.310212442266184,1.0879071647349772,0.09721552524364276
52.262449127250136,17.342498263788663,4.654527236703142
39.63247945479973,17.33346988867113,6.267179519719256
7.637339619807708,6.006903071526468,0.10149093476678277
25.310212442266184,15.216069837972373,9.367769582511297
25.310212442266184,14.575999496160499,8.666031432785568
23.743852637929944,14.575999496160499,8.890751518275442
69.08991464791163,13.910103340966405,0.10427446428819631
25.310212442266184,15.216069837972373,9.367769582511297
69.46346642843429,14.644229364394906,4.892764874011772
46.63284321190227,22.479123585155502,9.752252971238887
17.05883587641314,4.604649553677832,0.09483548745812506
52.46054133014459,7.72833461515638,0.10997480849736715
23.297014572480062,11.24726648694671,7.531466384633608
34.460161472281264,30.54637589663694,8.039135486128508
48.412786541367964,25.22033442704896,7.895837138670937
8.626454007473992,12.432399686932513,0.10769077956409183
28.888417261549147,11.681418542182712,0.10366249930516983
17.948142472726435,14.575999496160499,7.557116661934554
16.084439401012432,27.181938252184068,3.2989460856821005
34.460161472281264,30.54637589663694,8.039135486128508
69.08991464791163,13.910103340966405,0.10427446428819631
9.309409112377564,7.259611957229857,5.158275825798144
25.310212442266184,8.719315328574407,0.09285816039437578
13.182110969328857,1.8572108081238436,0.09361102078655206
49.30314549929962,20.32067574376624,5.080359756796711
17.948142472726435,7.259611957229857,4.862579124789633
39.63247945479973,17.33346988867113,6.267179519719256
41.89488061062017,14.575999496160499,2.494545432786939
25.310212442266184,14.575999496160499,10.444038467358935
23.842232331554754,1.0901287502536432,0.32757725031383095
35.91085928713032,15.661330294958844,5.8803515621218345
21.332411182652123,4.255167360262323,0.09903101725492515
7.307394030210083,9.89687671577735,8.127127881701199
49.30314549929962,20.32067574376624,5.080359756796711
17.948142472726435,14.575999496160499,8.056199104069451
17.948142472726435,16.93579762438633,7.338985681520396
23.743852637929944,14.575999496160499,8.890751518275442
25.310212442266184,1.0879071647349772,0.09721552524364276
44.45897619967944,14.854168606178963,2.1110600568086575
25.310212442266184,14.575999496160499,8.666031432785568
22.512088087826164,8.244799355392272,3.5008758020193667
48.749560843945,14.575999496160499,0.1052964572286462
13.182110969328857,1.8572108081238436,0.09361102078655206
39.04165862473226,0.3012540383189716,0.10435759155086412
0.5931880118888577,1.1509678063599242,3.333512444928382
