0.0687489024056731,0.11156825648963675,3.823572771824467
5.565485591483721,4.824639624331484,0.09001987712474907
14.681903310059546,0.6048321718443255,0.10860570045425641
85.19952469335153,5.65615694002746,0.09157756531273312
25.310212442266184,15.216069837972373,9.482217034660566
8.103825917213843,15.216069837972373,10.807429233620994
0.8561179633736822,30.54637589663694,8.039135486128508
22.096292701122117,12.241753838016166,7.32807603053767
0.8561179633736822,30.54637589663694,8.039135486128508
9.309409112377564,1.3311761848248427,6.860459319987122
12.546902485987076,8.719315328574407,9.090310294285274
49.30314549929962,12.518394952470292,0.10581774606214213
20.426743491938723,5.2891758925396655,0.0929826641911502
13.79451054496435,14.575999496160499,5.4421312384625695
23.27878227345318,15.216069837972373,9.622600416199539
3.0295106212329044,5.704120494407647,4.1769425368071165
49.30314549929962,12.518394952470292,0.10581774606214213
65.20160156832591,16.93579762438633,8.51495276017905
14.681903310059546,0.6048321718443255,0.10860570045425641
72.89791113572247,6.179431972430137,0.4606923150042487
25.310212442266184,15.216069837972373,9.482217034660566
39.04165862473226,0.3012540383189716,0.1076312888149992
72.89791113572247,6.179431972430137,0.4606923150042487
14.681903310059546,0.6048321718443255,0.10860570045425641
49.30314549929962,12.518394952470292,0.10581774606214213
10.222707754691385,0.05789330756939459,8.88314743859436
25.310212442266184,14.575999496160499,9.147784521839103
3.0295106212329044,5.704120494407647,4.1769425368071165
25.310212442266184,15.216069837972373,9.851680477000285
75.1561553344605,19.813786717057994,0.1877307488882172
14.747341703690264,19.78175573705889,4.264351356638898
15.851549161975615,15.953054811522126,5.395710404302584
20.426743491938723,5.2891758925396655,0.0929826641911502
23.27878227345318,15.216069837972373,9.622600416199539
37.202239627420404,23.92945576337543,9.560264384368612
1.7950120928233844,0.08084151781239957,0.10234915364884647
25.310212442266184,14.575999496160499,9.147784521839103
22.096292701122117,12.241753838016166,7.32807603053767
72.89791113572247,6.179431972430137,0.4606923150042487
0.14321228627778781,19.21395196437043,0.10919651780165748
25.310212442266184,14.575999496160499,9.147784521839103
49.30314549929962,12.518394952470292,0.10581774606214213
39.04165862473226,0.3012540383189716,0.1076312888149992
4.147294111167589,7.7899172945143516,10.232105592652116
14.747341703690264,19.78175573705889,4.264351356638898
5.565485591483721,4.824639624331484,0.09001987712474907
25.310212442266184,15.216069837972373,9.482217034660566
9.309409112377564,1.3311761848248427,6.860459319987122
50.27513484471173,15.216069837972373,0.17457437837446066
25.240594599533743,10.159130871649072,6.528441673311121
8.103825917213843,15.216069837972373,10.807429233620994
23.27878227345318,15.216069837972373,9.622600416199539
65.20160156832591,16.93579762438633,8.51495276017905
25.310212442266184,15.216069837972373,9.851680477000285
50.27513484471173,15.216069837972373,0.17282341225971828
15.851549161975615,15.953054811522126,5.395710404302584
37.202239627420404,23.92945576337543,9.560264384368612
25.310212442266184,14.575999496160499,9.147784521839103
25.310212442266184,15.216069837972373,10.46970697957911
13.74555957267692,12.587299715243947,5.967897430119797
20.426743491938723,5.2891758925396655,0.0929826641911502
25.310212442266184,15.216069837972373,10.834649904011979
8.103825917213843,15.216069837972373,10.807429233620994
1.6255602971665866,23.664359752513846,0.3715454057996567
0.0687489024056731,0.11156825648963675,3.823572771824467
25.310212442266184,15.216069837972373,9.482217034660566
50.27513484471173,15.216069837972373,0.17457437837446066
50.27513484471173,15.216069837972373,0.17282341225971828
50.27513484471173,15.216069837972373,0.17457437837446066
75.1561553344605,19.813786717057994,0.1877307488882172
25.310212442266184,15.216069837972373,10.834649904011979
24.9787983912934,1.3119683562697109,0.09667131650820424
29.992364567982616,15.216069837972373,8.751693961719411
25.310212442266184,15.216069837972373,9.472356695825596
3.430784333723114,10.09431845478816,1.845422564787326
14.681903310059546,0.6048321718443255,0.10860570045425641
12.546902485987076,8.719315328574407,9.090310294285274
95.65886097192734,15.216069837972373,0.18257096398121894
13.79451054496435,14.575999496160499,5.4421312384625695
76.98763030819435,15.216069837972373,0.10490717476778229
49.30314549929962,12.518394952470292,0.10581774606214213
85.19952469335153,5.65615694002746,0.09157756531273312
34.39137607323124,32.50246569099981,6.9696502192258825
33.45247453992938,15.216069837972373,6.701175779685395
0.14321228627778781,19.21395196437043,0.10919651780165748
34.39137607323124,21.996414016971382,8.587907763856993
25.107690114659817,22.796811204882545,6.878700913016229
29.992364567982616,15.216069837972373,8.751693961719411
50.27513484471173,15.216069837972373,0.16650336725740525
25.310212442266184,21.996414016971382,7.235173901173376
