37.11376521057248,23.518276819426227,10.132453769035688
1.0427985350125617,13.378690944145045,0.48399621560124906
21.642095556290805,21.34105472150525,5.554823101996615
21.642095556290805,4.1954723438935995,0.10030522953249471
21.642095556290805,7.983675729506919,3.5453338020430007
21.642095556290805,21.34105472150525,5.554823101996615
4.2666892439008866,13.378690944145045,1.8454433120822322
21.642095556290805,23.378964858984208,5.627038502898176
23.25926883237721,13.378690944145045,10.340319269953037
37.11376521057248,21.022990077571524,3.591413911851964
37.11376521057248,13.378690944145045,3.1158281231195497
21.642095556290805,18.589831400321078,6.620216343057604
55.56385685150578,13.378690944145045,3.2083182872196936
37.11376521057248,23.518276819426227,10.132453769035688
1.0427985350125617,13.378690944145045,0.48399621560124906
37.11376521057248,15.380412227215404,3.094230447373204
21.642095556290805,7.983675729506919,3.5453338020430007
8.258017341310033,13.378690944145045,3.6111213427282762
23.25926883237721,13.378690944145045,10.340319269953037
1.095209809309619,12.860372294131775,0.4687756784441265
37.11376521057248,13.378690944145045,3.1158281231195497
0.13517529172898213,13.378690944145045,0.09473298025581406
21.642095556290805,13.378690944145045,10.354405402341037
21.642095556290805,4.1954723438935995,0.10030522953249471
1.095209809309619,12.860372294131775,0.4687756784441265
23.25926883237721,13.378690944145045,10.340319269953037
21.642095556290805,23.378964858984208,5.627038502898176
37.11376521057248,13.378690944145045,3.4851831386954704
65.76164341202258,13.378690944145045,0.10015059280069717
48.77920810550533,3.111290424671955,2.5457573199896593
1.095209809309619,12.860372294131775,0.5032664930405358
37.11376521057248,13.378690944145045,3.4851831386954704
0.13517529172898213,13.378690944145045,0.09473298025581406
65.76164341202258,13.378690944145045,0.10015059280069717
1.0427985350125617,13.378690944145045,0.48399621560124906
21.642095556290805,4.1954723438935995,0.10030522953249471
21.642095556290805,13.378690944145045,10.354405402341037
37.11376521057248,23.518276819426227,10.132453769035688
4.2666892439008866,13.378690944145045,1.8454433120822322
21.642095556290805,13.378690944145045,9.467618566883878
23.472954476198318,2.7673271006694637,0.10115485361279941
8.258017341310033,7.983675729506919,6.400234054779746
21.642095556290805,7.983675729506919,3.5453338020430007
37.11376521057248,12.860372294131775,2.4552792420989142
21.642095556290805,21.34105472150525,5.554823101996615
21.642095556290805,23.518276819426227,5.055714029465274
