20.935752032069,15.945454265175071,8.634774180604243
21.642095556290805,12.099335011011593,10.10357831116638
40.37252691325662,16.139230745626627,5.374362667792806
24.259997779429,15.9399226851559,8.736977333220336
24.079527976505396,6.169370118842354,0.10270542661812745
21.867805598599567,13.378690944145045,8.882999757297966
41.19158358720229,16.61514904583415,4.662952164426718
15.746937580707726,10.047107204786043,8.512905657055573
31.251828967366176,13.595631483816359,6.767795011964136
15.784630090965287,7.574078413305738,6.769903341163013
23.409267458420135,8.423841632584463,3.2754786375817684
43.06492671937904,17.87057964621265,5.930939070787824
35.220067497701216,10.10708057753196,0.10651957010286059
27.308786400435586,3.7302152892240867,0.09151856137001564
15.490906897621965,14.184033751993727,5.909190387401172
38.21830619584544,13.378690944145045,2.8902628244043207
24.35780602353952,8.952754946156956,3.8076525846843734
21.440476534368756,15.526442967769077,8.534514950703361
28.237277745848782,11.347311340746462,4.644276476979321
29.051354399713215,17.146528702569555,8.926456469022776
20.912440725998692,10.168798037816188,8.015077825968115
35.220067497701216,10.10708057753196,0.10651957010286059
21.867805598599567,13.378690944145045,8.882999757297966
21.867805598599567,13.378690944145045,10.38075415246058
34.76672342009027,11.182183411700553,1.3176588451546671
38.41378910324305,17.38109889272488,6.423593821191693
23.409267458420135,8.423841632584463,3.2754786375817684
20.258499644110714,10.712757093664226,8.428750631734971
43.06492671937904,17.87057964621265,5.930939070787824
