21.642095556290805,13.378690944145045,5.454648093284611
37.11376521057248,16.853770472863157,6.589104058038401
28.36386312391653,2.1652527354674835,3.038448857464692
8.258017341310033,12.860372294131775,5.4189551636489135
37.11376521057248,13.378690944145045,4.90045137445687
21.642095556290805,34.35263808012001,10.0
0.48748401135339137,13.378690944145045,2.3634568352716157
0.48748401135339137,13.378690944145045,2.3634568352716157
37.11376521057248,15.796507460796436,4.692754236881484
21.642095556290805,13.378690944145045,5.454648093284611
37.11376521057248,18.781212399536976,4.755365726974791
37.11376521057248,19.256394028703482,4.312296048990254
37.11376521057248,15.796507460796436,4.692754236881484
0.48748401135339137,13.378690944145045,2.3634568352716157
19.53469721634954,15.380412227215404,3.094230447373204
0.48748401135339137,13.343924019483913,0.20039320775344163
19.078347805112106,13.378690944145045,9.24286281491512
8.258017341310033,12.860372294131775,5.4189551636489135
21.642095556290805,13.378690944145045,5.454648093284611
37.11376521057248,19.256394028703482,4.312296048990254
21.642095556290805,13.378690944145045,10.453968059928306
21.642095556290805,18.412627405530834,5.445384254477584
0.48748401135339137,13.378690944145045,2.3634568352716157
21.642095556290805,34.35263808012001,10.0
21.642095556290805,13.378690944145045,4.699228897397729
28.36386312391653,2.1652527354674835,3.038448857464692
0.13517529172898213,13.378690944145045,0.09018071704669703
0.48748401135339137,13.378690944145045,2.3634568352716157
0.13517529172898213,13.378690944145045,0.09018071704669703
21.642095556290805,13.378690944145045,5.454648093284611
21.642095556290805,13.378690944145045,5.454648093284611
21.642095556290805,10.21416822662053,5.3274341208381095
37.11376521057248,13.378690944145045,4.90045137445687
0.48748401135339137,13.378690944145045,2.3634568352716157
0.48748401135339137,13.378690944145045,2.3634568352716157
0.48748401135339137,13.378690944145045,2.3634568352716157
1.086114525406682,18.750357113003616,2.130203163768422
0.48748401135339137,13.378690944145045,0.22773869283034728
0.48748401135339137,17.76559532317,0.15451066320872783
1.2346603932427955,13.378690944145045,0.5708612454391111
21.642095556290805,4.1954723438935995,0.10030522953249471
21.642095556290805,13.378690944145045,10.196090374819171
25.98427300605847,23.518276819426227,6.629595304092838
21.642095556290805,13.378690944145045,5.454648093284611
21.642095556290805,21.524322859533264,5.464503765764945
21.642095556290805,13.378690944145045,10.266973338923268
37.11376521057248,13.378690944145045,3.686146915864664
21.642095556290805,13.378690944145045,5.445384254477584
37.11376521057248,13.378690944145045,3.111636179148602
0.48748401135339137,13.378690944145045,2.3634568352716157
21.642095556290805,13.378690944145045,5.454648093284611
48.77920810550533,0.6872931344557096,2.5457573199896593
21.642095556290805,13.378690944145045,5.445384254477584
21.642095556290805,13.378690944145045,10.266973338923268
0.48748401135339137,13.378690944145045,2.3634568352716157
21.642095556290805,13.378690944145045,5.445384254477584
1.0427985350125617,15.231086944609642,5.028557689246924
33.16465402855897,13.378690944145045,4.699228897397729
21.642095556290805,13.378690944145045,5.454648093284611
21.642095556290805,13.378690944145045,10.45722573362518
21.642095556290805,21.34105472150525,5.554823101996615
21.642095556290805,13.378690944145045,9.784371812648827
21.642095556290805,13.378690944145045,5.454648093284611
33.16465402855897,13.378690944145045,4.699228897397729
21.642095556290805,12.860372294131775,4.7075108728002455
0.48748401135339137,13.378690944145045,2.3634568352716157
21.642095556290805,13.378690944145045,5.454648093284611
0.09660623822664116,13.378690944145045,0.10431494692390184
21.642095556290805,13.378690944145045,5.454648093284611
21.642095556290805,10.21416822662053,5.3274341208381095
0.48748401135339137,13.378690944145045,2.3634568352716157
48.517431806525764,13.378690944145045,0.10346520747440334
8.258017341310033,7.983675729506919,6.734832164025578
19.53469721634954,15.380412227215404,3.094230447373204
21.642095556290805,13.378690944145045,5.454648093284611
21.642095556290805,13.378690944145045,9.784371812648827
48.517431806525764,13.378690944145045,0.10346520747440334
0.7915686251337245,13.378690944145045,0.3274582578358396
21.642095556290805,13.378690944145045,5.454648093284611
37.11376521057248,19.256394028703482,4.312296048990254
37.11376521057248,26.19435904241238,5.290206482188582
0.48748401135339137,13.378690944145045,2.3634568352716157
21.642095556290805,13.982791190926317,5.404332320330866
1.2346603932427955,13.378690944145045,0.5708612454391111
21.642095556290805,13.378690944145045,5.454648093284611
25.98427300605847,23.518276819426227,6.629595304092838
19.53469721634954,15.380412227215404,3.094230447373204
0.48748401135339137,13.343924019483913,0.20039320775344163
0.7915686251337245,13.378690944145045,0.3274582578358396
21.642095556290805,13.378690944145045,9.784371812648827
21.642095556290805,21.34105472150525,5.554823101996615
19.078347805112106,13.378690944145045,9.24286281491512
0.13517529172898213,13.378690944145045,0.09018071704669703
48.517431806525764,13.378690944145045,0.10346520747440334
21.642095556290805,34.35263808012001,10.0
21.642095556290805,12.860372294131775,4.7075108728002455
21.642095556290805,23.518276819426227,6.7467633661842665
37.11376521057248,13.378690944145045,3.686146915864664
8.258017341310033,12.860372294131775,5.4189551636489135
21.642095556290805,13.378690944145045,5.445384254477584
0.48748401135339137,13.378690944145045,2.662070463805291
8.258017341310033,26.32712069057825,10.0
0.48748401135339137,13.378690944145045,2.3634568352716157
37.11376521057248,23.518276819426227,8.639158451202869
21.642095556290805,13.378690944145045,5.454648093284611
21.642095556290805,13.378690944145045,9.784371812648827
21.642095556290805,13.378690944145045,5.454648093284611
37.11376521057248,13.378690944145045,3.686146915864664
8.258017341310033,7.983675729506919,6.734832164025578
21.642095556290805,13.378690944145045,10.453968059928306
21.642095556290805,23.518276819426227,6.7467633661842665
19.078347805112106,13.378690944145045,9.24286281491512
22.132759239117643,13.378690944145045,5.429315554982995
0.48748401135339137,13.378690944145045,2.3634568352716157
0.48748401135339137,13.378690944145045,2.3634568352716157
37.11376521057248,13.378690944145045,3.686146915864664
0.8948898069744017,13.378690944145045,3.0267274967231845
37.11376521057248,26.19435904241238,5.290206482188582
37.11376521057248,7.983675729506919,0.10268173050521194
21.642095556290805,18.412627405530834,5.445384254477584
19.53469721634954,15.380412227215404,3.094230447373204
21.642095556290805,7.983675729506919,3.5453338020430007
21.642095556290805,13.378690944145045,5.445384254477584
21.642095556290805,13.378690944145045,10.266973338923268
21.642095556290805,13.378690944145045,5.445384254477584
21.642095556290805,21.34105472150525,5.554823101996615
21.642095556290805,10.21416822662053,5.3274341208381095
21.642095556290805,13.378690944145045,5.454648093284611
21.642095556290805,18.412627405530834,5.445384254477584
21.642095556290805,10.226303500850825,5.329293376218757
8.258017341310033,7.983675729506919,6.734832164025578
21.642095556290805,13.378690944145045,10.266973338923268
21.642095556290805,13.378690944145045,10.196090374819171
48.77920810550533,0.6872931344557096,2.5457573199896593
21.642095556290805,13.378690944145045,10.453968059928306
0.5289478223852031,12.860372294131775,2.9583852535493445
35.39835550011587,13.378690944145045,4.962445231572953
21.642095556290805,13.378690944145045,10.196090374819171
8.258017341310033,7.983675729506919,6.734832164025578
21.642095556290805,13.378690944145045,5.445384254477584
21.642095556290805,18.412627405530834,5.445384254477584
37.11376521057248,19.256394028703482,4.312296048990254
37.11376521057248,13.378690944145045,4.90045137445687
21.642095556290805,13.378690944145045,5.454648093284611
1.0427985350125617,15.231086944609642,5.028557689246924
1.086114525406682,18.750357113003616,2.130203163768422
21.642095556290805,13.378690944145045,5.454648093284611
28.36386312391653,2.1652527354674835,3.038448857464692
21.642095556290805,13.378690944145045,5.445384254477584
21.642095556290805,13.378690944145045,5.454648093284611
21.642095556290805,13.378690944145045,10.085529232334299
35.39835550011587,13.378690944145045,4.962445231572953
21.642095556290805,10.21416822662053,5.3274341208381095
0.48748401135339137,13.378690944145045,0.22773869283034728
0.48748401135339137,13.378690944145045,0.22773869283034728
21.642095556290805,7.983675729506919,4.008869613546756
21.642095556290805,13.982791190926317,5.404332320330866
21.642095556290805,21.524322859533264,5.464503765764945
22.132759239117643,13.378690944145045,5.429315554982995
21.642095556290805,13.378690944145045,5.445384254477584
0.48748401135339137,13.343924019483913,0.20039320775344163
21.642095556290805,10.21416822662053,5.3274341208381095
21.642095556290805,13.378690944145045,5.454648093284611
37.11376521057248,13.378690944145045,3.111636179148602
0.7915686251337245,13.378690944145045,0.3274582578358396
28.36386312391653,2.1652527354674835,3.038448857464692
21.642095556290805,13.982791190926317,5.404332320330866
19.078347805112106,13.378690944145045,9.24286281491512
21.642095556290805,21.524322859533264,5.464503765764945
21.642095556290805,13.378690944145045,5.454648093284611
0.8948898069744017,13.378690944145045,3.0267274967231845
0.48748401135339137,17.76559532317,0.15451066320872783
8.258017341310033,26.32712069057825,10.0
21.642095556290805,34.35263808012001,10.0
8.258017341310033,26.32712069057825,10.0
21.642095556290805,34.35263808012001,10.0
48.517431806525764,13.378690944145045,0.10346520747440334
21.642095556290805,34.35263808012001,10.0
0.48748401135339137,13.378690944145045,2.3634568352716157
48.517431806525764,13.378690944145045,0.10346520747440334
21.642095556290805,13.378690944145045,5.445384254477584
21.642095556290805,13.378690944145045,5.445384254477584
37.11376521057248,18.781212399536976,4.755365726974791
37.11376521057248,13.378690944145045,3.1158281231195497
0.48748401135339137,13.343924019483913,0.20039320775344163
0.48748401135339137,13.378690944145045,2.662070463805291
21.642095556290805,13.378690944145045,5.454648093284611
23.472954476198318,2.7673271006694637,0.10115485361279941
0.48748401135339137,13.378690944145045,2.3634568352716157
37.11376521057248,13.378690944145045,3.111636179148602
37.11376521057248,16.853770472863157,6.589104058038401
21.642095556290805,13.378690944145045,5.454648093284611
21.642095556290805,13.378690944145045,10.45722573362518
23.472954476198318,2.7673271006694637,0.10115485361279941
23.472954476198318,2.7673271006694637,0.10115485361279941
21.642095556290805,12.860372294131775,4.7075108728002455
8.258017341310033,12.860372294131775,5.4189551636489135
0.48748401135339137,13.378690944145045,2.3634568352716157
21.642095556290805,7.983675729506919,4.008869613546756
0.48748401135339137,13.378690944145045,2.3634568352716157
21.642095556290805,23.518276819426227,6.7467633661842665
21.642095556290805,18.412627405530834,5.445384254477584
21.642095556290805,13.378690944145045,5.454648093284611
21.642095556290805,18.412627405530834,5.445384254477584
0.48748401135339137,13.378690944145045,2.662070463805291
21.642095556290805,13.378690944145045,10.453968059928306
37.11376521057248,13.378690944145045,3.111636179148602
21.642095556290805,21.34105472150525,5.554823101996615
37.11376521057248,13.378690944145045,4.90045137445687
21.642095556290805,7.983675729506919,3.5453338020430007
21.642095556290805,13.378690944145045,5.454648093284611
0.48748401135339137,13.378690944145045,2.3634568352716157
0.48748401135339137,13.378690944145045,2.662070463805291
35.39835550011587,13.378690944145045,4.962445231572953
37.11376521057248,26.19435904241238,5.290206482188582
21.642095556290805,21.524322859533264,5.464503765764945
0.48748401135339137,13.378690944145045,2.3634568352716157
21.642095556290805,21.524322859533264,5.464503765764945
21.642095556290805,13.378690944145045,5.454648093284611
8.258017341310033,12.860372294131775,5.4189551636489135
37.11376521057248,7.983675729506919,0.10268173050521194
28.36386312391653,2.1652527354674835,3.038448857464692
21.642095556290805,13.378690944145045,10.45722573362518
4.2666892439008866,13.378690944145045,2.9501032781468286
21.642095556290805,13.378690944145045,5.454648093284611
37.11376521057248,13.378690944145045,3.686146915864664
21.642095556290805,13.378690944145045,10.196090374819171
21.642095556290805,13.378690944145045,5.454648093284611
21.642095556290805,13.378690944145045,8.77372806295443
0.48748401135339137,13.378690944145045,2.3634568352716157
21.642095556290805,4.1954723438935995,0.10030522953249471
21.642095556290805,13.378690944145045,5.445384254477584
21.642095556290805,10.21416822662053,5.3274341208381095
0.48748401135339137,17.76559532317,0.15451066320872783
0.48748401135339137,13.378690944145045,2.3634568352716157
5.409252220074283,13.378690944145045,2.282729057385593
21.642095556290805,13.378690944145045,5.454648093284611
19.53469721634954,15.380412227215404,3.094230447373204
8.258017341310033,26.32712069057825,10.0
21.642095556290805,10.226303500850825,5.329293376218757
21.642095556290805,34.35263808012001,10.0
0.8948898069744017,13.378690944145045,3.0267274967231845
37.11376521057248,26.19435904241238,5.290206482188582
37.11376521057248,15.796507460796436,4.692754236881484
35.39835550011587,13.378690944145045,4.962445231572953
48.517431806525764,13.378690944145045,0.10346520747440334
1.2346603932427955,13.378690944145045,0.5708612454391111
21.642095556290805,13.378690944145045,10.085529232334299
21.642095556290805,13.378690944145045,5.454648093284611
21.642095556290805,21.34105472150525,5.554823101996615
21.642095556290805,18.412627405530834,5.445384254477584
21.642095556290805,13.378690944145045,10.453968059928306
21.642095556290805,13.378690944145045,10.266973338923268
0.48748401135339137,13.378690944145045,2.3634568352716157
0.13517529172898213,13.378690944145045,0.09018071704669703
21.642095556290805,13.378690944145045,10.45722573362518
24.947160499048245,23.518276819426227,6.682196453297542
0.48748401135339137,13.343924019483913,0.20039320775344163
0.7915686251337245,13.378690944145045,0.3274582578358396
21.642095556290805,13.378690944145045,5.454648093284611
1.2346603932427955,13.378690944145045,0.5708612454391111
28.36386312391653,2.1652527354674835,3.038448857464692
21.642095556290805,13.378690944145045,10.453968059928306
0.48748401135339137,13.378690944145045,2.3634568352716157
21.642095556290805,13.378690944145045,10.085529232334299
48.517431806525764,13.378690944145045,0.10346520747440334
21.642095556290805,13.378690944145045,4.699228897397729
21.642095556290805,10.21416822662053,5.3274341208381095
33.16465402855897,13.378690944145045,4.699228897397729
28.36386312391653,2.1652527354674835,3.038448857464692
24.947160499048245,23.518276819426227,6.682196453297542
1.2346603932427955,13.378690944145045,0.5708612454391111
21.642095556290805,21.524322859533264,5.464503765764945
21.642095556290805,18.412627405530834,5.445384254477584
21.642095556290805,21.524322859533264,5.464503765764945
0.8948898069744017,13.378690944145045,3.0267274967231845
28.36386312391653,2.1652527354674835,3.038448857464692
23.472954476198318,2.7673271006694637,0.10115485361279941
21.642095556290805,13.378690944145045,5.454648093284611
21.642095556290805,34.35263808012001,10.0
21.642095556290805,13.982791190926317,5.404332320330866
37.11376521057248,23.518276819426227,8.639158451202869
15.960823710328725,13.378690944145045,7.685422301392142
37.11376521057248,26.19435904241238,5.290206482188582
21.642095556290805,7.983675729506919,4.008869613546756
21.642095556290805,13.378690944145045,10.45722573362518
0.48748401135339137,17.76559532317,0.15451066320872783
21.642095556290805,21.524322859533264,5.464503765764945
0.7915686251337245,13.378690944145045,0.3274582578358396
8.258017341310033,26.32712069057825,10.0
37.11376521057248,13.378690944145045,4.90045137445687
21.642095556290805,13.378690944145045,10.085529232334299
21.642095556290805,13.378690944145045,10.266973338923268
0.48748401135339137,13.378690944145045,0.22773869283034728
0.48748401135339137,13.378690944145045,2.3634568352716157
37.11376521057248,19.256394028703482,4.312296048990254
21.642095556290805,13.378690944145045,5.454648093284611
0.8948898069744017,13.378690944145045,3.0267274967231845
37.11376521057248,13.378690944145045,3.111636179148602
21.642095556290805,13.982791190926317,5.404332320330866
21.642095556290805,13.378690944145045,5.445384254477584
15.960823710328725,13.378690944145045,7.685422301392142
21.642095556290805,4.1954723438935995,0.10030522953249471
37.11376521057248,19.256394028703482,4.312296048990254
21.642095556290805,13.378690944145045,9.784371812648827
4.2666892439008866,13.378690944145045,2.9501032781468286
23.250677508628545,13.378690944145045,4.5038382672108455
1.0427985350125617,15.231086944609642,5.028557689246924
21.642095556290805,13.378690944145045,10.453968059928306
21.642095556290805,13.378690944145045,10.085529232334299
21.642095556290805,13.378690944145045,10.453968059928306
21.642095556290805,13.378690944145045,5.445384254477584
21.642095556290805,4.1954723438935995,0.10030522953249471
21.642095556290805,13.378690944145045,5.454648093284611
21.642095556290805,13.982791190926317,5.404332320330866
0.48748401135339137,13.343924019483913,0.20039320775344163
0.48748401135339137,13.378690944145045,2.3634568352716157
21.642095556290805,13.378690944145045,5.454648093284611
21.642095556290805,7.983675729506919,4.008869613546756
21.642095556290805,13.378690944145045,5.454648093284611
28.36386312391653,2.1652527354674835,3.038448857464692
0.09660623822664116,13.378690944145045,0.10431494692390184
21.642095556290805,13.378690944145045,10.085529232334299
8.258017341310033,26.32712069057825,10.0
0.48748401135339137,13.378690944145045,2.3634568352716157
21.642095556290805,13.378690944145045,10.196090374819171
0.48748401135339137,17.76559532317,0.15451066320872783
37.11376521057248,23.518276819426227,8.639158451202869
37.11376521057248,13.378690944145045,3.686146915864664
21.642095556290805,13.378690944145045,5.445384254477584
21.642095556290805,13.378690944145045,5.454648093284611
21.642095556290805,13.378690944145045,5.445384254477584
21.642095556290805,13.378690944145045,5.454648093284611
0.48748401135339137,13.378690944145045,2.3634568352716157
21.642095556290805,13.378690944145045,5.445384254477584
37.11376521057248,13.378690944145045,3.1158281231195497
48.517431806525764,13.378690944145045,0.10346520747440334
21.642095556290805,13.378690944145045,5.454648093284611
0.48748401135339137,13.378690944145045,2.662070463805291
23.250677508628545,13.378690944145045,4.5038382672108455
24.947160499048245,23.518276819426227,6.682196453297542
21.642095556290805,13.378690944145045,5.454648093284611
21.642095556290805,13.378690944145045,5.445384254477584
0.48748401135339137,13.378690944145045,2.3634568352716157
48.517431806525764,13.378690944145045,0.10346520747440334
37.11376521057248,7.983675729506919,0.10268173050521194
21.642095556290805,13.378690944145045,5.445384254477584
21.642095556290805,13.378690944145045,5.454648093284611
21.642095556290805,13.378690944145045,10.196090374819171
37.11376521057248,18.781212399536976,4.755365726974791
21.642095556290805,13.378690944145045,5.454648093284611
48.77920810550533,0.6872931344557096,2.5457573199896593
0.48748401135339137,13.378690944145045,2.3634568352716157
15.960823710328725,13.378690944145045,7.685422301392142
22.132759239117643,13.378690944145045,5.429315554982995
0.09660623822664116,13.378690944145045,0.10431494692390184
37.11376521057248,13.378690944145045,3.111636179148602
21.642095556290805,13.378690944145045,5.454648093284611
33.16465402855897,13.378690944145045,4.699228897397729
37.11376521057248,13.378690944145045,4.90045137445687
5.409252220074283,13.378690944145045,2.282729057385593
0.48748401135339137,13.378690944145045,2.3634568352716157
37.11376521057248,16.853770472863157,6.589104058038401
23.250677508628545,13.378690944145045,4.5038382672108455
33.16465402855897,13.378690944145045,4.699228897397729
0.48748401135339137,13.378690944145045,2.3634568352716157
0.48748401135339137,13.378690944145045,2.3634568352716157
37.11376521057248,13.378690944145045,3.1158281231195497
21.642095556290805,13.378690944145045,5.454648093284611
21.642095556290805,13.378690944145045,10.266973338923268
21.642095556290805,13.378690944145045,10.085529232334299
21.642095556290805,13.378690944145045,5.454648093284611
0.48748401135339137,13.378690944145045,2.3634568352716157
37.11376521057248,13.378690944145045,3.111636179148602
24.947160499048245,23.518276819426227,6.682196453297542
0.48748401135339137,13.378690944145045,2.3634568352716157
1.2346603932427955,13.378690944145045,0.5708612454391111
0.48748401135339137,13.378690944145045,0.22773869283034728
21.642095556290805,7.983675729506919,4.008869613546756
5.409252220074283,13.378690944145045,2.282729057385593
21.642095556290805,13.378690944145045,5.445384254477584
0.48748401135339137,17.76559532317,0.15451066320872783
21.642095556290805,13.378690944145045,4.699228897397729
21.642095556290805,18.412627405530834,5.445384254477584
21.642095556290805,10.226303500850825,5.329293376218757
37.11376521057248,26.19435904241238,5.290206482188582
21.642095556290805,13.378690944145045,5.454648093284611
23.250677508628545,13.378690944145045,4.5038382672108455
37.11376521057248,15.796507460796436,4.692754236881484
0.5289478223852031,12.860372294131775,2.9583852535493445
21.642095556290805,13.378690944145045,9.784371812648827
37.11376521057248,13.378690944145045,4.90045137445687
21.642095556290805,13.378690944145045,5.454648093284611
23.472954476198318,2.7673271006694637,0.10115485361279941
1.2346603932427955,13.378690944145045,0.5708612454391111
21.642095556290805,13.378690944145045,10.266973338923268
48.517431806525764,13.378690944145045,0.10346520747440334
21.642095556290805,13.982791190926317,5.404332320330866
48.77920810550533,0.6872931344557096,2.5457573199896593
0.48748401135339137,13.378690944145045,2.3634568352716157
4.2666892439008866,13.378690944145045,2.9501032781468286
21.642095556290805,12.860372294131775,4.7075108728002455
0.48748401135339137,13.378690944145045,2.3634568352716157
37.11376521057248,13.378690944145045,3.1158281231195497
21.642095556290805,13.378690944145045,8.77372806295443
0.7915686251337245,13.378690944145045,0.3274582578358396
0.48748401135339137,13.378690944145045,2.3634568352716157
37.11376521057248,13.378690944145045,3.111636179148602
0.09660623822664116,13.378690944145045,0.10431494692390184
8.258017341310033,26.32712069057825,10.0
21.642095556290805,12.860372294131775,4.7075108728002455
4.2666892439008866,13.378690944145045,2.9501032781468286
21.642095556290805,13.378690944145045,5.454648093284611
0.48748401135339137,13.378690944145045,2.3634568352716157
21.642095556290805,21.34105472150525,5.554823101996615
0.48748401135339137,13.378690944145045,2.3634568352716157
0.48748401135339137,13.378690944145045,2.662070463805291
0.48748401135339137,13.378690944145045,2.3634568352716157
1.0427985350125617,15.231086944609642,5.028557689246924
21.642095556290805,13.378690944145045,10.085529232334299
0.48748401135339137,13.378690944145045,2.3634568352716157
21.642095556290805,13.378690944145045,8.77372806295443
21.642095556290805,18.412627405530834,5.445384254477584
21.642095556290805,21.524322859533264,5.464503765764945
0.48748401135339137,13.378690944145045,2.3634568352716157
21.642095556290805,13.378690944145045,10.266973338923268
21.642095556290805,18.412627405530834,5.445384254477584
0.48748401135339137,17.76559532317,0.15451066320872783
21.642095556290805,10.226303500850825,5.329293376218757
4.2666892439008866,13.378690944145045,2.9501032781468286
23.472954476198318,2.7673271006694637,0.10115485361279941
37.11376521057248,26.19435904241238,5.290206482188582
21.642095556290805,21.34105472150525,5.554823101996615
33.16465402855897,13.378690944145045,4.699228897397729
21.642095556290805,13.378690944145045,10.266973338923268
0.7915686251337245,13.378690944145045,0.3274582578358396
21.642095556290805,13.378690944145045,5.445384254477584
0.48748401135339137,13.378690944145045,2.3634568352716157
37.11376521057248,13.378690944145045,3.686146915864664
21.642095556290805,13.378690944145045,4.699228897397729
33.16465402855897,13.378690944145045,4.699228897397729
37.11376521057248,23.518276819426227,8.639158451202869
21.642095556290805,13.378690944145045,5.454648093284611
0.48748401135339137,13.378690944145045,2.3634568352716157
48.517431806525764,13.378690944145045,0.10346520747440334
21.642095556290805,13.378690944145045,5.445384254477584
21.642095556290805,13.378690944145045,4.699228897397729
21.642095556290805,13.378690944145045,5.454648093284611
21.642095556290805,7.983675729506919,3.5453338020430007
37.11376521057248,19.256394028703482,4.312296048990254
35.39835550011587,13.378690944145045,4.962445231572953
22.132759239117643,13.378690944145045,5.429315554982995
0.48748401135339137,13.378690944145045,2.3634568352716157
8.258017341310033,7.983675729506919,6.734832164025578
21.642095556290805,10.21416822662053,5.3274341208381095
0.48748401135339137,13.378690944145045,2.3634568352716157
23.250677508628545,13.378690944145045,4.5038382672108455
21.642095556290805,10.21416822662053,5.3274341208381095
21.642095556290805,13.378690944145045,5.454648093284611
21.642095556290805,13.378690944145045,10.085529232334299
23.472954476198318,2.7673271006694637,0.10115485361279941
0.09660623822664116,13.378690944145045,0.10431494692390184
0.48748401135339137,13.343924019483913,0.20039320775344163
0.48748401135339137,13.343924019483913,0.20039320775344163
0.48748401135339137,13.378690944145045,2.3634568352716157
21.642095556290805,13.378690944145045,5.454648093284611
0.48748401135339137,13.378690944145045,2.3634568352716157
0.09660623822664116,13.378690944145045,0.10431494692390184
0.7915686251337245,13.378690944145045,0.3274582578358396
19.53469721634954,15.380412227215404,3.094230447373204
33.16465402855897,13.378690944145045,4.699228897397729
21.642095556290805,21.34105472150525,5.554823101996615
21.642095556290805,10.226303500850825,5.329293376218757
48.517431806525764,13.378690944145045,0.10346520747440334
21.642095556290805,13.378690944145045,5.454648093284611
0.48748401135339137,13.378690944145045,2.3634568352716157
15.960823710328725,13.378690944145045,7.685422301392142
0.8948898069744017,13.378690944145045,3.0267274967231845
1.2346603932427955,13.378690944145045,0.5708612454391111
21.642095556290805,13.378690944145045,10.196090374819171
0.48748401135339137,13.378690944145045,0.22773869283034728
19.53469721634954,15.380412227215404,3.094230447373204
21.642095556290805,13.378690944145045,5.454648093284611
1.2346603932427955,13.378690944145045,0.5708612454391111
37.11376521057248,26.19435904241238,5.290206482188582
35.39835550011587,13.378690944145045,4.962445231572953
1.0427985350125617,15.231086944609642,5.028557689246924
8.258017341310033,26.32712069057825,10.0
21.642095556290805,13.982791190926317,5.404332320330866
21.642095556290805,4.1954723438935995,0.10030522953249471
0.5289478223852031,12.860372294131775,2.9583852535493445
37.11376521057248,19.256394028703482,4.312296048990254
21.642095556290805,12.860372294131775,4.7075108728002455
21.642095556290805,13.378690944145045,10.266973338923268
21.642095556290805,13.378690944145045,5.445384254477584
37.11376521057248,13.378690944145045,3.111636179148602
37.11376521057248,13.378690944145045,3.686146915864664
0.48748401135339137,13.378690944145045,0.22773869283034728
21.642095556290805,13.378690944145045,5.454648093284611
21.642095556290805,13.378690944145045,5.454648093284611
8.258017341310033,7.983675729506919,6.734832164025578
21.642095556290805,10.21416822662053,5.3274341208381095
21.642095556290805,13.378690944145045,5.454648093284611
0.5289478223852031,12.860372294131775,2.9583852535493445
21.642095556290805,7.983675729506919,3.5453338020430007
0.48748401135339137,13.378690944145045,2.3634568352716157
37.11376521057248,23.518276819426227,8.639158451202869
0.09660623822664116,13.378690944145045,0.10431494692390184
0.48748401135339137,13.378690944145045,2.662070463805291
0.48748401135339137,13.378690944145045,2.3634568352716157
21.642095556290805,18.412627405530834,5.445384254477584
37.11376521057248,13.378690944145045,3.111636179148602
21.642095556290805,13.378690944145045,5.445384254477584
21.642095556290805,13.378690944145045,4.699228897397729
37.11376521057248,19.256394028703482,4.312296048990254
48.77920810550533,0.6872931344557096,2.5457573199896593
19.53469721634954,15.380412227215404,3.094230447373204
21.642095556290805,23.518276819426227,6.7467633661842665
0.48748401135339137,13.378690944145045,2.3634568352716157
21.642095556290805,13.378690944145045,5.454648093284611
21.642095556290805,13.378690944145045,10.085529232334299
0.48748401135339137,13.378690944145045,2.3634568352716157
8.258017341310033,26.32712069057825,10.0
37.11376521057248,26.19435904241238,5.290206482188582
21.642095556290805,7.983675729506919,3.5453338020430007
21.642095556290805,13.378690944145045,10.196090374819171
21.642095556290805,13.378690944145045,5.454648093284611
21.642095556290805,10.21416822662053,5.3274341208381095
0.48748401135339137,13.378690944145045,2.3634568352716157
0.8948898069744017,13.378690944145045,3.0267274967231845
0.48748401135339137,13.378690944145045,0.22773869283034728
37.11376521057248,13.378690944145045,3.686146915864664
21.642095556290805,13.378690944145045,9.784371812648827
21.642095556290805,34.35263808012001,10.0
0.5289478223852031,12.860372294131775,2.9583852535493445
37.11376521057248,15.796507460796436,4.692754236881484
21.642095556290805,13.378690944145045,4.699228897397729
1.086114525406682,18.750357113003616,2.130203163768422
37.11376521057248,26.19435904241238,5.290206482188582
37.11376521057248,15.796507460796436,4.692754236881484
37.11376521057248,26.19435904241238,5.290206482188582
0.48748401135339137,17.76559532317,0.15451066320872783
21.642095556290805,4.1954723438935995,0.10030522953249471
0.48748401135339137,13.378690944145045,2.3634568352716157
0.5289478223852031,12.860372294131775,2.9583852535493445
21.642095556290805,13.378690944145045,10.196090374819171
21.642095556290805,13.378690944145045,5.454648093284611
21.642095556290805,13.378690944145045,9.784371812648827
37.11376521057248,16.853770472863157,6.589104058038401
48.77920810550533,0.6872931344557096,2.5457573199896593
0.48748401135339137,13.378690944145045,0.22773869283034728
5.409252220074283,13.378690944145045,2.282729057385593
21.642095556290805,13.378690944145045,10.266973338923268
21.642095556290805,13.378690944145045,5.445384254477584
48.517431806525764,13.378690944145045,0.10346520747440334
23.472954476198318,2.7673271006694637,0.10115485361279941
21.642095556290805,7.983675729506919,4.008869613546756
21.642095556290805,13.378690944145045,5.445384254477584
0.8948898069744017,13.378690944145045,3.0267274967231845
21.642095556290805,13.982791190926317,5.404332320330866
5.409252220074283,13.378690944145045,2.282729057385593
21.642095556290805,13.378690944145045,5.454648093284611
0.48748401135339137,13.378690944145045,2.662070463805291
23.472954476198318,2.7673271006694637,0.10115485361279941
25.98427300605847,23.518276819426227,6.629595304092838
0.48748401135339137,13.378690944145045,2.3634568352716157
21.642095556290805,13.378690944145045,9.784371812648827
0.48748401135339137,13.378690944145045,2.3634568352716157
21.642095556290805,34.35263808012001,10.0
21.642095556290805,23.518276819426227,6.7467633661842665
21.642095556290805,13.378690944145045,5.454648093284611
21.642095556290805,13.378690944145045,5.445384254477584
21.642095556290805,10.21416822662053,5.3274341208381095
21.642095556290805,13.378690944145045,8.77372806295443
21.642095556290805,23.518276819426227,6.7467633661842665
23.472954476198318,2.7673271006694637,0.10115485361279941
37.11376521057248,13.378690944145045,4.90045137445687
5.409252220074283,13.378690944145045,2.282729057385593
21.642095556290805,13.378690944145045,5.454648093284611
37.11376521057248,19.256394028703482,4.312296048990254
48.77920810550533,0.6872931344557096,2.5457573199896593
0.48748401135339137,13.378690944145045,2.3634568352716157
37.11376521057248,13.378690944145045,3.111636179148602
21.642095556290805,13.378690944145045,8.77372806295443
0.48748401135339137,13.378690944145045,2.3634568352716157
0.5289478223852031,12.860372294131775,2.9583852535493445
21.642095556290805,13.378690944145045,10.196090374819171
0.48748401135339137,13.378690944145045,2.3634568352716157
0.48748401135339137,13.378690944145045,2.3634568352716157
0.48748401135339137,13.378690944145045,2.3634568352716157
8.258017341310033,26.32712069057825,10.0
8.258017341310033,7.983675729506919,6.734832164025578
0.48748401135339137,13.378690944145045,2.3634568352716157
0.48748401135339137,13.378690944145045,2.662070463805291
21.642095556290805,13.378690944145045,5.454648093284611
37.11376521057248,13.378690944145045,3.1158281231195497
37.11376521057248,19.256394028703482,4.312296048990254
33.16465402855897,13.378690944145045,4.699228897397729
21.642095556290805,10.21416822662053,5.3274341208381095
37.11376521057248,23.518276819426227,8.639158451202869
37.11376521057248,13.378690944145045,4.90045137445687
35.39835550011587,13.378690944145045,4.962445231572953
21.642095556290805,7.983675729506919,4.008869613546756
21.642095556290805,13.378690944145045,5.445384254477584
24.947160499048245,23.518276819426227,6.682196453297542
0.09660623822664116,13.378690944145045,0.10431494692390184
19.53469721634954,15.380412227215404,3.094230447373204
0.09660623822664116,13.378690944145045,0.10431494692390184
21.642095556290805,12.860372294131775,4.7075108728002455
0.48748401135339137,13.343924019483913,0.20039320775344163
37.11376521057248,13.378690944145045,3.111636179148602
21.642095556290805,13.378690944145045,4.699228897397729
8.258017341310033,26.32712069057825,10.0
37.11376521057248,15.796507460796436,4.692754236881484
0.48748401135339137,13.378690944145045,2.3634568352716157
1.086114525406682,18.750357113003616,2.130203163768422
0.48748401135339137,13.378690944145045,2.3634568352716157
21.642095556290805,13.378690944145045,10.085529232334299
0.48748401135339137,13.378690944145045,2.3634568352716157
21.642095556290805,21.34105472150525,5.554823101996615
0.48748401135339137,13.378690944145045,2.3634568352716157
24.947160499048245,23.518276819426227,6.682196453297542
21.642095556290805,12.860372294131775,4.7075108728002455
21.642095556290805,13.378690944145045,5.454648093284611
0.48748401135339137,13.378690944145045,2.3634568352716157
37.11376521057248,16.853770472863157,6.589104058038401
21.642095556290805,13.378690944145045,5.445384254477584
37.11376521057248,18.781212399536976,4.755365726974791
21.642095556290805,13.982791190926317,5.404332320330866
5.409252220074283,13.378690944145045,2.282729057385593
37.11376521057248,15.796507460796436,4.692754236881484
22.132759239117643,13.378690944145045,5.429315554982995
0.5289478223852031,12.860372294131775,2.9583852535493445
21.642095556290805,13.982791190926317,5.404332320330866
0.48748401135339137,13.378690944145045,2.3634568352716157
21.642095556290805,12.860372294131775,4.7075108728002455
0.7915686251337245,13.378690944145045,0.3274582578358396
21.642095556290805,13.378690944145045,9.784371812648827
8.258017341310033,12.860372294131775,5.4189551636489135
21.642095556290805,4.1954723438935995,0.10030522953249471
21.642095556290805,13.378690944145045,8.77372806295443
21.642095556290805,13.378690944145045,5.445384254477584
21.642095556290805,13.982791190926317,5.404332320330866
0.48748401135339137,13.378690944145045,2.3634568352716157
21.642095556290805,23.518276819426227,6.7467633661842665
21.642095556290805,13.378690944145045,10.085529232334299
48.77920810550533,0.6872931344557096,2.5457573199896593
4.2666892439008866,13.378690944145045,2.9501032781468286
37.11376521057248,18.781212399536976,4.755365726974791
0.48748401135339137,13.378690944145045,2.3634568352716157
21.642095556290805,13.378690944145045,4.699228897397729
21.642095556290805,13.378690944145045,5.445384254477584
1.2346603932427955,13.378690944145045,0.5708612454391111
0.48748401135339137,13.378690944145045,2.3634568352716157
37.11376521057248,15.796507460796436,4.692754236881484
0.48748401135339137,13.378690944145045,2.3634568352716157
21.642095556290805,13.378690944145045,5.454648093284611
1.086114525406682,18.750357113003616,2.130203163768422
21.642095556290805,13.378690944145045,5.454648093284611
21.642095556290805,13.378690944145045,10.196090374819171
24.947160499048245,23.518276819426227,6.682196453297542
21.642095556290805,13.378690944145045,5.445384254477584
28.36386312391653,2.1652527354674835,3.038448857464692
21.642095556290805,13.378690944145045,9.784371812648827
4.2666892439008866,13.378690944145045,2.9501032781468286
0.09660623822664116,13.378690944145045,0.10431494692390184
21.642095556290805,7.983675729506919,4.008869613546756
0.48748401135339137,13.378690944145045,2.3634568352716157
21.642095556290805,13.378690944145045,10.45722573362518
21.642095556290805,13.378690944145045,5.445384254477584
37.11376521057248,18.781212399536976,4.755365726974791
0.48748401135339137,13.378690944145045,2.3634568352716157
0.48748401135339137,13.378690944145045,2.3634568352716157
0.48748401135339137,13.378690944145045,2.3634568352716157
48.517431806525764,13.378690944145045,0.10346520747440334
33.16465402855897,13.378690944145045,4.699228897397729
21.642095556290805,13.378690944145045,5.454648093284611
8.258017341310033,26.32712069057825,10.0
24.947160499048245,23.518276819426227,6.682196453297542
21.642095556290805,18.412627405530834,5.445384254477584
21.642095556290805,10.226303500850825,5.329293376218757
0.5289478223852031,12.860372294131775,2.9583852535493445
21.642095556290805,13.378690944145045,5.454648093284611
5.409252220074283,13.378690944145045,2.282729057385593
15.960823710328725,13.378690944145045,7.685422301392142
21.642095556290805,13.378690944145045,5.454648093284611
21.642095556290805,7.983675729506919,3.5453338020430007
37.11376521057248,13.378690944145045,3.111636179148602
25.98427300605847,23.518276819426227,6.629595304092838
37.11376521057248,7.983675729506919,0.10268173050521194
21.642095556290805,13.378690944145045,5.454648093284611
5.409252220074283,13.378690944145045,2.282729057385593
0.48748401135339137,13.378690944145045,2.3634568352716157
1.0427985350125617,15.231086944609642,5.028557689246924
21.642095556290805,12.860372294131775,4.7075108728002455
48.77920810550533,0.6872931344557096,2.5457573199896593
0.48748401135339137,13.378690944145045,2.3634568352716157
21.642095556290805,13.378690944145045,5.454648093284611
25.98427300605847,23.518276819426227,6.629595304092838
0.48748401135339137,13.378690944145045,2.3634568352716157
21.642095556290805,13.378690944145045,9.784371812648827
8.258017341310033,26.32712069057825,10.0
21.642095556290805,13.378690944145045,4.699228897397729
0.48748401135339137,13.378690944145045,2.3634568352716157
0.48748401135339137,13.378690944145045,2.3634568352716157
0.48748401135339137,13.378690944145045,2.3634568352716157
21.642095556290805,13.378690944145045,8.77372806295443
21.642095556290805,21.34105472150525,5.554823101996615
22.132759239117643,13.378690944145045,5.429315554982995
37.11376521057248,13.378690944145045,4.90045137445687
21.642095556290805,7.983675729506919,4.008869613546756
0.7915686251337245,13.378690944145045,0.3274582578358396
0.48748401135339137,17.76559532317,0.15451066320872783
21.642095556290805,4.1954723438935995,0.10030522953249471
21.642095556290805,13.378690944145045,5.454648093284611
37.11376521057248,18.781212399536976,4.755365726974791
37.11376521057248,7.983675729506919,0.10268173050521194
21.642095556290805,13.378690944145045,5.454648093284611
37.11376521057248,26.19435904241238,5.290206482188582
21.642095556290805,13.378690944145045,5.445384254477584
37.11376521057248,15.796507460796436,4.692754236881484
0.48748401135339137,13.378690944145045,2.3634568352716157
21.642095556290805,13.378690944145045,10.45722573362518
0.48748401135339137,17.76559532317,0.15451066320872783
37.11376521057248,13.378690944145045,3.1158281231195497
21.642095556290805,13.378690944145045,5.445384254477584
21.642095556290805,21.34105472150525,5.554823101996615
0.48748401135339137,13.378690944145045,2.3634568352716157
15.960823710328725,13.378690944145045,7.685422301392142
21.642095556290805,18.412627405530834,5.445384254477584
28.36386312391653,2.1652527354674835,3.038448857464692
22.132759239117643,13.378690944145045,5.429315554982995
22.132759239117643,13.378690944145045,5.429315554982995
1.086114525406682,18.750357113003616,2.130203163768422
21.642095556290805,34.35263808012001,10.0
21.642095556290805,13.378690944145045,10.45722573362518
33.16465402855897,13.378690944145045,4.699228897397729
37.11376521057248,13.378690944145045,3.686146915864664
21.642095556290805,13.378690944145045,5.445384254477584
21.642095556290805,13.378690944145045,5.445384254477584
21.642095556290805,7.983675729506919,4.008869613546756
21.642095556290805,13.378690944145045,10.266973338923268
0.48748401135339137,13.378690944145045,2.3634568352716157
21.642095556290805,13.378690944145045,5.454648093284611
21.642095556290805,13.378690944145045,10.196090374819171
8.258017341310033,26.32712069057825,10.0
0.48748401135339137,13.378690944145045,2.3634568352716157
0.7915686251337245,13.378690944145045,0.3274582578358396
37.11376521057248,18.781212399536976,4.755365726974791
21.642095556290805,13.378690944145045,10.453968059928306
0.8948898069744017,13.378690944145045,3.0267274967231845
4.2666892439008866,13.378690944145045,2.9501032781468286
37.11376521057248,13.378690944145045,3.1158281231195497
1.086114525406682,18.750357113003616,2.130203163768422
0.48748401135339137,13.378690944145045,2.662070463805291
21.642095556290805,13.378690944145045,10.266973338923268
21.642095556290805,13.378690944145045,5.454648093284611
48.517431806525764,13.378690944145045,0.10346520747440334
0.48748401135339137,13.378690944145045,2.3634568352716157
21.642095556290805,13.378690944145045,10.196090374819171
21.642095556290805,13.378690944145045,5.454648093284611
15.960823710328725,13.378690944145045,7.685422301392142
21.642095556290805,23.518276819426227,6.7467633661842665
23.472954476198318,2.7673271006694637,0.10115485361279941
0.48748401135339137,17.76559532317,0.15451066320872783
21.642095556290805,13.378690944145045,5.454648093284611
0.48748401135339137,13.378690944145045,2.3634568352716157
23.250677508628545,13.378690944145045,4.5038382672108455
37.11376521057248,19.256394028703482,4.312296048990254
0.48748401135339137,13.378690944145045,0.22773869283034728
21.642095556290805,10.21416822662053,5.3274341208381095
19.078347805112106,13.378690944145045,9.24286281491512
21.642095556290805,13.378690944145045,5.454648093284611
0.09660623822664116,13.378690944145045,0.10431494692390184
21.642095556290805,23.518276819426227,6.7467633661842665
21.642095556290805,13.378690944145045,5.454648093284611
0.48748401135339137,13.378690944145045,2.3634568352716157
1.086114525406682,18.750357113003616,2.130203163768422
21.642095556290805,10.226303500850825,5.329293376218757
48.517431806525764,13.378690944145045,0.10346520747440334
21.642095556290805,13.378690944145045,5.445384254477584
37.11376521057248,13.378690944145045,3.686146915864664
37.11376521057248,13.378690944145045,3.686146915864664
33.16465402855897,13.378690944145045,4.699228897397729
24.947160499048245,23.518276819426227,6.682196453297542
37.11376521057248,13.378690944145045,3.1158281231195497
0.48748401135339137,13.343924019483913,0.20039320775344163
37.11376521057248,23.518276819426227,8.639158451202869
24.947160499048245,23.518276819426227,6.682196453297542
37.11376521057248,13.378690944145045,4.90045137445687
33.16465402855897,13.378690944145045,4.699228897397729
0.09660623822664116,13.378690944145045,0.10431494692390184
21.642095556290805,13.982791190926317,5.404332320330866
8.258017341310033,12.860372294131775,5.4189551636489135
21.642095556290805,13.378690944145045,5.454648093284611
21.642095556290805,13.378690944145045,5.454648093284611
1.0427985350125617,15.231086944609642,5.028557689246924
21.642095556290805,13.378690944145045,5.454648093284611
21.642095556290805,18.412627405530834,5.445384254477584
35.39835550011587,13.378690944145045,4.962445231572953
21.642095556290805,13.378690944145045,10.196090374819171
0.48748401135339137,13.378690944145045,2.3634568352716157
0.48748401135339137,13.378690944145045,2.3634568352716157
0.48748401135339137,13.378690944145045,0.22773869283034728
21.642095556290805,13.378690944145045,10.453968059928306
21.642095556290805,13.378690944145045,10.196090374819171
37.11376521057248,19.256394028703482,4.312296048990254
37.11376521057248,26.19435904241238,5.290206482188582
21.642095556290805,13.378690944145045,5.445384254477584
15.960823710328725,13.378690944145045,7.685422301392142
21.642095556290805,12.860372294131775,4.7075108728002455
28.36386312391653,2.1652527354674835,3.038448857464692
21.642095556290805,13.378690944145045,5.454648093284611
23.250677508628545,13.378690944145045,4.5038382672108455
48.77920810550533,0.6872931344557096,2.5457573199896593
0.13517529172898213,13.378690944145045,0.09018071704669703
37.11376521057248,13.378690944145045,3.111636179148602
0.48748401135339137,17.76559532317,0.15451066320872783
0.5289478223852031,12.860372294131775,2.9583852535493445
28.36386312391653,2.1652527354674835,3.038448857464692
21.642095556290805,13.378690944145045,8.77372806295443
0.48748401135339137,17.76559532317,0.15451066320872783
1.0427985350125617,15.231086944609642,5.028557689246924
15.960823710328725,13.378690944145045,7.685422301392142
0.48748401135339137,13.378690944145045,2.3634568352716157
0.09660623822664116,13.378690944145045,0.10431494692390184
5.409252220074283,13.378690944145045,2.282729057385593
21.642095556290805,12.860372294131775,4.7075108728002455
28.36386312391653,2.1652527354674835,3.038448857464692
0.48748401135339137,13.378690944145045,2.662070463805291
0.48748401135339137,13.378690944145045,2.3634568352716157
21.642095556290805,13.982791190926317,5.404332320330866
21.642095556290805,13.378690944145045,10.266973338923268
4.2666892439008866,13.378690944145045,2.9501032781468286
21.642095556290805,13.378690944145045,5.454648093284611
0.48748401135339137,13.378690944145045,0.22773869283034728
22.132759239117643,13.378690944145045,5.429315554982995
48.517431806525764,13.378690944145045,0.10346520747440334
0.5289478223852031,12.860372294131775,2.9583852535493445
33.16465402855897,13.378690944145045,4.699228897397729
19.53469721634954,15.380412227215404,3.094230447373204
0.48748401135339137,13.378690944145045,2.3634568352716157
21.642095556290805,13.378690944145045,10.196090374819171
0.8948898069744017,13.378690944145045,3.0267274967231845
0.48748401135339137,13.343924019483913,0.20039320775344163
21.642095556290805,23.518276819426227,6.7467633661842665
0.48748401135339137,13.378690944145045,2.3634568352716157
8.258017341310033,12.860372294131775,5.4189551636489135
8.258017341310033,7.983675729506919,6.734832164025578
21.642095556290805,12.860372294131775,4.7075108728002455
21.642095556290805,18.412627405530834,5.445384254477584
35.39835550011587,13.378690944145045,4.962445231572953
21.642095556290805,10.226303500850825,5.329293376218757
21.642095556290805,13.378690944145045,5.454648093284611
35.39835550011587,13.378690944145045,4.962445231572953
4.2666892439008866,13.378690944145045,2.9501032781468286
0.48748401135339137,13.378690944145045,2.3634568352716157
21.642095556290805,13.378690944145045,5.445384254477584
0.7915686251337245,13.378690944145045,0.3274582578358396
21.642095556290805,13.378690944145045,10.266973338923268
21.642095556290805,13.378690944145045,10.453968059928306
0.48748401135339137,13.378690944145045,2.3634568352716157
25.98427300605847,23.518276819426227,6.629595304092838
21.642095556290805,13.378690944145045,5.445384254477584
8.258017341310033,26.32712069057825,10.0
0.48748401135339137,13.343924019483913,0.20039320775344163
8.258017341310033,12.860372294131775,5.4189551636489135
37.11376521057248,13.378690944145045,4.90045137445687
22.132759239117643,13.378690944145045,5.429315554982995
37.11376521057248,16.853770472863157,6.589104058038401
0.7915686251337245,13.378690944145045,0.3274582578358396
37.11376521057248,19.256394028703482,4.312296048990254
21.642095556290805,23.518276819426227,6.7467633661842665
21.642095556290805,13.378690944145045,5.454648093284611
21.642095556290805,18.412627405530834,5.445384254477584
21.642095556290805,13.378690944145045,5.454648093284611
5.409252220074283,13.378690944145045,2.282729057385593
0.8948898069744017,13.378690944145045,3.0267274967231845
0.48748401135339137,13.378690944145045,2.3634568352716157
22.132759239117643,13.378690944145045,5.429315554982995
0.5289478223852031,12.860372294131775,2.9583852535493445
21.642095556290805,13.378690944145045,4.699228897397729
21.642095556290805,21.524322859533264,5.464503765764945
21.642095556290805,13.378690944145045,10.266973338923268
8.258017341310033,26.32712069057825,10.0
21.642095556290805,18.412627405530834,5.445384254477584
33.16465402855897,13.378690944145045,4.699228897397729
0.09660623822664116,13.378690944145045,0.10431494692390184
48.77920810550533,0.6872931344557096,2.5457573199896593
21.642095556290805,13.378690944145045,5.454648093284611
37.11376521057248,7.983675729506919,0.10268173050521194
0.48748401135339137,13.343924019483913,0.20039320775344163
0.13517529172898213,13.378690944145045,0.09018071704669703
21.642095556290805,13.378690944145045,4.699228897397729
0.48748401135339137,13.378690944145045,2.3634568352716157
37.11376521057248,13.378690944145045,3.686146915864664
37.11376521057248,15.796507460796436,4.692754236881484
21.642095556290805,13.378690944145045,5.454648093284611
22.132759239117643,13.378690944145045,5.429315554982995
21.642095556290805,13.378690944145045,5.454648093284611
37.11376521057248,13.378690944145045,4.90045137445687
0.48748401135339137,13.378690944145045,2.3634568352716157
21.642095556290805,13.378690944145045,5.445384254477584
33.16465402855897,13.378690944145045,4.699228897397729
21.642095556290805,13.378690944145045,9.784371812648827
21.642095556290805,13.378690944145045,5.454648093284611
0.5289478223852031,12.860372294131775,2.9583852535493445
21.642095556290805,12.860372294131775,4.7075108728002455
0.48748401135339137,13.378690944145045,2.3634568352716157
21.642095556290805,34.35263808012001,10.0
21.642095556290805,13.378690944145045,10.266973338923268
5.409252220074283,13.378690944145045,2.282729057385593
0.48748401135339137,13.378690944145045,0.22773869283034728
4.2666892439008866,13.378690944145045,2.9501032781468286
21.642095556290805,10.226303500850825,5.329293376218757
0.48748401135339137,13.378690944145045,2.3634568352716157
0.48748401135339137,13.378690944145045,2.3634568352716157
0.48748401135339137,13.378690944145045,2.3634568352716157
0.48748401135339137,13.378690944145045,2.3634568352716157
21.642095556290805,23.518276819426227,6.7467633661842665
21.642095556290805,21.34105472150525,5.554823101996615
37.11376521057248,18.781212399536976,4.755365726974791
35.39835550011587,13.378690944145045,4.962445231572953
21.642095556290805,13.378690944145045,10.085529232334299
37.11376521057248,13.378690944145045,3.111636179148602
21.642095556290805,10.21416822662053,5.3274341208381095
21.642095556290805,13.378690944145045,10.453968059928306
21.642095556290805,13.378690944145045,5.454648093284611
1.086114525406682,18.750357113003616,2.130203163768422
21.642095556290805,13.982791190926317,5.404332320330866
21.642095556290805,13.378690944145045,5.454648093284611
0.48748401135339137,13.378690944145045,2.3634568352716157
21.642095556290805,13.378690944145045,5.454648093284611
21.642095556290805,13.378690944145045,4.699228897397729
21.642095556290805,21.524322859533264,5.464503765764945
21.642095556290805,13.378690944145045,10.266973338923268
1.086114525406682,18.750357113003616,2.130203163768422
21.642095556290805,13.378690944145045,9.784371812648827
21.642095556290805,7.983675729506919,4.008869613546756
21.642095556290805,13.378690944145045,5.454648093284611
21.642095556290805,13.378690944145045,10.266973338923268
19.078347805112106,13.378690944145045,9.24286281491512
1.086114525406682,18.750357113003616,2.130203163768422
25.98427300605847,23.518276819426227,6.629595304092838
37.11376521057248,7.983675729506919,0.10268173050521194
21.642095556290805,13.378690944145045,5.445384254477584
21.642095556290805,13.378690944145045,10.196090374819171
21.642095556290805,13.378690944145045,5.454648093284611
21.642095556290805,13.378690944145045,5.454648093284611
48.517431806525764,13.378690944145045,0.10346520747440334
1.086114525406682,18.750357113003616,2.130203163768422
0.48748401135339137,17.76559532317,0.15451066320872783
21.642095556290805,13.378690944145045,5.445384254477584
21.642095556290805,18.412627405530834,5.445384254477584
0.48748401135339137,13.343924019483913,0.20039320775344163
5.409252220074283,13.378690944145045,2.282729057385593
37.11376521057248,7.983675729506919,0.10268173050521194
21.642095556290805,13.378690944145045,5.454648093284611
0.48748401135339137,13.378690944145045,2.3634568352716157
21.642095556290805,13.378690944145045,10.085529232334299
21.642095556290805,18.412627405530834,5.445384254477584
35.39835550011587,13.378690944145045,4.962445231572953
37.11376521057248,13.378690944145045,4.90045137445687
21.642095556290805,10.21416822662053,5.3274341208381095
37.11376521057248,7.983675729506919,0.10268173050521194
21.642095556290805,13.378690944145045,8.77372806295443
21.642095556290805,13.378690944145045,10.45722573362518
21.642095556290805,10.226303500850825,5.329293376218757
21.642095556290805,13.378690944145045,5.445384254477584
21.642095556290805,21.524322859533264,5.464503765764945
21.642095556290805,13.378690944145045,10.085529232334299
21.642095556290805,13.378690944145045,5.454648093284611
0.48748401135339137,13.378690944145045,2.3634568352716157
19.078347805112106,13.378690944145045,9.24286281491512
21.642095556290805,13.378690944145045,9.784371812648827
21.642095556290805,13.378690944145045,5.454648093284611
21.642095556290805,13.378690944145045,5.454648093284611
37.11376521057248,19.256394028703482,4.312296048990254
21.642095556290805,13.378690944145045,5.445384254477584
0.7915686251337245,13.378690944145045,0.3274582578358396
0.48748401135339137,13.378690944145045,2.662070463805291
21.642095556290805,13.378690944145045,10.453968059928306
21.642095556290805,34.35263808012001,10.0
21.642095556290805,13.378690944145045,5.454648093284611
22.132759239117643,13.378690944145045,5.429315554982995
5.409252220074283,13.378690944145045,2.282729057385593
48.517431806525764,13.378690944145045,0.10346520747440334
8.258017341310033,26.32712069057825,10.0
37.11376521057248,18.781212399536976,4.755365726974791
37.11376521057248,7.983675729506919,0.10268173050521194
21.642095556290805,13.378690944145045,5.454648093284611
21.642095556290805,10.226303500850825,5.329293376218757
22.132759239117643,13.378690944145045,5.429315554982995
21.642095556290805,7.983675729506919,4.008869613546756
0.48748401135339137,13.378690944145045,2.3634568352716157
0.48748401135339137,13.378690944145045,2.3634568352716157
21.642095556290805,13.378690944145045,5.454648093284611
21.642095556290805,10.21416822662053,5.3274341208381095
0.48748401135339137,13.378690944145045,2.3634568352716157
37.11376521057248,19.256394028703482,4.312296048990254
21.642095556290805,13.982791190926317,5.404332320330866
21.642095556290805,13.378690944145045,5.454648093284611
0.48748401135339137,13.378690944145045,2.3634568352716157
0.48748401135339137,13.378690944145045,0.22773869283034728
0.48748401135339137,13.378690944145045,2.3634568352716157
35.39835550011587,13.378690944145045,4.962445231572953
21.642095556290805,13.982791190926317,5.404332320330866
21.642095556290805,21.524322859533264,5.464503765764945
0.48748401135339137,13.378690944145045,2.3634568352716157
0.48748401135339137,13.343924019483913,0.20039320775344163
21.642095556290805,13.378690944145045,10.085529232334299
21.642095556290805,13.378690944145045,5.454648093284611
37.11376521057248,13.378690944145045,3.111636179148602
21.642095556290805,13.378690944145045,5.454648093284611
21.642095556290805,13.378690944145045,5.454648093284611
0.48748401135339137,13.378690944145045,2.3634568352716157
21.642095556290805,13.378690944145045,5.454648093284611
0.48748401135339137,13.378690944145045,2.3634568352716157
37.11376521057248,13.378690944145045,4.90045137445687
21.642095556290805,13.378690944145045,10.085529232334299
21.642095556290805,13.378690944145045,5.454648093284611
21.642095556290805,13.378690944145045,10.196090374819171
21.642095556290805,13.378690944145045,10.085529232334299
0.09660623822664116,13.378690944145045,0.10431494692390184
21.642095556290805,13.378690944145045,5.454648093284611
0.7915686251337245,13.378690944145045,0.3274582578358396
0.48748401135339137,13.378690944145045,2.3634568352716157
1.086114525406682,18.750357113003616,2.130203163768422
0.48748401135339137,13.378690944145045,2.3634568352716157
0.7915686251337245,13.378690944145045,0.3274582578358396
37.11376521057248,13.378690944145045,4.90045137445687
21.642095556290805,7.983675729506919,4.008869613546756
0.48748401135339137,17.76559532317,0.15451066320872783
0.48748401135339137,13.378690944145045,2.3634568352716157
21.642095556290805,13.378690944145045,5.454648093284611
