1.0427985350125617,13.378690944145045,0.5006423068803348
16.048678019150856,13.378690944145045,7.055445829842084
11.933369609263632,12.099335011011593,6.343745260314314
37.11376521057248,23.518276819426227,8.951746414173265
16.048678019150856,13.378690944145045,7.055445829842084
1.0427985350125617,13.378690944145045,0.4835463186466872
1.298188845342107,13.378690944145045,8.860420862933433
21.642095556290805,3.3715553712941695,0.10034793323412877
37.17796744895455,13.378690944145045,3.332726476064929
17.077264628646937,13.378690944145045,6.983327960097444
21.642095556290805,8.47780042436467,5.101378052418188
21.642095556290805,7.983675729506919,3.8204411761289907
37.17796744895455,13.378690944145045,3.332726476064929
1.095209809309619,13.378690944145045,10.116227588237578
21.642095556290805,13.378690944145045,9.556924729519212
21.642095556290805,23.378964858984208,6.055894364606548
21.642095556290805,15.815073341569544,10.27592576756312
1.0693773500892083,13.378690944145045,0.5166182082572597
37.11376521057248,21.022990077571524,3.591413911851964
37.11376521057248,13.378690944145045,3.1158281231195497
21.642095556290805,13.378690944145045,9.483298638212249
21.642095556290805,18.589831400321078,6.620216343057604
55.56385685150578,13.378690944145045,3.2083182872196936
1.0427985350125617,13.378690944145045,0.5006423068803348
21.642095556290805,13.378690944145045,9.08540018974635
37.11376521057248,23.518276819426227,8.951746414173265
21.642095556290805,13.378690944145045,10.330023843866995
17.077264628646937,13.378690944145045,6.983327960097444
1.298188845342107,13.507130042236488,0.5717994944789584
11.933369609263632,12.099335011011593,6.343745260314314
26.696409159401952,13.378690944145045,8.41597981509934
16.048678019150856,13.378690944145045,7.055445829842084
1.0427985350125617,13.378690944145045,0.4835463186466872
37.11376521057248,13.378690944145045,3.094230447373204
8.926886649764459,13.378690944145045,3.616630677366738
21.642095556290805,7.983675729506919,3.8204411761289907
8.258017341310033,13.378690944145045,3.6111213427282762
1.0693773500892083,13.378690944145045,0.5166182082572597
37.11376521057248,6.532911625156158,0.10074112439791902
37.11376521057248,13.378690944145045,3.1158281231195497
54.528009613053044,13.378690944145045,0.09593455045881218
1.0427985350125617,13.378690944145045,0.5006423068803348
