21.642095556290805,16.027550760208186,8.755902954423199
21.642095556290805,19.3099016401069,6.126346857044392
23.335570561118406,19.3099016401069,6.819677789895901
40.13756876220766,18.740764040254643,7.216442027885041
45.79586760766256,19.3099016401069,5.262766462416411
19.42049298962634,11.96674112658412,6.680045850643172
23.335570561118406,21.93041418631151,5.127326874319806
23.335570561118406,8.199301044775217,3.0991634603718405
29.318839456680283,19.3099016401069,7.1703874626771125
45.79586760766256,19.3099016401069,5.447732104074212
1.1689972152407222,19.3099016401069,3.8385987475128234
40.62332499753552,15.89074207844427,4.421626136694966
45.79586760766256,21.93041418631151,5.6778363569429775
45.79586760766256,19.3099016401069,5.447732104074212
23.335570561118406,19.3099016401069,6.138003051822022
63.51995353488111,19.3099016401069,5.391911583294938
40.48457661540067,19.3099016401069,6.662134986406284
45.79586760766256,19.3099016401069,5.447732104074212
21.642095556290805,19.3099016401069,6.481121739411943
45.79586760766256,19.3099016401069,5.447732104074212
45.79586760766256,11.96674112658412,3.6428649795690107
45.79586760766256,19.3099016401069,5.447732104074212
45.79586760766256,0.010050156729430881,0.09487274681104346
6.478820272191456,12.250048990814145,2.926375889371688
40.62332499753552,33.465841688095196,9.219940488565069
45.79586760766256,32.3819531870822,5.391911583294938
45.79586760766256,21.93041418631151,5.6778363569429775
45.79586760766256,19.3099016401069,5.447732104074212
45.79586760766256,19.3099016401069,5.98945975656682
40.62332499753552,7.516371367127135,7.946951114673391
40.62332499753552,21.93041418631151,8.551083295543178
29.318839456680283,19.3099016401069,7.1703874626771125
45.79586760766256,19.3099016401069,5.372349785575734
45.79586760766256,19.3099016401069,5.447732104074212
32.41922155822051,19.3099016401069,7.303284847022542
40.62332499753552,21.93041418631151,9.531568765431462
1.1689972152407222,33.868161606097445,0.1955162036510386
1.1689972152407222,19.3099016401069,3.8385987475128234
29.318839456680283,19.3099016401069,7.1703874626771125
40.62332499753552,16.656661849601047,5.730096651135028
1.1689972152407222,21.93041418631151,10.0
1.0361889272840163,19.19408214793612,0.3242112680330639
29.521195218004788,21.93041418631151,8.553643101658036
45.79586760766256,19.3099016401069,5.447732104074212
45.79586760766256,11.96674112658412,0.10640069414779156
89.0080048202953,19.3099016401069,0.10507689446951958
12.394248595234128,19.3099016401069,6.165164291215634
1.1689972152407222,21.93041418631151,4.459361253190245
21.642095556290805,19.3099016401069,6.126346857044392
29.318839456680283,19.3099016401069,7.1703874626771125
23.335570561118406,6.388398137089628,0.1078485745532286
45.79586760766256,19.3099016401069,5.447732104074212
45.79586760766256,11.96674112658412,3.6428649795690107
21.642095556290805,19.3099016401069,6.165164291215634
29.318839456680283,12.953120273515042,6.493924084760131
45.79586760766256,19.3099016401069,5.447732104074212
29.318839456680283,19.3099016401069,9.549008076125475
14.35077517319144,15.672961409656613,7.483892501770457
21.642095556290805,19.941659584028365,7.351444595060716
45.79586760766256,19.3099016401069,5.391911583294938
29.318839456680283,19.3099016401069,7.1703874626771125
29.318839456680283,19.3099016401069,9.896872679257173
21.642095556290805,19.3099016401069,6.8538706997307965
45.79586760766256,8.284176611033697,5.587556068680234
45.79586760766256,19.3099016401069,5.5792575664125605
21.45531470180675,19.047578652388893,4.367629516675944
40.62332499753552,19.3099016401069,6.677149545565536
4.6109540626253605,19.3099016401069,5.948216900642514
45.79586760766256,21.93041418631151,5.6778363569429775
40.62332499753552,12.250048990814145,0.11535778936298574
45.79586760766256,19.3099016401069,5.447732104074212
40.62332499753552,16.122384975544485,4.739818605197584
23.335570561118406,19.3099016401069,6.425636135275333
23.335570561118406,11.96674112658412,4.7627258855671215
21.642095556290805,12.953120273515042,6.956952610399762
21.642095556290805,19.3099016401069,6.126346857044392
29.318839456680283,19.3099016401069,7.1703874626771125
21.642095556290805,19.3099016401069,6.244978651964338
29.318839456680283,19.3099016401069,7.1703874626771125
45.79586760766256,19.3099016401069,5.447732104074212
