23.10537258219561,2.1977742485961667,0.10755210961445749
34.27818292686965,12.099335011011593,9.008292285770342
23.10537258219561,2.1977742485961667,0.10755210961445749
21.642095556290805,16.806066864879906,8.243864782103335
30.90236988887793,6.776008892575311,0.10752169318111642
21.642095556290805,16.806066864879906,8.243864782103335
30.90236988887793,6.776008892575311,0.10752169318111642
21.642095556290805,16.806066864879906,8.243864782103335
21.642095556290805,13.378690944145045,10.152535323224981
34.27818292686965,12.099335011011593,9.008292285770342
21.642095556290805,21.927434083998055,9.388315199003415
30.90236988887793,6.776008892575311,0.10752169318111642
21.642095556290805,13.378690944145045,9.275687186868613
21.642095556290805,13.378690944145045,9.995691667811117
21.642095556290805,16.806066864879906,8.243864782103335
22.37510012122925,12.099335011011593,9.231772165933183
21.642095556290805,13.378690944145045,8.920561635048637
21.642095556290805,13.378690944145045,10.121462706070435
21.642095556290805,13.378690944145045,10.152535323224981
10.017357213833835,16.205392378218512,4.05221369852117
30.90236988887793,6.776008892575311,0.10752169318111642
21.642095556290805,13.378690944145045,9.995691667811117
21.642095556290805,13.378690944145045,10.121462706070435
10.017357213833835,16.205392378218512,4.05221369852117
23.10537258219561,2.1977742485961667,0.10755210961445749
22.37510012122925,12.099335011011593,9.231772165933183
21.642095556290805,13.378690944145045,9.995691667811117
21.642095556290805,13.378690944145045,8.920561635048637
18.37248647726437,3.907370995046362,0.1033586294448665
21.642095556290805,13.378690944145045,9.107561792834959
21.642095556290805,13.378690944145045,9.35242279538782
10.017357213833835,16.205392378218512,4.05221369852117
21.642095556290805,13.378690944145045,9.918769698903247
21.642095556290805,13.378690944145045,9.044037782657531
18.37248647726437,3.907370995046362,0.1033586294448665
21.642095556290805,13.378690944145045,9.995691667811117
21.642095556290805,13.378690944145045,9.284092042700033
21.642095556290805,13.378690944145045,10.152535323224981
21.642095556290805,13.378690944145045,9.806628340380428
21.642095556290805,13.378690944145045,9.29903280970005
21.642095556290805,12.099335011011593,8.983842786811495
21.642095556290805,13.378690944145045,10.350291934405254
30.90236988887793,6.776008892575311,0.10752169318111642
4.526324029436566,13.378690944145045,2.113125152863651
21.642095556290805,13.378690944145045,9.275687186868613
11.073150005586022,13.378690944145045,4.600566496986359
