27.551923975933875,13.378690944145045,4.701873372767954
37.11376521057248,16.853770472863157,6.589104058038401
28.36386312391653,2.1652527354674835,3.038448857464692
8.258017341310033,12.860372294131775,5.4189551636489135
21.642095556290805,22.15237141547215,5.654406139802608
21.642095556290805,34.35263808012001,10.0
37.11376521057248,13.378690944145045,4.4258491098153705
37.11376521057248,23.518276819426227,6.473383578601908
37.11376521057248,12.860372294131775,4.692754236881484
37.11376521057248,23.518276819426227,6.533990493750796
37.11376521057248,18.781212399536976,4.755365726974791
21.642095556290805,13.378690944145045,5.445384254477584
37.11376521057248,12.860372294131775,4.692754236881484
21.642095556290805,13.378690944145045,5.445384254477584
19.53469721634954,15.380412227215404,3.094230447373204
21.642095556290805,13.378690944145045,5.445384254477584
19.078347805112106,13.378690944145045,9.24286281491512
8.258017341310033,12.860372294131775,5.4189551636489135
21.642095556290805,13.378690944145045,5.445384254477584
21.642095556290805,13.378690944145045,5.445384254477584
21.642095556290805,13.378690944145045,5.445384254477584
21.642095556290805,13.378690944145045,5.445384254477584
21.642095556290805,13.378690944145045,5.445384254477584
21.642095556290805,34.35263808012001,10.0
21.642095556290805,13.378690944145045,4.699228897397729
28.36386312391653,2.1652527354674835,3.038448857464692
0.13517529172898213,13.378690944145045,0.09473298025581406
37.11376521057248,12.860372294131775,2.4552792420989142
0.13517529172898213,13.378690944145045,0.09473298025581406
21.642095556290805,13.378690944145045,5.445384254477584
21.642095556290805,20.24071270418928,5.1320708022280295
21.642095556290805,13.378690944145045,5.445384254477584
21.642095556290805,22.15237141547215,5.654406139802608
21.642095556290805,23.518276819426227,6.7467633661842665
21.642095556290805,12.860372294131775,4.7075108728002455
21.642095556290805,13.378690944145045,5.445384254477584
21.642095556290805,13.378690944145045,5.445384254477584
21.86222019183519,13.378690944145045,4.702743008570398
21.642095556290805,13.378690944145045,5.445384254477584
1.0427985350125617,13.378690944145045,0.48399621560124906
21.642095556290805,4.1954723438935995,0.10030522953249471
21.642095556290805,13.378690944145045,9.069481122228055
25.98427300605847,23.518276819426227,6.41996105585809
27.551923975933875,13.378690944145045,4.701873372767954
21.642095556290805,13.378690944145045,5.445384254477584
21.642095556290805,13.378690944145045,4.699228897397729
37.11376521057248,13.378690944145045,3.686146915864664
21.642095556290805,13.378690944145045,5.445384254477584
21.642095556290805,13.378690944145045,10.370473141201298
21.642095556290805,13.378690944145045,5.445384254477584
37.11376521057248,23.518276819426227,6.533990493750796
48.77920810550533,0.6872931344557096,2.5457573199896593
21.642095556290805,13.378690944145045,5.445384254477584
21.642095556290805,13.378690944145045,4.699228897397729
37.11376521057248,12.860372294131775,2.4552792420989142
21.642095556290805,13.378690944145045,5.445384254477584
1.0427985350125617,15.231086944609642,5.028557689246924
33.16465402855897,13.378690944145045,4.699228897397729
21.642095556290805,13.378690944145045,5.445384254477584
21.642095556290805,13.378690944145045,10.45722573362518
21.642095556290805,21.34105472150525,5.554823101996615
21.642095556290805,13.378690944145045,9.784371812648827
21.642095556290805,13.378690944145045,5.445384254477584
33.16465402855897,13.378690944145045,4.699228897397729
21.642095556290805,12.860372294131775,4.7075108728002455
21.642095556290805,12.860372294131775,4.7075108728002455
27.551923975933875,13.378690944145045,4.701873372767954
51.37461153179219,12.860372294131775,4.692754236881484
21.642095556290805,23.518276819426227,6.7467633661842665
21.642095556290805,13.378690944145045,5.445384254477584
21.642095556290805,23.518276819426227,6.7467633661842665
35.717438282972225,13.378690944145045,5.104023056262067
8.258017341310033,7.983675729506919,6.734832164025578
19.53469721634954,15.380412227215404,3.094230447373204
37.11376521057248,23.518276819426227,6.533990493750796
21.642095556290805,13.378690944145045,9.784371812648827
35.717438282972225,13.378690944145045,5.104023056262067
21.642095556290805,13.378690944145045,5.445384254477584
37.11376521057248,23.518276819426227,6.533990493750796
21.642095556290805,13.378690944145045,5.445384254477584
37.11376521057248,26.19435904241238,5.290206482188582
37.11376521057248,23.518276819426227,6.473383578601908
37.11376521057248,13.378690944145045,3.4851831386954704
1.0427985350125617,13.378690944145045,0.48399621560124906
37.11376521057248,23.518276819426227,6.533990493750796
25.98427300605847,23.518276819426227,6.41996105585809
19.53469721634954,15.380412227215404,3.094230447373204
21.642095556290805,13.378690944145045,5.445384254477584
21.642095556290805,13.378690944145045,5.445384254477584
21.642095556290805,13.378690944145045,9.784371812648827
21.642095556290805,21.34105472150525,5.554823101996615
19.078347805112106,13.378690944145045,9.24286281491512
0.13517529172898213,13.378690944145045,0.09473298025581406
35.717438282972225,13.378690944145045,5.104023056262067
21.642095556290805,34.35263808012001,10.0
21.642095556290805,12.860372294131775,4.7075108728002455
21.642095556290805,23.518276819426227,6.7467633661842665
37.11376521057248,13.378690944145045,3.686146915864664
8.258017341310033,12.860372294131775,5.4189551636489135
21.642095556290805,13.378690944145045,5.445384254477584
0.48748401135339137,13.378690944145045,2.662070463805291
8.258017341310033,26.32712069057825,10.0
21.642095556290805,12.860372294131775,4.7075108728002455
37.11376521057248,23.518276819426227,8.639158451202869
21.642095556290805,13.378690944145045,5.445384254477584
21.642095556290805,13.378690944145045,9.784371812648827
21.642095556290805,13.378690944145045,5.445384254477584
37.11376521057248,13.378690944145045,3.686146915864664
8.258017341310033,7.983675729506919,6.734832164025578
21.642095556290805,13.378690944145045,5.445384254477584
21.642095556290805,23.518276819426227,6.7467633661842665
19.078347805112106,13.378690944145045,9.24286281491512
22.132759239117643,10.226303500850825,5.047759010017757
21.642095556290805,13.378690944145045,5.445384254477584
21.642095556290805,13.378690944145045,5.445384254477584
37.11376521057248,13.378690944145045,3.686146915864664
1.095209809309619,13.378690944145045,3.0267274967231845
37.11376521057248,26.19435904241238,5.290206482188582
37.11376521057248,7.983675729506919,0.10268173050521194
21.642095556290805,13.378690944145045,5.445384254477584
19.53469721634954,15.380412227215404,3.094230447373204
21.642095556290805,7.983675729506919,3.5453338020430007
21.642095556290805,13.378690944145045,5.445384254477584
21.642095556290805,13.378690944145045,4.699228897397729
21.642095556290805,13.378690944145045,5.445384254477584
21.642095556290805,21.34105472150525,5.554823101996615
21.642095556290805,13.378690944145045,5.445384254477584
21.642095556290805,13.378690944145045,5.445384254477584
21.642095556290805,13.378690944145045,5.445384254477584
21.642095556290805,13.378690944145045,5.445384254477584
8.258017341310033,7.983675729506919,6.734832164025578
21.642095556290805,13.378690944145045,4.699228897397729
21.642095556290805,13.378690944145045,9.069481122228055
48.77920810550533,0.6872931344557096,2.5457573199896593
21.642095556290805,13.378690944145045,5.445384254477584
0.5289478223852031,12.860372294131775,2.9583852535493445
24.364669470252768,3.6423261656763284,2.955306492438045
21.642095556290805,13.378690944145045,9.069481122228055
8.258017341310033,7.983675729506919,6.734832164025578
21.642095556290805,13.378690944145045,5.445384254477584
21.642095556290805,13.378690944145045,5.445384254477584
21.642095556290805,13.378690944145045,5.445384254477584
21.642095556290805,22.15237141547215,5.654406139802608
27.551923975933875,13.378690944145045,4.701873372767954
1.0427985350125617,15.231086944609642,5.028557689246924
21.642095556290805,13.378690944145045,5.445384254477584
37.11376521057248,23.518276819426227,6.533990493750796
28.36386312391653,2.1652527354674835,3.038448857464692
21.642095556290805,13.378690944145045,5.445384254477584
27.551923975933875,13.378690944145045,4.701873372767954
21.642095556290805,13.378690944145045,9.143043902324377
24.364669470252768,3.6423261656763284,2.955306492438045
21.642095556290805,13.378690944145045,5.445384254477584
21.86222019183519,13.378690944145045,4.702743008570398
21.86222019183519,13.378690944145045,4.702743008570398
21.642095556290805,20.780880587434712,5.425469436613616
37.11376521057248,13.378690944145045,3.4851831386954704
21.642095556290805,13.378690944145045,5.445384254477584
22.132759239117643,10.226303500850825,5.047759010017757
21.642095556290805,13.378690944145045,5.445384254477584
21.642095556290805,13.378690944145045,5.445384254477584
21.642095556290805,13.378690944145045,5.445384254477584
27.551923975933875,13.378690944145045,4.701873372767954
21.642095556290805,13.378690944145045,10.370473141201298
21.642095556290805,13.378690944145045,5.445384254477584
28.36386312391653,2.1652527354674835,3.038448857464692
37.11376521057248,13.378690944145045,3.4851831386954704
19.078347805112106,13.378690944145045,9.24286281491512
21.642095556290805,13.378690944145045,5.445384254477584
21.642095556290805,13.378690944145045,5.445384254477584
1.095209809309619,13.378690944145045,3.0267274967231845
21.642095556290805,13.378690944145045,5.445384254477584
8.258017341310033,26.32712069057825,10.0
21.642095556290805,34.35263808012001,10.0
8.258017341310033,26.32712069057825,10.0
21.642095556290805,34.35263808012001,10.0
35.717438282972225,13.378690944145045,5.104023056262067
21.642095556290805,34.35263808012001,10.0
37.11376521057248,12.860372294131775,2.4552792420989142
35.717438282972225,13.378690944145045,5.104023056262067
21.642095556290805,13.378690944145045,5.445384254477584
21.642095556290805,13.378690944145045,5.445384254477584
37.11376521057248,18.781212399536976,4.755365726974791
37.11376521057248,13.378690944145045,3.1158281231195497
21.642095556290805,13.378690944145045,5.445384254477584
0.48748401135339137,13.378690944145045,2.662070463805291
21.642095556290805,23.518276819426227,6.7467633661842665
23.472954476198318,2.7673271006694637,0.10115485361279941
37.11376521057248,23.518276819426227,6.473383578601908
21.642095556290805,13.378690944145045,10.370473141201298
37.11376521057248,16.853770472863157,6.589104058038401
37.11376521057248,23.518276819426227,6.533990493750796
21.642095556290805,13.378690944145045,10.45722573362518
23.472954476198318,2.7673271006694637,0.10115485361279941
23.472954476198318,2.7673271006694637,0.10115485361279941
21.642095556290805,12.860372294131775,4.7075108728002455
8.258017341310033,12.860372294131775,5.4189551636489135
37.11376521057248,12.860372294131775,2.4552792420989142
21.642095556290805,20.780880587434712,5.425469436613616
37.11376521057248,23.518276819426227,6.473383578601908
21.642095556290805,23.518276819426227,6.7467633661842665
21.642095556290805,13.378690944145045,5.445384254477584
21.642095556290805,13.378690944145045,5.445384254477584
21.642095556290805,13.378690944145045,5.445384254477584
0.48748401135339137,13.378690944145045,2.662070463805291
21.642095556290805,13.378690944145045,5.445384254477584
21.642095556290805,13.378690944145045,10.370473141201298
21.642095556290805,21.34105472150525,5.554823101996615
21.642095556290805,22.15237141547215,5.654406139802608
21.642095556290805,7.983675729506919,3.5453338020430007
37.11376521057248,23.518276819426227,6.533990493750796
21.642095556290805,12.860372294131775,4.7075108728002455
0.48748401135339137,13.378690944145045,2.662070463805291
24.364669470252768,3.6423261656763284,2.955306492438045
37.11376521057248,26.19435904241238,5.290206482188582
21.642095556290805,13.378690944145045,5.445384254477584
21.642095556290805,23.518276819426227,6.7467633661842665
21.642095556290805,13.378690944145045,5.445384254477584
27.551923975933875,13.378690944145045,4.701873372767954
8.258017341310033,12.860372294131775,5.4189551636489135
37.11376521057248,7.983675729506919,0.10268173050521194
28.36386312391653,2.1652527354674835,3.038448857464692
21.642095556290805,13.378690944145045,10.45722573362518
4.2666892439008866,13.378690944145045,2.9501032781468286
21.642095556290805,13.378690944145045,5.445384254477584
37.11376521057248,13.378690944145045,3.686146915864664
21.642095556290805,13.378690944145045,9.069481122228055
21.642095556290805,20.24071270418928,5.1320708022280295
21.642095556290805,13.378690944145045,8.77372806295443
21.642095556290805,13.378690944145045,5.445384254477584
21.642095556290805,4.1954723438935995,0.10030522953249471
21.642095556290805,13.378690944145045,5.445384254477584
21.642095556290805,13.378690944145045,5.445384254477584
21.642095556290805,13.378690944145045,5.445384254477584
37.11376521057248,23.518276819426227,6.473383578601908
5.409252220074283,13.378690944145045,5.458212967462961
37.11376521057248,23.518276819426227,6.533990493750796
19.53469721634954,15.380412227215404,3.094230447373204
8.258017341310033,26.32712069057825,10.0
21.642095556290805,13.378690944145045,5.445384254477584
21.642095556290805,34.35263808012001,10.0
1.095209809309619,13.378690944145045,3.0267274967231845
37.11376521057248,26.19435904241238,5.290206482188582
37.11376521057248,12.860372294131775,4.692754236881484
24.364669470252768,3.6423261656763284,2.955306492438045
35.717438282972225,13.378690944145045,5.104023056262067
1.0427985350125617,13.378690944145045,0.48399621560124906
21.642095556290805,13.378690944145045,9.143043902324377
21.642095556290805,23.518276819426227,6.7467633661842665
21.642095556290805,21.34105472150525,5.554823101996615
21.642095556290805,13.378690944145045,5.445384254477584
21.642095556290805,13.378690944145045,5.445384254477584
21.642095556290805,13.378690944145045,4.699228897397729
21.642095556290805,12.860372294131775,4.7075108728002455
0.13517529172898213,13.378690944145045,0.09473298025581406
21.642095556290805,13.378690944145045,10.45722573362518
24.947160499048245,23.518276819426227,6.682196453297542
21.642095556290805,13.378690944145045,5.445384254477584
21.642095556290805,13.378690944145045,5.445384254477584
37.11376521057248,23.518276819426227,6.533990493750796
1.0427985350125617,13.378690944145045,0.48399621560124906
28.36386312391653,2.1652527354674835,3.038448857464692
21.642095556290805,13.378690944145045,5.445384254477584
37.11376521057248,12.860372294131775,2.4552792420989142
21.642095556290805,13.378690944145045,9.143043902324377
35.717438282972225,13.378690944145045,5.104023056262067
21.642095556290805,13.378690944145045,4.699228897397729
21.642095556290805,13.378690944145045,5.445384254477584
33.16465402855897,13.378690944145045,4.699228897397729
28.36386312391653,2.1652527354674835,3.038448857464692
24.947160499048245,23.518276819426227,6.682196453297542
1.0427985350125617,13.378690944145045,0.48399621560124906
21.642095556290805,13.378690944145045,5.445384254477584
21.642095556290805,13.378690944145045,5.445384254477584
21.642095556290805,13.378690944145045,5.445384254477584
1.095209809309619,13.378690944145045,3.0267274967231845
28.36386312391653,2.1652527354674835,3.038448857464692
23.472954476198318,2.7673271006694637,0.10115485361279941
21.642095556290805,20.24071270418928,5.1320708022280295
21.642095556290805,34.35263808012001,10.0
37.11376521057248,13.378690944145045,3.4851831386954704
37.11376521057248,23.518276819426227,8.639158451202869
15.960823710328725,13.378690944145045,7.685422301392142
37.11376521057248,26.19435904241238,5.290206482188582
21.642095556290805,20.780880587434712,5.425469436613616
21.642095556290805,13.378690944145045,10.45722573362518
21.642095556290805,13.378690944145045,5.445384254477584
21.642095556290805,13.378690944145045,5.445384254477584
21.642095556290805,13.378690944145045,5.445384254477584
8.258017341310033,26.32712069057825,10.0
21.642095556290805,22.15237141547215,5.654406139802608
21.642095556290805,13.378690944145045,9.143043902324377
21.642095556290805,13.378690944145045,4.699228897397729
21.86222019183519,13.378690944145045,4.702743008570398
21.642095556290805,23.518276819426227,6.7467633661842665
21.642095556290805,13.378690944145045,5.445384254477584
21.642095556290805,23.518276819426227,6.7467633661842665
1.095209809309619,13.378690944145045,3.0267274967231845
21.642095556290805,13.378690944145045,10.370473141201298
37.11376521057248,13.378690944145045,3.4851831386954704
21.642095556290805,13.378690944145045,5.445384254477584
15.960823710328725,13.378690944145045,7.685422301392142
21.642095556290805,4.1954723438935995,0.10030522953249471
21.642095556290805,13.378690944145045,5.445384254477584
21.642095556290805,13.378690944145045,9.784371812648827
4.2666892439008866,13.378690944145045,2.9501032781468286
23.250677508628545,13.378690944145045,4.5038382672108455
1.0427985350125617,15.231086944609642,5.028557689246924
21.642095556290805,13.378690944145045,5.445384254477584
21.642095556290805,13.378690944145045,9.143043902324377
21.642095556290805,13.378690944145045,5.445384254477584
21.642095556290805,13.378690944145045,5.445384254477584
21.642095556290805,4.1954723438935995,0.10030522953249471
21.642095556290805,23.518276819426227,6.7467633661842665
37.11376521057248,13.378690944145045,3.4851831386954704
21.642095556290805,13.378690944145045,5.445384254477584
21.642095556290805,13.378690944145045,5.445384254477584
21.642095556290805,13.378690944145045,5.445384254477584
21.642095556290805,20.780880587434712,5.425469436613616
21.642095556290805,13.378690944145045,5.445384254477584
28.36386312391653,2.1652527354674835,3.038448857464692
51.37461153179219,12.860372294131775,4.692754236881484
21.642095556290805,13.378690944145045,9.143043902324377
8.258017341310033,26.32712069057825,10.0
21.642095556290805,12.860372294131775,4.7075108728002455
21.642095556290805,13.378690944145045,9.069481122228055
21.642095556290805,13.378690944145045,5.445384254477584
37.11376521057248,23.518276819426227,8.639158451202869
37.11376521057248,13.378690944145045,3.686146915864664
21.642095556290805,13.378690944145045,5.445384254477584
21.642095556290805,13.378690944145045,5.445384254477584
21.642095556290805,13.378690944145045,5.445384254477584
21.642095556290805,20.24071270418928,5.1320708022280295
37.11376521057248,12.860372294131775,2.4552792420989142
21.642095556290805,13.378690944145045,5.445384254477584
37.11376521057248,13.378690944145045,3.1158281231195497
35.717438282972225,13.378690944145045,5.104023056262067
27.551923975933875,13.378690944145045,4.701873372767954
0.48748401135339137,13.378690944145045,2.662070463805291
23.250677508628545,13.378690944145045,4.5038382672108455
24.947160499048245,23.518276819426227,6.682196453297542
21.642095556290805,23.518276819426227,6.7467633661842665
21.642095556290805,13.378690944145045,5.445384254477584
21.642095556290805,13.378690944145045,5.445384254477584
35.717438282972225,13.378690944145045,5.104023056262067
37.11376521057248,7.983675729506919,0.10268173050521194
21.642095556290805,13.378690944145045,5.445384254477584
21.642095556290805,13.378690944145045,5.445384254477584
21.642095556290805,13.378690944145045,9.069481122228055
37.11376521057248,18.781212399536976,4.755365726974791
21.642095556290805,13.378690944145045,5.445384254477584
48.77920810550533,0.6872931344557096,2.5457573199896593
37.11376521057248,13.378690944145045,4.4258491098153705
15.960823710328725,13.378690944145045,7.685422301392142
22.132759239117643,10.226303500850825,5.047759010017757
51.37461153179219,12.860372294131775,4.692754236881484
21.642095556290805,13.378690944145045,10.370473141201298
21.642095556290805,13.378690944145045,5.445384254477584
33.16465402855897,13.378690944145045,4.699228897397729
21.642095556290805,22.15237141547215,5.654406139802608
5.409252220074283,13.378690944145045,5.458212967462961
21.642095556290805,12.860372294131775,4.7075108728002455
37.11376521057248,16.853770472863157,6.589104058038401
23.250677508628545,13.378690944145045,4.5038382672108455
33.16465402855897,13.378690944145045,4.699228897397729
37.11376521057248,13.378690944145045,4.4258491098153705
21.642095556290805,13.378690944145045,5.445384254477584
37.11376521057248,13.378690944145045,3.1158281231195497
21.642095556290805,20.24071270418928,5.1320708022280295
21.642095556290805,13.378690944145045,4.699228897397729
21.642095556290805,13.378690944145045,9.143043902324377
21.642095556290805,20.24071270418928,5.1320708022280295
37.11376521057248,12.860372294131775,2.4552792420989142
21.642095556290805,13.378690944145045,10.370473141201298
24.947160499048245,23.518276819426227,6.682196453297542
21.642095556290805,23.518276819426227,6.7467633661842665
1.0427985350125617,13.378690944145045,0.48399621560124906
21.86222019183519,13.378690944145045,4.702743008570398
21.642095556290805,20.780880587434712,5.425469436613616
5.409252220074283,13.378690944145045,5.458212967462961
21.642095556290805,13.378690944145045,5.445384254477584
21.642095556290805,13.378690944145045,5.445384254477584
21.642095556290805,13.378690944145045,4.699228897397729
21.642095556290805,13.378690944145045,5.445384254477584
21.642095556290805,13.378690944145045,5.445384254477584
37.11376521057248,26.19435904241238,5.290206482188582
21.642095556290805,13.378690944145045,5.445384254477584
23.250677508628545,13.378690944145045,4.5038382672108455
37.11376521057248,12.860372294131775,4.692754236881484
0.5289478223852031,12.860372294131775,2.9583852535493445
21.642095556290805,13.378690944145045,9.784371812648827
21.642095556290805,22.15237141547215,5.654406139802608
21.642095556290805,13.378690944145045,5.445384254477584
23.472954476198318,2.7673271006694637,0.10115485361279941
1.0427985350125617,13.378690944145045,0.48399621560124906
21.642095556290805,13.378690944145045,4.699228897397729
35.717438282972225,13.378690944145045,5.104023056262067
37.11376521057248,13.378690944145045,3.4851831386954704
48.77920810550533,0.6872931344557096,2.5457573199896593
26.501353996786342,13.378690944145045,4.713764719649594
4.2666892439008866,13.378690944145045,2.9501032781468286
21.642095556290805,12.860372294131775,4.7075108728002455
26.501353996786342,13.378690944145045,4.713764719649594
37.11376521057248,13.378690944145045,3.1158281231195497
21.642095556290805,13.378690944145045,8.77372806295443
21.642095556290805,13.378690944145045,5.445384254477584
26.501353996786342,13.378690944145045,4.713764719649594
21.642095556290805,13.378690944145045,10.370473141201298
51.37461153179219,12.860372294131775,4.692754236881484
8.258017341310033,26.32712069057825,10.0
21.642095556290805,12.860372294131775,4.7075108728002455
4.2666892439008866,13.378690944145045,2.9501032781468286
21.642095556290805,13.378690944145045,5.445384254477584
26.501353996786342,13.378690944145045,4.713764719649594
21.642095556290805,21.34105472150525,5.554823101996615
21.642095556290805,13.378690944145045,5.445384254477584
0.48748401135339137,13.378690944145045,2.662070463805291
37.11376521057248,23.518276819426227,6.473383578601908
1.0427985350125617,15.231086944609642,5.028557689246924
21.642095556290805,13.378690944145045,9.143043902324377
37.11376521057248,23.518276819426227,6.473383578601908
21.642095556290805,13.378690944145045,8.77372806295443
21.642095556290805,13.378690944145045,5.445384254477584
21.642095556290805,13.378690944145045,5.445384254477584
37.11376521057248,23.518276819426227,6.473383578601908
21.642095556290805,13.378690944145045,4.699228897397729
21.642095556290805,13.378690944145045,5.445384254477584
21.642095556290805,13.378690944145045,5.445384254477584
21.642095556290805,13.378690944145045,5.445384254477584
4.2666892439008866,13.378690944145045,2.9501032781468286
23.472954476198318,2.7673271006694637,0.10115485361279941
37.11376521057248,26.19435904241238,5.290206482188582
21.642095556290805,21.34105472150525,5.554823101996615
33.16465402855897,13.378690944145045,4.699228897397729
21.642095556290805,13.378690944145045,4.699228897397729
21.642095556290805,13.378690944145045,5.445384254477584
21.642095556290805,13.378690944145045,5.445384254477584
26.501353996786342,13.378690944145045,4.713764719649594
37.11376521057248,13.378690944145045,3.686146915864664
21.642095556290805,13.378690944145045,4.699228897397729
33.16465402855897,13.378690944145045,4.699228897397729
37.11376521057248,23.518276819426227,8.639158451202869
21.642095556290805,23.518276819426227,6.7467633661842665
37.11376521057248,13.378690944145045,4.4258491098153705
35.717438282972225,13.378690944145045,5.104023056262067
21.642095556290805,13.378690944145045,5.445384254477584
21.642095556290805,13.378690944145045,4.699228897397729
21.642095556290805,20.24071270418928,5.1320708022280295
21.642095556290805,7.983675729506919,3.5453338020430007
21.642095556290805,13.378690944145045,5.445384254477584
24.364669470252768,3.6423261656763284,2.955306492438045
22.132759239117643,10.226303500850825,5.047759010017757
37.11376521057248,23.518276819426227,6.473383578601908
8.258017341310033,7.983675729506919,6.734832164025578
21.642095556290805,13.378690944145045,5.445384254477584
37.11376521057248,13.378690944145045,4.4258491098153705
23.250677508628545,13.378690944145045,4.5038382672108455
21.642095556290805,13.378690944145045,5.445384254477584
27.551923975933875,13.378690944145045,4.701873372767954
21.642095556290805,13.378690944145045,9.143043902324377
23.472954476198318,2.7673271006694637,0.10115485361279941
51.37461153179219,12.860372294131775,4.692754236881484
21.642095556290805,13.378690944145045,5.445384254477584
21.642095556290805,13.378690944145045,5.445384254477584
37.11376521057248,12.860372294131775,2.4552792420989142
21.642095556290805,23.518276819426227,6.7467633661842665
21.642095556290805,13.378690944145045,5.445384254477584
51.37461153179219,12.860372294131775,4.692754236881484
21.642095556290805,13.378690944145045,5.445384254477584
19.53469721634954,15.380412227215404,3.094230447373204
33.16465402855897,13.378690944145045,4.699228897397729
21.642095556290805,21.34105472150525,5.554823101996615
21.642095556290805,13.378690944145045,5.445384254477584
35.717438282972225,13.378690944145045,5.104023056262067
27.551923975933875,13.378690944145045,4.701873372767954
37.11376521057248,13.378690944145045,4.4258491098153705
15.960823710328725,13.378690944145045,7.685422301392142
1.095209809309619,13.378690944145045,3.0267274967231845
1.0427985350125617,13.378690944145045,0.48399621560124906
21.642095556290805,13.378690944145045,9.069481122228055
21.86222019183519,13.378690944145045,4.702743008570398
19.53469721634954,15.380412227215404,3.094230447373204
27.551923975933875,13.378690944145045,4.701873372767954
1.0427985350125617,13.378690944145045,0.48399621560124906
37.11376521057248,26.19435904241238,5.290206482188582
24.364669470252768,3.6423261656763284,2.955306492438045
1.0427985350125617,15.231086944609642,5.028557689246924
8.258017341310033,26.32712069057825,10.0
37.11376521057248,13.378690944145045,3.4851831386954704
21.642095556290805,4.1954723438935995,0.10030522953249471
0.5289478223852031,12.860372294131775,2.9583852535493445
21.642095556290805,13.378690944145045,5.445384254477584
21.642095556290805,12.860372294131775,4.7075108728002455
21.642095556290805,13.378690944145045,4.699228897397729
21.642095556290805,13.378690944145045,5.445384254477584
21.642095556290805,13.378690944145045,10.370473141201298
37.11376521057248,13.378690944145045,3.686146915864664
21.86222019183519,13.378690944145045,4.702743008570398
27.551923975933875,13.378690944145045,4.701873372767954
27.551923975933875,13.378690944145045,4.701873372767954
8.258017341310033,7.983675729506919,6.734832164025578
21.642095556290805,13.378690944145045,5.445384254477584
21.642095556290805,13.378690944145045,5.445384254477584
0.5289478223852031,12.860372294131775,2.9583852535493445
21.642095556290805,7.983675729506919,3.5453338020430007
37.11376521057248,13.378690944145045,4.4258491098153705
37.11376521057248,23.518276819426227,8.639158451202869
51.37461153179219,12.860372294131775,4.692754236881484
0.48748401135339137,13.378690944145045,2.662070463805291
21.642095556290805,13.378690944145045,5.445384254477584
21.642095556290805,13.378690944145045,5.445384254477584
21.642095556290805,13.378690944145045,10.370473141201298
21.642095556290805,13.378690944145045,5.445384254477584
21.642095556290805,13.378690944145045,4.699228897397729
21.642095556290805,13.378690944145045,5.445384254477584
48.77920810550533,0.6872931344557096,2.5457573199896593
19.53469721634954,15.380412227215404,3.094230447373204
21.642095556290805,23.518276819426227,6.7467633661842665
26.501353996786342,13.378690944145045,4.713764719649594
21.642095556290805,13.378690944145045,5.445384254477584
21.642095556290805,13.378690944145045,9.143043902324377
26.501353996786342,13.378690944145045,4.713764719649594
8.258017341310033,26.32712069057825,10.0
37.11376521057248,26.19435904241238,5.290206482188582
21.642095556290805,7.983675729506919,3.5453338020430007
21.642095556290805,13.378690944145045,9.069481122228055
21.642095556290805,13.378690944145045,5.445384254477584
21.642095556290805,13.378690944145045,5.445384254477584
37.11376521057248,23.518276819426227,6.473383578601908
1.095209809309619,13.378690944145045,3.0267274967231845
21.86222019183519,13.378690944145045,4.702743008570398
37.11376521057248,13.378690944145045,3.686146915864664
21.642095556290805,13.378690944145045,9.784371812648827
21.642095556290805,34.35263808012001,10.0
0.5289478223852031,12.860372294131775,2.9583852535493445
37.11376521057248,12.860372294131775,4.692754236881484
21.642095556290805,13.378690944145045,4.699228897397729
21.642095556290805,13.378690944145045,5.445384254477584
37.11376521057248,26.19435904241238,5.290206482188582
37.11376521057248,12.860372294131775,4.692754236881484
37.11376521057248,26.19435904241238,5.290206482188582
21.642095556290805,13.378690944145045,5.445384254477584
21.642095556290805,4.1954723438935995,0.10030522953249471
37.11376521057248,13.378690944145045,4.4258491098153705
0.5289478223852031,12.860372294131775,2.9583852535493445
21.642095556290805,13.378690944145045,9.069481122228055
27.551923975933875,13.378690944145045,4.701873372767954
21.642095556290805,13.378690944145045,9.784371812648827
37.11376521057248,16.853770472863157,6.589104058038401
48.77920810550533,0.6872931344557096,2.5457573199896593
21.86222019183519,13.378690944145045,4.702743008570398
5.409252220074283,13.378690944145045,5.458212967462961
21.642095556290805,13.378690944145045,4.699228897397729
21.642095556290805,13.378690944145045,5.445384254477584
35.717438282972225,13.378690944145045,5.104023056262067
23.472954476198318,2.7673271006694637,0.10115485361279941
21.642095556290805,20.780880587434712,5.425469436613616
21.642095556290805,13.378690944145045,5.445384254477584
1.095209809309619,13.378690944145045,3.0267274967231845
37.11376521057248,13.378690944145045,3.4851831386954704
5.409252220074283,13.378690944145045,5.458212967462961
21.642095556290805,23.518276819426227,6.7467633661842665
0.48748401135339137,13.378690944145045,2.662070463805291
23.472954476198318,2.7673271006694637,0.10115485361279941
25.98427300605847,23.518276819426227,6.41996105585809
26.501353996786342,13.378690944145045,4.713764719649594
21.642095556290805,13.378690944145045,9.784371812648827
37.11376521057248,13.378690944145045,4.4258491098153705
21.642095556290805,34.35263808012001,10.0
21.642095556290805,23.518276819426227,6.7467633661842665
37.11376521057248,23.518276819426227,6.533990493750796
21.642095556290805,13.378690944145045,5.445384254477584
21.642095556290805,13.378690944145045,5.445384254477584
21.642095556290805,13.378690944145045,8.77372806295443
21.642095556290805,23.518276819426227,6.7467633661842665
23.472954476198318,2.7673271006694637,0.10115485361279941
21.642095556290805,22.15237141547215,5.654406139802608
5.409252220074283,13.378690944145045,5.458212967462961
21.642095556290805,23.518276819426227,6.7467633661842665
21.642095556290805,13.378690944145045,5.445384254477584
48.77920810550533,0.6872931344557096,2.5457573199896593
37.11376521057248,13.378690944145045,4.4258491098153705
21.642095556290805,13.378690944145045,10.370473141201298
21.642095556290805,13.378690944145045,8.77372806295443
26.501353996786342,13.378690944145045,4.713764719649594
0.5289478223852031,12.860372294131775,2.9583852535493445
21.642095556290805,13.378690944145045,9.069481122228055
21.642095556290805,13.378690944145045,5.445384254477584
21.642095556290805,12.860372294131775,4.7075108728002455
37.11376521057248,12.860372294131775,2.4552792420989142
8.258017341310033,26.32712069057825,10.0
8.258017341310033,7.983675729506919,6.734832164025578
21.642095556290805,23.518276819426227,6.7467633661842665
0.48748401135339137,13.378690944145045,2.662070463805291
37.11376521057248,23.518276819426227,6.533990493750796
37.11376521057248,13.378690944145045,3.1158281231195497
21.642095556290805,13.378690944145045,5.445384254477584
33.16465402855897,13.378690944145045,4.699228897397729
21.642095556290805,13.378690944145045,5.445384254477584
37.11376521057248,23.518276819426227,8.639158451202869
21.642095556290805,22.15237141547215,5.654406139802608
24.364669470252768,3.6423261656763284,2.955306492438045
21.642095556290805,20.780880587434712,5.425469436613616
21.642095556290805,13.378690944145045,5.445384254477584
24.947160499048245,23.518276819426227,6.682196453297542
51.37461153179219,12.860372294131775,4.692754236881484
19.53469721634954,15.380412227215404,3.094230447373204
51.37461153179219,12.860372294131775,4.692754236881484
21.642095556290805,12.860372294131775,4.7075108728002455
21.642095556290805,13.378690944145045,5.445384254477584
21.642095556290805,13.378690944145045,10.370473141201298
21.642095556290805,13.378690944145045,4.699228897397729
8.258017341310033,26.32712069057825,10.0
37.11376521057248,12.860372294131775,4.692754236881484
21.642095556290805,23.518276819426227,6.7467633661842665
21.642095556290805,13.378690944145045,5.445384254477584
37.11376521057248,13.378690944145045,4.4258491098153705
21.642095556290805,13.378690944145045,9.143043902324377
37.11376521057248,13.378690944145045,4.4258491098153705
21.642095556290805,21.34105472150525,5.554823101996615
21.642095556290805,13.378690944145045,5.445384254477584
24.947160499048245,23.518276819426227,6.682196453297542
21.642095556290805,12.860372294131775,4.7075108728002455
21.642095556290805,13.378690944145045,5.445384254477584
21.642095556290805,13.378690944145045,5.445384254477584
37.11376521057248,16.853770472863157,6.589104058038401
21.642095556290805,13.378690944145045,5.445384254477584
37.11376521057248,18.781212399536976,4.755365726974791
37.11376521057248,13.378690944145045,3.4851831386954704
5.409252220074283,13.378690944145045,5.458212967462961
37.11376521057248,12.860372294131775,4.692754236881484
22.132759239117643,10.226303500850825,5.047759010017757
0.5289478223852031,12.860372294131775,2.9583852535493445
37.11376521057248,13.378690944145045,3.4851831386954704
21.642095556290805,13.378690944145045,5.445384254477584
21.642095556290805,12.860372294131775,4.7075108728002455
21.642095556290805,13.378690944145045,5.445384254477584
21.642095556290805,13.378690944145045,9.784371812648827
8.258017341310033,12.860372294131775,5.4189551636489135
21.642095556290805,4.1954723438935995,0.10030522953249471
21.642095556290805,13.378690944145045,8.77372806295443
21.642095556290805,13.378690944145045,5.445384254477584
37.11376521057248,13.378690944145045,3.4851831386954704
37.11376521057248,13.378690944145045,4.4258491098153705
21.642095556290805,23.518276819426227,6.7467633661842665
21.642095556290805,13.378690944145045,9.143043902324377
48.77920810550533,0.6872931344557096,2.5457573199896593
4.2666892439008866,13.378690944145045,2.9501032781468286
37.11376521057248,18.781212399536976,4.755365726974791
26.501353996786342,13.378690944145045,4.713764719649594
21.642095556290805,13.378690944145045,4.699228897397729
21.642095556290805,13.378690944145045,5.445384254477584
1.0427985350125617,13.378690944145045,0.48399621560124906
21.642095556290805,13.378690944145045,5.445384254477584
37.11376521057248,12.860372294131775,4.692754236881484
37.11376521057248,12.860372294131775,2.4552792420989142
21.642095556290805,23.518276819426227,6.7467633661842665
21.642095556290805,13.378690944145045,5.445384254477584
21.642095556290805,20.24071270418928,5.1320708022280295
21.642095556290805,13.378690944145045,9.069481122228055
24.947160499048245,23.518276819426227,6.682196453297542
21.642095556290805,13.378690944145045,5.445384254477584
28.36386312391653,2.1652527354674835,3.038448857464692
21.642095556290805,13.378690944145045,9.784371812648827
4.2666892439008866,13.378690944145045,2.9501032781468286
51.37461153179219,12.860372294131775,4.692754236881484
21.642095556290805,20.780880587434712,5.425469436613616
21.642095556290805,13.378690944145045,5.445384254477584
21.642095556290805,13.378690944145045,10.45722573362518
21.642095556290805,13.378690944145045,5.445384254477584
37.11376521057248,18.781212399536976,4.755365726974791
37.11376521057248,13.378690944145045,4.4258491098153705
21.642095556290805,12.860372294131775,4.7075108728002455
37.11376521057248,23.518276819426227,6.473383578601908
35.717438282972225,13.378690944145045,5.104023056262067
33.16465402855897,13.378690944145045,4.699228897397729
27.551923975933875,13.378690944145045,4.701873372767954
8.258017341310033,26.32712069057825,10.0
24.947160499048245,23.518276819426227,6.682196453297542
21.642095556290805,13.378690944145045,5.445384254477584
21.642095556290805,13.378690944145045,5.445384254477584
0.5289478223852031,12.860372294131775,2.9583852535493445
27.551923975933875,13.378690944145045,4.701873372767954
5.409252220074283,13.378690944145045,5.458212967462961
15.960823710328725,13.378690944145045,7.685422301392142
21.642095556290805,23.518276819426227,6.7467633661842665
21.642095556290805,7.983675729506919,3.5453338020430007
21.642095556290805,13.378690944145045,10.370473141201298
25.98427300605847,23.518276819426227,6.41996105585809
37.11376521057248,7.983675729506919,0.10268173050521194
27.551923975933875,13.378690944145045,4.701873372767954
5.409252220074283,13.378690944145045,5.458212967462961
37.11376521057248,23.518276819426227,6.473383578601908
1.0427985350125617,15.231086944609642,5.028557689246924
21.642095556290805,12.860372294131775,4.7075108728002455
48.77920810550533,0.6872931344557096,2.5457573199896593
37.11376521057248,12.860372294131775,2.4552792420989142
21.642095556290805,20.24071270418928,5.1320708022280295
25.98427300605847,23.518276819426227,6.41996105585809
21.642095556290805,23.518276819426227,6.7467633661842665
21.642095556290805,13.378690944145045,9.784371812648827
8.258017341310033,26.32712069057825,10.0
21.642095556290805,13.378690944145045,4.699228897397729
37.11376521057248,13.378690944145045,4.4258491098153705
21.642095556290805,13.378690944145045,5.445384254477584
21.642095556290805,12.860372294131775,4.7075108728002455
21.642095556290805,13.378690944145045,8.77372806295443
21.642095556290805,21.34105472150525,5.554823101996615
22.132759239117643,10.226303500850825,5.047759010017757
21.642095556290805,22.15237141547215,5.654406139802608
21.642095556290805,20.780880587434712,5.425469436613616
21.642095556290805,13.378690944145045,5.445384254477584
21.642095556290805,13.378690944145045,5.445384254477584
21.642095556290805,4.1954723438935995,0.10030522953249471
27.551923975933875,13.378690944145045,4.701873372767954
37.11376521057248,18.781212399536976,4.755365726974791
37.11376521057248,7.983675729506919,0.10268173050521194
21.642095556290805,13.378690944145045,5.445384254477584
37.11376521057248,26.19435904241238,5.290206482188582
21.642095556290805,13.378690944145045,5.445384254477584
37.11376521057248,12.860372294131775,4.692754236881484
37.11376521057248,12.860372294131775,2.4552792420989142
21.642095556290805,13.378690944145045,10.45722573362518
21.642095556290805,13.378690944145045,5.445384254477584
37.11376521057248,13.378690944145045,3.1158281231195497
21.642095556290805,13.378690944145045,5.445384254477584
21.642095556290805,21.34105472150525,5.554823101996615
21.642095556290805,13.378690944145045,5.445384254477584
15.960823710328725,13.378690944145045,7.685422301392142
21.642095556290805,13.378690944145045,5.445384254477584
28.36386312391653,2.1652527354674835,3.038448857464692
22.132759239117643,10.226303500850825,5.047759010017757
22.132759239117643,10.226303500850825,5.047759010017757
21.642095556290805,13.378690944145045,5.445384254477584
21.642095556290805,34.35263808012001,10.0
21.642095556290805,13.378690944145045,10.45722573362518
33.16465402855897,13.378690944145045,4.699228897397729
37.11376521057248,13.378690944145045,3.686146915864664
21.642095556290805,13.378690944145045,5.445384254477584
21.642095556290805,13.378690944145045,5.445384254477584
21.642095556290805,20.780880587434712,5.425469436613616
21.642095556290805,13.378690944145045,4.699228897397729
21.642095556290805,12.860372294131775,4.7075108728002455
21.642095556290805,23.518276819426227,6.7467633661842665
21.642095556290805,13.378690944145045,9.069481122228055
8.258017341310033,26.32712069057825,10.0
37.11376521057248,23.518276819426227,6.473383578601908
21.642095556290805,13.378690944145045,5.445384254477584
37.11376521057248,18.781212399536976,4.755365726974791
21.642095556290805,13.378690944145045,5.445384254477584
1.095209809309619,13.378690944145045,3.0267274967231845
4.2666892439008866,13.378690944145045,2.9501032781468286
37.11376521057248,13.378690944145045,3.1158281231195497
21.642095556290805,13.378690944145045,5.445384254477584
0.48748401135339137,13.378690944145045,2.662070463805291
21.642095556290805,13.378690944145045,4.699228897397729
21.642095556290805,13.378690944145045,5.445384254477584
35.717438282972225,13.378690944145045,5.104023056262067
21.642095556290805,12.860372294131775,4.7075108728002455
21.642095556290805,13.378690944145045,9.069481122228055
27.551923975933875,13.378690944145045,4.701873372767954
15.960823710328725,13.378690944145045,7.685422301392142
21.642095556290805,23.518276819426227,6.7467633661842665
23.472954476198318,2.7673271006694637,0.10115485361279941
21.642095556290805,13.378690944145045,5.445384254477584
21.642095556290805,13.378690944145045,5.445384254477584
37.11376521057248,13.378690944145045,4.4258491098153705
23.250677508628545,13.378690944145045,4.5038382672108455
21.642095556290805,13.378690944145045,5.445384254477584
21.86222019183519,13.378690944145045,4.702743008570398
21.642095556290805,13.378690944145045,5.445384254477584
19.078347805112106,13.378690944145045,9.24286281491512
21.642095556290805,23.518276819426227,6.7467633661842665
51.37461153179219,12.860372294131775,4.692754236881484
21.642095556290805,23.518276819426227,6.7467633661842665
21.642095556290805,13.378690944145045,5.445384254477584
21.642095556290805,12.860372294131775,4.7075108728002455
21.642095556290805,13.378690944145045,5.445384254477584
21.642095556290805,13.378690944145045,5.445384254477584
35.717438282972225,13.378690944145045,5.104023056262067
21.642095556290805,13.378690944145045,5.445384254477584
37.11376521057248,13.378690944145045,3.686146915864664
37.11376521057248,13.378690944145045,3.686146915864664
33.16465402855897,13.378690944145045,4.699228897397729
24.947160499048245,23.518276819426227,6.682196453297542
37.11376521057248,13.378690944145045,3.1158281231195497
21.642095556290805,13.378690944145045,5.445384254477584
37.11376521057248,23.518276819426227,8.639158451202869
24.947160499048245,23.518276819426227,6.682196453297542
21.642095556290805,22.15237141547215,5.654406139802608
33.16465402855897,13.378690944145045,4.699228897397729
51.37461153179219,12.860372294131775,4.692754236881484
37.11376521057248,13.378690944145045,3.4851831386954704
8.258017341310033,12.860372294131775,5.4189551636489135
21.642095556290805,20.24071270418928,5.1320708022280295
21.642095556290805,13.378690944145045,5.445384254477584
1.0427985350125617,15.231086944609642,5.028557689246924
27.551923975933875,13.378690944145045,4.701873372767954
21.642095556290805,13.378690944145045,5.445384254477584
24.364669470252768,3.6423261656763284,2.955306492438045
21.642095556290805,13.378690944145045,9.069481122228055
37.11376521057248,13.378690944145045,4.4258491098153705
21.642095556290805,13.378690944145045,5.445384254477584
21.86222019183519,13.378690944145045,4.702743008570398
21.642095556290805,13.378690944145045,5.445384254477584
21.642095556290805,13.378690944145045,9.069481122228055
21.642095556290805,13.378690944145045,5.445384254477584
37.11376521057248,26.19435904241238,5.290206482188582
21.642095556290805,13.378690944145045,5.445384254477584
15.960823710328725,13.378690944145045,7.685422301392142
21.642095556290805,12.860372294131775,4.7075108728002455
28.36386312391653,2.1652527354674835,3.038448857464692
21.642095556290805,13.378690944145045,5.445384254477584
23.250677508628545,13.378690944145045,4.5038382672108455
48.77920810550533,0.6872931344557096,2.5457573199896593
0.13517529172898213,13.378690944145045,0.09473298025581406
21.642095556290805,13.378690944145045,10.370473141201298
21.642095556290805,13.378690944145045,5.445384254477584
0.5289478223852031,12.860372294131775,2.9583852535493445
28.36386312391653,2.1652527354674835,3.038448857464692
21.642095556290805,13.378690944145045,8.77372806295443
21.642095556290805,13.378690944145045,5.445384254477584
1.0427985350125617,15.231086944609642,5.028557689246924
15.960823710328725,13.378690944145045,7.685422301392142
37.11376521057248,23.518276819426227,6.473383578601908
51.37461153179219,12.860372294131775,4.692754236881484
5.409252220074283,13.378690944145045,5.458212967462961
21.642095556290805,12.860372294131775,4.7075108728002455
28.36386312391653,2.1652527354674835,3.038448857464692
0.48748401135339137,13.378690944145045,2.662070463805291
26.501353996786342,13.378690944145045,4.713764719649594
37.11376521057248,13.378690944145045,3.4851831386954704
21.642095556290805,13.378690944145045,4.699228897397729
4.2666892439008866,13.378690944145045,2.9501032781468286
21.642095556290805,23.518276819426227,6.7467633661842665
21.86222019183519,13.378690944145045,4.702743008570398
22.132759239117643,10.226303500850825,5.047759010017757
35.717438282972225,13.378690944145045,5.104023056262067
0.5289478223852031,12.860372294131775,2.9583852535493445
33.16465402855897,13.378690944145045,4.699228897397729
19.53469721634954,15.380412227215404,3.094230447373204
37.11376521057248,13.378690944145045,4.4258491098153705
21.642095556290805,13.378690944145045,9.069481122228055
1.095209809309619,13.378690944145045,3.0267274967231845
21.642095556290805,13.378690944145045,5.445384254477584
21.642095556290805,23.518276819426227,6.7467633661842665
37.11376521057248,23.518276819426227,6.473383578601908
8.258017341310033,12.860372294131775,5.4189551636489135
8.258017341310033,7.983675729506919,6.734832164025578
21.642095556290805,12.860372294131775,4.7075108728002455
21.642095556290805,13.378690944145045,5.445384254477584
24.364669470252768,3.6423261656763284,2.955306492438045
21.642095556290805,13.378690944145045,5.445384254477584
21.642095556290805,13.378690944145045,5.445384254477584
24.364669470252768,3.6423261656763284,2.955306492438045
4.2666892439008866,13.378690944145045,2.9501032781468286
21.642095556290805,23.518276819426227,6.7467633661842665
21.642095556290805,13.378690944145045,5.445384254477584
21.642095556290805,13.378690944145045,5.445384254477584
21.642095556290805,13.378690944145045,4.699228897397729
21.642095556290805,13.378690944145045,5.445384254477584
37.11376521057248,13.378690944145045,4.4258491098153705
25.98427300605847,23.518276819426227,6.41996105585809
21.642095556290805,13.378690944145045,5.445384254477584
8.258017341310033,26.32712069057825,10.0
21.642095556290805,13.378690944145045,5.445384254477584
8.258017341310033,12.860372294131775,5.4189551636489135
21.642095556290805,22.15237141547215,5.654406139802608
22.132759239117643,10.226303500850825,5.047759010017757
37.11376521057248,16.853770472863157,6.589104058038401
21.642095556290805,13.378690944145045,5.445384254477584
21.642095556290805,13.378690944145045,5.445384254477584
21.642095556290805,23.518276819426227,6.7467633661842665
21.642095556290805,23.518276819426227,6.7467633661842665
21.642095556290805,13.378690944145045,5.445384254477584
27.551923975933875,13.378690944145045,4.701873372767954
5.409252220074283,13.378690944145045,5.458212967462961
1.095209809309619,13.378690944145045,3.0267274967231845
37.11376521057248,12.860372294131775,2.4552792420989142
22.132759239117643,10.226303500850825,5.047759010017757
0.5289478223852031,12.860372294131775,2.9583852535493445
21.642095556290805,13.378690944145045,4.699228897397729
21.642095556290805,13.378690944145045,5.445384254477584
21.642095556290805,13.378690944145045,4.699228897397729
8.258017341310033,26.32712069057825,10.0
21.642095556290805,13.378690944145045,5.445384254477584
33.16465402855897,13.378690944145045,4.699228897397729
51.37461153179219,12.860372294131775,4.692754236881484
48.77920810550533,0.6872931344557096,2.5457573199896593
21.642095556290805,13.378690944145045,5.445384254477584
37.11376521057248,7.983675729506919,0.10268173050521194
21.642095556290805,13.378690944145045,5.445384254477584
0.13517529172898213,13.378690944145045,0.09473298025581406
21.642095556290805,13.378690944145045,4.699228897397729
37.11376521057248,12.860372294131775,2.4552792420989142
37.11376521057248,13.378690944145045,3.686146915864664
37.11376521057248,12.860372294131775,4.692754236881484
21.642095556290805,13.378690944145045,5.445384254477584
22.132759239117643,10.226303500850825,5.047759010017757
21.642095556290805,13.378690944145045,5.445384254477584
21.642095556290805,22.15237141547215,5.654406139802608
37.11376521057248,23.518276819426227,6.473383578601908
21.642095556290805,13.378690944145045,5.445384254477584
33.16465402855897,13.378690944145045,4.699228897397729
21.642095556290805,13.378690944145045,9.784371812648827
27.551923975933875,13.378690944145045,4.701873372767954
0.5289478223852031,12.860372294131775,2.9583852535493445
21.642095556290805,12.860372294131775,4.7075108728002455
26.501353996786342,13.378690944145045,4.713764719649594
21.642095556290805,34.35263808012001,10.0
21.642095556290805,13.378690944145045,4.699228897397729
5.409252220074283,13.378690944145045,5.458212967462961
21.86222019183519,13.378690944145045,4.702743008570398
4.2666892439008866,13.378690944145045,2.9501032781468286
21.642095556290805,13.378690944145045,5.445384254477584
21.642095556290805,23.518276819426227,6.7467633661842665
26.501353996786342,13.378690944145045,4.713764719649594
26.501353996786342,13.378690944145045,4.713764719649594
21.642095556290805,12.860372294131775,4.7075108728002455
21.642095556290805,23.518276819426227,6.7467633661842665
21.642095556290805,21.34105472150525,5.554823101996615
37.11376521057248,18.781212399536976,4.755365726974791
24.364669470252768,3.6423261656763284,2.955306492438045
21.642095556290805,13.378690944145045,9.143043902324377
21.642095556290805,13.378690944145045,10.370473141201298
21.642095556290805,13.378690944145045,5.445384254477584
21.642095556290805,13.378690944145045,5.445384254477584
27.551923975933875,13.378690944145045,4.701873372767954
21.642095556290805,13.378690944145045,5.445384254477584
37.11376521057248,13.378690944145045,3.4851831386954704
21.642095556290805,13.378690944145045,5.445384254477584
37.11376521057248,13.378690944145045,4.4258491098153705
21.642095556290805,23.518276819426227,6.7467633661842665
21.642095556290805,13.378690944145045,4.699228897397729
21.642095556290805,13.378690944145045,5.445384254477584
21.642095556290805,13.378690944145045,4.699228897397729
21.642095556290805,13.378690944145045,5.445384254477584
21.642095556290805,13.378690944145045,9.784371812648827
21.642095556290805,20.780880587434712,5.425469436613616
37.11376521057248,23.518276819426227,6.533990493750796
21.642095556290805,13.378690944145045,4.699228897397729
19.078347805112106,13.378690944145045,9.24286281491512
21.642095556290805,13.378690944145045,5.445384254477584
25.98427300605847,23.518276819426227,6.41996105585809
37.11376521057248,7.983675729506919,0.10268173050521194
21.642095556290805,13.378690944145045,5.445384254477584
21.642095556290805,13.378690944145045,9.069481122228055
21.642095556290805,13.378690944145045,5.445384254477584
21.642095556290805,13.378690944145045,5.445384254477584
35.717438282972225,13.378690944145045,5.104023056262067
21.642095556290805,13.378690944145045,5.445384254477584
21.642095556290805,13.378690944145045,5.445384254477584
21.642095556290805,13.378690944145045,5.445384254477584
21.642095556290805,13.378690944145045,5.445384254477584
21.642095556290805,13.378690944145045,5.445384254477584
5.409252220074283,13.378690944145045,5.458212967462961
37.11376521057248,7.983675729506919,0.10268173050521194
21.642095556290805,20.24071270418928,5.1320708022280295
21.642095556290805,13.378690944145045,5.445384254477584
21.642095556290805,13.378690944145045,9.143043902324377
21.642095556290805,13.378690944145045,5.445384254477584
24.364669470252768,3.6423261656763284,2.955306492438045
21.642095556290805,22.15237141547215,5.654406139802608
21.642095556290805,13.378690944145045,5.445384254477584
37.11376521057248,7.983675729506919,0.10268173050521194
21.642095556290805,13.378690944145045,8.77372806295443
21.642095556290805,13.378690944145045,10.45722573362518
21.642095556290805,13.378690944145045,5.445384254477584
21.642095556290805,13.378690944145045,5.445384254477584
21.642095556290805,13.378690944145045,5.445384254477584
21.642095556290805,13.378690944145045,9.143043902324377
21.642095556290805,13.378690944145045,5.445384254477584
21.642095556290805,13.378690944145045,5.445384254477584
19.078347805112106,13.378690944145045,9.24286281491512
21.642095556290805,13.378690944145045,9.784371812648827
37.11376521057248,23.518276819426227,6.533990493750796
21.642095556290805,13.378690944145045,5.445384254477584
21.642095556290805,13.378690944145045,5.445384254477584
21.642095556290805,13.378690944145045,5.445384254477584
21.642095556290805,13.378690944145045,5.445384254477584
0.48748401135339137,13.378690944145045,2.662070463805291
21.642095556290805,13.378690944145045,5.445384254477584
21.642095556290805,34.35263808012001,10.0
37.11376521057248,23.518276819426227,6.533990493750796
22.132759239117643,10.226303500850825,5.047759010017757
5.409252220074283,13.378690944145045,5.458212967462961
35.717438282972225,13.378690944145045,5.104023056262067
8.258017341310033,26.32712069057825,10.0
37.11376521057248,18.781212399536976,4.755365726974791
37.11376521057248,7.983675729506919,0.10268173050521194
