5.3916811569379455,12.099335011011593,5.450532330952261
21.642095556290805,13.378690944145045,10.37904850415668
21.642095556290805,12.099335011011593,7.573166753557248
40.72404382535712,12.099335011011593,6.591412959041037
21.642095556290805,12.099335011011593,7.695263429823765
20.61442004263196,12.099335011011593,8.46116706307513
21.642095556290805,13.378690944145045,8.420650288787435
21.642095556290805,13.378690944145045,8.420650288787435
21.642095556290805,12.099335011011593,7.695263429823765
19.100285650593435,1.6467070130749433,4.104642491041471
21.642095556290805,13.378690944145045,8.986928170697796
21.642095556290805,13.378690944145045,8.420650288787435
21.642095556290805,12.099335011011593,7.695263429823765
21.642095556290805,13.378690944145045,8.420650288787435
21.642095556290805,12.099335011011593,9.38686972973467
3.6514496842172157,7.903321412286728,4.5155372136166765
23.10537258219561,1.1586196186825877,0.09368138513825273
40.72404382535712,12.099335011011593,6.591412959041037
21.642095556290805,12.099335011011593,8.826973485042153
21.642095556290805,13.378690944145045,8.420650288787435
21.642095556290805,13.761301161156938,7.6695975671272
21.642095556290805,13.378690944145045,8.420650288787435
21.642095556290805,13.378690944145045,8.420650288787435
20.61442004263196,12.099335011011593,8.46116706307513
21.642095556290805,12.099335011011593,7.813325314667129
21.642095556290805,12.099335011011593,7.573166753557248
21.642095556290805,12.099335011011593,9.008292285770342
40.889570394239,12.099335011011593,7.695263429823765
21.642095556290805,12.099335011011593,9.008292285770342
21.642095556290805,12.099335011011593,8.826973485042153
21.642095556290805,13.378690944145045,8.420650288787435
21.642095556290805,13.378690944145045,9.812143434476639
21.642095556290805,12.099335011011593,7.695263429823765
21.642095556290805,12.099335011011593,7.695263429823765
21.642095556290805,12.099335011011593,9.898331682497215
21.642095556290805,23.319021465237185,5.408201318270279
80.27877429342198,8.401384771843418,0.09620666837076557
21.642095556290805,13.378690944145045,8.11509941108991
21.642095556290805,13.378690944145045,8.420650288787435
21.642095556290805,12.099335011011593,7.695263429823765
21.642095556290805,17.23860727141611,8.126703913454888
21.642095556290805,14.645808845695512,7.573166753557248
22.894127497705952,4.038412329067343,0.09645784742492074
5.3916811569379455,12.099335011011593,5.450532330952261
21.642095556290805,12.099335011011593,7.813325314667129
21.642095556290805,13.378690944145045,8.916226655601243
21.642095556290805,13.378690944145045,10.128358186281774
37.61255153850681,13.378690944145045,8.34995958253798
21.642095556290805,24.63279010970262,6.622324554784676
21.642095556290805,23.319021465237185,5.408201318270279
19.100285650593435,1.6467070130749433,4.104642491041471
23.367584300938674,13.378690944145045,10.137352903924816
21.642095556290805,13.378690944145045,8.420650288787435
21.642095556290805,13.378690944145045,8.916226655601243
40.889570394239,12.099335011011593,7.695263429823765
21.642095556290805,12.099335011011593,7.695263429823765
21.642095556290805,13.378690944145045,8.420650288787435
21.642095556290805,17.661520170984097,8.814034414966109
3.3055640892464133,12.099335011011593,1.6488998103287353
21.642095556290805,13.378690944145045,7.742024977141586
21.642095556290805,13.378690944145045,10.647106826305539
21.642095556290805,12.099335011011593,7.695263429823765
21.642095556290805,12.099335011011593,8.826973485042153
21.642095556290805,17.661520170984097,8.814034414966109
21.642095556290805,12.099335011011593,7.813325314667129
21.642095556290805,12.099335011011593,9.898331682497215
5.3916811569379455,12.099335011011593,5.450532330952261
36.579057567136545,12.099335011011593,0.1
21.642095556290805,13.378690944145045,8.420650288787435
21.642095556290805,13.378690944145045,9.812143434476639
21.642095556290805,12.099335011011593,7.695263429823765
21.642095556290805,13.378690944145045,10.39221698014917
14.06043676060576,13.378690944145045,6.710085923092669
21.642095556290805,12.099335011011593,9.38686972973467
19.100285650593435,1.6467070130749433,4.104642491041471
21.642095556290805,12.099335011011593,7.695263429823765
21.642095556290805,13.378690944145045,10.39221698014917
21.642095556290805,13.378690944145045,8.420650288787435
19.100285650593435,1.6467070130749433,4.104642491041471
21.642095556290805,13.378690944145045,8.420650288787435
21.642095556290805,13.378690944145045,8.420650288787435
21.642095556290805,13.378690944145045,8.420650288787435
2.111523306568632,13.378690944145045,8.11509941108991
21.642095556290805,12.099335011011593,7.695263429823765
19.100285650593435,1.6467070130749433,4.104642491041471
22.894127497705952,4.038412329067343,0.09645784742492074
21.642095556290805,12.099335011011593,9.38686972973467
3.6514496842172157,7.903321412286728,4.5155372136166765
21.642095556290805,13.378690944145045,8.420650288787435
21.642095556290805,12.099335011011593,7.695263429823765
21.642095556290805,13.378690944145045,10.647106826305539
23.10537258219561,1.1586196186825877,0.09368138513825273
21.642095556290805,12.099335011011593,9.008292285770342
21.642095556290805,13.378690944145045,10.39221698014917
20.61442004263196,12.099335011011593,8.46116706307513
21.642095556290805,12.099335011011593,7.813325314667129
21.867805598599567,13.378690944145045,6.606419139891466
21.642095556290805,13.378690944145045,10.128358186281774
40.72404382535712,12.099335011011593,6.591412959041037
21.642095556290805,12.099335011011593,7.695263429823765
21.642095556290805,13.378690944145045,8.420650288787435
21.642095556290805,12.099335011011593,8.586486657051504
21.642095556290805,12.099335011011593,9.898331682497215
21.642095556290805,13.378690944145045,10.58615059206145
45.93161766734187,12.099335011011593,7.573166753557248
21.642095556290805,12.099335011011593,7.695263429823765
21.642095556290805,12.099335011011593,8.826973485042153
21.642095556290805,13.378690944145045,10.128358186281774
14.06043676060576,13.378690944145045,6.710085923092669
21.642095556290805,13.761301161156938,7.6695975671272
21.867805598599567,13.378690944145045,6.606419139891466
23.10537258219561,1.1586196186825877,0.09368138513825273
21.642095556290805,13.378690944145045,7.920659198481531
21.642095556290805,23.319021465237185,5.408201318270279
21.642095556290805,23.319021465237185,5.408201318270279
21.642095556290805,13.378690944145045,10.128358186281774
27.59246498756109,25.73706804957073,5.819598197344197
21.642095556290805,13.378690944145045,8.420650288787435
21.642095556290805,13.378690944145045,7.920659198481531
21.642095556290805,13.378690944145045,8.420650288787435
21.642095556290805,12.099335011011593,9.38686972973467
21.642095556290805,13.378690944145045,8.420650288787435
21.642095556290805,13.378690944145045,8.420650288787435
21.642095556290805,13.378690944145045,8.916226655601243
21.642095556290805,13.378690944145045,8.420650288787435
21.642095556290805,13.378690944145045,10.647106826305539
21.642095556290805,13.378690944145045,9.812143434476639
21.642095556290805,12.099335011011593,8.826973485042153
21.642095556290805,13.378690944145045,8.420650288787435
21.642095556290805,13.378690944145045,8.420650288787435
14.06043676060576,13.378690944145045,6.710085923092669
21.642095556290805,13.378690944145045,8.916226655601243
21.642095556290805,14.645808845695512,7.573166753557248
23.367584300938674,13.378690944145045,10.137352903924816
21.642095556290805,13.761301161156938,7.6695975671272
21.642095556290805,13.378690944145045,8.11509941108991
13.285312373097911,13.378690944145045,6.377831674751242
21.642095556290805,14.645808845695512,7.573166753557248
14.06043676060576,13.378690944145045,6.710085923092669
37.61255153850681,13.378690944145045,8.34995958253798
21.642095556290805,13.378690944145045,8.420650288787435
21.642095556290805,13.378690944145045,8.420650288787435
21.642095556290805,12.099335011011593,7.695263429823765
5.3916811569379455,12.099335011011593,5.450532330952261
21.642095556290805,13.378690944145045,8.420650288787435
80.27877429342198,8.401384771843418,0.09620666837076557
19.100285650593435,1.6467070130749433,4.104642491041471
21.642095556290805,12.099335011011593,7.573166753557248
21.642095556290805,13.378690944145045,8.420650288787435
5.3916811569379455,12.099335011011593,5.450532330952261
21.642095556290805,13.378690944145045,8.420650288787435
13.285312373097911,13.378690944145045,6.377831674751242
21.642095556290805,13.378690944145045,9.812143434476639
21.642095556290805,13.378690944145045,8.11509941108991
21.642095556290805,13.378690944145045,8.11509941108991
21.642095556290805,19.099702486753976,8.11509941108991
2.111523306568632,13.378690944145045,8.11509941108991
21.642095556290805,12.099335011011593,7.813325314667129
21.642095556290805,13.378690944145045,7.920659198481531
21.642095556290805,13.378690944145045,8.420650288787435
3.6514496842172157,7.903321412286728,4.5155372136166765
21.642095556290805,13.378690944145045,9.812143434476639
5.3916811569379455,12.099335011011593,5.450532330952261
21.642095556290805,24.63279010970262,6.622324554784676
21.642095556290805,13.378690944145045,8.420650288787435
21.642095556290805,12.099335011011593,7.573166753557248
2.111523306568632,13.378690944145045,8.11509941108991
23.10537258219561,1.1586196186825877,0.09368138513825273
21.642095556290805,12.099335011011593,7.813325314667129
45.93161766734187,12.099335011011593,7.573166753557248
27.59246498756109,25.73706804957073,5.819598197344197
21.642095556290805,13.378690944145045,8.420650288787435
21.642095556290805,12.099335011011593,8.586486657051504
20.61442004263196,12.099335011011593,8.46116706307513
21.642095556290805,12.099335011011593,8.586486657051504
20.61442004263196,12.099335011011593,8.46116706307513
21.642095556290805,13.378690944145045,10.39221698014917
20.61442004263196,12.099335011011593,8.46116706307513
40.889570394239,12.099335011011593,7.695263429823765
21.642095556290805,13.378690944145045,10.39221698014917
37.61255153850681,13.378690944145045,8.34995958253798
21.642095556290805,12.099335011011593,7.695263429823765
21.642095556290805,13.378690944145045,8.986928170697796
21.642095556290805,12.099335011011593,9.539372332838628
3.6514496842172157,7.903321412286728,4.5155372136166765
21.642095556290805,13.378690944145045,8.420650288787435
21.642095556290805,13.378690944145045,8.420650288787435
15.662214309172908,13.378690944145045,8.44878200593503
21.642095556290805,13.378690944145045,8.420650288787435
21.642095556290805,24.63279010970262,6.622324554784676
21.642095556290805,13.378690944145045,10.37904850415668
19.100285650593435,1.6467070130749433,4.104642491041471
21.642095556290805,13.378690944145045,7.742024977141586
15.662214309172908,13.378690944145045,8.44878200593503
15.662214309172908,13.378690944145045,8.44878200593503
21.642095556290805,12.099335011011593,7.813325314667129
40.72404382535712,12.099335011011593,6.591412959041037
40.889570394239,12.099335011011593,7.695263429823765
21.642095556290805,19.099702486753976,8.11509941108991
21.642095556290805,13.378690944145045,8.420650288787435
21.867805598599567,13.378690944145045,6.606419139891466
21.642095556290805,13.378690944145045,8.420650288787435
21.642095556290805,12.099335011011593,8.826973485042153
21.642095556290805,13.378690944145045,8.420650288787435
21.642095556290805,13.378690944145045,8.420650288787435
21.642095556290805,13.761301161156938,7.6695975671272
21.642095556290805,24.63279010970262,6.622324554784676
21.642095556290805,13.378690944145045,10.647106826305539
21.642095556290805,12.099335011011593,7.695263429823765
21.642095556290805,13.378690944145045,8.420650288787435
19.100285650593435,1.6467070130749433,4.104642491041471
21.642095556290805,12.099335011011593,9.898331682497215
21.642095556290805,13.378690944145045,8.420650288787435
13.285312373097911,13.378690944145045,6.377831674751242
21.642095556290805,13.378690944145045,8.420650288787435
21.642095556290805,12.099335011011593,7.813325314667129
21.642095556290805,12.099335011011593,7.695263429823765
21.642095556290805,12.099335011011593,7.813325314667129
5.3916811569379455,12.099335011011593,5.450532330952261
40.72404382535712,12.099335011011593,6.591412959041037
21.642095556290805,13.378690944145045,7.920659198481531
21.642095556290805,12.099335011011593,7.573166753557248
21.642095556290805,13.378690944145045,7.742024977141586
21.642095556290805,14.080114999121855,8.93399383536877
45.93161766734187,12.099335011011593,7.573166753557248
21.642095556290805,13.378690944145045,10.128358186281774
21.642095556290805,14.645808845695512,7.573166753557248
21.642095556290805,13.378690944145045,8.420650288787435
21.642095556290805,13.378690944145045,8.420650288787435
21.642095556290805,23.319021465237185,5.408201318270279
21.642095556290805,17.23860727141611,8.126703913454888
37.61255153850681,13.378690944145045,8.34995958253798
21.642095556290805,13.378690944145045,9.812143434476639
21.642095556290805,13.378690944145045,8.420650288787435
21.642095556290805,13.378690944145045,8.420650288787435
21.642095556290805,13.378690944145045,8.11509941108991
19.100285650593435,1.6467070130749433,4.104642491041471
21.642095556290805,12.099335011011593,9.38686972973467
21.642095556290805,12.099335011011593,8.586486657051504
21.642095556290805,13.378690944145045,8.420650288787435
20.61442004263196,12.099335011011593,8.46116706307513
27.59246498756109,25.73706804957073,5.819598197344197
21.642095556290805,13.378690944145045,8.420650288787435
21.642095556290805,12.099335011011593,7.695263429823765
13.285312373097911,13.378690944145045,6.377831674751242
21.642095556290805,13.378690944145045,10.39221698014917
21.642095556290805,12.099335011011593,7.695263429823765
21.642095556290805,13.378690944145045,8.420650288787435
21.642095556290805,13.378690944145045,8.420650288787435
21.642095556290805,13.378690944145045,10.647106826305539
21.642095556290805,13.378690944145045,8.420650288787435
21.642095556290805,13.761301161156938,7.6695975671272
21.642095556290805,13.378690944145045,8.916226655601243
21.642095556290805,12.099335011011593,9.898331682497215
21.642095556290805,12.099335011011593,9.008292285770342
21.642095556290805,13.378690944145045,7.742024977141586
21.642095556290805,13.378690944145045,9.728775650939662
3.6514496842172157,7.903321412286728,4.5155372136166765
21.642095556290805,13.378690944145045,8.420650288787435
19.100285650593435,1.6467070130749433,4.104642491041471
21.642095556290805,12.099335011011593,7.695263429823765
21.642095556290805,12.099335011011593,7.573166753557248
21.642095556290805,13.761301161156938,7.6695975671272
40.889570394239,12.099335011011593,7.695263429823765
21.642095556290805,13.378690944145045,8.420650288787435
21.642095556290805,13.378690944145045,10.39221698014917
21.642095556290805,12.099335011011593,7.813325314667129
21.642095556290805,13.378690944145045,9.812143434476639
21.642095556290805,17.661520170984097,8.814034414966109
21.642095556290805,12.099335011011593,7.573166753557248
21.642095556290805,13.378690944145045,9.728775650939662
21.642095556290805,12.099335011011593,7.695263429823765
21.642095556290805,12.099335011011593,7.813325314667129
21.642095556290805,13.378690944145045,8.420650288787435
21.642095556290805,12.099335011011593,7.813325314667129
27.59246498756109,25.73706804957073,5.819598197344197
21.642095556290805,12.099335011011593,7.573166753557248
15.662214309172908,13.378690944145045,8.44878200593503
21.642095556290805,13.378690944145045,8.420650288787435
20.61442004263196,12.099335011011593,8.46116706307513
2.111523306568632,13.378690944145045,8.11509941108991
21.642095556290805,13.378690944145045,10.58615059206145
21.642095556290805,12.099335011011593,7.573166753557248
21.642095556290805,13.378690944145045,8.420650288787435
21.642095556290805,19.099702486753976,8.11509941108991
21.642095556290805,13.378690944145045,7.742024977141586
21.642095556290805,13.378690944145045,8.420650288787435
21.642095556290805,12.099335011011593,7.813325314667129
21.642095556290805,13.378690944145045,8.420650288787435
21.642095556290805,12.099335011011593,8.586486657051504
21.642095556290805,12.099335011011593,7.695263429823765
21.642095556290805,13.378690944145045,8.420650288787435
21.642095556290805,13.378690944145045,8.916226655601243
21.642095556290805,13.378690944145045,8.11509941108991
21.642095556290805,12.099335011011593,7.695263429823765
21.642095556290805,13.378690944145045,8.420650288787435
21.642095556290805,13.378690944145045,8.420650288787435
27.59246498756109,25.73706804957073,5.819598197344197
21.642095556290805,24.63279010970262,6.622324554784676
2.111523306568632,13.378690944145045,8.11509941108991
37.61255153850681,13.378690944145045,8.34995958253798
21.642095556290805,12.099335011011593,7.573166753557248
21.642095556290805,17.23860727141611,8.126703913454888
21.642095556290805,13.378690944145045,8.420650288787435
21.642095556290805,12.099335011011593,7.695263429823765
21.642095556290805,14.080114999121855,8.93399383536877
21.642095556290805,12.099335011011593,7.695263429823765
21.642095556290805,13.378690944145045,8.420650288787435
21.642095556290805,13.761301161156938,7.6695975671272
21.642095556290805,13.378690944145045,8.420650288787435
21.642095556290805,13.761301161156938,7.6695975671272
21.642095556290805,13.378690944145045,8.420650288787435
21.642095556290805,17.23860727141611,8.126703913454888
21.642095556290805,13.378690944145045,8.420650288787435
2.111523306568632,13.378690944145045,8.11509941108991
3.6514496842172157,7.903321412286728,4.5155372136166765
21.642095556290805,23.319021465237185,5.408201318270279
3.3055640892464133,12.099335011011593,1.6488998103287353
21.642095556290805,19.099702486753976,8.11509941108991
21.642095556290805,12.099335011011593,8.826973485042153
21.642095556290805,12.099335011011593,7.573166753557248
36.579057567136545,12.099335011011593,0.1
21.642095556290805,13.378690944145045,8.420650288787435
21.642095556290805,12.099335011011593,8.586486657051504
21.642095556290805,12.099335011011593,9.898331682497215
21.642095556290805,14.645808845695512,7.573166753557248
21.642095556290805,13.378690944145045,8.420650288787435
21.642095556290805,13.378690944145045,10.58615059206145
21.642095556290805,13.378690944145045,10.128358186281774
21.642095556290805,12.099335011011593,7.695263429823765
45.93161766734187,12.099335011011593,7.573166753557248
21.642095556290805,12.099335011011593,7.695263429823765
21.642095556290805,13.378690944145045,8.420650288787435
40.889570394239,12.099335011011593,7.695263429823765
21.642095556290805,12.099335011011593,7.695263429823765
21.642095556290805,12.099335011011593,9.539372332838628
21.642095556290805,13.378690944145045,10.39221698014917
5.3916811569379455,12.099335011011593,5.450532330952261
21.642095556290805,13.378690944145045,8.420650288787435
21.642095556290805,12.099335011011593,7.695263429823765
21.642095556290805,13.378690944145045,9.728775650939662
21.642095556290805,13.378690944145045,8.420650288787435
21.642095556290805,13.378690944145045,8.420650288787435
21.642095556290805,13.378690944145045,8.420650288787435
21.642095556290805,13.378690944145045,10.39221698014917
21.642095556290805,13.378690944145045,7.920659198481531
21.642095556290805,12.099335011011593,7.695263429823765
45.93161766734187,12.099335011011593,7.573166753557248
21.642095556290805,14.645808845695512,7.573166753557248
21.642095556290805,13.378690944145045,8.986928170697796
3.3055640892464133,12.099335011011593,1.6488998103287353
23.367584300938674,13.378690944145045,10.137352903924816
21.642095556290805,13.378690944145045,8.420650288787435
21.642095556290805,12.099335011011593,7.573166753557248
21.642095556290805,13.378690944145045,7.920659198481531
36.579057567136545,12.099335011011593,0.1
21.642095556290805,24.63279010970262,6.622324554784676
21.642095556290805,12.099335011011593,8.826973485042153
21.642095556290805,17.661520170984097,8.814034414966109
21.642095556290805,12.099335011011593,7.695263429823765
21.642095556290805,13.378690944145045,8.11509941108991
21.642095556290805,12.099335011011593,9.898331682497215
21.642095556290805,13.378690944145045,10.37904850415668
21.642095556290805,12.099335011011593,7.695263429823765
21.642095556290805,17.661520170984097,8.814034414966109
21.642095556290805,13.378690944145045,8.420650288787435
21.642095556290805,23.319021465237185,5.408201318270279
21.642095556290805,12.099335011011593,9.539372332838628
21.642095556290805,13.378690944145045,8.420650288787435
21.642095556290805,13.378690944145045,8.916226655601243
21.642095556290805,13.378690944145045,8.420650288787435
21.642095556290805,13.378690944145045,8.420650288787435
40.889570394239,12.099335011011593,7.695263429823765
21.642095556290805,24.63279010970262,6.622324554784676
21.642095556290805,13.378690944145045,9.728775650939662
21.642095556290805,12.099335011011593,7.695263429823765
21.642095556290805,12.099335011011593,7.695263429823765
21.642095556290805,13.378690944145045,8.11509941108991
21.642095556290805,19.099702486753976,8.11509941108991
21.642095556290805,13.378690944145045,8.11509941108991
21.642095556290805,12.099335011011593,7.695263429823765
21.642095556290805,13.378690944145045,8.420650288787435
21.642095556290805,12.099335011011593,7.813325314667129
21.642095556290805,13.378690944145045,8.420650288787435
21.642095556290805,13.378690944145045,8.420650288787435
21.642095556290805,13.378690944145045,8.420650288787435
21.642095556290805,12.099335011011593,8.826973485042153
21.642095556290805,12.099335011011593,7.695263429823765
21.642095556290805,12.099335011011593,7.695263429823765
21.642095556290805,13.378690944145045,8.11509941108991
21.642095556290805,12.099335011011593,7.695263429823765
21.642095556290805,12.099335011011593,7.695263429823765
21.642095556290805,12.099335011011593,8.826973485042153
15.662214309172908,13.378690944145045,8.44878200593503
21.642095556290805,12.099335011011593,7.695263429823765
21.642095556290805,13.378690944145045,8.916226655601243
21.642095556290805,13.378690944145045,10.39221698014917
2.111523306568632,13.378690944145045,8.11509941108991
23.367584300938674,13.378690944145045,10.137352903924816
21.642095556290805,13.378690944145045,8.420650288787435
21.642095556290805,14.080114999121855,8.93399383536877
21.642095556290805,12.099335011011593,7.813325314667129
21.642095556290805,13.378690944145045,8.420650288787435
21.642095556290805,12.099335011011593,9.539372332838628
21.642095556290805,13.378690944145045,8.420650288787435
21.642095556290805,13.378690944145045,8.420650288787435
21.642095556290805,13.378690944145045,8.420650288787435
21.642095556290805,24.63279010970262,6.622324554784676
36.579057567136545,12.099335011011593,0.1
21.642095556290805,12.099335011011593,8.586486657051504
21.642095556290805,12.099335011011593,7.813325314667129
21.642095556290805,14.080114999121855,8.93399383536877
21.642095556290805,12.099335011011593,8.826973485042153
21.642095556290805,13.378690944145045,8.420650288787435
21.642095556290805,13.378690944145045,10.647106826305539
21.642095556290805,13.378690944145045,8.420650288787435
21.642095556290805,13.378690944145045,8.420650288787435
21.642095556290805,13.378690944145045,8.420650288787435
21.642095556290805,13.378690944145045,8.420650288787435
21.642095556290805,13.378690944145045,8.420650288787435
21.642095556290805,13.378690944145045,8.420650288787435
21.642095556290805,13.378690944145045,8.420650288787435
21.642095556290805,13.378690944145045,8.420650288787435
21.642095556290805,12.099335011011593,7.813325314667129
21.642095556290805,13.378690944145045,8.420650288787435
21.642095556290805,13.378690944145045,8.916226655601243
21.642095556290805,13.378690944145045,8.420650288787435
21.642095556290805,13.378690944145045,8.420650288787435
21.642095556290805,13.378690944145045,8.420650288787435
21.642095556290805,14.080114999121855,8.93399383536877
15.662214309172908,13.378690944145045,8.44878200593503
21.642095556290805,13.378690944145045,8.420650288787435
21.642095556290805,13.378690944145045,10.647106826305539
21.642095556290805,17.661520170984097,8.814034414966109
21.642095556290805,13.378690944145045,8.916226655601243
21.642095556290805,13.378690944145045,8.420650288787435
21.642095556290805,13.378690944145045,8.420650288787435
21.642095556290805,13.378690944145045,8.420650288787435
21.642095556290805,13.378690944145045,10.128358186281774
21.642095556290805,12.099335011011593,7.813325314667129
21.642095556290805,17.661520170984097,8.814034414966109
21.642095556290805,13.378690944145045,10.58615059206145
21.642095556290805,13.378690944145045,8.420650288787435
21.642095556290805,13.378690944145045,8.420650288787435
21.642095556290805,13.378690944145045,10.39221698014917
21.642095556290805,13.378690944145045,8.420650288787435
21.642095556290805,12.099335011011593,7.813325314667129
21.642095556290805,13.378690944145045,8.420650288787435
21.642095556290805,13.378690944145045,8.420650288787435
21.642095556290805,13.378690944145045,8.420650288787435
