21.642095556290805,13.378690944145045,5.454648093284611
21.642095556290805,13.378690944145045,9.100758045834185
28.36386312391653,1.862752827628129,3.038448857464692
21.642095556290805,13.378690944145045,7.181100953123258
37.11376521057248,23.518276819426227,0.7843345137832642
21.642095556290805,13.378690944145045,9.933680835387191
37.11376521057248,13.378690944145045,6.151227021849086
22.132759239117643,5.180765460211349,4.740043551017431
21.642095556290805,13.378690944145045,7.181100953123258
21.642095556290805,13.378690944145045,9.308958610993974
21.642095556290805,13.378690944145045,7.935997165090854
21.642095556290805,13.378690944145045,7.935997165090854
21.642095556290805,13.378690944145045,7.181100953123258
21.642095556290805,13.378690944145045,7.935997165090854
21.642095556290805,17.38062216988399,6.828448044262468
21.642095556290805,13.378690944145045,7.935997165090854
21.642095556290805,13.378690944145045,7.935997165090854
21.642095556290805,13.378690944145045,7.181100953123258
21.642095556290805,16.556023314877002,6.850489109298583
21.642095556290805,13.378690944145045,7.935997165090854
21.642095556290805,13.378690944145045,7.935997165090854
21.642095556290805,13.378690944145045,9.389396697607655
21.642095556290805,13.378690944145045,7.935997165090854
21.642095556290805,13.378690944145045,9.933680835387191
21.642095556290805,13.378690944145045,10.079747361602546
28.36386312391653,1.862752827628129,3.038448857464692
21.642095556290805,13.300781696218898,7.942990117333495
22.04172920231631,13.378690944145045,7.93803256682143
21.642095556290805,13.300781696218898,7.942990117333495
21.642095556290805,16.556023314877002,6.850489109298583
21.642095556290805,13.378690944145045,7.935997165090854
21.642095556290805,13.378690944145045,7.935997165090854
37.11376521057248,23.518276819426227,0.7843345137832642
0.48748401135339137,13.378690944145045,0.2192905553852497
21.642095556290805,13.378690944145045,7.181100953123258
21.642095556290805,13.378690944145045,10.005961652102956
21.642095556290805,13.378690944145045,8.823975471403847
22.132759239117643,13.378690944145045,10.818739795909043
37.11376521057248,23.518276819426227,0.7843345137832642
26.369120033105272,15.703623256200572,6.970425644184074
21.642095556290805,13.378690944145045,7.935997165090854
42.25621335023561,13.378690944145045,7.181100953123258
21.642095556290805,13.378690944145045,7.935997165090854
21.642095556290805,13.378690944145045,5.454648093284611
49.05028235882891,23.518276819426227,7.993227433783105
6.656928139243648,13.378690944145045,4.4256677428463576
31.308175285010435,23.518276819426227,1.814208445057437
22.132759239117643,13.378690944145045,7.937605987448831
21.642095556290805,13.378690944145045,7.935997165090854
21.642095556290805,13.378690944145045,10.005961652102956
21.642095556290805,13.378690944145045,9.308958610993974
21.642095556290805,13.378690944145045,7.181100953123258
5.996880372695765,13.378690944145045,2.762706532034924
6.656928139243648,13.378690944145045,4.4256677428463576
22.04172920231631,13.378690944145045,7.93803256682143
21.642095556290805,13.378690944145045,6.937965369655571
21.642095556290805,13.378690944145045,7.935997165090854
21.642095556290805,13.378690944145045,8.781371979133258
22.132759239117643,13.378690944145045,7.937605987448831
5.381479439061167,2.696926041894004,0.0907963081769119
21.642095556290805,13.378690944145045,9.797496013840838
21.642095556290805,13.378690944145045,7.935997165090854
21.642095556290805,16.556023314877002,6.850489109298583
21.642095556290805,13.378690944145045,8.781371979133258
41.67265230658521,13.378690944145045,1.2611970163061081
21.642095556290805,13.378690944145045,7.181100953123258
21.642095556290805,13.378690944145045,5.454648093284611
12.375779259061174,13.378690944145045,6.937965369655571
22.132759239117643,13.378690944145045,7.937605987448831
21.642095556290805,13.378690944145045,7.935997165090854
0.48748401135339137,13.378690944145045,0.2192905553852497
0.48748401135339137,18.750357113003616,2.8526278658478015
21.642095556290805,13.378690944145045,7.935997165090854
21.642095556290805,17.38062216988399,6.828448044262468
21.642095556290805,13.378690944145045,9.308958610993974
21.642095556290805,13.378690944145045,7.935997165090854
0.48748401135339137,18.750357113003616,2.8526278658478015
0.7915686251337245,13.378690944145045,0.3274582578358396
21.642095556290805,13.378690944145045,9.308958610993974
21.642095556290805,13.378690944145045,7.935997165090854
21.642095556290805,13.378690944145045,7.935997165090854
22.132759239117643,5.180765460211349,4.740043551017431
22.132759239117643,13.378690944145045,6.950204843470332
26.369120033105272,15.703623256200572,6.970425644184074
21.642095556290805,13.378690944145045,9.308958610993974
21.642095556290805,13.378690944145045,7.935997165090854
21.642095556290805,17.38062216988399,6.828448044262468
21.642095556290805,13.378690944145045,7.935997165090854
0.7915686251337245,13.378690944145045,0.3274582578358396
21.642095556290805,13.378690944145045,7.935997165090854
21.642095556290805,13.378690944145045,9.797496013840838
21.642095556290805,13.378690944145045,7.935997165090854
21.642095556290805,13.300781696218898,7.942990117333495
0.48748401135339137,18.750357113003616,2.8526278658478015
21.642095556290805,13.378690944145045,9.933680835387191
41.67265230658521,13.378690944145045,1.2611970163061081
0.48748401135339137,13.378690944145045,0.22849504027180534
31.308175285010435,23.518276819426227,1.814208445057437
21.642095556290805,13.378690944145045,7.181100953123258
21.642095556290805,13.378690944145045,6.937965369655571
0.48748401135339137,13.378690944145045,0.2311935503144267
37.11376521057248,13.378690944145045,6.151227021849086
21.642095556290805,13.378690944145045,7.181100953123258
21.642095556290805,13.378690944145045,7.935997165090854
21.642095556290805,13.378690944145045,7.935997165090854
21.642095556290805,13.378690944145045,7.935997165090854
21.642095556290805,16.556023314877002,6.850489109298583
31.308175285010435,23.518276819426227,1.814208445057437
21.642095556290805,13.378690944145045,7.935997165090854
21.642095556290805,13.378690944145045,7.935997165090854
0.48748401135339137,13.378690944145045,0.22849504027180534
21.642095556290805,13.378690944145045,7.935997165090854
21.642095556290805,13.378690944145045,6.937965369655571
21.642095556290805,13.378690944145045,10.005961652102956
21.642095556290805,13.378690944145045,10.005961652102956
31.308175285010435,23.518276819426227,1.814208445057437
0.8948898069744017,20.57787861137023,0.25828653468237056
21.642095556290805,13.378690944145045,7.935997165090854
21.642095556290805,13.378690944145045,7.935997165090854
21.642095556290805,13.378690944145045,9.389396697607655
21.642095556290805,17.38062216988399,6.828448044262468
21.642095556290805,13.378690944145045,7.935997165090854
5.996880372695765,13.378690944145045,2.762706532034924
6.656928139243648,13.378690944145045,4.4256677428463576
5.996880372695765,13.378690944145045,2.762706532034924
21.642095556290805,13.378690944145045,9.797496013840838
21.642095556290805,13.378690944145045,7.935997165090854
21.642095556290805,16.556023314877002,6.850489109298583
21.642095556290805,13.378690944145045,9.389396697607655
0.48748401135339137,13.378690944145045,0.22256517906579695
21.642095556290805,13.378690944145045,7.935997165090854
6.656928139243648,13.378690944145045,4.4256677428463576
42.25621335023561,13.378690944145045,7.181100953123258
21.642095556290805,13.378690944145045,7.181100953123258
21.642095556290805,13.378690944145045,7.935997165090854
0.5289478223852031,12.860372294131775,2.9583852535493445
35.39835550011587,24.305586527958674,4.962445231572953
42.25621335023561,13.378690944145045,7.181100953123258
21.642095556290805,13.378690944145045,7.935997165090854
22.132759239117643,13.378690944145045,7.937605987448831
21.642095556290805,13.378690944145045,9.389396697607655
21.642095556290805,13.378690944145045,7.935997165090854
37.11376521057248,23.518276819426227,0.7843345137832642
21.642095556290805,13.378690944145045,5.454648093284611
21.642095556290805,13.378690944145045,7.935997165090854
21.642095556290805,13.378690944145045,8.823975471403847
21.642095556290805,13.378690944145045,9.308958610993974
28.36386312391653,1.862752827628129,3.038448857464692
15.46649627818366,13.378690944145045,6.8124656311910865
21.642095556290805,13.378690944145045,5.454648093284611
31.03629979089078,13.378690944145045,6.496698095075585
35.39835550011587,24.305586527958674,4.962445231572953
21.642095556290805,13.378690944145045,7.935997165090854
22.132759239117643,13.378690944145045,10.818739795909043
22.132759239117643,13.378690944145045,10.818739795909043
21.642095556290805,7.983675729506919,4.008869613546756
22.132759239117643,13.378690944145045,6.950204843470332
49.05028235882891,23.518276819426227,7.993227433783105
21.642095556290805,13.378690944145045,6.937965369655571
15.46649627818366,13.378690944145045,6.8124656311910865
21.642095556290805,13.378690944145045,7.935997165090854
21.642095556290805,13.378690944145045,7.935997165090854
21.642095556290805,13.378690944145045,5.454648093284611
21.642095556290805,13.378690944145045,7.935997165090854
0.7915686251337245,13.378690944145045,0.3274582578358396
28.36386312391653,1.862752827628129,3.038448857464692
22.132759239117643,13.378690944145045,6.950204843470332
21.642095556290805,13.378690944145045,7.935997165090854
49.05028235882891,23.518276819426227,7.993227433783105
21.642095556290805,13.378690944145045,7.935997165090854
0.8948898069744017,20.57787861137023,0.25828653468237056
37.11376521057248,23.518276819426227,0.7843345137832642
37.11376521057248,13.378690944145045,6.151227021849086
21.642095556290805,13.378690944145045,9.933680835387191
37.11376521057248,13.378690944145045,6.151227021849086
21.642095556290805,13.378690944145045,9.933680835387191
0.48748401135339137,18.750357113003616,2.8526278658478015
21.642095556290805,13.378690944145045,9.933680835387191
22.04172920231631,13.378690944145045,7.93803256682143
0.48748401135339137,18.750357113003616,2.8526278658478015
22.132759239117643,13.378690944145045,7.937605987448831
21.642095556290805,13.378690944145045,6.937965369655571
21.642095556290805,13.378690944145045,7.935997165090854
21.642095556290805,13.378690944145045,7.935997165090854
21.642095556290805,13.378690944145045,7.935997165090854
0.48748401135339137,13.378690944145045,0.2311935503144267
22.132759239117643,13.378690944145045,7.937605987448831
37.11376521057248,13.378690944145045,3.5090110798749605
22.132759239117643,5.180765460211349,4.740043551017431
21.642095556290805,13.378690944145045,7.935997165090854
21.642095556290805,13.378690944145045,9.100758045834185
21.642095556290805,13.378690944145045,9.308958610993974
5.381479439061167,2.696926041894004,0.0907963081769119
37.11376521057248,13.378690944145045,3.5090110798749605
37.11376521057248,13.378690944145045,3.5090110798749605
41.67265230658521,13.378690944145045,1.2611970163061081
21.642095556290805,13.378690944145045,7.181100953123258
22.04172920231631,13.378690944145045,7.93803256682143
21.642095556290805,7.983675729506919,4.008869613546756
22.132759239117643,5.180765460211349,4.740043551017431
0.48748401135339137,13.378690944145045,0.22849504027180534
21.642095556290805,13.378690944145045,9.389396697607655
21.642095556290805,16.556023314877002,6.850489109298583
21.642095556290805,13.378690944145045,9.389396697607655
0.48748401135339137,13.378690944145045,0.2311935503144267
21.642095556290805,13.378690944145045,7.935997165090854
21.642095556290805,13.378690944145045,7.935997165090854
21.642095556290805,13.378690944145045,9.797496013840838
37.11376521057248,23.518276819426227,0.7843345137832642
21.642095556290805,13.378690944145045,7.935997165090854
21.642095556290805,13.378690944145045,9.308958610993974
21.642095556290805,13.378690944145045,7.181100953123258
0.48748401135339137,13.378690944145045,0.2311935503144267
35.39835550011587,24.305586527958674,4.962445231572953
21.642095556290805,13.378690944145045,7.935997165090854
49.05028235882891,23.518276819426227,7.993227433783105
0.48748401135339137,13.378690944145045,0.2192905553852497
49.05028235882891,23.518276819426227,7.993227433783105
21.642095556290805,13.378690944145045,5.454648093284611
21.642095556290805,13.378690944145045,7.181100953123258
21.642095556290805,13.378690944145045,7.935997165090854
28.36386312391653,1.862752827628129,3.038448857464692
5.381479439061167,2.696926041894004,0.0907963081769119
21.642095556290805,13.378690944145045,10.110891277640196
21.642095556290805,13.378690944145045,7.935997165090854
31.308175285010435,23.518276819426227,1.814208445057437
42.25621335023561,13.378690944145045,7.181100953123258
21.642095556290805,13.378690944145045,7.935997165090854
21.642095556290805,13.609477463786138,9.490258179967272
21.642095556290805,13.378690944145045,10.005961652102956
21.642095556290805,13.378690944145045,7.935997165090854
22.132759239117643,13.378690944145045,7.937605987448831
21.642095556290805,13.378690944145045,7.935997165090854
37.11376521057248,23.518276819426227,0.7843345137832642
22.132759239117643,5.180765460211349,4.740043551017431
42.46842068199605,13.378690944145045,4.209858216686682
21.642095556290805,13.378690944145045,9.308958610993974
21.642095556290805,17.38062216988399,6.828448044262468
37.11376521057248,13.378690944145045,6.151227021849086
0.48748401135339137,13.378690944145045,0.22256517906579695
21.642095556290805,13.378690944145045,9.933680835387191
0.8948898069744017,20.57787861137023,0.25828653468237056
21.642095556290805,13.378690944145045,7.935997165090854
21.642095556290805,13.378690944145045,7.181100953123258
35.39835550011587,24.305586527958674,4.962445231572953
0.48748401135339137,18.750357113003616,2.8526278658478015
26.369120033105272,15.703623256200572,6.970425644184074
31.03629979089078,13.378690944145045,6.496698095075585
22.132759239117643,13.378690944145045,7.937605987448831
21.642095556290805,13.378690944145045,9.797496013840838
21.642095556290805,13.378690944145045,9.389396697607655
21.642095556290805,13.378690944145045,7.935997165090854
6.656928139243648,13.378690944145045,4.4256677428463576
21.642095556290805,13.378690944145045,7.181100953123258
21.642095556290805,13.300781696218898,7.942990117333495
5.381479439061167,2.696926041894004,0.0907963081769119
21.642095556290805,13.378690944145045,8.821509405954352
21.642095556290805,13.378690944145045,7.935997165090854
0.7915686251337245,13.378690944145045,0.3274582578358396
21.642095556290805,13.378690944145045,9.308958610993974
26.369120033105272,15.703623256200572,6.970425644184074
28.36386312391653,1.862752827628129,3.038448857464692
21.642095556290805,13.378690944145045,7.935997165090854
22.04172920231631,13.378690944145045,7.93803256682143
31.03629979089078,13.378690944145045,6.496698095075585
0.48748401135339137,18.750357113003616,2.8526278658478015
21.642095556290805,13.378690944145045,10.079747361602546
21.642095556290805,13.378690944145045,7.935997165090854
21.642095556290805,13.378690944145045,8.781371979133258
28.36386312391653,1.862752827628129,3.038448857464692
21.642095556290805,13.378690944145045,8.821509405954352
26.369120033105272,15.703623256200572,6.970425644184074
49.05028235882891,23.518276819426227,7.993227433783105
21.642095556290805,13.378690944145045,9.389396697607655
49.05028235882891,23.518276819426227,7.993227433783105
0.8948898069744017,20.57787861137023,0.25828653468237056
28.36386312391653,1.862752827628129,3.038448857464692
37.11376521057248,13.378690944145045,3.5090110798749605
21.642095556290805,13.378690944145045,7.935997165090854
21.642095556290805,13.378690944145045,9.933680835387191
22.132759239117643,13.378690944145045,6.950204843470332
21.642095556290805,13.378690944145045,7.935997165090854
21.642095556290805,13.378690944145045,7.935997165090854
21.642095556290805,13.378690944145045,7.935997165090854
21.642095556290805,7.983675729506919,4.008869613546756
5.381479439061167,2.696926041894004,0.0907963081769119
37.11376521057248,23.518276819426227,0.7843345137832642
49.05028235882891,23.518276819426227,7.993227433783105
0.7915686251337245,13.378690944145045,0.3274582578358396
37.11376521057248,13.378690944145045,6.151227021849086
37.11376521057248,23.518276819426227,0.7843345137832642
31.03629979089078,13.378690944145045,6.496698095075585
6.656928139243648,13.378690944145045,4.4256677428463576
22.132759239117643,13.378690944145045,10.818739795909043
0.48748401135339137,13.378690944145045,0.2192905553852497
21.642095556290805,13.378690944145045,7.935997165090854
22.132759239117643,13.378690944145045,7.937605987448831
0.8948898069744017,20.57787861137023,0.25828653468237056
21.642095556290805,13.378690944145045,7.935997165090854
22.132759239117643,13.378690944145045,6.950204843470332
22.132759239117643,13.378690944145045,7.937605987448831
21.642095556290805,13.378690944145045,7.935997165090854
21.642095556290805,13.378690944145045,7.935997165090854
21.642095556290805,13.378690944145045,7.935997165090854
21.642095556290805,13.378690944145045,7.935997165090854
21.642095556290805,13.378690944145045,10.110891277640196
22.132759239117643,13.378690944145045,7.937605987448831
21.642095556290805,13.378690944145045,7.935997165090854
21.642095556290805,13.378690944145045,7.935997165090854
31.03629979089078,13.378690944145045,6.496698095075585
21.642095556290805,13.378690944145045,7.935997165090854
15.46649627818366,13.378690944145045,6.8124656311910865
21.642095556290805,13.378690944145045,7.935997165090854
22.132759239117643,13.378690944145045,7.937605987448831
22.132759239117643,13.378690944145045,6.950204843470332
21.642095556290805,13.378690944145045,7.935997165090854
21.642095556290805,13.378690944145045,10.005961652102956
22.132759239117643,13.378690944145045,7.937605987448831
21.642095556290805,7.983675729506919,4.008869613546756
21.642095556290805,16.556023314877002,6.850489109298583
28.36386312391653,1.862752827628129,3.038448857464692
12.375779259061174,13.378690944145045,6.937965369655571
31.03629979089078,13.378690944145045,6.496698095075585
37.11376521057248,13.378690944145045,6.151227021849086
21.642095556290805,13.378690944145045,7.181100953123258
42.25621335023561,13.378690944145045,7.181100953123258
37.11376521057248,23.518276819426227,0.7843345137832642
21.642095556290805,13.378690944145045,7.935997165090854
31.308175285010435,23.518276819426227,1.814208445057437
21.642095556290805,13.378690944145045,6.937965369655571
21.642095556290805,13.378690944145045,7.935997165090854
21.642095556290805,13.378690944145045,6.937965369655571
21.642095556290805,13.378690944145045,7.935997165090854
22.04172920231631,13.378690944145045,7.93803256682143
21.642095556290805,13.378690944145045,6.937965369655571
21.642095556290805,13.378690944145045,7.935997165090854
0.48748401135339137,18.750357113003616,2.8526278658478015
21.642095556290805,13.378690944145045,5.454648093284611
0.48748401135339137,13.378690944145045,0.2311935503144267
22.132759239117643,13.378690944145045,7.937605987448831
21.642095556290805,13.378690944145045,8.821509405954352
22.132759239117643,13.378690944145045,7.937605987448831
5.996880372695765,13.378690944145045,2.762706532034924
21.642095556290805,13.378690944145045,7.935997165090854
0.48748401135339137,18.750357113003616,2.8526278658478015
21.642095556290805,13.378690944145045,7.935997165090854
21.642095556290805,13.378690944145045,6.937965369655571
21.642095556290805,13.378690944145045,7.935997165090854
42.25621335023561,13.378690944145045,7.181100953123258
21.642095556290805,13.378690944145045,7.935997165090854
22.132759239117643,13.378690944145045,7.937605987448831
21.642095556290805,13.378690944145045,7.181100953123258
37.11376521057248,13.378690944145045,6.151227021849086
21.642095556290805,13.378690944145045,7.935997165090854
21.642095556290805,13.378690944145045,6.937965369655571
12.375779259061174,13.378690944145045,6.937965369655571
21.642095556290805,13.378690944145045,7.935997165090854
21.642095556290805,16.556023314877002,6.850489109298583
21.642095556290805,13.378690944145045,8.781371979133258
37.11376521057248,23.518276819426227,0.7843345137832642
42.46842068199605,13.378690944145045,4.209858216686682
21.642095556290805,13.378690944145045,7.181100953123258
21.642095556290805,13.378690944145045,9.100758045834185
22.132759239117643,13.378690944145045,7.937605987448831
21.642095556290805,13.378690944145045,8.781371979133258
37.11376521057248,13.378690944145045,6.151227021849086
21.642095556290805,13.378690944145045,10.005961652102956
21.642095556290805,13.378690944145045,7.935997165090854
21.642095556290805,13.378690944145045,7.935997165090854
6.656928139243648,13.378690944145045,4.4256677428463576
31.03629979089078,13.378690944145045,6.496698095075585
21.642095556290805,13.378690944145045,7.935997165090854
22.04172920231631,13.378690944145045,7.93803256682143
21.642095556290805,13.378690944145045,7.935997165090854
21.642095556290805,13.378690944145045,8.821509405954352
0.48748401135339137,13.378690944145045,0.2192905553852497
26.369120033105272,15.703623256200572,6.970425644184074
22.132759239117643,13.378690944145045,10.818739795909043
21.642095556290805,7.983675729506919,4.008869613546756
42.46842068199605,13.378690944145045,4.209858216686682
21.642095556290805,13.378690944145045,6.937965369655571
37.11376521057248,23.518276819426227,0.7843345137832642
21.642095556290805,13.378690944145045,10.079747361602546
21.642095556290805,13.378690944145045,9.389396697607655
0.48748401135339137,13.378690944145045,0.22256517906579695
21.642095556290805,13.378690944145045,7.935997165090854
21.642095556290805,16.556023314877002,6.850489109298583
22.132759239117643,13.378690944145045,7.937605987448831
21.642095556290805,13.378690944145045,7.181100953123258
0.5289478223852031,12.860372294131775,2.9583852535493445
21.642095556290805,13.378690944145045,7.935997165090854
37.11376521057248,23.518276819426227,0.7843345137832642
21.642095556290805,16.556023314877002,6.850489109298583
37.11376521057248,13.378690944145045,3.5090110798749605
26.369120033105272,15.703623256200572,6.970425644184074
6.656928139243648,13.378690944145045,4.4256677428463576
0.48748401135339137,18.750357113003616,2.8526278658478015
22.132759239117643,13.378690944145045,6.950204843470332
21.642095556290805,13.378690944145045,7.181100953123258
21.642095556290805,13.378690944145045,7.935997165090854
21.642095556290805,13.378690944145045,10.110891277640196
41.67265230658521,13.378690944145045,1.2611970163061081
21.642095556290805,13.378690944145045,7.935997165090854
21.642095556290805,13.378690944145045,7.935997165090854
21.642095556290805,13.609477463786138,9.490258179967272
0.7915686251337245,13.378690944145045,0.3274582578358396
21.642095556290805,13.378690944145045,7.935997165090854
21.642095556290805,13.378690944145045,7.935997165090854
12.375779259061174,13.378690944145045,6.937965369655571
37.11376521057248,13.378690944145045,6.151227021849086
41.67265230658521,13.378690944145045,1.2611970163061081
21.642095556290805,13.378690944145045,10.110891277640196
21.642095556290805,16.556023314877002,6.850489109298583
21.642095556290805,13.378690944145045,7.935997165090854
21.642095556290805,13.378690944145045,9.797496013840838
21.642095556290805,13.378690944145045,7.935997165090854
0.48748401135339137,13.378690944145045,0.2311935503144267
22.132759239117643,5.180765460211349,4.740043551017431
21.642095556290805,13.378690944145045,7.935997165090854
31.03629979089078,13.378690944145045,6.496698095075585
22.132759239117643,5.180765460211349,4.740043551017431
21.642095556290805,13.609477463786138,9.490258179967272
21.642095556290805,13.378690944145045,9.389396697607655
49.05028235882891,23.518276819426227,7.993227433783105
22.132759239117643,5.180765460211349,4.740043551017431
6.656928139243648,13.378690944145045,4.4256677428463576
21.642095556290805,13.378690944145045,9.389396697607655
37.11376521057248,23.518276819426227,0.7843345137832642
0.48748401135339137,13.378690944145045,0.22256517906579695
21.642095556290805,13.378690944145045,10.110891277640196
37.11376521057248,13.378690944145045,3.5090110798749605
21.642095556290805,13.378690944145045,7.935997165090854
21.642095556290805,13.378690944145045,9.797496013840838
21.642095556290805,13.378690944145045,8.781371979133258
6.656928139243648,13.378690944145045,4.4256677428463576
0.7915686251337245,13.378690944145045,0.3274582578358396
5.996880372695765,13.378690944145045,2.762706532034924
21.642095556290805,13.378690944145045,7.935997165090854
31.308175285010435,23.518276819426227,1.814208445057437
21.642095556290805,13.378690944145045,10.079747361602546
21.642095556290805,13.378690944145045,8.781371979133258
21.642095556290805,13.378690944145045,7.935997165090854
22.132759239117643,13.378690944145045,7.937605987448831
37.11376521057248,13.378690944145045,6.151227021849086
0.48748401135339137,18.750357113003616,2.8526278658478015
15.46649627818366,13.378690944145045,6.8124656311910865
21.642095556290805,13.378690944145045,10.079747361602546
21.642095556290805,13.378690944145045,7.935997165090854
21.642095556290805,13.378690944145045,7.935997165090854
21.642095556290805,13.378690944145045,7.935997165090854
35.39835550011587,24.305586527958674,4.962445231572953
21.642095556290805,13.378690944145045,6.937965369655571
22.132759239117643,5.180765460211349,4.740043551017431
21.642095556290805,13.378690944145045,7.935997165090854
21.642095556290805,13.378690944145045,7.935997165090854
37.11376521057248,13.378690944145045,6.151227021849086
22.132759239117643,13.378690944145045,7.937605987448831
21.642095556290805,13.378690944145045,7.935997165090854
21.642095556290805,13.378690944145045,5.454648093284611
31.03629979089078,13.378690944145045,6.496698095075585
37.11376521057248,13.378690944145045,3.5090110798749605
12.375779259061174,13.378690944145045,6.937965369655571
21.642095556290805,13.378690944145045,7.935997165090854
21.642095556290805,13.378690944145045,7.935997165090854
22.04172920231631,13.378690944145045,7.93803256682143
22.132759239117643,13.378690944145045,7.937605987448831
21.642095556290805,13.378690944145045,10.005961652102956
12.375779259061174,13.378690944145045,6.937965369655571
0.7915686251337245,13.378690944145045,0.3274582578358396
21.642095556290805,17.38062216988399,6.828448044262468
21.642095556290805,13.378690944145045,8.781371979133258
21.642095556290805,13.378690944145045,9.797496013840838
0.48748401135339137,13.378690944145045,0.22256517906579695
0.48748401135339137,18.750357113003616,2.8526278658478015
21.642095556290805,13.378690944145045,5.454648093284611
37.11376521057248,13.378690944145045,6.151227021849086
21.642095556290805,13.378690944145045,7.935997165090854
0.8948898069744017,20.57787861137023,0.25828653468237056
26.369120033105272,15.703623256200572,6.970425644184074
42.25621335023561,13.378690944145045,7.181100953123258
22.132759239117643,13.378690944145045,10.818739795909043
21.642095556290805,17.38062216988399,6.828448044262468
21.642095556290805,13.378690944145045,5.454648093284611
26.369120033105272,15.703623256200572,6.970425644184074
21.642095556290805,13.378690944145045,7.935997165090854
35.39835550011587,24.305586527958674,4.962445231572953
21.642095556290805,13.378690944145045,7.935997165090854
37.11376521057248,13.378690944145045,6.151227021849086
22.132759239117643,13.378690944145045,6.950204843470332
21.642095556290805,13.378690944145045,7.935997165090854
0.5289478223852031,12.860372294131775,2.9583852535493445
21.642095556290805,13.378690944145045,7.935997165090854
41.67265230658521,13.378690944145045,1.2611970163061081
6.656928139243648,13.378690944145045,4.4256677428463576
15.46649627818366,13.378690944145045,6.8124656311910865
21.642095556290805,13.378690944145045,7.935997165090854
31.308175285010435,23.518276819426227,1.814208445057437
22.132759239117643,13.378690944145045,10.818739795909043
21.642095556290805,13.378690944145045,5.454648093284611
21.642095556290805,13.378690944145045,5.454648093284611
21.642095556290805,13.378690944145045,7.935997165090854
21.642095556290805,13.378690944145045,7.935997165090854
21.642095556290805,13.378690944145045,7.935997165090854
0.5289478223852031,12.860372294131775,2.9583852535493445
21.642095556290805,13.378690944145045,7.935997165090854
37.11376521057248,13.378690944145045,6.151227021849086
21.642095556290805,13.378690944145045,7.935997165090854
12.375779259061174,13.378690944145045,6.937965369655571
0.48748401135339137,13.378690944145045,0.2311935503144267
21.642095556290805,13.378690944145045,10.005961652102956
21.642095556290805,13.378690944145045,9.389396697607655
21.642095556290805,13.378690944145045,7.935997165090854
15.46649627818366,13.378690944145045,6.8124656311910865
21.642095556290805,13.378690944145045,10.079747361602546
21.642095556290805,13.378690944145045,7.935997165090854
21.642095556290805,13.378690944145045,7.181100953123258
21.642095556290805,17.38062216988399,6.828448044262468
0.48748401135339137,13.378690944145045,0.22849504027180534
21.642095556290805,13.378690944145045,7.935997165090854
22.132759239117643,13.378690944145045,7.937605987448831
31.03629979089078,13.378690944145045,6.496698095075585
21.642095556290805,13.378690944145045,7.935997165090854
37.11376521057248,13.378690944145045,6.151227021849086
21.642095556290805,13.378690944145045,7.935997165090854
21.642095556290805,13.378690944145045,7.935997165090854
42.25621335023561,13.378690944145045,7.181100953123258
21.642095556290805,16.556023314877002,6.850489109298583
21.642095556290805,13.378690944145045,7.935997165090854
22.132759239117643,5.180765460211349,4.740043551017431
0.8948898069744017,20.57787861137023,0.25828653468237056
22.132759239117643,13.378690944145045,10.818739795909043
31.308175285010435,23.518276819426227,1.814208445057437
21.642095556290805,13.378690944145045,7.935997165090854
21.642095556290805,13.378690944145045,9.933680835387191
0.5289478223852031,12.860372294131775,2.9583852535493445
21.642095556290805,13.378690944145045,7.181100953123258
21.642095556290805,13.378690944145045,10.079747361602546
21.642095556290805,13.378690944145045,8.823975471403847
21.642095556290805,13.378690944145045,7.935997165090854
21.642095556290805,13.378690944145045,7.181100953123258
21.642095556290805,13.378690944145045,7.935997165090854
37.11376521057248,23.518276819426227,0.7843345137832642
21.642095556290805,13.378690944145045,7.935997165090854
37.11376521057248,13.378690944145045,6.151227021849086
0.5289478223852031,12.860372294131775,2.9583852535493445
42.25621335023561,13.378690944145045,7.181100953123258
21.642095556290805,13.378690944145045,5.454648093284611
21.642095556290805,13.378690944145045,7.935997165090854
21.642095556290805,13.378690944145045,9.100758045834185
21.642095556290805,13.378690944145045,7.181100953123258
22.132759239117643,13.378690944145045,10.818739795909043
42.46842068199605,13.378690944145045,4.209858216686682
6.656928139243648,13.378690944145045,4.4256677428463576
15.46649627818366,13.378690944145045,6.8124656311910865
0.48748401135339137,18.750357113003616,2.8526278658478015
37.11376521057248,13.378690944145045,3.5090110798749605
21.642095556290805,7.983675729506919,4.008869613546756
21.642095556290805,13.378690944145045,6.937965369655571
0.8948898069744017,20.57787861137023,0.25828653468237056
22.132759239117643,13.378690944145045,6.950204843470332
42.46842068199605,13.378690944145045,4.209858216686682
22.132759239117643,13.378690944145045,7.937605987448831
0.48748401135339137,13.378690944145045,0.2311935503144267
37.11376521057248,13.378690944145045,3.5090110798749605
21.642095556290805,13.378690944145045,7.935997165090854
21.642095556290805,13.378690944145045,7.935997165090854
21.642095556290805,13.378690944145045,7.935997165090854
37.11376521057248,13.378690944145045,6.151227021849086
21.642095556290805,13.378690944145045,9.933680835387191
0.48748401135339137,13.378690944145045,0.22849504027180534
21.642095556290805,13.378690944145045,9.308958610993974
5.996880372695765,13.378690944145045,2.762706532034924
21.642095556290805,13.378690944145045,7.935997165090854
21.642095556290805,13.609477463786138,9.490258179967272
0.48748401135339137,13.378690944145045,0.22849504027180534
37.11376521057248,13.378690944145045,3.5090110798749605
37.11376521057248,23.518276819426227,0.7843345137832642
42.46842068199605,13.378690944145045,4.209858216686682
22.132759239117643,13.378690944145045,7.937605987448831
21.642095556290805,13.378690944145045,7.935997165090854
21.642095556290805,13.378690944145045,7.181100953123258
37.11376521057248,13.378690944145045,6.151227021849086
21.642095556290805,13.378690944145045,7.935997165090854
21.642095556290805,13.609477463786138,9.490258179967272
21.642095556290805,13.378690944145045,7.935997165090854
0.5289478223852031,12.860372294131775,2.9583852535493445
42.25621335023561,13.378690944145045,7.181100953123258
21.642095556290805,13.378690944145045,7.935997165090854
21.642095556290805,13.378690944145045,7.181100953123258
22.04172920231631,13.378690944145045,7.93803256682143
37.11376521057248,13.378690944145045,6.151227021849086
21.642095556290805,13.378690944145045,7.935997165090854
0.48748401135339137,13.378690944145045,0.2192905553852497
0.48748401135339137,13.378690944145045,0.2311935503144267
21.642095556290805,13.378690944145045,9.308958610993974
21.642095556290805,13.378690944145045,7.935997165090854
21.642095556290805,13.378690944145045,7.935997165090854
21.642095556290805,13.378690944145045,8.781371979133258
21.642095556290805,13.378690944145045,7.935997165090854
21.642095556290805,13.378690944145045,7.935997165090854
37.11376521057248,23.518276819426227,0.7843345137832642
35.39835550011587,24.305586527958674,4.962445231572953
21.642095556290805,7.983675729506919,4.008869613546756
22.132759239117643,13.378690944145045,7.937605987448831
21.642095556290805,13.378690944145045,8.821509405954352
12.375779259061174,13.378690944145045,6.937965369655571
21.642095556290805,17.38062216988399,6.828448044262468
12.375779259061174,13.378690944145045,6.937965369655571
41.67265230658521,13.378690944145045,1.2611970163061081
21.642095556290805,13.378690944145045,7.935997165090854
21.642095556290805,13.378690944145045,7.935997165090854
21.642095556290805,13.378690944145045,10.079747361602546
37.11376521057248,13.378690944145045,6.151227021849086
21.642095556290805,13.378690944145045,7.181100953123258
0.48748401135339137,13.378690944145045,0.2192905553852497
21.642095556290805,13.378690944145045,8.823975471403847
37.11376521057248,13.378690944145045,6.151227021849086
31.03629979089078,13.378690944145045,6.496698095075585
37.11376521057248,13.378690944145045,6.151227021849086
21.642095556290805,13.378690944145045,9.797496013840838
21.642095556290805,13.378690944145045,10.005961652102956
21.642095556290805,13.378690944145045,8.821509405954352
41.67265230658521,13.378690944145045,1.2611970163061081
21.642095556290805,16.556023314877002,6.850489109298583
21.642095556290805,13.378690944145045,10.005961652102956
21.642095556290805,13.378690944145045,9.100758045834185
15.46649627818366,13.378690944145045,6.8124656311910865
21.642095556290805,13.378690944145045,7.935997165090854
22.132759239117643,13.378690944145045,6.950204843470332
42.46842068199605,13.378690944145045,4.209858216686682
21.642095556290805,13.378690944145045,7.181100953123258
21.642095556290805,13.378690944145045,6.937965369655571
0.5289478223852031,12.860372294131775,2.9583852535493445
22.132759239117643,13.378690944145045,6.950204843470332
21.642095556290805,13.378690944145045,7.935997165090854
41.67265230658521,13.378690944145045,1.2611970163061081
0.7915686251337245,13.378690944145045,0.3274582578358396
21.642095556290805,13.378690944145045,7.935997165090854
21.642095556290805,13.378690944145045,7.181100953123258
21.642095556290805,13.378690944145045,7.935997165090854
21.642095556290805,13.609477463786138,9.490258179967272
22.132759239117643,13.378690944145045,7.937605987448831
22.132759239117643,13.378690944145045,6.950204843470332
37.11376521057248,13.378690944145045,6.151227021849086
0.48748401135339137,13.378690944145045,0.22849504027180534
31.03629979089078,13.378690944145045,6.496698095075585
21.642095556290805,13.378690944145045,7.181100953123258
21.642095556290805,13.378690944145045,10.110891277640196
21.642095556290805,13.378690944145045,7.935997165090854
21.642095556290805,13.378690944145045,7.935997165090854
21.642095556290805,13.378690944145045,10.079747361602546
15.46649627818366,13.378690944145045,6.8124656311910865
26.369120033105272,15.703623256200572,6.970425644184074
21.642095556290805,13.378690944145045,7.935997165090854
21.642095556290805,13.378690944145045,7.181100953123258
22.04172920231631,13.378690944145045,7.93803256682143
22.132759239117643,13.378690944145045,7.937605987448831
21.642095556290805,13.378690944145045,8.823975471403847
21.642095556290805,13.378690944145045,7.935997165090854
42.25621335023561,13.378690944145045,7.181100953123258
21.642095556290805,13.378690944145045,8.821509405954352
22.132759239117643,13.378690944145045,7.937605987448831
28.36386312391653,1.862752827628129,3.038448857464692
21.642095556290805,13.378690944145045,7.935997165090854
21.642095556290805,13.378690944145045,10.110891277640196
12.375779259061174,13.378690944145045,6.937965369655571
21.642095556290805,7.983675729506919,4.008869613546756
21.642095556290805,13.378690944145045,7.935997165090854
5.381479439061167,2.696926041894004,0.0907963081769119
5.996880372695765,13.378690944145045,2.762706532034924
21.642095556290805,13.378690944145045,7.935997165090854
37.11376521057248,13.378690944145045,6.151227021849086
21.642095556290805,13.378690944145045,7.181100953123258
22.132759239117643,5.180765460211349,4.740043551017431
0.48748401135339137,18.750357113003616,2.8526278658478015
21.642095556290805,13.378690944145045,8.781371979133258
21.642095556290805,13.378690944145045,5.454648093284611
37.11376521057248,13.378690944145045,6.151227021849086
21.642095556290805,13.378690944145045,8.821509405954352
21.642095556290805,13.378690944145045,9.389396697607655
0.48748401135339137,13.378690944145045,0.22256517906579695
0.5289478223852031,12.860372294131775,2.9583852535493445
21.642095556290805,13.378690944145045,5.454648093284611
42.46842068199605,13.378690944145045,4.209858216686682
21.642095556290805,13.378690944145045,7.935997165090854
22.132759239117643,13.378690944145045,7.937605987448831
21.642095556290805,13.378690944145045,7.935997165090854
21.642095556290805,13.378690944145045,7.935997165090854
21.642095556290805,13.378690944145045,7.935997165090854
21.642095556290805,13.378690944145045,7.935997165090854
21.642095556290805,13.378690944145045,5.454648093284611
42.46842068199605,13.378690944145045,4.209858216686682
22.132759239117643,5.180765460211349,4.740043551017431
21.642095556290805,13.378690944145045,7.935997165090854
41.67265230658521,13.378690944145045,1.2611970163061081
21.642095556290805,13.378690944145045,7.181100953123258
22.04172920231631,13.378690944145045,7.93803256682143
21.642095556290805,13.378690944145045,7.935997165090854
21.642095556290805,13.378690944145045,7.935997165090854
0.48748401135339137,13.378690944145045,0.2192905553852497
21.642095556290805,13.378690944145045,7.935997165090854
37.11376521057248,13.378690944145045,6.151227021849086
21.642095556290805,13.378690944145045,10.079747361602546
37.11376521057248,13.378690944145045,6.151227021849086
21.642095556290805,13.378690944145045,7.935997165090854
21.642095556290805,13.378690944145045,7.181100953123258
21.642095556290805,13.609477463786138,9.490258179967272
21.642095556290805,13.378690944145045,9.797496013840838
21.642095556290805,13.378690944145045,6.937965369655571
37.11376521057248,23.518276819426227,0.7843345137832642
21.642095556290805,7.983675729506919,4.008869613546756
0.7915686251337245,13.378690944145045,0.3274582578358396
37.11376521057248,23.518276819426227,0.7843345137832642
21.642095556290805,13.378690944145045,7.935997165090854
21.642095556290805,13.378690944145045,5.454648093284611
21.642095556290805,13.378690944145045,7.935997165090854
21.642095556290805,13.378690944145045,7.935997165090854
22.132759239117643,13.378690944145045,7.937605987448831
21.642095556290805,13.378690944145045,7.935997165090854
21.642095556290805,13.378690944145045,6.937965369655571
21.642095556290805,13.378690944145045,7.181100953123258
22.04172920231631,13.378690944145045,7.93803256682143
5.381479439061167,2.696926041894004,0.0907963081769119
37.11376521057248,23.518276819426227,0.7843345137832642
21.642095556290805,13.378690944145045,7.935997165090854
5.996880372695765,13.378690944145045,2.762706532034924
21.642095556290805,13.378690944145045,9.797496013840838
21.642095556290805,13.378690944145045,10.005961652102956
21.642095556290805,13.378690944145045,7.935997165090854
21.642095556290805,13.378690944145045,9.389396697607655
28.36386312391653,1.862752827628129,3.038448857464692
21.642095556290805,13.378690944145045,6.937965369655571
21.642095556290805,13.378690944145045,6.937965369655571
21.642095556290805,13.378690944145045,8.823975471403847
21.642095556290805,13.378690944145045,9.933680835387191
5.381479439061167,2.696926041894004,0.0907963081769119
21.642095556290805,13.378690944145045,8.781371979133258
31.308175285010435,23.518276819426227,1.814208445057437
21.642095556290805,13.378690944145045,6.937965369655571
21.642095556290805,13.378690944145045,6.937965369655571
21.642095556290805,7.983675729506919,4.008869613546756
6.656928139243648,13.378690944145045,4.4256677428463576
21.642095556290805,13.378690944145045,7.181100953123258
22.132759239117643,13.378690944145045,7.937605987448831
42.25621335023561,13.378690944145045,7.181100953123258
37.11376521057248,13.378690944145045,6.151227021849086
22.132759239117643,5.180765460211349,4.740043551017431
0.7915686251337245,13.378690944145045,0.3274582578358396
21.642095556290805,13.378690944145045,7.935997165090854
21.642095556290805,13.378690944145045,7.935997165090854
0.8948898069744017,20.57787861137023,0.25828653468237056
21.642095556290805,13.378690944145045,10.110891277640196
21.642095556290805,13.378690944145045,7.935997165090854
21.642095556290805,13.378690944145045,8.823975471403847
0.48748401135339137,13.378690944145045,0.2311935503144267
6.656928139243648,13.378690944145045,4.4256677428463576
21.642095556290805,13.378690944145045,7.935997165090854
0.48748401135339137,18.750357113003616,2.8526278658478015
21.642095556290805,13.378690944145045,7.181100953123258
42.25621335023561,13.378690944145045,7.181100953123258
21.642095556290805,13.378690944145045,5.454648093284611
21.642095556290805,13.378690944145045,7.935997165090854
0.48748401135339137,13.378690944145045,0.22849504027180534
37.11376521057248,13.378690944145045,3.5090110798749605
37.11376521057248,23.518276819426227,0.7843345137832642
21.642095556290805,16.556023314877002,6.850489109298583
37.11376521057248,13.378690944145045,6.151227021849086
22.132759239117643,13.378690944145045,7.937605987448831
21.642095556290805,13.378690944145045,7.935997165090854
22.132759239117643,13.378690944145045,10.818739795909043
21.642095556290805,13.378690944145045,7.935997165090854
21.642095556290805,13.378690944145045,7.935997165090854
22.132759239117643,13.378690944145045,7.937605987448831
12.375779259061174,13.378690944145045,6.937965369655571
0.48748401135339137,13.378690944145045,0.22849504027180534
22.132759239117643,13.378690944145045,7.937605987448831
21.642095556290805,13.378690944145045,7.181100953123258
21.642095556290805,13.378690944145045,8.823975471403847
0.48748401135339137,13.378690944145045,0.22256517906579695
0.48748401135339137,18.750357113003616,2.8526278658478015
5.996880372695765,13.378690944145045,2.762706532034924
31.308175285010435,23.518276819426227,1.814208445057437
31.308175285010435,23.518276819426227,1.814208445057437
21.642095556290805,13.378690944145045,8.781371979133258
21.642095556290805,13.378690944145045,8.821509405954352
21.642095556290805,13.378690944145045,7.935997165090854
21.642095556290805,13.378690944145045,7.935997165090854
21.642095556290805,13.378690944145045,7.935997165090854
21.642095556290805,13.378690944145045,8.821509405954352
37.11376521057248,23.518276819426227,0.7843345137832642
21.642095556290805,13.378690944145045,8.781371979133258
12.375779259061174,13.378690944145045,6.937965369655571
22.132759239117643,13.378690944145045,6.950204843470332
21.642095556290805,13.378690944145045,7.181100953123258
21.642095556290805,13.378690944145045,7.935997165090854
21.642095556290805,13.378690944145045,7.935997165090854
21.642095556290805,13.378690944145045,7.935997165090854
21.642095556290805,13.378690944145045,5.454648093284611
21.642095556290805,13.378690944145045,9.389396697607655
35.39835550011587,24.305586527958674,4.962445231572953
42.25621335023561,13.378690944145045,7.181100953123258
37.11376521057248,13.378690944145045,6.151227021849086
21.642095556290805,13.378690944145045,10.005961652102956
22.132759239117643,13.378690944145045,10.818739795909043
21.642095556290805,13.378690944145045,7.935997165090854
42.25621335023561,13.378690944145045,7.181100953123258
21.642095556290805,13.378690944145045,7.935997165090854
21.642095556290805,13.378690944145045,7.935997165090854
22.132759239117643,13.378690944145045,7.937605987448831
21.642095556290805,13.378690944145045,7.935997165090854
41.67265230658521,13.378690944145045,1.2611970163061081
28.36386312391653,1.862752827628129,3.038448857464692
21.642095556290805,16.556023314877002,6.850489109298583
22.132759239117643,13.378690944145045,7.937605987448831
21.642095556290805,13.378690944145045,7.181100953123258
21.642095556290805,13.300781696218898,7.942990117333495
21.642095556290805,13.378690944145045,7.935997165090854
37.11376521057248,23.518276819426227,0.7843345137832642
0.5289478223852031,12.860372294131775,2.9583852535493445
28.36386312391653,1.862752827628129,3.038448857464692
21.642095556290805,13.609477463786138,9.490258179967272
37.11376521057248,23.518276819426227,0.7843345137832642
21.642095556290805,13.378690944145045,7.935997165090854
21.642095556290805,13.378690944145045,7.935997165090854
22.132759239117643,5.180765460211349,4.740043551017431
12.375779259061174,13.378690944145045,6.937965369655571
42.46842068199605,13.378690944145045,4.209858216686682
41.67265230658521,13.378690944145045,1.2611970163061081
28.36386312391653,1.862752827628129,3.038448857464692
0.48748401135339137,13.378690944145045,0.2311935503144267
21.642095556290805,13.378690944145045,7.935997165090854
22.132759239117643,13.378690944145045,6.950204843470332
6.656928139243648,13.378690944145045,4.4256677428463576
21.642095556290805,13.378690944145045,10.110891277640196
22.132759239117643,13.378690944145045,7.937605987448831
22.132759239117643,13.378690944145045,10.818739795909043
21.642095556290805,13.378690944145045,6.937965369655571
0.48748401135339137,18.750357113003616,2.8526278658478015
0.5289478223852031,12.860372294131775,2.9583852535493445
21.642095556290805,13.378690944145045,8.781371979133258
21.642095556290805,17.38062216988399,6.828448044262468
37.11376521057248,13.378690944145045,6.151227021849086
42.25621335023561,13.378690944145045,7.181100953123258
0.8948898069744017,20.57787861137023,0.25828653468237056
21.642095556290805,13.378690944145045,7.935997165090854
0.48748401135339137,13.378690944145045,0.22849504027180534
22.132759239117643,5.180765460211349,4.740043551017431
21.642095556290805,13.378690944145045,7.181100953123258
21.642095556290805,13.378690944145045,7.935997165090854
41.67265230658521,13.378690944145045,1.2611970163061081
21.642095556290805,13.378690944145045,9.389396697607655
35.39835550011587,24.305586527958674,4.962445231572953
0.48748401135339137,13.378690944145045,0.22256517906579695
21.642095556290805,16.556023314877002,6.850489109298583
35.39835550011587,24.305586527958674,4.962445231572953
21.642095556290805,13.378690944145045,10.110891277640196
0.48748401135339137,13.378690944145045,0.2192905553852497
21.642095556290805,13.378690944145045,6.937965369655571
0.7915686251337245,13.378690944145045,0.3274582578358396
6.656928139243648,13.378690944145045,4.4256677428463576
21.642095556290805,13.378690944145045,7.935997165090854
37.11376521057248,13.378690944145045,6.151227021849086
21.642095556290805,13.378690944145045,7.935997165090854
5.996880372695765,13.378690944145045,2.762706532034924
37.11376521057248,13.378690944145045,6.151227021849086
21.642095556290805,13.378690944145045,7.935997165090854
21.642095556290805,13.378690944145045,7.181100953123258
37.11376521057248,23.518276819426227,0.7843345137832642
21.642095556290805,13.378690944145045,6.937965369655571
21.642095556290805,13.378690944145045,9.100758045834185
0.7915686251337245,13.378690944145045,0.3274582578358396
21.642095556290805,13.378690944145045,7.935997165090854
0.48748401135339137,13.378690944145045,0.22849504027180534
22.132759239117643,13.378690944145045,7.937605987448831
21.642095556290805,13.378690944145045,9.389396697607655
21.642095556290805,13.378690944145045,5.454648093284611
42.46842068199605,13.378690944145045,4.209858216686682
0.8948898069744017,20.57787861137023,0.25828653468237056
22.04172920231631,13.378690944145045,7.93803256682143
21.642095556290805,13.378690944145045,6.937965369655571
0.5289478223852031,12.860372294131775,2.9583852535493445
21.642095556290805,13.378690944145045,10.079747361602546
49.05028235882891,23.518276819426227,7.993227433783105
6.656928139243648,13.378690944145045,4.4256677428463576
37.11376521057248,13.378690944145045,6.151227021849086
21.642095556290805,13.378690944145045,9.389396697607655
21.642095556290805,13.378690944145045,8.781371979133258
12.375779259061174,13.378690944145045,6.937965369655571
21.642095556290805,13.378690944145045,7.181100953123258
21.642095556290805,16.556023314877002,6.850489109298583
21.642095556290805,13.378690944145045,7.935997165090854
21.642095556290805,13.378690944145045,7.935997165090854
21.642095556290805,13.300781696218898,7.942990117333495
21.642095556290805,13.378690944145045,10.079747361602546
22.04172920231631,13.378690944145045,7.93803256682143
31.308175285010435,23.518276819426227,1.814208445057437
21.642095556290805,13.378690944145045,7.181100953123258
22.132759239117643,13.378690944145045,7.937605987448831
21.642095556290805,13.378690944145045,6.937965369655571
22.132759239117643,13.378690944145045,7.937605987448831
37.11376521057248,23.518276819426227,0.7843345137832642
22.132759239117643,5.180765460211349,4.740043551017431
22.132759239117643,13.378690944145045,7.937605987448831
21.642095556290805,13.378690944145045,8.781371979133258
21.642095556290805,13.378690944145045,7.935997165090854
21.642095556290805,13.378690944145045,5.454648093284611
0.5289478223852031,12.860372294131775,2.9583852535493445
41.67265230658521,13.378690944145045,1.2611970163061081
21.642095556290805,13.378690944145045,7.935997165090854
21.642095556290805,13.378690944145045,9.933680835387191
6.656928139243648,13.378690944145045,4.4256677428463576
42.46842068199605,13.378690944145045,4.209858216686682
22.132759239117643,13.378690944145045,10.818739795909043
21.642095556290805,13.378690944145045,10.110891277640196
0.48748401135339137,13.378690944145045,0.22256517906579695
0.48748401135339137,13.378690944145045,0.2192905553852497
21.642095556290805,13.378690944145045,7.935997165090854
21.642095556290805,13.378690944145045,7.935997165090854
21.642095556290805,13.378690944145045,7.181100953123258
0.48748401135339137,13.378690944145045,0.22849504027180534
21.642095556290805,13.378690944145045,9.797496013840838
21.642095556290805,13.378690944145045,7.935997165090854
35.39835550011587,24.305586527958674,4.962445231572953
31.03629979089078,13.378690944145045,6.496698095075585
21.642095556290805,13.378690944145045,7.935997165090854
21.642095556290805,13.378690944145045,7.935997165090854
21.642095556290805,13.378690944145045,7.935997165090854
21.642095556290805,13.378690944145045,5.454648093284611
21.642095556290805,13.378690944145045,8.823975471403847
22.132759239117643,13.378690944145045,6.950204843470332
21.642095556290805,13.378690944145045,7.935997165090854
37.11376521057248,13.378690944145045,6.151227021849086
22.132759239117643,13.378690944145045,7.937605987448831
21.642095556290805,13.378690944145045,10.079747361602546
49.05028235882891,23.518276819426227,7.993227433783105
6.656928139243648,13.378690944145045,4.4256677428463576
21.642095556290805,13.378690944145045,8.823975471403847
21.642095556290805,13.378690944145045,7.935997165090854
21.642095556290805,7.983675729506919,4.008869613546756
21.642095556290805,13.378690944145045,9.308958610993974
6.656928139243648,13.378690944145045,4.4256677428463576
21.642095556290805,13.378690944145045,7.935997165090854
21.642095556290805,13.378690944145045,8.823975471403847
21.642095556290805,13.378690944145045,7.935997165090854
21.642095556290805,13.378690944145045,7.935997165090854
5.996880372695765,13.378690944145045,2.762706532034924
42.25621335023561,13.378690944145045,7.181100953123258
21.642095556290805,13.378690944145045,7.935997165090854
21.642095556290805,16.556023314877002,6.850489109298583
0.48748401135339137,18.750357113003616,2.8526278658478015
21.642095556290805,13.378690944145045,8.823975471403847
37.11376521057248,23.518276819426227,0.7843345137832642
21.642095556290805,13.378690944145045,6.937965369655571
21.642095556290805,13.378690944145045,9.389396697607655
21.642095556290805,13.378690944145045,7.935997165090854
42.46842068199605,13.378690944145045,4.209858216686682
21.642095556290805,13.378690944145045,7.935997165090854
21.642095556290805,13.378690944145045,7.935997165090854
21.642095556290805,13.378690944145045,10.005961652102956
31.03629979089078,13.378690944145045,6.496698095075585
21.642095556290805,13.378690944145045,9.389396697607655
35.39835550011587,24.305586527958674,4.962445231572953
37.11376521057248,23.518276819426227,0.7843345137832642
21.642095556290805,13.378690944145045,7.935997165090854
21.642095556290805,13.378690944145045,7.935997165090854
21.642095556290805,13.609477463786138,9.490258179967272
5.381479439061167,2.696926041894004,0.0907963081769119
0.48748401135339137,13.378690944145045,0.22256517906579695
22.132759239117643,13.378690944145045,7.937605987448831
49.05028235882891,23.518276819426227,7.993227433783105
31.03629979089078,13.378690944145045,6.496698095075585
21.642095556290805,16.556023314877002,6.850489109298583
21.642095556290805,13.378690944145045,7.935997165090854
21.642095556290805,13.378690944145045,7.935997165090854
21.642095556290805,13.378690944145045,7.935997165090854
21.642095556290805,13.378690944145045,9.308958610993974
22.132759239117643,13.378690944145045,7.937605987448831
21.642095556290805,13.378690944145045,7.935997165090854
15.46649627818366,13.378690944145045,6.8124656311910865
0.7915686251337245,13.378690944145045,0.3274582578358396
0.48748401135339137,13.378690944145045,0.2311935503144267
21.642095556290805,13.378690944145045,7.935997165090854
21.642095556290805,13.378690944145045,9.933680835387191
21.642095556290805,13.378690944145045,9.308958610993974
21.642095556290805,13.378690944145045,6.937965369655571
42.46842068199605,13.378690944145045,4.209858216686682
0.48748401135339137,18.750357113003616,2.8526278658478015
37.11376521057248,13.378690944145045,6.151227021849086
21.642095556290805,13.378690944145045,7.935997165090854
21.642095556290805,13.378690944145045,7.935997165090854
21.642095556290805,13.378690944145045,7.935997165090854
0.48748401135339137,13.378690944145045,0.22256517906579695
21.642095556290805,13.378690944145045,6.937965369655571
21.642095556290805,7.983675729506919,4.008869613546756
21.642095556290805,13.378690944145045,7.935997165090854
21.642095556290805,13.378690944145045,10.005961652102956
22.132759239117643,13.378690944145045,7.937605987448831
21.642095556290805,13.378690944145045,7.935997165090854
22.132759239117643,5.180765460211349,4.740043551017431
21.642095556290805,13.378690944145045,7.935997165090854
22.132759239117643,13.378690944145045,6.950204843470332
21.642095556290805,13.378690944145045,7.935997165090854
37.11376521057248,13.378690944145045,6.151227021849086
22.132759239117643,13.378690944145045,10.818739795909043
21.642095556290805,13.378690944145045,7.935997165090854
35.39835550011587,24.305586527958674,4.962445231572953
22.132759239117643,13.378690944145045,6.950204843470332
49.05028235882891,23.518276819426227,7.993227433783105
21.642095556290805,13.378690944145045,7.181100953123258
21.642095556290805,13.378690944145045,7.935997165090854
31.03629979089078,13.378690944145045,6.496698095075585
21.642095556290805,13.378690944145045,5.454648093284611
21.642095556290805,13.378690944145045,7.935997165090854
22.132759239117643,13.378690944145045,7.937605987448831
21.642095556290805,13.378690944145045,7.935997165090854
21.642095556290805,13.378690944145045,7.935997165090854
22.132759239117643,13.378690944145045,7.937605987448831
21.642095556290805,13.378690944145045,10.005961652102956
37.11376521057248,23.518276819426227,0.7843345137832642
31.03629979089078,13.378690944145045,6.496698095075585
21.642095556290805,13.378690944145045,9.308958610993974
42.25621335023561,13.378690944145045,7.181100953123258
31.03629979089078,13.378690944145045,6.496698095075585
12.375779259061174,13.378690944145045,6.937965369655571
21.642095556290805,16.556023314877002,6.850489109298583
0.7915686251337245,13.378690944145045,0.3274582578358396
22.04172920231631,13.378690944145045,7.93803256682143
21.642095556290805,13.378690944145045,8.823975471403847
0.48748401135339137,13.378690944145045,0.2192905553852497
0.7915686251337245,13.378690944145045,0.3274582578358396
37.11376521057248,23.518276819426227,0.7843345137832642
21.642095556290805,7.983675729506919,4.008869613546756
37.11376521057248,23.518276819426227,0.7843345137832642
37.11376521057248,13.378690944145045,6.151227021849086
22.132759239117643,13.378690944145045,7.937605987448831
21.642095556290805,13.378690944145045,7.935997165090854
31.03629979089078,13.378690944145045,6.496698095075585
22.132759239117643,13.378690944145045,10.818739795909043
22.132759239117643,13.378690944145045,10.818739795909043
22.04172920231631,13.378690944145045,7.93803256682143
21.642095556290805,13.300781696218898,7.942990117333495
6.656928139243648,13.378690944145045,4.4256677428463576
22.132759239117643,13.378690944145045,6.950204843470332
0.48748401135339137,13.378690944145045,0.22256517906579695
5.381479439061167,2.696926041894004,0.0907963081769119
21.642095556290805,13.378690944145045,9.389396697607655
0.48748401135339137,13.378690944145045,0.22849504027180534
22.04172920231631,13.378690944145045,7.93803256682143
22.132759239117643,13.378690944145045,7.937605987448831
21.642095556290805,13.378690944145045,6.937965369655571
21.642095556290805,13.378690944145045,7.181100953123258
12.375779259061174,13.378690944145045,6.937965369655571
0.48748401135339137,13.378690944145045,0.22849504027180534
21.642095556290805,13.378690944145045,9.933680835387191
37.11376521057248,13.378690944145045,3.5090110798749605
21.642095556290805,13.378690944145045,8.821509405954352
0.48748401135339137,13.378690944145045,0.22256517906579695
22.132759239117643,5.180765460211349,4.740043551017431
0.48748401135339137,18.750357113003616,2.8526278658478015
0.48748401135339137,13.378690944145045,0.22849504027180534
21.642095556290805,13.378690944145045,7.181100953123258
21.642095556290805,17.38062216988399,6.828448044262468
37.11376521057248,23.518276819426227,0.7843345137832642
37.11376521057248,13.378690944145045,6.151227021849086
37.11376521057248,23.518276819426227,0.7843345137832642
21.642095556290805,13.378690944145045,7.935997165090854
21.642095556290805,13.378690944145045,7.935997165090854
5.381479439061167,2.696926041894004,0.0907963081769119
37.11376521057248,13.378690944145045,6.151227021849086
21.642095556290805,13.378690944145045,7.935997165090854
37.11376521057248,23.518276819426227,0.7843345137832642
21.642095556290805,13.378690944145045,7.935997165090854
22.132759239117643,13.378690944145045,7.937605987448831
12.375779259061174,13.378690944145045,6.937965369655571
21.642095556290805,13.378690944145045,9.100758045834185
15.46649627818366,13.378690944145045,6.8124656311910865
21.642095556290805,13.378690944145045,6.937965369655571
21.642095556290805,13.378690944145045,7.935997165090854
21.642095556290805,17.38062216988399,6.828448044262468
21.642095556290805,16.556023314877002,6.850489109298583
21.642095556290805,13.378690944145045,7.935997165090854
42.25621335023561,13.378690944145045,7.181100953123258
49.05028235882891,23.518276819426227,7.993227433783105
22.132759239117643,13.378690944145045,7.937605987448831
21.642095556290805,13.378690944145045,7.181100953123258
21.642095556290805,13.378690944145045,7.935997165090854
41.67265230658521,13.378690944145045,1.2611970163061081
21.642095556290805,13.378690944145045,7.935997165090854
21.642095556290805,13.378690944145045,9.797496013840838
21.642095556290805,13.378690944145045,7.935997165090854
31.03629979089078,13.378690944145045,6.496698095075585
21.642095556290805,13.378690944145045,7.181100953123258
21.642095556290805,13.378690944145045,9.797496013840838
37.11376521057248,13.378690944145045,6.151227021849086
42.25621335023561,13.378690944145045,7.181100953123258
21.642095556290805,13.378690944145045,10.110891277640196
21.642095556290805,13.378690944145045,8.781371979133258
21.642095556290805,13.378690944145045,7.935997165090854
37.11376521057248,23.518276819426227,0.7843345137832642
22.132759239117643,13.378690944145045,7.937605987448831
6.656928139243648,13.378690944145045,4.4256677428463576
31.03629979089078,13.378690944145045,6.496698095075585
21.642095556290805,13.378690944145045,7.181100953123258
21.642095556290805,13.378690944145045,7.181100953123258
37.11376521057248,13.378690944145045,6.151227021849086
21.642095556290805,13.378690944145045,7.181100953123258
6.656928139243648,13.378690944145045,4.4256677428463576
15.46649627818366,13.378690944145045,6.8124656311910865
21.642095556290805,13.378690944145045,8.823975471403847
37.11376521057248,13.378690944145045,6.151227021849086
37.11376521057248,23.518276819426227,0.7843345137832642
21.642095556290805,13.378690944145045,7.935997165090854
21.642095556290805,13.378690944145045,7.935997165090854
42.46842068199605,13.378690944145045,4.209858216686682
21.642095556290805,13.378690944145045,7.935997165090854
21.642095556290805,13.378690944145045,9.933680835387191
41.67265230658521,13.378690944145045,1.2611970163061081
21.642095556290805,13.378690944145045,7.935997165090854
21.642095556290805,13.378690944145045,7.935997165090854
21.642095556290805,13.378690944145045,10.079747361602546
21.642095556290805,13.378690944145045,7.935997165090854
22.132759239117643,5.180765460211349,4.740043551017431
41.67265230658521,13.378690944145045,1.2611970163061081
22.132759239117643,13.378690944145045,7.937605987448831
31.308175285010435,23.518276819426227,1.814208445057437
21.642095556290805,13.378690944145045,7.935997165090854
21.642095556290805,13.378690944145045,7.935997165090854
21.642095556290805,13.378690944145045,7.935997165090854
42.46842068199605,13.378690944145045,4.209858216686682
21.642095556290805,13.378690944145045,7.935997165090854
21.642095556290805,13.378690944145045,7.935997165090854
21.642095556290805,13.378690944145045,7.935997165090854
21.642095556290805,13.378690944145045,7.935997165090854
21.642095556290805,13.378690944145045,7.935997165090854
21.642095556290805,13.378690944145045,7.935997165090854
21.642095556290805,13.378690944145045,7.935997165090854
21.642095556290805,13.378690944145045,8.821509405954352
21.642095556290805,13.378690944145045,7.935997165090854
21.642095556290805,13.378690944145045,7.935997165090854
21.642095556290805,13.378690944145045,9.797496013840838
22.132759239117643,13.378690944145045,7.937605987448831
21.642095556290805,13.378690944145045,7.935997165090854
21.642095556290805,13.378690944145045,7.935997165090854
26.369120033105272,15.703623256200572,6.970425644184074
22.04172920231631,13.378690944145045,7.93803256682143
22.132759239117643,13.378690944145045,7.937605987448831
21.642095556290805,13.378690944145045,7.935997165090854
31.03629979089078,13.378690944145045,6.496698095075585
22.132759239117643,5.180765460211349,4.740043551017431
21.642095556290805,13.378690944145045,7.935997165090854
21.642095556290805,13.378690944145045,7.935997165090854
21.642095556290805,13.378690944145045,7.935997165090854
21.642095556290805,13.378690944145045,7.935997165090854
21.642095556290805,13.378690944145045,7.935997165090854
42.46842068199605,13.378690944145045,4.209858216686682
21.642095556290805,13.378690944145045,8.781371979133258
21.642095556290805,13.378690944145045,7.935997165090854
21.642095556290805,13.378690944145045,7.935997165090854
22.132759239117643,13.378690944145045,7.937605987448831
21.642095556290805,13.378690944145045,7.935997165090854
21.642095556290805,13.378690944145045,10.005961652102956
21.642095556290805,13.378690944145045,10.110891277640196
21.642095556290805,13.378690944145045,7.935997165090854
21.642095556290805,13.378690944145045,9.100758045834185
6.656928139243648,13.378690944145045,4.4256677428463576
21.642095556290805,13.300781696218898,7.942990117333495
22.132759239117643,13.378690944145045,7.937605987448831
21.642095556290805,13.378690944145045,7.935997165090854
21.642095556290805,13.378690944145045,7.935997165090854
21.642095556290805,13.378690944145045,7.935997165090854
