29.318839456680283,19.3099016401069,7.727778178664938
45.79586760766256,19.3099016401069,5.504086996376798
76.71859434513105,19.3099016401069,6.238635153978368
29.318839456680283,19.3099016401069,7.727778178664938
29.318839456680283,19.3099016401069,7.727778178664938
29.318839456680283,19.3099016401069,9.202836378650284
23.335570561118406,21.93041418631151,6.213150286102818
23.335570561118406,8.199301044775217,2.904399634058386
29.318839456680283,19.3099016401069,7.727778178664938
45.79586760766256,19.3099016401069,5.371576649714535
0.7114405464957575,19.3099016401069,0.21559150149920062
29.318839456680283,31.026003858879896,6.772034515390093
47.69269125772502,19.3099016401069,7.325597584025277
45.79586760766256,12.601949856603675,0.0933465860552803
45.79586760766256,26.959334128078908,4.997814150405474
29.318839456680283,19.3099016401069,9.841046963420698
45.79586760766256,19.3099016401069,5.504086996376798
45.79586760766256,19.3099016401069,5.504086996376798
29.318839456680283,19.3099016401069,7.325597584025277
45.79586760766256,19.3099016401069,5.504086996376798
45.79586760766256,19.3099016401069,5.756446033412504
45.79586760766256,19.3099016401069,5.756446033412504
21.642095556290805,19.3099016401069,6.61276698572591
4.1729686474182515,12.250048990814145,2.926375889371688
45.79586760766256,28.326935867519946,9.122525667849537
29.318839456680283,19.3099016401069,7.727778178664938
45.79586760766256,19.3099016401069,5.504086996376798
45.79586760766256,19.3099016401069,5.756446033412504
8.9384797271724,28.521511059088436,1.2437002998275526
29.318839456680283,19.3099016401069,8.452332715752762
60.11562381681625,19.3099016401069,1.9955885548647485
29.318839456680283,19.3099016401069,9.02935766203214
29.318839456680283,19.3099016401069,9.899659566536391
45.79586760766256,19.3099016401069,6.314000032447867
45.79586760766256,19.3099016401069,6.1172951461832135
45.79586760766256,19.3099016401069,6.1172951461832135
45.79586760766256,0.48500618368602844,0.10535456176596607
45.79586760766256,19.3099016401069,6.273770041935804
29.318839456680283,19.3099016401069,9.269897906893348
29.318839456680283,19.3099016401069,7.727778178664938
0.6497949544957733,21.93041418631151,0.17736231003472563
13.443956091334991,19.3099016401069,5.5211883035014715
45.79586760766256,19.3099016401069,6.065335232821252
45.79586760766256,0.1111626335789282,0.10329703264587371
45.79586760766256,19.3099016401069,5.504086996376798
14.801159303634389,8.297100913122174,8.390422392877708
29.318839456680283,19.3099016401069,7.727778178664938
45.79586760766256,18.807996482468486,5.7658889846282415
34.678775319019714,18.731716702285585,7.507938839001203
45.79586760766256,19.3099016401069,5.756446033412504
29.318839456680283,20.060905584652165,7.756085271737964
45.79586760766256,35.004170843169696,5.447732104074212
45.79586760766256,19.3099016401069,5.381804986133729
18.030993775676016,19.3099016401069,6.431940953072482
29.318839456680283,19.3099016401069,7.727778178664938
29.318839456680283,19.3099016401069,7.600327387334776
45.79586760766256,19.3099016401069,6.1172951461832135
45.79586760766256,19.3099016401069,5.504086996376798
57.291969310637235,19.3099016401069,6.1172951461832135
7.998007609152534,31.032781048267083,1.6770345804675642
29.318839456680283,19.3099016401069,7.727778178664938
45.79586760766256,19.3099016401069,5.504086996376798
21.642095556290805,35.18165825596821,6.8538706997307965
45.79586760766256,8.284176611033697,0.10970482550641555
29.318839456680283,11.71071937215477,5.476375890171595
29.690044536066715,19.3099016401069,5.756446033412504
45.79586760766256,19.3099016401069,5.504086996376798
29.318839456680283,19.3099016401069,7.600327387334776
23.128739171162906,19.3099016401069,6.090226230725459
40.62332499753552,12.250048990814145,0.11535778936298574
45.79586760766256,19.672164841430373,5.447732104074212
78.45978512526364,19.3099016401069,5.889691790677826
29.318839456680283,19.3099016401069,9.342362752091605
29.318839456680283,19.3099016401069,7.727778178664938
45.79586760766256,19.3099016401069,6.1172951461832135
45.79586760766256,19.3099016401069,5.504086996376798
6.078412659460302,19.3099016401069,2.7972877071123694
29.318839456680283,19.3099016401069,7.727778178664938
45.79586760766256,19.3099016401069,5.756446033412504
45.79586760766256,19.3099016401069,5.710178079066711
