27.859224657524173,16.122224726764713,10.489841294115925
27.859224657524173,17.031435538511786,9.594347739498314
27.859224657524173,16.122224726764713,10.489841294115925
27.859224657524173,17.031435538511786,9.594347739498314
27.859224657524173,16.122224726764713,10.489841294115925
27.859224657524173,16.122224726764713,10.489841294115925
27.859224657524173,17.031435538511786,9.594347739498314
27.859224657524173,16.122224726764713,10.489841294115925
27.859224657524173,17.031435538511786,9.594347739498314
27.859224657524173,16.122224726764713,10.489841294115925
27.859224657524173,16.122224726764713,10.489841294115925
27.859224657524173,17.031435538511786,9.594347739498314
27.859224657524173,17.031435538511786,9.594347739498314
27.859224657524173,16.122224726764713,10.489841294115925
27.859224657524173,17.031435538511786,9.594347739498314
27.859224657524173,16.70955455029474,None
27.859224657524173,17.031435538511786,9.594347739498314
27.859224657524173,17.031435538511786,9.594347739498314
27.859224657524173,16.122224726764713,10.489841294115925
27.859224657524173,16.70955455029474,10.655703220731917
27.859224657524173,16.70955455029474,None
27.859224657524173,17.031435538511786,9.594347739498314
27.859224657524173,16.122224726764713,10.489841294115925
28.996916004432276,17.031435538511786,8.880322538003249
33.9408512661881,28.516649475186163,10.338535114132718
27.859224657524173,16.70955455029474,10.655703220731917
27.859224657524173,16.122224726764713,10.489841294115925
27.859224657524173,16.70955455029474,10.655703220731917
27.859224657524173,17.031435538511786,9.594347739498314
33.9408512661881,28.516649475186163,10.338535114132718
28.996916004432276,17.031435538511786,8.880322538003249
27.859224657524173,16.70955455029474,9.886801550502318
27.859224657524173,17.031435538511786,9.594347739498314
27.859224657524173,16.70955455029474,9.886801550502318
33.9408512661881,28.516649475186163,10.338535114132718
27.859224657524173,16.122224726764713,10.489841294115925
27.859224657524173,16.70955455029474,10.655703220731917
27.859224657524173,16.70955455029474,None
27.859224657524173,16.70955455029474,10.66274582334278
27.859224657524173,16.122224726764713,10.489841294115925
27.859224657524173,17.031435538511786,9.594347739498314
27.859224657524173,16.70955455029474,10.655703220731917
27.859224657524173,16.70955455029474,None
27.859224657524173,16.70955455029474,9.886801550502318
27.859224657524173,16.122224726764713,10.489841294115925
27.859224657524173,16.70955455029474,None
27.859224657524173,16.70955455029474,10.66274582334278
27.859224657524173,17.031435538511786,9.594347739498314
31.542401973152742,19.060700564439937,10.210274114078617
27.859224657524173,16.70955455029474,10.66274582334278
25.74878871438259,16.664389883622142,None
27.859224657524173,16.70955455029474,None
27.859224657524173,17.031435538511786,9.594347739498314
27.859224657524173,16.70955455029474,9.886801550502318
27.859224657524173,17.031435538511786,10.480777654400631
27.859224657524173,16.70955455029474,10.655703220731917
28.996916004432276,17.031435538511786,8.880322538003249
27.859224657524173,16.70955455029474,None
27.859224657524173,17.031435538511786,9.151760092439703
33.9408512661881,28.516649475186163,10.338535114132718
25.74878871438259,16.664389883622142,None
27.859224657524173,17.031435538511786,10.480777654400631
27.859224657524173,17.031435538511786,9.594347739498314
31.542401973152742,19.060700564439937,10.210274114078617
27.859224657524173,16.70955455029474,None
27.859224657524173,16.70955455029474,10.655703220731917
28.996916004432276,17.031435538511786,8.880322538003249
27.859224657524173,17.031435538511786,9.151760092439703
27.859224657524173,17.031435538511786,10.480777654400631
27.859224657524173,16.70955455029474,10.655703220731917
25.74878871438259,16.664389883622142,None
33.9408512661881,28.516649475186163,10.338535114132718
27.859224657524173,17.031435538511786,9.151760092439703
27.859224657524173,17.031435538511786,9.594347739498314
31.542401973152742,19.060700564439937,10.210274114078617
27.859224657524173,16.70955455029474,10.66274582334278
27.859224657524173,16.70955455029474,None
27.859224657524173,16.122224726764713,10.489841294115925
27.859224657524173,17.031435538511786,9.594347739498314
27.859224657524173,16.70955455029474,10.655703220731917
25.74878871438259,16.664389883622142,None
33.9408512661881,28.516649475186163,10.338535114132718
27.859224657524173,17.031435538511786,10.480777654400631
28.996916004432276,17.031435538511786,8.880322538003249
27.859224657524173,17.031435538511786,9.151760092439703
31.542401973152742,19.060700564439937,10.210274114078617
35.950308641618506,17.031435538511786,10.246431602326627
31.542401973152742,19.060700564439937,10.210274114078617
28.996916004432276,17.031435538511786,8.880322538003249
27.859224657524173,16.122224726764713,10.489841294115925
27.859224657524173,17.031435538511786,9.283961487656464
27.859224657524173,16.70955455029474,10.66274582334278
25.74878871438259,16.664389883622142,None
27.859224657524173,17.031435538511786,9.594347739498314
27.859224657524173,16.70955455029474,None
27.859224657524173,17.031435538511786,10.480777654400631
27.859224657524173,16.70955455029474,9.886801550502318
33.9408512661881,28.516649475186163,10.338535114132718
27.859224657524173,16.70955455029474,10.655703220731917
27.859224657524173,17.031435538511786,9.151760092439703
27.859224657524173,16.70955455029474,9.886801550502318
25.74878871438259,16.664389883622142,None
35.950308641618506,17.031435538511786,10.246431602326627
27.859224657524173,16.70955455029474,10.66274582334278
27.859224657524173,16.70955455029474,10.655703220731917
27.859224657524173,16.70955455029474,None
28.996916004432276,17.031435538511786,8.880322538003249
33.9408512661881,28.516649475186163,10.338535114132718
27.859224657524173,17.031435538511786,9.594347739498314
27.859224657524173,17.031435538511786,9.283961487656464
27.859224657524173,17.031435538511786,9.151760092439703
27.859224657524173,17.031435538511786,9.594347739498314
27.859224657524173,16.122224726764713,10.489841294115925
35.950308641618506,17.031435538511786,10.246431602326627
27.859224657524173,16.70955455029474,10.81472812502061
27.859224657524173,16.70955455029474,None
33.9408512661881,28.516649475186163,10.338535114132718
25.74878871438259,16.664389883622142,None
31.542401973152742,19.060700564439937,10.210274114078617
27.859224657524173,16.70955455029474,10.66274582334278
27.859224657524173,16.70955455029474,10.655703220731917
27.859224657524173,16.122224726764713,10.489841294115925
27.859224657524173,16.70955455029474,9.426702704614016
27.859224657524173,17.031435538511786,9.283961487656464
25.74878871438259,16.664389883622142,None
27.859224657524173,17.031435538511786,10.480777654400631
27.859224657524173,16.70955455029474,10.655703220731917
33.9408512661881,28.516649475186163,10.338535114132718
27.859224657524173,16.70955455029474,9.886801550502318
28.996916004432276,17.031435538511786,8.880322538003249
35.950308641618506,17.031435538511786,10.246431602326627
27.859224657524173,17.031435538511786,9.594347739498314
27.859224657524173,16.70955455029474,10.66274582334278
27.859224657524173,16.70955455029474,None
31.542401973152742,19.060700564439937,10.210274114078617
27.859224657524173,16.70955455029474,10.655703220731917
35.950308641618506,17.031435538511786,10.246431602326627
27.859224657524173,16.70955455029474,10.66274582334278
27.859224657524173,17.031435538511786,9.151760092439703
27.859224657524173,17.031435538511786,9.283961487656464
18.1737812681897,17.031435538511786,9.411091795047962
27.859224657524173,17.031435538511786,10.480777654400631
27.859224657524173,16.70955455029474,None
28.996916004432276,17.031435538511786,8.880322538003249
25.74878871438259,16.664389883622142,None
27.859224657524173,16.70955455029474,9.426702704614016
33.9408512661881,28.516649475186163,10.338535114132718
28.996916004432276,17.031435538511786,8.880322538003249
25.74878871438259,16.664389883622142,None
27.859224657524173,16.70955455029474,9.228762622733534
4.127611918703138,16.70955455029474,9.72130262131399
27.859224657524173,16.70955455029474,None
27.859224657524173,2.6857822259792172,None
31.542401973152742,19.060700564439937,10.210274114078617
27.859224657524173,17.031435538511786,9.151760092439703
27.859224657524173,17.031435538511786,9.594347739498314
27.859224657524173,16.70955455029474,9.886801550502318
27.859224657524173,16.70955455029474,9.426702704614016
27.859224657524173,17.031435538511786,10.480777654400631
33.9408512661881,28.516649475186163,10.338535114132718
27.859224657524173,16.122224726764713,10.489841294115925
27.859224657524173,17.031435538511786,9.283961487656464
27.859224657524173,17.031435538511786,9.151760092439703
27.859224657524173,16.70955455029474,9.886801550502318
27.859224657524173,17.031435538511786,9.594347739498314
31.542401973152742,19.060700564439937,10.210274114078617
27.859224657524173,2.6857822259792172,None
27.859224657524173,16.70955455029474,None
27.859224657524173,16.70955455029474,9.228762622733534
27.859224657524173,16.70955455029474,9.426702704614016
27.859224657524173,16.70955455029474,10.655703220731917
27.859224657524173,17.031435538511786,9.283961487656464
18.1737812681897,17.031435538511786,9.411091795047962
4.127611918703138,16.70955455029474,9.72130262131399
27.859224657524173,16.70955455029474,10.66274582334278
27.859224657524173,17.031435538511786,9.594347739498314
27.859224657524173,16.664389883622142,None
27.859224657524173,16.664389883622142,9.837170791983404
27.859224657524173,17.031435538511786,10.480777654400631
27.859224657524173,16.70955455029474,9.228762622733534
27.859224657524173,16.122224726764713,10.489841294115925
35.950308641618506,17.031435538511786,10.246431602326627
27.859224657524173,16.70955455029474,10.81472812502061
25.74878871438259,16.664389883622142,None
31.542401973152742,19.060700564439937,10.210274114078617
28.996916004432276,17.031435538511786,8.880322538003249
27.859224657524173,2.6857822259792172,None
27.859224657524173,16.70955455029474,10.655703220731917
27.859224657524173,16.70955455029474,None
27.859224657524173,16.70955455029474,9.886801550502318
27.859224657524173,17.031435538511786,9.594347739498314
27.859224657524173,17.031435538511786,10.642444543408596
27.859224657524173,16.70955455029474,9.886801550502318
28.996916004432276,17.031435538511786,8.880322538003249
27.859224657524173,16.664389883622142,None
33.9408512661881,28.516649475186163,10.338535114132718
27.859224657524173,16.664389883622142,9.837170791983404
18.1737812681897,17.031435538511786,9.411091795047962
27.859224657524173,17.031435538511786,10.480777654400631
27.859224657524173,16.70955455029474,10.655703220731917
27.859224657524173,16.70955455029474,None
27.859224657524173,2.6857822259792172,None
27.859224657524173,28.22714795259694,None
27.859224657524173,16.70955455029474,10.66274582334278
27.859224657524173,16.70955455029474,10.814623549130763
31.542401973152742,19.060700564439937,10.210274114078617
31.441002409442216,20.707867393632892,9.746405209898477
27.859224657524173,16.70955455029474,None
27.859224657524173,17.031435538511786,9.151760092439703
27.859224657524173,16.70955455029474,None
27.859224657524173,16.70955455029474,9.228762622733534
35.950308641618506,17.031435538511786,10.246431602326627
27.859224657524173,16.70955455029474,10.81472812502061
27.859224657524173,16.70955455029474,9.228762622733534
27.859224657524173,16.70955455029474,9.886801550502318
27.859224657524173,16.70955455029474,10.66274582334278
27.859224657524173,17.031435538511786,10.642444543408596
4.127611918703138,16.70955455029474,9.72130262131399
27.859224657524173,16.70955455029474,10.814623549130763
27.859224657524173,16.70955455029474,10.655703220731917
27.859224657524173,16.70955455029474,9.426702704614016
27.859224657524173,16.70955455029474,None
27.859224657524173,2.6857822259792172,None
27.859224657524173,16.70955455029474,None
27.859224657524173,16.70955455029474,9.205867961532816
27.859224657524173,16.70955455029474,10.81472812502061
27.859224657524173,17.031435538511786,9.283961487656464
27.859224657524173,16.122224726764713,10.489841294115925
27.859224657524173,3.5372834780539666,9.9725125872663
33.9408512661881,28.516649475186163,10.338535114132718
27.859224657524173,16.70955455029474,None
27.859224657524173,28.22714795259694,None
27.859224657524173,16.664389883622142,None
27.859224657524173,16.70955455029474,10.66274582334278
27.859224657524173,17.031435538511786,9.151760092439703
28.996916004432276,17.031435538511786,8.880322538003249
27.859224657524173,31.631627899265336,None
27.859224657524173,16.70955455029474,9.426702704614016
27.859224657524173,3.5372834780539666,9.9725125872663
33.9408512661881,28.516649475186163,10.338535114132718
27.859224657524173,17.031435538511786,9.81315271866823
27.859224657524173,28.22714795259694,None
35.950308641618506,17.031435538511786,10.246431602326627
27.859224657524173,16.664389883622142,None
27.859224657524173,16.664389883622142,9.837170791983404
27.859224657524173,16.70955455029474,10.81472812502061
27.859224657524173,16.70955455029474,None
27.859224657524173,16.70955455029474,10.655703220731917
18.1737812681897,17.031435538511786,9.411091795047962
27.859224657524173,16.664389883622142,None
27.859224657524173,16.70955455029474,None
27.859224657524173,16.70955455029474,10.814623549130763
31.441002409442216,20.707867393632892,9.746405209898477
27.859224657524173,2.6857822259792172,None
27.859224657524173,16.70955455029474,9.886801550502318
27.859224657524173,17.031435538511786,10.480777654400631
27.859224657524173,17.031435538511786,9.594347739498314
27.859224657524173,17.031435538511786,9.283961487656464
27.859224657524173,16.70955455029474,None
27.859224657524173,16.664389883622142,9.837170791983404
27.859224657524173,16.70955455029474,10.66274582334278
27.859224657524173,16.70955455029474,9.886801550502318
27.859224657524173,16.70955455029474,9.426702704614016
27.859224657524173,16.122224726764713,10.489841294115925
27.859224657524173,31.631627899265336,None
27.859224657524173,16.664389883622142,10.682943972532438
27.859224657524173,16.664389883622142,None
27.859224657524173,16.70955455029474,10.81472812502061
27.859224657524173,2.6857822259792172,None
27.859224657524173,16.70955455029474,10.814623549130763
27.859224657524173,28.22714795259694,None
27.859224657524173,16.70955455029474,9.205867961532816
27.859224657524173,16.70955455029474,9.228762622733534
27.859224657524173,16.664389883622142,None
27.859224657524173,16.70955455029474,None
4.127611918703138,16.70955455029474,9.72130262131399
35.950308641618506,17.031435538511786,10.246431602326627
27.859224657524173,17.031435538511786,9.594347739498314
27.859224657524173,16.70955455029474,None
27.859224657524173,22.991725258525747,9.304685643641816
27.859224657524173,16.70955455029474,None
31.542401973152742,19.060700564439937,10.210274114078617
31.441002409442216,20.707867393632892,9.746405209898477
27.859224657524173,16.664389883622142,None
27.859224657524173,16.70955455029474,None
27.859224657524173,16.70955455029474,None
27.859224657524173,17.031435538511786,9.151760092439703
27.859224657524173,16.70955455029474,None
27.859224657524173,17.031435538511786,10.642444543408596
28.996916004432276,17.031435538511786,8.880322538003249
27.859224657524173,28.22714795259694,None
27.859224657524173,16.70955455029474,10.814623549130763
27.859224657524173,16.70955455029474,None
27.859224657524173,16.70955455029474,None
27.859224657524173,16.70955455029474,None
27.859224657524173,16.70955455029474,None
27.859224657524173,16.70955455029474,None
27.859224657524173,16.70955455029474,None
27.859224657524173,16.70955455029474,None
27.859224657524173,31.631627899265336,None
27.859224657524173,16.664389883622142,None
25.74878871438259,16.664389883622142,None
27.859224657524173,17.031435538511786,9.283961487656464
27.859224657524173,16.664389883622142,10.682943972532438
18.1737812681897,17.031435538511786,9.411091795047962
27.859224657524173,16.70955455029474,10.66274582334278
27.859224657524173,22.991725258525747,9.304685643641816
31.441002409442216,20.707867393632892,9.746405209898477
27.859224657524173,16.70955455029474,None
27.859224657524173,16.664389883622142,9.837170791983404
27.859224657524173,16.70955455029474,None
27.859224657524173,17.031435538511786,9.594347739498314
27.859224657524173,16.70955455029474,None
31.542401973152742,19.060700564439937,10.210274114078617
35.950308641618506,17.031435538511786,10.246431602326627
27.859224657524173,17.031435538511786,9.81315271866823
27.859224657524173,16.70955455029474,None
27.859224657524173,16.70955455029474,None
27.859224657524173,15.2878265796697,None
27.859224657524173,16.122224726764713,10.489841294115925
27.859224657524173,16.70955455029474,10.81472812502061
27.859224657524173,16.70955455029474,None
4.127611918703138,16.70955455029474,9.72130262131399
33.9408512661881,28.516649475186163,10.338535114132718
27.859224657524173,16.664389883622142,None
27.859224657524173,16.70955455029474,10.655703220731917
27.859224657524173,16.70955455029474,9.426702704614016
27.859224657524173,12.023798184746372,None
27.859224657524173,16.70955455029474,None
27.859224657524173,16.70955455029474,None
27.859224657524173,17.031435538511786,9.283961487656464
31.175531674916613,16.70955455029474,None
27.859224657524173,16.70955455029474,None
27.859224657524173,16.70955455029474,9.886801550502318
4.127611918703138,16.70955455029474,9.72130262131399
27.859224657524173,16.664389883622142,None
27.859224657524173,16.70955455029474,9.426702704614016
27.859224657524173,2.6857822259792172,None
27.859224657524173,16.70955455029474,None
27.859224657524173,31.631627899265336,None
27.859224657524173,15.2878265796697,None
27.859224657524173,22.991725258525747,9.304685643641816
27.859224657524173,17.031435538511786,10.642444543408596
25.74878871438259,16.664389883622142,None
27.859224657524173,17.031435538511786,9.594347739498314
27.859224657524173,16.664389883622142,10.682943972532438
27.859224657524173,16.70955455029474,None
27.859224657524173,17.031435538511786,None
31.542401973152742,19.060700564439937,10.210274114078617
27.859224657524173,16.70955455029474,None
27.859224657524173,16.70955455029474,None
33.9408512661881,28.516649475186163,10.338535114132718
27.859224657524173,16.70955455029474,None
27.859224657524173,16.70955455029474,None
27.859224657524173,16.70955455029474,10.81472812502061
27.859224657524173,16.70955455029474,None
27.859224657524173,16.664389883622142,None
28.996916004432276,17.031435538511786,8.880322538003249
27.859224657524173,16.70955455029474,None
27.859224657524173,17.031435538511786,None
27.859224657524173,16.70955455029474,None
27.859224657524173,16.70955455029474,9.228762622733534
27.859224657524173,17.031435538511786,None
27.859224657524173,17.031435538511786,9.151760092439703
51.2733440664542,16.70955455029474,None
27.859224657524173,28.22714795259694,None
27.859224657524173,16.664389883622142,None
27.859224657524173,16.70955455029474,None
27.859224657524173,16.70955455029474,9.159423980436507
27.859224657524173,16.70955455029474,None
27.859224657524173,16.70955455029474,None
27.859224657524173,16.70955455029474,None
27.859224657524173,16.70955455029474,None
27.859224657524173,16.70955455029474,None
27.859224657524173,16.70955455029474,10.655703220731917
