27.859224657524173,25.41246462567636,9.263073438541245
27.859224657524173,25.41246462567636,9.263073438541245
27.859224657524173,25.41246462567636,9.263073438541245
27.859224657524173,17.031435538511786,9.566017344069442
27.859224657524173,25.41246462567636,9.263073438541245
27.859224657524173,27.23934619253157,6.307509548045611
27.859224657524173,27.23934619253157,6.307509548045611
27.859224657524173,25.41246462567636,9.263073438541245
27.859224657524173,27.23934619253157,6.307509548045611
27.859224657524173,25.41246462567636,9.263073438541245
27.859224657524173,25.41246462567636,9.263073438541245
27.859224657524173,9.273460034382483,9.17244051821331
27.859224657524173,17.031435538511786,10.040730102164428
27.859224657524173,27.23934619253157,6.307509548045611
27.859224657524173,17.031435538511786,9.010213145696001
44.05156593597397,18.45242374173041,8.832153836304492
27.859224657524173,17.031435538511786,10.391830363820429
27.666094864949724,17.031435538511786,9.41059202979786
27.859224657524173,17.031435538511786,9.010213145696001
27.859224657524173,17.031435538511786,9.566017344069442
27.859224657524173,27.23934619253157,6.307509548045611
27.859224657524173,17.031435538511786,10.391830363820429
27.859224657524173,17.031435538511786,10.040730102164428
27.859224657524173,9.273460034382483,9.17244051821331
27.859224657524173,17.031435538511786,9.566017344069442
44.05156593597397,18.45242374173041,8.832153836304492
27.666094864949724,17.031435538511786,9.41059202979786
27.859224657524173,17.031435538511786,10.040730102164428
27.859224657524173,17.031435538511786,9.010213145696001
27.859224657524173,9.273460034382483,9.17244051821331
27.859224657524173,27.23934619253157,6.307509548045611
27.859224657524173,25.41246462567636,9.263073438541245
27.859224657524173,17.031435538511786,9.010213145696001
27.859224657524173,17.031435538511786,10.040730102164428
27.859224657524173,17.031435538511786,9.566017344069442
27.859224657524173,17.031435538511786,10.391830363820429
27.859224657524173,17.031435538511786,9.272220524835394
27.666094864949724,17.031435538511786,9.41059202979786
27.859224657524173,27.23934619253157,6.307509548045611
27.859224657524173,9.273460034382483,9.17244051821331
27.859224657524173,17.031435538511786,9.010213145696001
44.05156593597397,18.45242374173041,8.832153836304492
27.859224657524173,25.41246462567636,9.263073438541245
27.666094864949724,17.031435538511786,9.41059202979786
27.859224657524173,25.41246462567636,9.263073438541245
27.666094864949724,17.031435538511786,9.41059202979786
27.859224657524173,27.23934619253157,6.307509548045611
27.859224657524173,17.031435538511786,10.040730102164428
27.859224657524173,17.031435538511786,9.566017344069442
27.859224657524173,17.031435538511786,9.272220524835394
27.859224657524173,17.031435538511786,10.040730102164428
27.859224657524173,17.031435538511786,10.391830363820429
27.859224657524173,17.031435538511786,9.010213145696001
27.859224657524173,17.031435538511786,9.566017344069442
27.666094864949724,17.031435538511786,9.41059202979786
27.859224657524173,9.273460034382483,9.17244051821331
27.859224657524173,27.23934619253157,6.307509548045611
27.859224657524173,25.41246462567636,9.263073438541245
27.859224657524173,17.031435538511786,10.040730102164428
27.859224657524173,17.031435538511786,9.010213145696001
27.859224657524173,17.031435538511786,9.272220524835394
27.859224657524173,17.031435538511786,9.566017344069442
27.859224657524173,25.41246462567636,9.263073438541245
27.666094864949724,17.031435538511786,9.41059202979786
44.05156593597397,18.45242374173041,8.832153836304492
27.859224657524173,17.031435538511786,10.391830363820429
27.859224657524173,9.273460034382483,9.17244051821331
27.859224657524173,17.031435538511786,10.391830363820429
27.859224657524173,9.273460034382483,9.17244051821331
27.859224657524173,17.031435538511786,9.272220524835394
27.859224657524173,25.41246462567636,9.263073438541245
27.859224657524173,17.031435538511786,9.010213145696001
27.859224657524173,17.031435538511786,10.391830363820429
27.859224657524173,17.031435538511786,10.040730102164428
27.859224657524173,25.41246462567636,9.263073438541245
27.859224657524173,27.23934619253157,6.307509548045611
27.859224657524173,17.031435538511786,9.231855909529699
27.859224657524173,17.031435538511786,9.566017344069442
27.859224657524173,27.23934619253157,6.307509548045611
27.859224657524173,17.031435538511786,9.849463970576384
27.859224657524173,9.273460034382483,9.17244051821331
27.004045073339086,17.031435538511786,9.812724569491053
27.859224657524173,17.031435538511786,10.391830363820429
27.859224657524173,17.031435538511786,10.391830363820429
27.859224657524173,17.031435538511786,9.231855909529699
27.859224657524173,17.031435538511786,9.946513733251969
44.05156593597397,18.45242374173041,8.832153836304492
27.859224657524173,17.031435538511786,9.010213145696001
27.859224657524173,23.36443438643108,10.260408580845073
27.859224657524173,27.23934619253157,6.307509548045611
27.859224657524173,17.031435538511786,9.977354387671927
27.859224657524173,17.031435538511786,10.040730102164428
27.859224657524173,27.23934619253157,6.307509548045611
27.859224657524173,17.031435538511786,9.977354387671927
27.859224657524173,9.273460034382483,9.17244051821331
44.05156593597397,18.45242374173041,8.832153836304492
27.004045073339086,17.031435538511786,9.812724569491053
52.585796751789644,17.031435538511786,1.6115080338795638
27.859224657524173,17.031435538511786,10.391830363820429
27.859224657524173,17.031435538511786,9.272220524835394
27.859224657524173,17.031435538511786,10.360413679003909
27.859224657524173,17.031435538511786,10.040730102164428
27.859224657524173,17.031435538511786,9.231855909529699
27.859224657524173,25.41246462567636,9.263073438541245
27.859224657524173,17.031435538511786,9.010213145696001
27.666094864949724,17.031435538511786,9.41059202979786
27.859224657524173,17.031435538511786,9.566017344069442
27.859224657524173,16.70955455029474,9.080609844203911
27.859224657524173,17.031435538511786,9.849463970576384
27.859224657524173,17.031435538511786,9.65878559520499
27.859224657524173,17.031435538511786,10.615140125286851
27.859224657524173,17.031435538511786,8.838880561794
27.859224657524173,16.70955455029474,9.080609844203911
27.859224657524173,16.70955455029474,9.381752970940184
52.585796751789644,17.031435538511786,1.6115080338795638
27.859224657524173,17.031435538511786,9.231855909529699
27.859224657524173,16.70955455029474,10.628833703817408
27.859224657524173,17.031435538511786,9.977354387671927
27.859224657524173,17.031435538511786,9.946513733251969
22.920424288236298,17.031435538511786,10.055175729939789
27.859224657524173,17.031435538511786,9.272220524835394
27.859224657524173,17.031435538511786,9.849463970576384
44.05156593597397,18.45242374173041,8.832153836304492
27.859224657524173,17.031435538511786,10.040730102164428
27.859224657524173,23.36443438643108,10.260408580845073
27.859224657524173,9.273460034382483,9.17244051821331
27.859224657524173,25.41246462567636,9.263073438541245
27.859224657524173,17.031435538511786,9.010213145696001
27.859224657524173,17.031435538511786,10.360413679003909
27.859224657524173,17.031435538511786,9.272220524835394
27.859224657524173,17.031435538511786,8.838880561794
27.666094864949724,17.031435538511786,9.41059202979786
27.859224657524173,17.031435538511786,10.360413679003909
27.859224657524173,23.36443438643108,10.260408580845073
27.859224657524173,17.031435538511786,10.54700507801249
52.585796751789644,17.031435538511786,1.6115080338795638
27.859224657524173,27.23934619253157,6.307509548045611
27.859224657524173,16.70955455029474,9.080609844203911
27.859224657524173,17.031435538511786,10.615140125286851
27.859224657524173,25.41246462567636,9.263073438541245
27.859224657524173,17.031435538511786,9.946513733251969
27.859224657524173,17.031435538511786,10.391830363820429
27.859224657524173,17.031435538511786,9.977354387671927
22.920424288236298,17.031435538511786,10.055175729939789
27.859224657524173,16.70955455029474,9.381752970940184
27.859224657524173,17.031435538511786,9.231855909529699
27.859224657524173,17.031435538511786,10.02072354647413
27.859224657524173,16.70955455029474,9.995218975705082
27.859224657524173,17.031435538511786,9.65878559520499
27.859224657524173,16.70955455029474,10.296809141870904
27.859224657524173,16.70955455029474,9.110930858552127
27.859224657524173,17.031435538511786,9.301797267580314
27.859224657524173,17.031435538511786,9.849463970576384
44.05156593597397,18.45242374173041,8.832153836304492
27.859224657524173,16.70955455029474,10.628833703817408
54.470736492505466,16.47692758200149,10.708480203656777
27.859224657524173,16.70955455029474,9.995218975705082
27.859224657524173,25.41246462567636,9.263073438541245
27.859224657524173,17.031435538511786,9.231855909529699
27.859224657524173,17.031435538511786,10.391830363820429
27.859224657524173,17.031435538511786,9.301797267580314
54.470736492505466,16.47692758200149,10.708480203656777
27.859224657524173,17.031435538511786,9.977354387671927
27.859224657524173,17.031435538511786,9.273827033782075
27.859224657524173,16.70955455029474,9.558136332143636
27.859224657524173,17.031435538511786,9.272220524835394
27.859224657524173,27.23934619253157,6.307509548045611
22.920424288236298,17.031435538511786,10.055175729939789
27.859224657524173,17.031435538511786,10.417731676138283
27.859224657524173,14.151079130280781,7.3783950896259025
27.859224657524173,17.031435538511786,9.010213145696001
27.859224657524173,16.70955455029474,10.628833703817408
27.666094864949724,17.031435538511786,9.41059202979786
27.859224657524173,17.031435538511786,10.54700507801249
27.859224657524173,16.70955455029474,9.110930858552127
18.220885143013767,16.70955455029474,5.898088271464803
27.859224657524173,23.36443438643108,10.260408580845073
27.859224657524173,17.031435538511786,10.360413679003909
27.004045073339086,17.031435538511786,9.812724569491053
27.859224657524173,17.031435538511786,9.946513733251969
27.859224657524173,17.031435538511786,8.838880561794
27.859224657524173,17.031435538511786,9.566017344069442
44.05156593597397,18.45242374173041,8.832153836304492
27.859224657524173,17.031435538511786,10.02072354647413
27.859224657524173,16.70955455029474,9.080609844203911
27.859224657524173,17.031435538511786,10.074322010958094
27.859224657524173,16.70955455029474,9.558136332143636
27.859224657524173,17.031435538511786,10.581786941776055
27.859224657524173,17.031435538511786,9.272220524835394
27.859224657524173,16.70955455029474,9.727222845572362
27.859224657524173,17.031435538511786,9.010213145696001
27.859224657524173,27.23934619253157,6.307509548045611
27.859224657524173,16.70955455029474,9.381752970940184
27.859224657524173,17.031435538511786,9.977354387671927
27.859224657524173,14.151079130280781,7.3783950896259025
27.859224657524173,17.031435538511786,10.391830363820429
27.859224657524173,23.36443438643108,10.260408580845073
27.859224657524173,16.70955455029474,9.739366128077636
27.859224657524173,16.70955455029474,9.110930858552127
27.859224657524173,17.031435538511786,9.528329978202798
27.859224657524173,17.031435538511786,9.273827033782075
27.004045073339086,17.031435538511786,9.812724569491053
27.859224657524173,17.031435538511786,10.54700507801249
27.859224657524173,16.70955455029474,9.080609844203911
27.859224657524173,16.70955455029474,9.995218975705082
27.859224657524173,17.031435538511786,9.231855909529699
27.859224657524173,17.031435538511786,9.354051929174183
52.585796751789644,17.031435538511786,1.6115080338795638
27.859224657524173,17.031435538511786,8.934880713727688
54.470736492505466,16.47692758200149,10.708480203656777
27.859224657524173,17.031435538511786,10.692093248706698
27.859224657524173,17.031435538511786,9.849463970576384
27.859224657524173,17.031435538511786,10.02072354647413
27.859224657524173,16.70955455029474,10.296809141870904
27.859224657524173,31.138967317081338,9.289719203148255
18.220885143013767,16.70955455029474,5.898088271464803
27.666094864949724,17.031435538511786,9.41059202979786
27.859224657524173,17.031435538511786,10.360413679003909
27.859224657524173,17.031435538511786,10.417731676138283
27.859224657524173,17.031435538511786,9.301797267580314
27.859224657524173,16.70955455029474,10.296809141870904
27.859224657524173,17.031435538511786,9.849463970576384
52.585796751789644,17.031435538511786,1.6115080338795638
30.460000248137234,17.031435538511786,8.868991050968033
27.859224657524173,17.031435538511786,10.54700507801249
27.859224657524173,14.151079130280781,7.3783950896259025
27.859224657524173,17.031435538511786,10.360413679003909
27.859224657524173,22.5588007886013,7.79766563207845
18.220885143013767,16.70955455029474,6.561403716702636
27.859224657524173,17.031435538511786,9.231855909529699
27.859224657524173,17.031435538511786,9.185908077175414
27.859224657524173,17.031435538511786,8.934880713727688
27.859224657524173,17.031435538511786,10.692093248706698
27.859224657524173,16.70955455029474,9.033465427916395
27.859224657524173,17.031435538511786,9.123512454283237
27.859224657524173,17.031435538511786,9.272220524835394
27.859224657524173,22.802502505413575,6.914407682890158
27.859224657524173,16.70955455029474,9.110930858552127
27.859224657524173,16.70955455029474,9.995218975705082
27.859224657524173,16.70955455029474,9.739366128077636
27.859224657524173,17.031435538511786,10.581786941776055
27.859224657524173,17.031435538511786,10.358069805737843
27.859224657524173,17.031435538511786,9.528329978202798
27.859224657524173,17.031435538511786,9.010213145696001
27.859224657524173,27.23934619253157,6.307509548045611
27.859224657524173,16.70955455029474,9.080609844203911
27.859224657524173,17.031435538511786,8.838880561794
27.859224657524173,16.70955455029474,9.430075214826003
27.004045073339086,17.031435538511786,9.812724569491053
27.859224657524173,16.47692758200149,9.679174563064693
27.859224657524173,17.031435538511786,10.074322010958094
27.859224657524173,16.70955455029474,10.59701317269673
27.859224657524173,17.031435538511786,10.417731676138283
27.859224657524173,16.70955455029474,9.416408844922074
27.859224657524173,17.031435538511786,9.977354387671927
27.859224657524173,16.70955455029474,9.558136332143636
27.859224657524173,16.70955455029474,9.316621929544091
27.859224657524173,17.031435538511786,9.566017344069442
18.220885143013767,16.70955455029474,5.898088271464803
27.859224657524173,17.031435538511786,10.391830363820429
27.859224657524173,16.70955455029474,9.727222845572362
27.859224657524173,17.031435538511786,9.979639237562083
27.859224657524173,17.031435538511786,9.354051929174183
27.859224657524173,17.031435538511786,10.615140125286851
27.859224657524173,17.031435538511786,9.273827033782075
27.859224657524173,17.031435538511786,10.69955290047731
27.859224657524173,16.70955455029474,10.628833703817408
