27.859224657524173,21.45132093897759,8.119114552743744
27.859224657524173,17.031435538511786,9.55099895621259
27.859224657524173,17.031435538511786,9.55099895621259
27.859224657524173,17.031435538511786,9.55099895621259
53.20521810001781,5.645344403871352,10.183415405462858
27.859224657524173,17.031435538511786,9.55099895621259
27.859224657524173,16.122224726764713,9.607093870832072
27.859224657524173,17.031435538511786,10.166848813567409
27.859224657524173,16.122224726764713,9.607093870832072
27.859224657524173,21.45132093897759,8.119114552743744
27.859224657524173,17.031435538511786,9.55099895621259
27.859224657524173,17.031435538511786,10.166848813567409
53.20521810001781,5.645344403871352,10.183415405462858
27.859224657524173,21.45132093897759,8.119114552743744
53.20521810001781,5.645344403871352,10.183415405462858
27.859224657524173,16.122224726764713,9.607093870832072
27.859224657524173,17.031435538511786,9.55099895621259
27.859224657524173,16.122224726764713,9.607093870832072
53.20521810001781,5.645344403871352,10.183415405462858
27.859224657524173,21.45132093897759,8.119114552743744
27.859224657524173,17.031435538511786,10.166848813567409
27.859224657524173,17.031435538511786,9.55099895621259
27.859224657524173,16.122224726764713,9.607093870832072
27.859224657524173,17.031435538511786,9.55099895621259
53.20521810001781,5.645344403871352,10.183415405462858
27.859224657524173,21.45132093897759,8.119114552743744
53.20521810001781,5.645344403871352,10.183415405462858
27.859224657524173,17.031435538511786,10.166848813567409
27.859224657524173,16.122224726764713,9.607093870832072
27.859224657524173,21.45132093897759,8.119114552743744
27.859224657524173,17.031435538511786,9.55099895621259
53.20521810001781,5.645344403871352,10.183415405462858
27.859224657524173,16.122224726764713,9.607093870832072
27.859224657524173,21.45132093897759,8.119114552743744
27.859224657524173,17.031435538511786,10.166848813567409
27.859224657524173,17.031435538511786,10.166848813567409
27.859224657524173,16.122224726764713,9.607093870832072
27.859224657524173,17.031435538511786,10.166848813567409
53.20521810001781,5.645344403871352,10.183415405462858
27.859224657524173,17.031435538511786,9.55099895621259
27.859224657524173,21.45132093897759,8.119114552743744
27.859224657524173,17.031435538511786,9.55099895621259
28.755083355090772,16.70955455029474,9.152440956950405
27.859224657524173,17.031435538511786,10.166848813567409
27.859224657524173,17.031435538511786,10.166848813567409
27.859224657524173,16.122224726764713,9.607093870832072
27.859224657524173,17.031435538511786,9.523063853311797
27.859224657524173,17.031435538511786,9.55099895621259
53.20521810001781,5.645344403871352,10.183415405462858
27.859224657524173,17.031435538511786,9.55099895621259
28.755083355090772,16.70955455029474,9.152440956950405
27.859224657524173,17.031435538511786,10.166848813567409
53.20521810001781,5.645344403871352,10.183415405462858
27.859224657524173,16.122224726764713,9.607093870832072
27.859224657524173,21.45132093897759,8.119114552743744
28.996916004432276,17.031435538511786,9.703163033216956
27.859224657524173,16.70955455029474,10.353269506398522
27.859224657524173,16.70955455029474,10.417664155118276
53.20521810001781,5.645344403871352,10.183415405462858
27.859224657524173,17.031435538511786,9.523063853311797
27.859224657524173,16.122224726764713,9.607093870832072
27.859224657524173,17.031435538511786,9.523063853311797
27.859224657524173,17.031435538511786,9.55099895621259
27.859224657524173,17.031435538511786,10.166848813567409
27.859224657524173,16.70955455029474,10.417664155118276
27.859224657524173,16.70955455029474,10.353269506398522
28.996916004432276,17.031435538511786,9.703163033216956
27.859224657524173,17.031435538511786,8.989589646821392
27.859224657524173,17.031435538511786,8.916865624046782
27.859224657524173,17.031435538511786,10.166848813567409
27.859224657524173,17.031435538511786,8.916865624046782
27.859224657524173,17.031435538511786,9.55099895621259
27.859224657524173,16.70955455029474,10.417664155118276
27.859224657524173,16.122224726764713,9.607093870832072
27.859224657524173,17.031435538511786,9.523063853311797
28.755083355090772,16.70955455029474,9.152440956950405
27.859224657524173,21.45132093897759,8.119114552743744
27.859224657524173,17.031435538511786,9.496476186366541
27.859224657524173,16.122224726764713,9.607093870832072
27.859224657524173,17.031435538511786,9.55099895621259
27.859224657524173,16.70955455029474,10.353269506398522
27.859224657524173,17.031435538511786,10.166848813567409
27.859224657524173,17.031435538511786,9.523063853311797
28.755083355090772,16.70955455029474,9.152440956950405
27.859224657524173,17.031435538511786,9.068520668711876
27.859224657524173,17.031435538511786,8.989589646821392
27.859224657524173,17.031435538511786,8.916865624046782
27.859224657524173,17.031435538511786,8.989589646821392
10.251501196766721,16.70955455029474,4.003442193308394
27.859224657524173,16.122224726764713,9.607093870832072
27.859224657524173,17.031435538511786,9.55099895621259
28.755083355090772,16.70955455029474,9.152440956950405
27.859224657524173,17.031435538511786,9.496476186366541
27.859224657524173,21.45132093897759,8.119114552743744
27.859224657524173,17.031435538511786,10.166848813567409
27.859224657524173,17.031435538511786,9.068520668711876
27.859224657524173,16.47692758200149,9.98120262005255
27.859224657524173,17.031435538511786,9.496476186366541
27.859224657524173,16.70955455029474,9.353297250925962
28.755083355090772,16.70955455029474,9.152440956950405
53.20521810001781,5.645344403871352,10.183415405462858
27.859224657524173,17.031435538511786,10.166848813567409
27.859224657524173,16.70955455029474,10.353269506398522
27.859224657524173,17.031435538511786,8.989589646821392
27.859224657524173,17.031435538511786,8.916865624046782
27.859224657524173,17.031435538511786,9.55099895621259
27.859224657524173,17.031435538511786,9.068520668711876
27.859224657524173,17.031435538511786,9.653073387932542
27.859224657524173,17.031435538511786,9.523063853311797
28.996916004432276,17.031435538511786,9.703163033216956
28.755083355090772,16.70955455029474,9.152440956950405
27.859224657524173,16.70955455029474,10.353269506398522
27.859224657524173,17.031435538511786,9.40062931052825
53.20521810001781,5.645344403871352,10.183415405462858
27.859224657524173,16.70955455029474,10.417664155118276
27.859224657524173,21.45132093897759,8.119114552743744
27.859224657524173,16.70955455029474,9.353297250925962
27.859224657524173,17.031435538511786,9.653073387932542
27.859224657524173,9.579594319411921,2.445942881194739
27.859224657524173,17.031435538511786,9.068520668711876
27.859224657524173,17.031435538511786,10.166848813567409
27.859224657524173,16.47692758200149,9.98120262005255
27.859224657524173,23.56649748668564,6.585116659672848
28.755083355090772,16.70955455029474,9.152440956950405
27.859224657524173,17.031435538511786,9.523063853311797
53.20521810001781,5.645344403871352,10.183415405462858
28.996916004432276,17.031435538511786,9.703163033216956
27.859224657524173,17.031435538511786,9.40062931052825
27.859224657524173,17.031435538511786,9.653073387932542
10.251501196766721,16.70955455029474,4.003442193308394
38.04100957661035,17.031435538511786,6.484856074095412
27.859224657524173,17.031435538511786,9.55099895621259
27.859224657524173,17.031435538511786,9.068520668711876
27.859224657524173,9.579594319411921,2.445942881194739
27.859224657524173,21.45132093897759,8.119114552743744
27.859224657524173,17.031435538511786,9.523063853311797
27.859224657524173,16.70955455029474,9.353297250925962
27.859224657524173,17.031435538511786,9.55099895621259
27.859224657524173,23.56649748668564,6.585116659672848
27.859224657524173,16.70955455029474,10.417664155118276
27.859224657524173,9.579594319411921,2.445942881194739
27.859224657524173,16.70955455029474,10.353269506398522
27.859224657524173,17.031435538511786,8.989589646821392
27.859224657524173,17.031435538511786,9.40062931052825
27.859224657524173,21.45132093897759,8.119114552743744
27.859224657524173,17.031435538511786,10.166848813567409
27.859224657524173,16.47692758200149,9.98120262005255
2.329387181216653,17.031435538511786,0.7900464276534931
27.859224657524173,17.031435538511786,9.496476186366541
27.859224657524173,23.56649748668564,6.585116659672848
28.755083355090772,16.70955455029474,9.152440956950405
27.859224657524173,17.031435538511786,9.55099895621259
27.859224657524173,16.122224726764713,9.607093870832072
27.859224657524173,17.031435538511786,10.166848813567409
27.859224657524173,17.031435538511786,9.523063853311797
27.859224657524173,16.70955455029474,9.353297250925962
27.859224657524173,16.70955455029474,10.417664155118276
27.859224657524173,16.70955455029474,10.353269506398522
27.859224657524173,17.031435538511786,9.653073387932542
2.329387181216653,17.031435538511786,0.7900464276534931
28.996916004432276,17.031435538511786,9.703163033216956
27.859224657524173,21.45132093897759,8.119114552743744
27.859224657524173,9.579594319411921,2.445942881194739
27.859224657524173,17.031435538511786,8.989589646821392
27.859224657524173,17.031435538511786,9.40062931052825
38.04100957661035,17.031435538511786,6.484856074095412
27.859224657524173,16.47692758200149,9.98120262005255
27.859224657524173,17.031435538511786,9.241022870170172
27.859224657524173,16.47692758200149,9.98120262005255
28.996916004432276,17.031435538511786,9.703163033216956
27.859224657524173,4.603509062574458,10.13908994173226
27.859224657524173,16.122224726764713,9.607093870832072
27.859224657524173,17.031435538511786,9.050663380277014
27.859224657524173,17.031435538511786,9.496476186366541
27.859224657524173,17.031435538511786,9.068520668711876
27.859224657524173,16.70955455029474,9.353297250925962
27.859224657524173,17.031435538511786,10.166848813567409
28.755083355090772,16.70955455029474,9.152440956950405
27.859224657524173,23.56649748668564,6.585116659672848
27.859224657524173,17.031435538511786,9.653073387932542
27.859224657524173,17.031435538511786,8.916865624046782
27.859224657524173,17.031435538511786,8.989589646821392
27.859224657524173,16.70955455029474,10.417664155118276
27.859224657524173,17.031435538511786,9.523063853311797
27.859224657524173,17.031435538511786,9.40062931052825
38.04100957661035,17.031435538511786,6.484856074095412
27.859224657524173,17.031435538511786,8.916865624046782
27.859224657524173,16.70955455029474,9.353297250925962
27.859224657524173,9.579594319411921,2.445942881194739
10.251501196766721,16.70955455029474,4.003442193308394
27.859224657524173,17.031435538511786,9.802649293348559
27.859224657524173,17.031435538511786,9.241022870170172
27.859224657524173,17.031435538511786,9.496476186366541
27.859224657524173,17.031435538511786,9.523063853311797
38.04100957661035,17.031435538511786,6.484856074095412
27.859224657524173,21.45132093897759,8.119114552743744
27.859224657524173,17.031435538511786,9.068520668711876
27.859224657524173,4.603509062574458,10.13908994173226
27.859224657524173,17.031435538511786,8.989589646821392
28.755083355090772,16.70955455029474,9.152440956950405
28.996916004432276,17.031435538511786,9.703163033216956
27.859224657524173,16.70955455029474,10.417664155118276
27.859224657524173,17.031435538511786,10.166848813567409
27.859224657524173,23.56649748668564,6.585116659672848
27.859224657524173,17.031435538511786,9.050663380277014
27.859224657524173,17.031435538511786,9.40062931052825
27.859224657524173,17.031435538511786,10.166848813567409
27.859224657524173,21.45132093897759,8.119114552743744
2.329387181216653,17.031435538511786,0.7900464276534931
38.04100957661035,17.031435538511786,6.484856074095412
27.859224657524173,16.70955455029474,9.286221586614372
27.859224657524173,16.122224726764713,9.607093870832072
27.859224657524173,17.031435538511786,10.698460606894313
27.859224657524173,17.031435538511786,9.241022870170172
27.859224657524173,16.70955455029474,9.307726710684438
28.755083355090772,16.70955455029474,9.152440956950405
27.859224657524173,9.579594319411921,2.445942881194739
27.859224657524173,16.70955455029474,10.417664155118276
27.859224657524173,16.70955455029474,9.353297250925962
27.859224657524173,16.70955455029474,10.353269506398522
27.859224657524173,16.47692758200149,9.98120262005255
27.859224657524173,23.56649748668564,6.585116659672848
27.859224657524173,17.031435538511786,9.496476186366541
27.859224657524173,17.031435538511786,9.068520668711876
27.859224657524173,17.031435538511786,9.802649293348559
27.859224657524173,17.031435538511786,9.89611053385977
27.859224657524173,17.031435538511786,9.523063853311797
10.251501196766721,16.70955455029474,4.003442193308394
27.859224657524173,16.122224726764713,9.607093870832072
27.859224657524173,16.70955455029474,10.157333582634262
27.859224657524173,17.031435538511786,9.89611053385977
27.859224657524173,17.031435538511786,9.802649293348559
27.859224657524173,17.031435538511786,9.050663380277014
27.859224657524173,9.579594319411921,2.445942881194739
27.859224657524173,16.70955455029474,9.678174671770817
38.04100957661035,17.031435538511786,6.484856074095412
27.859224657524173,16.70955455029474,9.286221586614372
27.859224657524173,16.70955455029474,10.485327965742593
27.859224657524173,16.70955455029474,9.353297250925962
27.859224657524173,23.56649748668564,6.585116659672848
27.859224657524173,17.031435538511786,9.653073387932542
27.859224657524173,17.031435538511786,9.523063853311797
27.859224657524173,17.031435538511786,9.616491591858441
27.859224657524173,16.70955455029474,10.417664155118276
27.859224657524173,17.031435538511786,8.916865624046782
28.996916004432276,17.031435538511786,9.703163033216956
27.859224657524173,21.45132093897759,8.119114552743744
10.251501196766721,16.70955455029474,4.003442193308394
27.859224657524173,17.031435538511786,8.989589646821392
27.859224657524173,17.031435538511786,9.241022870170172
2.329387181216653,17.031435538511786,0.7900464276534931
27.859224657524173,17.031435538511786,10.698460606894313
27.859224657524173,17.031435538511786,9.55099895621259
27.859224657524173,17.031435538511786,10.166848813567409
27.859224657524173,16.70955455029474,10.353269506398522
27.859224657524173,17.031435538511786,9.496476186366541
53.20521810001781,5.645344403871352,10.183415405462858
27.859224657524173,17.031435538511786,10.23283243692604
27.859224657524173,16.47692758200149,9.98120262005255
27.859224657524173,17.031435538511786,9.523063853311797
27.859224657524173,17.031435538511786,10.565126133450368
27.859224657524173,16.70955455029474,9.678174671770817
27.859224657524173,17.031435538511786,9.241022870170172
28.23346459138656,17.031435538511786,9.761641565046704
27.859224657524173,16.70955455029474,9.286221586614372
27.859224657524173,16.70955455029474,10.485327965742593
27.859224657524173,17.031435538511786,8.989589646821392
27.859224657524173,17.031435538511786,9.496476186366541
56.00093248320184,16.70955455029474,0.10424414606182075
27.859224657524173,9.579594319411921,2.445942881194739
27.859224657524173,17.031435538511786,9.40062931052825
10.251501196766721,16.70955455029474,4.003442193308394
27.859224657524173,17.031435538511786,9.050663380277014
27.859224657524173,17.031435538511786,10.665981611380806
27.859224657524173,17.031435538511786,9.653073387932542
27.859224657524173,17.031435538511786,9.55099895621259
27.859224657524173,17.031435538511786,9.616491591858441
27.859224657524173,17.031435538511786,10.30460784210338
28.755083355090772,16.70955455029474,9.152440956950405
28.996916004432276,17.031435538511786,9.703163033216956
27.859224657524173,16.70955455029474,9.353297250925962
27.859224657524173,16.70955455029474,10.157333582634262
27.859224657524173,16.70955455029474,10.100587299632654
38.04100957661035,17.031435538511786,6.484856074095412
27.859224657524173,16.70955455029474,10.417664155118276
27.859224657524173,23.56649748668564,6.585116659672848
27.859224657524173,21.45132093897759,8.119114552743744
27.859224657524173,17.031435538511786,9.068520668711876
27.859224657524173,16.70955455029474,10.689600936256554
27.859224657524173,17.031435538511786,9.802649293348559
27.859224657524173,16.70955455029474,10.423388901858436
27.859224657524173,17.031435538511786,9.89611053385977
27.859224657524173,16.70955455029474,9.784498211079569
28.996916004432276,17.031435538511786,9.703163033216956
27.859224657524173,21.45132093897759,8.119114552743744
27.859224657524173,17.031435538511786,9.89611053385977
33.7926361732799,16.70955455029474,7.754095373329248
27.859224657524173,16.70955455029474,9.286221586614372
27.859224657524173,16.70955455029474,9.353297250925962
27.859224657524173,9.579594319411921,2.445942881194739
27.859224657524173,17.031435538511786,9.068520668711876
27.859224657524173,16.70955455029474,10.353269506398522
27.859224657524173,17.031435538511786,10.565126133450368
27.859224657524173,16.70955455029474,9.678174671770817
27.859224657524173,17.031435538511786,9.078458418137512
27.859224657524173,16.70955455029474,9.09321524017622
27.859224657524173,17.031435538511786,10.23283243692604
2.329387181216653,17.031435538511786,0.7900464276534931
27.859224657524173,16.70955455029474,10.689600936256554
27.859224657524173,16.70955455029474,9.272485928271566
27.859224657524173,16.47692758200149,9.98120262005255
27.859224657524173,17.031435538511786,9.40062931052825
27.859224657524173,17.031435538511786,9.616491591858441
27.859224657524173,16.70955455029474,9.948752507732218
27.859224657524173,17.031435538511786,9.750766916168253
27.859224657524173,16.70955455029474,10.62454516416593
10.251501196766721,16.70955455029474,4.003442193308394
27.859224657524173,16.70955455029474,10.870519876570002
27.859224657524173,17.031435538511786,9.55099895621259
28.23346459138656,17.031435538511786,9.761641565046704
27.859224657524173,17.031435538511786,10.093466093336772
27.859224657524173,17.031435538511786,10.166848813567409
27.859224657524173,17.031435538511786,8.916865624046782
38.04100957661035,17.031435538511786,6.484856074095412
27.859224657524173,16.70955455029474,9.004188161637119
27.859224657524173,16.70955455029474,10.485327965742593
27.859224657524173,17.031435538511786,10.30460784210338
27.859224657524173,16.70955455029474,10.157333582634262
27.859224657524173,17.031435538511786,9.802649293348559
25.519000357564103,16.70955455029474,8.400000854733774
27.859224657524173,23.56649748668564,6.585116659672848
28.23346459138656,16.70955455029474,10.326049907157389
27.859224657524173,16.70955455029474,10.100587299632654
56.00093248320184,16.70955455029474,0.10424414606182075
27.859224657524173,17.031435538511786,9.653073387932542
27.859224657524173,16.70955455029474,10.417664155118276
27.859224657524173,16.122224726764713,9.607093870832072
27.859224657524173,16.70955455029474,10.423388901858436
27.859224657524173,17.031435538511786,9.602556410291877
27.859224657524173,17.031435538511786,9.050663380277014
