27.859224657524173,18.45242374173041,9.533077208113431
27.859224657524173,18.45242374173041,9.533077208113431
48.715158713152576,17.031435538511786,9.372759386949278
27.859224657524173,18.45242374173041,9.533077208113431
48.715158713152576,17.031435538511786,9.372759386949278
27.859224657524173,18.45242374173041,9.533077208113431
48.715158713152576,17.031435538511786,9.372759386949278
27.859224657524173,18.45242374173041,9.533077208113431
21.235382342763184,10.553239660738438,7.669909876343228
48.715158713152576,17.031435538511786,9.372759386949278
21.235382342763184,10.553239660738438,7.669909876343228
21.235382342763184,10.553239660738438,7.669909876343228
27.859224657524173,18.45242374173041,9.533077208113431
48.715158713152576,17.031435538511786,9.372759386949278
48.715158713152576,17.031435538511786,9.372759386949278
27.859224657524173,17.031435538511786,10.243079410127171
21.235382342763184,10.553239660738438,7.669909876343228
27.859224657524173,18.45242374173041,9.256627111965463
27.859224657524173,18.45242374173041,9.256627111965463
21.235382342763184,10.553239660738438,7.669909876343228
48.715158713152576,17.031435538511786,9.372759386949278
27.859224657524173,18.45242374173041,9.533077208113431
27.859224657524173,18.45242374173041,9.256627111965463
48.715158713152576,17.031435538511786,9.372759386949278
21.235382342763184,10.553239660738438,7.669909876343228
21.235382342763184,10.553239660738438,7.669909876343228
27.859224657524173,18.45242374173041,9.533077208113431
27.859224657524173,17.031435538511786,9.17244051821331
27.859224657524173,17.031435538511786,10.040730102164428
27.859224657524173,18.45242374173041,9.256627111965463
27.859224657524173,17.031435538511786,9.386313990450416
27.859224657524173,18.45242374173041,9.221983212217317
27.859224657524173,16.70955455029474,10.43540168134352
27.859224657524173,18.45242374173041,9.533077208113431
27.666094864949724,17.031435538511786,8.834938435949114
27.859224657524173,17.031435538511786,9.386313990450416
27.859224657524173,17.031435538511786,10.243079410127171
27.859224657524173,18.45242374173041,9.533077208113431
48.715158713152576,17.031435538511786,9.372759386949278
27.859224657524173,18.45242374173041,9.256627111965463
27.859224657524173,16.70955455029474,10.43540168134352
27.859224657524173,17.031435538511786,10.040730102164428
27.859224657524173,17.031435538511786,9.17244051821331
27.859224657524173,17.031435538511786,10.243079410127171
27.859224657524173,18.45242374173041,9.221983212217317
27.666094864949724,17.031435538511786,8.834938435949114
27.859224657524173,17.031435538511786,10.040730102164428
27.859224657524173,17.031435538511786,9.386313990450416
27.859224657524173,17.031435538511786,9.17244051821331
27.859224657524173,18.45242374173041,9.256627111965463
27.859224657524173,16.923564012936332,9.737577225016377
21.235382342763184,10.553239660738438,7.669909876343228
27.859224657524173,17.031435538511786,9.386313990450416
27.859224657524173,17.031435538511786,10.040730102164428
27.859224657524173,17.031435538511786,10.243079410127171
48.715158713152576,17.031435538511786,9.372759386949278
27.859224657524173,16.70955455029474,10.43540168134352
27.859224657524173,17.031435538511786,9.667921609025166
27.666094864949724,17.031435538511786,8.834938435949114
27.859224657524173,18.45242374173041,9.256627111965463
27.859224657524173,17.031435538511786,9.17244051821331
27.859224657524173,17.031435538511786,9.386313990450416
27.859224657524173,18.45242374173041,9.221983212217317
48.715158713152576,17.031435538511786,9.372759386949278
21.235382342763184,10.553239660738438,7.669909876343228
27.859224657524173,16.923564012936332,9.737577225016377
27.666094864949724,17.031435538511786,8.834938435949114
21.235382342763184,10.553239660738438,7.669909876343228
48.715158713152576,17.031435538511786,9.372759386949278
27.666094864949724,17.031435538511786,8.834938435949114
27.859224657524173,18.45242374173041,9.256627111965463
27.859224657524173,17.031435538511786,10.040730102164428
27.859224657524173,17.031435538511786,10.243079410127171
27.859224657524173,17.031435538511786,9.667921609025166
27.859224657524173,17.674516824983975,10.156652172813892
27.859224657524173,17.031435538511786,10.040730102164428
27.859224657524173,17.674516824983975,10.156652172813892
27.859224657524173,18.45242374173041,9.533077208113431
27.859224657524173,16.923564012936332,9.737577225016377
27.859224657524173,16.70955455029474,10.43540168134352
27.859224657524173,17.031435538511786,9.386313990450416
27.859224657524173,17.031435538511786,10.243079410127171
27.666094864949724,17.031435538511786,8.834938435949114
27.859224657524173,17.031435538511786,9.17244051821331
27.859224657524173,18.45242374173041,9.256627111965463
21.235382342763184,10.553239660738438,7.669909876343228
27.859224657524173,17.031435538511786,10.040730102164428
27.859224657524173,17.031435538511786,9.386313990450416
27.859224657524173,17.031435538511786,9.667921609025166
27.859224657524173,17.031435538511786,10.243079410127171
27.859224657524173,17.674516824983975,10.156652172813892
21.235382342763184,10.553239660738438,7.669909876343228
27.859224657524173,16.47692758200149,10.110319634453367
27.666094864949724,17.031435538511786,8.834938435949114
48.715158713152576,17.031435538511786,9.372759386949278
27.859224657524173,18.45242374173041,9.221983212217317
27.859224657524173,16.70955455029474,10.43540168134352
27.859224657524173,17.031435538511786,9.17244051821331
27.859224657524173,16.47692758200149,10.110319634453367
27.859224657524173,16.70955455029474,10.43540168134352
48.715158713152576,17.031435538511786,9.372759386949278
27.859224657524173,18.45242374173041,9.533077208113431
27.859224657524173,16.923564012936332,9.737577225016377
27.859224657524173,17.031435538511786,9.17244051821331
27.859224657524173,17.031435538511786,9.667921609025166
21.235382342763184,10.553239660738438,7.669909876343228
27.859224657524173,16.923564012936332,9.737577225016377
27.859224657524173,17.031435538511786,9.386313990450416
27.859224657524173,16.70955455029474,10.43540168134352
27.859224657524173,17.031435538511786,10.040730102164428
21.235382342763184,10.553239660738438,7.669909876343228
27.859224657524173,17.674516824983975,10.156652172813892
27.859224657524173,18.45242374173041,9.256627111965463
27.859224657524173,18.45242374173041,9.533077208113431
27.859224657524173,16.70955455029474,9.779733609621456
48.715158713152576,17.031435538511786,9.372759386949278
47.3070595928105,17.031435538511786,3.135105559063268
27.859224657524173,16.47692758200149,10.110319634453367
27.859224657524173,17.031435538511786,9.256761169560237
27.859224657524173,17.031435538511786,10.243079410127171
27.859224657524173,18.45242374173041,9.533077208113431
27.859224657524173,18.45242374173041,9.256627111965463
27.859224657524173,17.031435538511786,10.708991886834097
27.859224657524173,16.70955455029474,9.779733609621456
27.859224657524173,16.47692758200149,10.110319634453367
27.859224657524173,17.031435538511786,9.17244051821331
27.004045073339086,17.031435538511786,10.496750466751237
27.859224657524173,16.70955455029474,10.43540168134352
48.715158713152576,17.031435538511786,9.372759386949278
27.859224657524173,16.923564012936332,9.737577225016377
47.3070595928105,17.031435538511786,3.135105559063268
47.3070595928105,17.031435538511786,3.135105559063268
27.859224657524173,18.45242374173041,9.533077208113431
27.859224657524173,16.70955455029474,9.779733609621456
27.859224657524173,16.70955455029474,10.43540168134352
27.859224657524173,16.923564012936332,9.737577225016377
27.859224657524173,17.031435538511786,9.256761169560237
28.215058922054695,16.70955455029474,9.115723207371449
48.715158713152576,17.031435538511786,9.372759386949278
27.859224657524173,17.031435538511786,9.377500192328807
27.859224657524173,18.45242374173041,9.221983212217317
10.375575853579193,17.031435538511786,9.608626751986975
27.859224657524173,17.031435538511786,9.386313990450416
27.859224657524173,16.47692758200149,10.110319634453367
27.859224657524173,33.58033865127467,4.817931627821174
27.859224657524173,17.031435538511786,10.698708938293528
27.859224657524173,17.674516824983975,10.156652172813892
27.859224657524173,18.45242374173041,9.256627111965463
27.859224657524173,17.031435538511786,8.84715754982704
27.859224657524173,17.031435538511786,10.040730102164428
27.859224657524173,16.923564012936332,9.737577225016377
27.859224657524173,17.031435538511786,9.125315986055568
28.215058922054695,16.70955455029474,9.115723207371449
27.859224657524173,18.45242374173041,9.256627111965463
32.7315319465187,21.517287486155674,8.40196071382729
48.715158713152576,17.031435538511786,9.372759386949278
10.375575853579193,17.031435538511786,9.608626751986975
27.859224657524173,17.031435538511786,8.84715754982704
27.859224657524173,17.031435538511786,9.17244051821331
27.859224657524173,18.45242374173041,9.221983212217317
27.859224657524173,16.47692758200149,10.110319634453367
27.004045073339086,17.031435538511786,10.496750466751237
47.3070595928105,17.031435538511786,3.135105559063268
27.859224657524173,16.70955455029474,9.779733609621456
27.859224657524173,17.031435538511786,8.980227593598428
27.859224657524173,18.45242374173041,9.533077208113431
27.859224657524173,16.70955455029474,10.43540168134352
27.859224657524173,17.031435538511786,9.667921609025166
27.859224657524173,25.278864472400436,6.878205958423224
27.859224657524173,17.031435538511786,10.040730102164428
27.859224657524173,17.031435538511786,9.256761169560237
27.859224657524173,17.031435538511786,10.49927196326173
21.235382342763184,10.553239660738438,7.669909876343228
27.859224657524173,17.031435538511786,9.386313990450416
27.666094864949724,17.031435538511786,8.834938435949114
27.859224657524173,17.674516824983975,10.156652172813892
27.859224657524173,17.031435538511786,10.698708938293528
27.859224657524173,17.031435538511786,10.243079410127171
27.859224657524173,17.031435538511786,9.92000949995138
27.859224657524173,17.031435538511786,10.708991886834097
27.859224657524173,17.031435538511786,9.65878559520499
27.859224657524173,17.031435538511786,9.132105333669474
27.859224657524173,17.031435538511786,9.625491238048303
27.859224657524173,17.031435538511786,9.92000949995138
27.859224657524173,18.45242374173041,8.226942094669637
27.859224657524173,17.031435538511786,10.698708938293528
27.859224657524173,17.031435538511786,8.980227593598428
27.859224657524173,17.031435538511786,9.256761169560237
27.859224657524173,17.031435538511786,9.426382248924455
27.859224657524173,17.031435538511786,8.84715754982704
27.859224657524173,17.031435538511786,9.377500192328807
27.859224657524173,17.031435538511786,9.042636413681798
27.859224657524173,17.031435538511786,9.667921609025166
27.859224657524173,17.031435538511786,10.708991886834097
27.859224657524173,18.45242374173041,9.221983212217317
32.7315319465187,21.517287486155674,8.40196071382729
27.859224657524173,17.031435538511786,10.040730102164428
28.215058922054695,16.70955455029474,9.115723207371449
27.859224657524173,17.031435538511786,10.49927196326173
27.859224657524173,33.58033865127467,4.817931627821174
27.859224657524173,17.031435538511786,9.17244051821331
27.859224657524173,16.47692758200149,10.110319634453367
27.859224657524173,17.031435538511786,9.125315986055568
27.859224657524173,16.923564012936332,9.737577225016377
27.859224657524173,18.45242374173041,9.533077208113431
21.235382342763184,10.553239660738438,7.669909876343228
27.859224657524173,16.70955455029474,9.779733609621456
27.859224657524173,17.031435538511786,9.386313990450416
27.859224657524173,16.70955455029474,10.290628724945678
27.859224657524173,17.031435538511786,9.954607658582525
27.859224657524173,17.031435538511786,9.852155041616376
27.859224657524173,25.278864472400436,6.878205958423224
27.859224657524173,17.031435538511786,9.855501753888628
27.859224657524173,17.031435538511786,10.49927196326173
27.859224657524173,22.709991907207908,7.199744974265358
27.859224657524173,17.031435538511786,9.667921609025166
32.7315319465187,21.517287486155674,8.40196071382729
27.859224657524173,17.031435538511786,9.625491238048303
27.666094864949724,17.031435538511786,8.834938435949114
27.859224657524173,25.278864472400436,6.878205958423224
27.859224657524173,33.58033865127467,4.817931627821174
27.859224657524173,17.031435538511786,9.636103558705873
27.859224657524173,17.031435538511786,8.980227593598428
27.859224657524173,17.031435538511786,10.341509979490747
27.859224657524173,18.45242374173041,9.256627111965463
27.859224657524173,17.031435538511786,9.852155041616376
27.859224657524173,17.031435538511786,9.92000949995138
27.859224657524173,17.031435538511786,9.132105333669474
28.215058922054695,16.70955455029474,9.115723207371449
21.235382342763184,10.553239660738438,7.669909876343228
27.859224657524173,17.031435538511786,9.377500192328807
27.859224657524173,17.031435538511786,9.513570936650899
27.859224657524173,16.70955455029474,10.43540168134352
27.859224657524173,17.031435538511786,8.84715754982704
27.859224657524173,17.031435538511786,9.042636413681798
27.859224657524173,18.45242374173041,8.226942094669637
27.859224657524173,17.031435538511786,9.256761169560237
27.859224657524173,17.031435538511786,9.613020814916405
27.859224657524173,17.031435538511786,9.125315986055568
27.859224657524173,17.031435538511786,10.750223852881595
27.859224657524173,16.47692758200149,10.110319634453367
27.859224657524173,17.674516824983975,10.156652172813892
29.680220255299048,17.031435538511786,9.672008734661683
27.859224657524173,17.031435538511786,9.65878559520499
27.859224657524173,16.70955455029474,9.59828664038765
51.747766363513804,17.031435538511786,1.6277038710286713
27.859224657524173,17.031435538511786,9.954607658582525
27.859224657524173,17.031435538511786,9.66503835807963
27.859224657524173,17.031435538511786,10.215654203671212
27.859224657524173,17.031435538511786,9.110333773820486
27.859224657524173,17.031435538511786,9.642317626701663
47.3070595928105,17.031435538511786,3.135105559063268
27.859224657524173,17.031435538511786,10.708991886834097
27.859224657524173,17.031435538511786,10.698708938293528
27.859224657524173,18.45242374173041,9.221983212217317
15.691175479271507,17.031435538511786,6.078418609092735
27.859224657524173,17.031435538511786,9.426382248924455
27.859224657524173,17.031435538511786,9.950287953553474
27.859224657524173,16.70955455029474,10.290628724945678
27.859224657524173,18.45242374173041,9.533077208113431
