27.859224657524173,21.45132093897759,7.088238507434101
27.859224657524173,17.031435538511786,9.55099895621259
27.859224657524173,17.031435538511786,9.55099895621259
27.859224657524173,17.031435538511786,9.55099895621259
53.20521810001781,5.645344403871352,0.10578887588376856
27.859224657524173,17.031435538511786,9.55099895621259
27.859224657524173,16.122224726764713,9.607093870832072
27.859224657524173,17.031435538511786,10.146768928775462
27.859224657524173,16.122224726764713,9.607093870832072
27.859224657524173,21.45132093897759,7.088238507434101
27.859224657524173,17.031435538511786,9.55099895621259
27.859224657524173,17.031435538511786,10.146768928775462
53.20521810001781,5.645344403871352,0.10578887588376856
27.859224657524173,21.45132093897759,7.088238507434101
53.20521810001781,5.645344403871352,0.10578887588376856
27.859224657524173,16.122224726764713,9.607093870832072
27.859224657524173,17.031435538511786,9.55099895621259
27.859224657524173,16.122224726764713,9.607093870832072
53.20521810001781,5.645344403871352,0.10578887588376856
27.859224657524173,21.45132093897759,7.088238507434101
27.859224657524173,17.031435538511786,10.146768928775462
27.859224657524173,17.031435538511786,9.55099895621259
27.859224657524173,16.122224726764713,9.607093870832072
27.859224657524173,17.031435538511786,9.55099895621259
53.20521810001781,5.645344403871352,0.10578887588376856
27.859224657524173,21.45132093897759,7.088238507434101
53.20521810001781,5.645344403871352,0.10578887588376856
27.859224657524173,17.031435538511786,10.146768928775462
27.859224657524173,16.122224726764713,9.607093870832072
27.859224657524173,21.45132093897759,7.088238507434101
27.859224657524173,17.031435538511786,9.55099895621259
53.20521810001781,5.645344403871352,0.10578887588376856
27.859224657524173,16.122224726764713,9.607093870832072
27.859224657524173,21.45132093897759,7.088238507434101
27.859224657524173,17.031435538511786,10.146768928775462
27.859224657524173,17.031435538511786,10.146768928775462
27.859224657524173,16.122224726764713,9.607093870832072
27.859224657524173,17.031435538511786,10.146768928775462
53.20521810001781,5.645344403871352,0.10578887588376856
27.859224657524173,17.031435538511786,9.55099895621259
27.859224657524173,21.45132093897759,7.088238507434101
27.859224657524173,17.031435538511786,9.55099895621259
28.755083355090772,16.70955455029474,9.152440956950405
27.859224657524173,17.031435538511786,10.146768928775462
27.859224657524173,17.031435538511786,10.146768928775462
27.859224657524173,16.122224726764713,9.607093870832072
27.859224657524173,17.031435538511786,9.909107727106178
27.859224657524173,17.031435538511786,9.55099895621259
53.20521810001781,5.645344403871352,0.10578887588376856
27.859224657524173,17.031435538511786,9.55099895621259
28.755083355090772,16.70955455029474,9.152440956950405
27.859224657524173,17.031435538511786,10.146768928775462
53.20521810001781,5.645344403871352,0.10578887588376856
27.859224657524173,16.122224726764713,9.607093870832072
27.859224657524173,21.45132093897759,7.088238507434101
28.996916004432276,17.031435538511786,9.703163033216956
27.859224657524173,10.054022591356912,3.2099023679096423
27.859224657524173,16.70955455029474,10.417664155118276
53.20521810001781,5.645344403871352,0.10578887588376856
27.859224657524173,17.031435538511786,9.909107727106178
27.859224657524173,16.122224726764713,9.607093870832072
27.859224657524173,17.031435538511786,9.909107727106178
27.859224657524173,17.031435538511786,9.55099895621259
27.859224657524173,17.031435538511786,10.146768928775462
27.859224657524173,16.70955455029474,10.417664155118276
27.859224657524173,10.054022591356912,3.2099023679096423
28.996916004432276,17.031435538511786,9.703163033216956
27.859224657524173,17.031435538511786,8.891172989036122
27.859224657524173,15.092500901175255,8.679863670052226
27.859224657524173,17.031435538511786,10.146768928775462
27.859224657524173,15.092500901175255,8.679863670052226
27.859224657524173,17.031435538511786,9.55099895621259
27.859224657524173,16.70955455029474,10.417664155118276
27.859224657524173,16.122224726764713,9.607093870832072
27.859224657524173,17.031435538511786,9.909107727106178
28.755083355090772,16.70955455029474,9.152440956950405
27.859224657524173,21.45132093897759,7.088238507434101
27.859224657524173,17.031435538511786,9.496476186366541
27.859224657524173,16.122224726764713,9.607093870832072
27.859224657524173,17.031435538511786,9.55099895621259
27.859224657524173,10.054022591356912,3.2099023679096423
27.859224657524173,17.031435538511786,10.146768928775462
27.859224657524173,17.031435538511786,9.909107727106178
28.755083355090772,16.70955455029474,9.152440956950405
27.859224657524173,17.031435538511786,10.1807721332562
27.859224657524173,17.031435538511786,8.891172989036122
27.859224657524173,15.092500901175255,8.679863670052226
27.859224657524173,17.031435538511786,8.891172989036122
27.859224657524173,16.122224726764713,9.607093870832072
27.859224657524173,17.031435538511786,9.55099895621259
28.755083355090772,16.70955455029474,9.152440956950405
27.859224657524173,17.031435538511786,9.496476186366541
27.859224657524173,21.45132093897759,7.088238507434101
27.859224657524173,17.031435538511786,10.146768928775462
27.859224657524173,17.031435538511786,10.1807721332562
27.859224657524173,16.47692758200149,10.020821761189817
27.859224657524173,17.031435538511786,9.496476186366541
27.859224657524173,16.70955455029474,9.353297250925962
28.755083355090772,16.70955455029474,9.152440956950405
53.20521810001781,5.645344403871352,0.10578887588376856
27.859224657524173,17.031435538511786,10.146768928775462
27.859224657524173,10.054022591356912,3.2099023679096423
27.859224657524173,17.031435538511786,8.891172989036122
27.859224657524173,15.092500901175255,8.679863670052226
27.859224657524173,17.031435538511786,9.55099895621259
27.859224657524173,17.031435538511786,10.1807721332562
27.859224657524173,17.031435538511786,9.653073387932542
27.859224657524173,17.031435538511786,9.909107727106178
28.996916004432276,17.031435538511786,9.703163033216956
28.755083355090772,16.70955455029474,9.152440956950405
27.859224657524173,10.054022591356912,3.2099023679096423
27.859224657524173,17.031435538511786,10.042271625384211
53.20521810001781,5.645344403871352,0.10578887588376856
27.859224657524173,16.70955455029474,10.417664155118276
27.859224657524173,21.45132093897759,7.088238507434101
27.859224657524173,16.70955455029474,9.353297250925962
27.859224657524173,17.031435538511786,9.653073387932542
27.859224657524173,6.6189284005576,0.10526260266183819
27.859224657524173,17.031435538511786,10.1807721332562
27.859224657524173,17.031435538511786,10.146768928775462
27.859224657524173,16.47692758200149,10.020821761189817
27.859224657524173,16.70955455029474,9.756927667418317
28.755083355090772,16.70955455029474,9.152440956950405
27.859224657524173,17.031435538511786,9.909107727106178
53.20521810001781,5.645344403871352,0.10578887588376856
28.996916004432276,17.031435538511786,9.703163033216956
27.859224657524173,17.031435538511786,10.042271625384211
27.859224657524173,17.031435538511786,9.653073387932542
39.401987308467874,16.70955455029474,6.39498308993574
27.859224657524173,17.031435538511786,9.55099895621259
27.859224657524173,17.031435538511786,10.1807721332562
27.859224657524173,6.6189284005576,0.10526260266183819
27.859224657524173,21.45132093897759,7.088238507434101
27.859224657524173,17.031435538511786,9.909107727106178
27.859224657524173,16.70955455029474,9.353297250925962
27.859224657524173,17.031435538511786,9.55099895621259
27.859224657524173,16.70955455029474,9.756927667418317
27.859224657524173,16.70955455029474,10.417664155118276
27.859224657524173,6.6189284005576,0.10526260266183819
27.859224657524173,10.054022591356912,3.2099023679096423
27.859224657524173,17.031435538511786,8.891172989036122
27.859224657524173,17.031435538511786,10.042271625384211
27.859224657524173,21.45132093897759,7.088238507434101
27.859224657524173,17.031435538511786,10.146768928775462
27.859224657524173,16.47692758200149,10.020821761189817
27.859224657524173,17.031435538511786,9.771765342346768
27.859224657524173,17.031435538511786,9.496476186366541
27.859224657524173,16.70955455029474,9.756927667418317
28.755083355090772,16.70955455029474,9.152440956950405
27.859224657524173,17.031435538511786,9.55099895621259
27.859224657524173,16.122224726764713,9.607093870832072
27.859224657524173,17.031435538511786,10.146768928775462
27.859224657524173,17.031435538511786,9.909107727106178
27.859224657524173,16.70955455029474,9.353297250925962
27.859224657524173,16.70955455029474,10.417664155118276
27.859224657524173,10.054022591356912,3.2099023679096423
27.859224657524173,17.031435538511786,9.653073387932542
27.859224657524173,17.031435538511786,9.771765342346768
28.996916004432276,17.031435538511786,9.703163033216956
27.859224657524173,21.45132093897759,7.088238507434101
27.859224657524173,6.6189284005576,0.10526260266183819
27.859224657524173,17.031435538511786,8.891172989036122
27.859224657524173,17.031435538511786,10.042271625384211
39.401987308467874,16.70955455029474,6.39498308993574
27.859224657524173,16.47692758200149,10.020821761189817
27.859224657524173,17.031435538511786,9.241022870170172
27.859224657524173,16.47692758200149,10.020821761189817
28.996916004432276,17.031435538511786,9.703163033216956
27.859224657524173,4.603509062574458,0.093020088966239
27.859224657524173,16.122224726764713,9.607093870832072
27.859224657524173,17.031435538511786,9.769403836570868
27.859224657524173,17.031435538511786,9.496476186366541
27.859224657524173,17.031435538511786,10.1807721332562
27.859224657524173,16.70955455029474,9.353297250925962
27.859224657524173,17.031435538511786,10.146768928775462
28.755083355090772,16.70955455029474,9.152440956950405
27.859224657524173,16.70955455029474,9.756927667418317
27.859224657524173,17.031435538511786,9.653073387932542
27.859224657524173,15.092500901175255,8.679863670052226
27.859224657524173,17.031435538511786,8.891172989036122
27.859224657524173,16.70955455029474,10.417664155118276
27.859224657524173,17.031435538511786,9.909107727106178
27.859224657524173,17.031435538511786,10.042271625384211
39.401987308467874,16.70955455029474,6.39498308993574
27.859224657524173,15.092500901175255,8.679863670052226
27.859224657524173,16.70955455029474,9.353297250925962
27.859224657524173,6.6189284005576,0.10526260266183819
27.859224657524173,17.031435538511786,9.241022870170172
27.859224657524173,17.031435538511786,9.496476186366541
27.859224657524173,17.031435538511786,9.909107727106178
39.401987308467874,16.70955455029474,6.39498308993574
27.859224657524173,21.45132093897759,7.088238507434101
27.859224657524173,17.031435538511786,10.1807721332562
27.859224657524173,4.603509062574458,0.093020088966239
27.859224657524173,17.031435538511786,8.891172989036122
28.755083355090772,16.70955455029474,9.152440956950405
28.996916004432276,17.031435538511786,9.703163033216956
27.859224657524173,16.70955455029474,10.417664155118276
27.859224657524173,17.031435538511786,10.146768928775462
27.859224657524173,16.70955455029474,9.756927667418317
27.859224657524173,17.031435538511786,9.769403836570868
27.859224657524173,17.031435538511786,10.042271625384211
27.859224657524173,17.031435538511786,10.146768928775462
27.859224657524173,21.45132093897759,7.088238507434101
27.859224657524173,17.031435538511786,9.771765342346768
39.401987308467874,16.70955455029474,6.39498308993574
11.8429893374811,16.70955455029474,4.196546791673587
27.859224657524173,16.122224726764713,9.607093870832072
27.859224657524173,17.031435538511786,10.450224545702868
27.859224657524173,17.031435538511786,9.241022870170172
27.859224657524173,16.70955455029474,9.307726710684438
28.755083355090772,16.70955455029474,9.152440956950405
27.859224657524173,6.6189284005576,0.10526260266183819
27.859224657524173,16.70955455029474,10.417664155118276
27.859224657524173,16.70955455029474,9.353297250925962
27.859224657524173,10.054022591356912,3.2099023679096423
27.859224657524173,16.47692758200149,10.020821761189817
27.859224657524173,16.70955455029474,9.756927667418317
27.859224657524173,17.031435538511786,9.496476186366541
27.859224657524173,17.031435538511786,10.1807721332562
27.859224657524173,17.031435538511786,9.909107727106178
27.859224657524173,16.122224726764713,9.607093870832072
27.859224657524173,16.70955455029474,10.37833283147662
27.859224657524173,17.031435538511786,9.769403836570868
27.859224657524173,6.6189284005576,0.10526260266183819
27.859224657524173,16.70955455029474,10.738417579407498
39.401987308467874,16.70955455029474,6.39498308993574
11.8429893374811,16.70955455029474,4.196546791673587
27.859224657524173,16.70955455029474,9.044775919251043
27.859224657524173,16.70955455029474,9.353297250925962
27.859224657524173,16.70955455029474,9.756927667418317
27.859224657524173,17.031435538511786,9.653073387932542
27.859224657524173,17.031435538511786,9.909107727106178
27.859224657524173,21.763193729474164,9.616491591858441
27.859224657524173,16.70955455029474,10.417664155118276
27.859224657524173,15.092500901175255,8.679863670052226
28.996916004432276,17.031435538511786,9.703163033216956
27.859224657524173,21.45132093897759,7.088238507434101
27.859224657524173,17.031435538511786,8.891172989036122
27.859224657524173,17.031435538511786,9.241022870170172
27.859224657524173,17.031435538511786,9.771765342346768
27.859224657524173,17.031435538511786,10.450224545702868
27.859224657524173,17.031435538511786,9.55099895621259
27.859224657524173,17.031435538511786,10.146768928775462
27.859224657524173,10.054022591356912,3.2099023679096423
27.859224657524173,17.031435538511786,9.496476186366541
53.20521810001781,5.645344403871352,0.10578887588376856
27.859224657524173,17.031435538511786,9.560578880455143
27.859224657524173,16.47692758200149,10.020821761189817
27.859224657524173,17.031435538511786,9.909107727106178
27.859224657524173,16.70955455029474,9.004961488126664
27.859224657524173,16.70955455029474,10.738417579407498
27.859224657524173,17.031435538511786,9.241022870170172
14.894264752707311,19.014730655422248,5.081344672456935
11.8429893374811,16.70955455029474,4.196546791673587
27.859224657524173,16.70955455029474,9.044775919251043
27.859224657524173,17.031435538511786,8.891172989036122
27.859224657524173,17.031435538511786,9.496476186366541
27.859224657524173,6.6189284005576,0.10526260266183819
27.859224657524173,17.031435538511786,10.042271625384211
27.859224657524173,17.031435538511786,9.769403836570868
27.859224657524173,17.031435538511786,10.005858415152877
27.859224657524173,17.031435538511786,9.653073387932542
27.859224657524173,17.031435538511786,9.55099895621259
27.859224657524173,21.763193729474164,9.616491591858441
28.755083355090772,16.70955455029474,9.152440956950405
28.996916004432276,17.031435538511786,9.703163033216956
27.859224657524173,16.70955455029474,9.353297250925962
27.859224657524173,16.70955455029474,10.37833283147662
27.859224657524173,16.70955455029474,9.671950618350634
39.401987308467874,16.70955455029474,6.39498308993574
27.859224657524173,16.70955455029474,10.417664155118276
27.859224657524173,16.70955455029474,9.756927667418317
27.859224657524173,21.45132093897759,7.088238507434101
27.859224657524173,17.031435538511786,10.1807721332562
27.859224657524173,16.70955455029474,10.423388901858436
27.859224657524173,16.70955455029474,9.796905445338417
28.996916004432276,17.031435538511786,9.703163033216956
27.859224657524173,21.45132093897759,7.088238507434101
33.7926361732799,16.70955455029474,8.081157962477517
11.8429893374811,16.70955455029474,4.196546791673587
27.859224657524173,16.70955455029474,9.353297250925962
27.859224657524173,6.6189284005576,0.10526260266183819
27.859224657524173,17.031435538511786,10.1807721332562
27.859224657524173,10.054022591356912,3.2099023679096423
27.859224657524173,16.70955455029474,9.004961488126664
27.859224657524173,16.70955455029474,10.738417579407498
27.859224657524173,17.031435538511786,10.301646102969308
27.859224657524173,16.70955455029474,9.429275500438184
27.859224657524173,17.031435538511786,9.560578880455143
27.859224657524173,17.031435538511786,9.771765342346768
27.859224657524173,16.70955455029474,10.461306803624039
27.859224657524173,16.47692758200149,10.020821761189817
27.859224657524173,17.031435538511786,10.042271625384211
27.859224657524173,21.763193729474164,9.616491591858441
27.859224657524173,17.031435538511786,9.271884626853593
27.859224657524173,17.031435538511786,9.195515152049724
27.859224657524173,16.70955455029474,10.74387462302213
27.859224657524173,17.031435538511786,9.55099895621259
14.894264752707311,19.014730655422248,5.081344672456935
27.859224657524173,17.031435538511786,10.146768928775462
27.859224657524173,15.092500901175255,8.679863670052226
39.401987308467874,16.70955455029474,6.39498308993574
27.859224657524173,16.70955455029474,9.044775919251043
27.859224657524173,16.70955455029474,10.37833283147662
27.859224657524173,16.70955455029474,10.837827918350284
27.859224657524173,16.70955455029474,9.756927667418317
28.23346459138656,20.380391505599853,7.723196095941547
27.859224657524173,16.70955455029474,9.671950618350634
27.859224657524173,17.031435538511786,9.653073387932542
27.859224657524173,16.70955455029474,10.417664155118276
27.859224657524173,16.122224726764713,9.607093870832072
27.859224657524173,16.70955455029474,10.423388901858436
27.859224657524173,17.031435538511786,9.004519206429626
27.859224657524173,17.031435538511786,9.769403836570868
27.859224657524173,17.031435538511786,9.874519847685335
27.859224657524173,17.031435538511786,8.891172989036122
27.859224657524173,17.031435538511786,9.195515152049724
11.8429893374811,16.70955455029474,4.196546791673587
27.859224657524173,16.70955455029474,9.756927667418317
28.23346459138656,20.380391505599853,7.723196095941547
27.859224657524173,17.031435538511786,10.042271625384211
31.5895924392009,16.70955455029474,8.24415594510176
27.859224657524173,4.603509062574458,0.093020088966239
27.859224657524173,16.70955455029474,9.004961488126664
14.894264752707311,19.014730655422248,5.081344672456935
27.859224657524173,15.092500901175255,8.679863670052226
27.859224657524173,21.45132093897759,7.088238507434101
27.859224657524173,10.054022591356912,3.2099023679096423
27.859224657524173,17.031435538511786,10.146768928775462
27.859224657524173,17.031435538511786,9.004519206429626
27.859224657524173,16.70955455029474,10.74387462302213
27.859224657524173,17.031435538511786,10.450224545702868
27.859224657524173,17.031435538511786,10.1807721332562
27.859224657524173,16.47692758200149,10.020821761189817
27.859224657524173,10.022723024489178,3.4188440195350607
27.859224657524173,16.70955455029474,10.461306803624039
27.859224657524173,6.6189284005576,0.10526260266183819
39.401987308467874,16.70955455029474,6.39498308993574
27.859224657524173,16.70955455029474,10.837827918350284
27.859224657524173,17.031435538511786,9.560578880455143
27.859224657524173,17.031435538511786,9.771765342346768
27.859224657524173,16.70955455029474,10.738417579407498
27.859224657524173,17.031435538511786,10.301646102969308
27.859224657524173,16.70955455029474,9.676865282216006
27.859224657524173,17.031435538511786,9.919967154253674
27.859224657524173,16.70955455029474,10.37833283147662
33.7926361732799,16.70955455029474,8.081157962477517
27.859224657524173,17.031435538511786,9.909107727106178
27.859224657524173,17.031435538511786,10.404061080836332
27.859224657524173,17.031435538511786,9.769403836570868
53.20521810001781,5.645344403871352,0.10578887588376856
27.859224657524173,16.70955455029474,9.401970236685521
45.52553085516891,16.70955455029474,3.784188066024279
27.859224657524173,17.031435538511786,10.005858415152877
27.859224657524173,16.70955455029474,9.310765150577211
27.859224657524173,16.70955455029474,9.044775919251043
27.859224657524173,17.031435538511786,9.271884626853593
27.859224657524173,23.23324441608961,7.904695161014542
27.859224657524173,16.70955455029474,9.429275500438184
27.859224657524173,16.70955455029474,9.671950618350634
27.859224657524173,16.70955455029474,9.476545044846366
27.859224657524173,16.70955455029474,9.796905445338417
