27.859224657524173,17.031435538511786,10.779363732762723
27.859224657524173,17.031435538511786,9.154880901001565
27.859224657524173,16.70955455029474,10.570262393038185
27.859224657524173,29.961372695923536,6.0287072781901045
27.859224657524173,17.031435538511786,10.291112046431927
27.859224657524173,16.70955455029474,10.605721560158397
27.859224657524173,17.031435538511786,10.119593650541708
27.859224657524173,17.031435538511786,9.010213145696001
27.859224657524173,19.480321670838734,8.80690975808829
27.859224657524173,17.031435538511786,8.933961998127273
27.859224657524173,17.031435538511786,9.382837990510572
7.030611317818195,16.70955455029474,10.949348604803042
28.01648763263137,17.031435538511786,9.104362362958074
17.754111850747286,17.031435538511786,6.851102911123444
27.859224657524173,17.031435538511786,10.30751517600585
27.859224657524173,17.031435538511786,10.649905267304195
27.859224657524173,17.031435538511786,9.218188542456874
27.859224657524173,17.031435538511786,9.503396621153138
27.859224657524173,6.859442712050486,0.09318044794140573
9.062260177621123,16.70955455029474,3.2554792691329557
27.859224657524173,19.145869210268092,9.227679062891943
27.859224657524173,17.031435538511786,9.800884592307069
27.859224657524173,17.031435538511786,9.239060038293758
27.859224657524173,17.031435538511786,10.623966936363159
27.859224657524173,17.031435538511786,9.310267511304543
27.859224657524173,17.031435538511786,10.351493708379762
39.93872507725578,17.031435538511786,9.572138625266474
27.859224657524173,17.031435538511786,9.16910625362855
47.09211711800333,17.031435538511786,3.468973499031067
27.859224657524173,17.031435538511786,9.645372789405396
27.859224657524173,17.031435538511786,9.925482213369481
27.859224657524173,17.031435538511786,9.222304350349377
27.859224657524173,16.70955455029474,9.39197330453964
27.859224657524173,17.031435538511786,10.106514295046667
31.48170646491545,16.70955455029474,7.904183839692554
27.859224657524173,17.031435538511786,9.963834575987834
27.859224657524173,16.70955455029474,10.632314422234128
31.528497208266796,32.00055180615173,9.27108977296394
27.859224657524173,16.47692758200149,9.970230575557416
27.859224657524173,17.031435538511786,9.239060038293758
27.859224657524173,16.47692758200149,10.721702040829836
17.981556168621758,17.031435538511786,6.024697632496257
21.753534679599294,16.70955455029474,8.465790704514248
27.859224657524173,16.70955455029474,10.007773292674583
27.74992379667035,16.70955455029474,9.181154039174896
30.353706653832198,17.031435538511786,9.559923225115238
21.25753328892153,17.031435538511786,7.838021302681221
27.859224657524173,16.70955455029474,9.195625401256333
27.859224657524173,16.70955455029474,10.41741221378726
14.50675540197505,16.70955455029474,7.970845995509105
27.859224657524173,16.70955455029474,9.275932304557912
27.859224657524173,17.031435538511786,10.614039691277524
27.859224657524173,16.70955455029474,9.714158610129102
27.859224657524173,8.02899773029528,0.10948001639926154
27.859224657524173,16.70955455029474,9.195625401256333
27.859224657524173,10.754818411397686,4.625459509801712
27.859224657524173,16.70955455029474,9.195625401256333
27.859224657524173,16.70955455029474,9.92049915899578
27.859224657524173,16.70955455029474,9.916277100955721
27.859224657524173,17.031435538511786,9.892913544334911
27.859224657524173,17.031435538511786,9.239060038293758
27.859224657524173,17.031435538511786,10.301471537709595
27.859224657524173,16.70955455029474,9.195625401256333
27.859224657524173,17.031435538511786,9.239060038293758
27.859224657524173,16.70955455029474,9.195625401256333
1.1948723535602817,17.031435538511786,0.45811549294481024
27.859224657524173,23.21155803990613,6.54873435954904
27.859224657524173,16.70955455029474,9.058940004343127
27.859224657524173,16.70955455029474,9.195625401256333
27.859224657524173,7.0153703031501085,4.69902325991405
27.859224657524173,16.70955455029474,9.195625401256333
27.859224657524173,16.70955455029474,9.195625401256333
27.859224657524173,17.031435538511786,10.364052421121091
27.859224657524173,2.6314206323846374,5.218346492940455
27.859224657524173,16.70955455029474,9.76005283689364
27.859224657524173,17.031435538511786,10.783155089871883
27.859224657524173,14.21815878435457,7.54643816661818
27.859224657524173,16.70955455029474,9.056588944670924
27.859224657524173,16.70955455029474,9.195625401256333
27.859224657524173,16.70955455029474,10.59732202802046
