23.483127897327233,11.724324480652436,8.561965057714154
27.859224657524173,17.031435538511786,9.460505545605896
27.859224657524173,17.031435538511786,9.868598119442998
30.15114996624943,19.67498290742165,8.761061184021214
27.859224657524173,16.70955455029474,9.467146841749624
29.103864136525285,17.031435538511786,9.61712236872097
33.804582995846374,17.031435538511786,8.709370943391272
27.859224657524173,17.031435538511786,10.516126753457517
25.77568409727549,16.70955455029474,8.641738314949686
27.859224657524173,17.031435538511786,9.608942439074845
31.74797298528624,19.587765106482557,10.581392947590587
27.859224657524173,15.675408390357465,9.191605848781172
27.859224657524173,17.031435538511786,10.704843194834428
52.12448866656333,17.031435538511786,1.6506310685333543
18.053655563838067,0.7534219946791652,9.813006109999593
27.859224657524173,17.031435538511786,9.265095365733506
30.099632869761262,12.87279221720619,6.500510273601004
25.77568409727549,17.031435538511786,9.760515218470138
27.859224657524173,17.031435538511786,9.490351641106926
27.859224657524173,31.818677692156598,10.087339358484199
4.901208078397762,17.031435538511786,1.6945957516874914
27.859224657524173,17.031435538511786,9.347032041375918
12.551082870643611,30.241384410681412,2.653588785410278
27.859224657524173,17.031435538511786,10.45262702779332
25.77568409727549,17.031435538511786,9.711089779494307
27.859224657524173,17.031435538511786,10.29688294267869
27.859224657524173,17.031435538511786,10.2216734556401
48.69685136353818,26.37757633936171,9.497791531700013
27.859224657524173,17.031435538511786,9.534682043850015
19.1105121007267,17.031435538511786,9.071699437185618
27.859224657524173,17.031435538511786,9.347032041375918
55.42662378899064,31.080233275656596,9.468726856193284
27.859224657524173,31.970618079579577,4.793922173033628
27.859224657524173,17.031435538511786,10.436910346087242
27.859224657524173,17.031435538511786,10.257617444213562
27.859224657524173,17.031435538511786,9.078106247443484
27.859224657524173,17.031435538511786,10.255236096313164
27.859224657524173,17.031435538511786,10.233746758532499
13.784736054202334,17.031435538511786,5.121376630489674
13.784736054202334,17.031435538511786,4.415033897366155
13.784736054202334,17.031435538511786,7.442174003355639
6.467892838083848,23.15661083566263,1.8189466888866177
27.859224657524173,17.031435538511786,9.34792063715597
27.859224657524173,33.43827210869624,8.720748095516283
27.859224657524173,17.031435538511786,9.347032041375918
18.36765151082868,17.031435538511786,8.447461996863872
27.859224657524173,17.031435538511786,9.516341911433583
27.859224657524173,17.031435538511786,10.292074731613809
5.7982394899049154,17.031435538511786,5.328474931079048
13.784736054202334,17.031435538511786,5.117186620517907
27.859224657524173,17.031435538511786,10.78225177269126
37.693710598688284,17.031435538511786,8.643668318163908
27.859224657524173,17.031435538511786,9.922163684998313
3.0558542689361197,16.70955455029474,4.656158385343233
27.859224657524173,17.031435538511786,9.347032041375918
27.859224657524173,17.031435538511786,10.049962611503389
27.859224657524173,17.031435538511786,10.28640249175898
27.859224657524173,17.031435538511786,8.959577410236045
27.859224657524173,17.031435538511786,9.347032041375918
27.859224657524173,17.031435538511786,9.347032041375918
27.859224657524173,17.031435538511786,9.071364886468645
27.859224657524173,17.031435538511786,9.347032041375918
27.859224657524173,25.107570259182303,8.656960384514234
27.859224657524173,17.031435538511786,10.472060612625462
27.859224657524173,17.031435538511786,10.273924061315507
27.859224657524173,17.031435538511786,9.347032041375918
27.859224657524173,17.031435538511786,9.395061183864494
27.859224657524173,17.031435538511786,9.699973041887015
27.859224657524173,17.031435538511786,9.347032041375918
20.46698263889089,17.031435538511786,6.915362874830371
27.859224657524173,17.031435538511786,9.845448220824567
27.859224657524173,16.70955455029474,9.24474853332198
27.859224657524173,16.70955455029474,9.31246152950045
27.859224657524173,17.031435538511786,9.347032041375918
27.859224657524173,16.70955455029474,10.467243268936858
27.859224657524173,17.031435538511786,9.862328018722287
21.72554678223288,17.031435538511786,8.966648172961843
27.859224657524173,17.031435538511786,9.463195001139983
27.859224657524173,17.031435538511786,9.306149620985167
27.859224657524173,29.083886783790078,5.767154372746382
