27.859224657524173,15.389869055249799,8.4352571171795
18.43488240910635,13.617943673824435,8.843863418748489
18.43488240910635,13.617943673824435,8.843863418748489
18.43488240910635,13.617943673824435,8.843863418748489
28.01648763263137,17.031435538511786,10.183415405462858
18.43488240910635,13.617943673824435,8.843863418748489
27.859224657524173,16.122224726764713,8.755361761275644
40.413016697101014,17.031435538511786,9.074809404826235
27.859224657524173,17.031435538511786,9.598129265319931
27.859224657524173,16.122224726764713,8.755361761275644
27.859224657524173,15.389869055249799,8.4352571171795
18.43488240910635,13.617943673824435,8.843863418748489
27.859224657524173,17.031435538511786,9.598129265319931
28.01648763263137,17.031435538511786,10.183415405462858
27.859224657524173,15.389869055249799,8.4352571171795
40.413016697101014,17.031435538511786,9.074809404826235
28.01648763263137,17.031435538511786,10.183415405462858
27.859224657524173,16.122224726764713,8.755361761275644
18.43488240910635,13.617943673824435,8.843863418748489
27.859224657524173,16.122224726764713,8.755361761275644
28.01648763263137,17.031435538511786,10.183415405462858
27.859224657524173,15.389869055249799,8.4352571171795
27.859224657524173,17.031435538511786,9.598129265319931
18.43488240910635,13.617943673824435,8.843863418748489
27.859224657524173,16.122224726764713,8.755361761275644
40.413016697101014,17.031435538511786,9.074809404826235
18.43488240910635,13.617943673824435,8.843863418748489
28.01648763263137,17.031435538511786,10.183415405462858
27.859224657524173,15.389869055249799,8.4352571171795
28.01648763263137,17.031435538511786,10.183415405462858
27.859224657524173,17.031435538511786,9.598129265319931
27.859224657524173,16.122224726764713,8.755361761275644
27.859224657524173,15.389869055249799,8.4352571171795
18.43488240910635,13.617943673824435,8.843863418748489
28.01648763263137,17.031435538511786,10.183415405462858
27.859224657524173,16.122224726764713,8.755361761275644
27.859224657524173,15.389869055249799,8.4352571171795
40.413016697101014,17.031435538511786,9.074809404826235
27.859224657524173,17.031435538511786,9.598129265319931
27.859224657524173,17.031435538511786,9.598129265319931
27.859224657524173,16.122224726764713,8.755361761275644
27.859224657524173,17.031435538511786,9.598129265319931
28.01648763263137,17.031435538511786,10.183415405462858
18.43488240910635,13.617943673824435,8.843863418748489
27.859224657524173,15.389869055249799,8.4352571171795
18.43488240910635,13.617943673824435,8.843863418748489
28.755083355090772,16.70955455029474,9.187161904628285
27.859224657524173,17.031435538511786,9.598129265319931
27.859224657524173,17.031435538511786,9.598129265319931
40.413016697101014,17.031435538511786,9.074809404826235
27.859224657524173,16.122224726764713,8.755361761275644
27.859224657524173,17.031435538511786,9.326813920045591
18.43488240910635,13.617943673824435,8.843863418748489
28.01648763263137,17.031435538511786,10.183415405462858
18.43488240910635,13.617943673824435,8.843863418748489
40.413016697101014,17.031435538511786,9.074809404826235
28.755083355090772,16.70955455029474,9.187161904628285
27.859224657524173,17.031435538511786,9.598129265319931
28.01648763263137,17.031435538511786,10.183415405462858
27.859224657524173,16.122224726764713,8.755361761275644
27.859224657524173,15.389869055249799,8.4352571171795
28.996916004432276,17.031435538511786,9.006190962482671
27.859224657524173,16.70955455029474,9.962437915688948
27.859224657524173,16.70955455029474,9.827975571703552
40.413016697101014,17.031435538511786,9.074809404826235
28.01648763263137,17.031435538511786,10.183415405462858
27.859224657524173,17.031435538511786,9.326813920045591
27.859224657524173,16.122224726764713,8.755361761275644
27.859224657524173,17.031435538511786,9.326813920045591
18.43488240910635,13.617943673824435,8.843863418748489
27.859224657524173,17.031435538511786,9.598129265319931
27.859224657524173,16.70955455029474,9.827975571703552
27.859224657524173,16.70955455029474,9.962437915688948
28.996916004432276,17.031435538511786,9.006190962482671
45.05605009514787,16.70955455029474,3.8915311300485036
27.859224657524173,17.031435538511786,8.872672505678688
40.413016697101014,17.031435538511786,9.074809404826235
27.859224657524173,17.031435538511786,9.598129265319931
27.859224657524173,17.031435538511786,8.872672505678688
18.43488240910635,13.617943673824435,8.843863418748489
27.859224657524173,16.70955455029474,9.827975571703552
4.605775729354065,17.031435538511786,1.6798376130829038
27.859224657524173,16.122224726764713,8.755361761275644
27.859224657524173,17.031435538511786,9.326813920045591
28.755083355090772,16.70955455029474,9.187161904628285
27.859224657524173,15.389869055249799,8.4352571171795
40.413016697101014,17.031435538511786,9.074809404826235
27.859224657524173,29.925363076632365,6.0759618069386665
27.859224657524173,16.122224726764713,8.755361761275644
18.43488240910635,13.617943673824435,8.843863418748489
27.859224657524173,16.70955455029474,9.962437915688948
4.605775729354065,17.031435538511786,1.6798376130829038
27.859224657524173,17.031435538511786,9.598129265319931
27.859224657524173,17.031435538511786,9.326813920045591
28.755083355090772,16.70955455029474,9.187161904628285
27.859224657524173,17.031435538511786,9.00552035175392
45.05605009514787,16.70955455029474,3.8915311300485036
27.859224657524173,0.8908433119046482,0.09684949005465869
27.859224657524173,17.031435538511786,8.872672505678688
45.05605009514787,16.70955455029474,3.8915311300485036
4.605775729354065,17.031435538511786,1.6798376130829038
27.859224657524173,16.70955455029474,9.458178941928459
27.859224657524173,16.122224726764713,8.755361761275644
18.43488240910635,13.617943673824435,8.843863418748489
28.755083355090772,16.70955455029474,9.187161904628285
27.859224657524173,29.925363076632365,6.0759618069386665
27.859224657524173,15.389869055249799,8.4352571171795
27.859224657524173,17.031435538511786,9.598129265319931
27.859224657524173,17.031435538511786,9.00552035175392
27.859224657524173,19.480321670838734,9.350213080376852
27.859224657524173,29.925363076632365,6.0759618069386665
6.594287914169875,17.031435538511786,2.1152286173762143
28.755083355090772,16.70955455029474,9.187161904628285
4.605775729354065,17.031435538511786,1.6798376130829038
28.01648763263137,17.031435538511786,10.183415405462858
27.859224657524173,0.8908433119046482,0.09684949005465869
27.859224657524173,17.031435538511786,9.598129265319931
27.859224657524173,16.70955455029474,9.962437915688948
45.05605009514787,16.70955455029474,3.8915311300485036
40.413016697101014,17.031435538511786,9.074809404826235
27.859224657524173,15.718229904365499,10.015665085934668
27.859224657524173,17.031435538511786,8.872672505678688
18.43488240910635,13.617943673824435,8.843863418748489
27.859224657524173,17.031435538511786,9.00552035175392
43.66754377050493,17.031435538511786,4.440375209489061
27.859224657524173,12.21140253959347,5.829828078372927
27.859224657524173,17.031435538511786,9.326813920045591
28.996916004432276,17.031435538511786,9.006190962482671
28.755083355090772,16.70955455029474,9.187161904628285
27.859224657524173,16.70955455029474,9.962437915688948
27.859224657524173,15.718229904365499,10.015665085934668
27.859224657524173,17.031435538511786,10.306438618065279
28.01648763263137,17.031435538511786,10.183415405462858
27.859224657524173,16.70955455029474,9.827975571703552
27.859224657524173,15.389869055249799,8.4352571171795
27.859224657524173,0.8908433119046482,0.09684949005465869
6.594287914169875,17.031435538511786,2.1152286173762143
43.66754377050493,17.031435538511786,4.440375209489061
27.859224657524173,16.70955455029474,10.59077390780842
27.859224657524173,17.031435538511786,9.00552035175392
27.859224657524173,17.031435538511786,9.598129265319931
40.413016697101014,17.031435538511786,9.074809404826235
27.859224657524173,19.480321670838734,9.350213080376852
27.859224657524173,16.47692758200149,10.383654156688074
28.755083355090772,16.70955455029474,9.187161904628285
27.859224657524173,12.21140253959347,5.829828078372927
27.859224657524173,17.031435538511786,9.326813920045591
4.605775729354065,17.031435538511786,1.6798376130829038
28.01648763263137,17.031435538511786,10.183415405462858
28.996916004432276,17.031435538511786,9.006190962482671
27.859224657524173,17.031435538511786,10.306438618065279
43.66754377050493,17.031435538511786,4.440375209489061
40.413016697101014,17.031435538511786,9.074809404826235
27.859224657524173,17.031435538511786,9.081027422787791
27.859224657524173,16.70955455029474,9.458178941928459
27.859224657524173,22.64730884037132,7.486851251158992
27.859224657524173,15.718229904365499,10.015665085934668
18.43488240910635,13.617943673824435,8.843863418748489
27.859224657524173,17.031435538511786,9.00552035175392
27.859224657524173,16.70955455029474,10.59077390780842
27.859224657524173,15.389869055249799,8.4352571171795
27.859224657524173,17.031435538511786,9.326813920045591
6.594287914169875,17.031435538511786,2.1152286173762143
18.43488240910635,13.617943673824435,8.843863418748489
27.859224657524173,17.031435538511786,9.081027422787791
27.859224657524173,16.47692758200149,10.383654156688074
4.605775729354065,17.031435538511786,1.6798376130829038
27.859224657524173,21.406206267092244,7.076664613654643
27.859224657524173,16.70955455029474,9.827975571703552
27.859224657524173,0.8908433119046482,0.09684949005465869
27.859224657524173,16.70955455029474,10.59077390780842
27.859224657524173,15.718229904365499,10.015665085934668
40.413016697101014,17.031435538511786,9.074809404826235
27.859224657524173,16.70955455029474,9.962437915688948
27.859224657524173,17.031435538511786,9.370897152319928
45.05605009514787,16.70955455029474,3.8915311300485036
27.859224657524173,17.031435538511786,10.306438618065279
27.859224657524173,12.21140253959347,5.829828078372927
27.859224657524173,15.389869055249799,8.4352571171795
27.859224657524173,17.031435538511786,9.598129265319931
27.859224657524173,19.480321670838734,9.350213080376852
27.859224657524173,17.031435538511786,9.13793151570982
27.859224657524173,29.925363076632365,6.0759618069386665
27.859224657524173,16.47692758200149,10.383654156688074
28.755083355090772,16.70955455029474,9.187161904628285
18.43488240910635,13.617943673824435,8.843863418748489
27.859224657524173,16.122224726764713,8.755361761275644
27.859224657524173,17.031435538511786,9.598129265319931
27.859224657524173,17.031435538511786,9.326813920045591
6.594287914169875,17.031435538511786,2.1152286173762143
27.859224657524173,16.70955455029474,9.827975571703552
27.859224657524173,16.70955455029474,9.962437915688948
43.66754377050493,17.031435538511786,4.440375209489061
27.859224657524173,17.031435538511786,9.081027422787791
27.859224657524173,17.031435538511786,9.13793151570982
27.859224657524173,12.21140253959347,5.829828078372927
28.996916004432276,17.031435538511786,9.006190962482671
27.859224657524173,17.031435538511786,9.370897152319928
27.859224657524173,0.8908433119046482,0.09684949005465869
27.859224657524173,15.389869055249799,8.4352571171795
27.859224657524173,16.70955455029474,10.59077390780842
27.859224657524173,15.718229904365499,10.015665085934668
45.05605009514787,16.70955455029474,3.8915311300485036
27.859224657524173,21.406206267092244,7.076664613654643
27.859224657524173,17.031435538511786,10.306438618065279
27.859224657524173,22.64730884037132,7.486851251158992
27.859224657524173,19.480321670838734,9.350213080376852
27.859224657524173,17.031435538511786,9.619598994788838
27.859224657524173,19.480321670838734,9.350213080376852
27.859224657524173,17.031435538511786,10.722188514093354
28.996916004432276,17.031435538511786,9.006190962482671
27.859224657524173,16.70955455029474,10.13908994173226
27.859224657524173,16.122224726764713,8.755361761275644
40.413016697101014,17.031435538511786,9.074809404826235
27.859224657524173,16.70955455029474,10.96215769382436
4.605775729354065,17.031435538511786,1.6798376130829038
27.859224657524173,29.925363076632365,6.0759618069386665
27.859224657524173,17.031435538511786,9.081027422787791
27.859224657524173,15.718229904365499,10.015665085934668
27.859224657524173,17.031435538511786,9.00552035175392
27.859224657524173,12.21140253959347,5.829828078372927
6.594287914169875,17.031435538511786,2.1152286173762143
27.859224657524173,17.031435538511786,9.598129265319931
28.755083355090772,16.70955455029474,9.187161904628285
27.859224657524173,16.47692758200149,10.383654156688074
43.66754377050493,17.031435538511786,4.440375209489061
27.859224657524173,17.031435538511786,8.872672505678688
27.859224657524173,0.8908433119046482,0.09684949005465869
45.05605009514787,16.70955455029474,3.8915311300485036
27.859224657524173,16.70955455029474,9.827975571703552
27.859224657524173,17.031435538511786,9.326813920045591
27.859224657524173,17.031435538511786,10.306438618065279
27.859224657524173,21.406206267092244,7.076664613654643
27.859224657524173,17.031435538511786,9.370897152319928
27.859224657524173,22.64730884037132,7.486851251158992
27.859224657524173,17.031435538511786,9.047114219646971
27.859224657524173,12.797214048033773,7.428396936651101
27.859224657524173,17.031435538511786,8.935673286759751
27.859224657524173,17.031435538511786,8.872672505678688
6.594287914169875,17.031435538511786,2.1152286173762143
27.859224657524173,16.70955455029474,10.59077390780842
27.859224657524173,21.406206267092244,7.076664613654643
27.859224657524173,16.70955455029474,9.458178941928459
27.859224657524173,1.7416041311398143,0.10862440817715001
27.859224657524173,17.031435538511786,9.459400994172313
27.859224657524173,15.718229904365499,10.015665085934668
27.859224657524173,17.031435538511786,9.619598994788838
27.859224657524173,29.925363076632365,6.0759618069386665
27.859224657524173,17.031435538511786,9.326813920045591
27.859224657524173,22.64730884037132,7.486851251158992
27.859224657524173,15.389869055249799,8.4352571171795
27.859224657524173,17.031435538511786,9.081027422787791
27.859224657524173,17.031435538511786,9.00552035175392
27.859224657524173,16.70955455029474,10.13908994173226
45.05605009514787,16.70955455029474,3.8915311300485036
27.859224657524173,17.031435538511786,9.370897152319928
27.859224657524173,17.031435538511786,10.722188514093354
28.755083355090772,16.70955455029474,9.187161904628285
4.605775729354065,17.031435538511786,1.6798376130829038
28.755083355090772,17.031435538511786,9.67255639491408
28.996916004432276,17.031435538511786,9.006190962482671
27.859224657524173,12.21140253959347,5.829828078372927
27.859224657524173,16.70955455029474,9.827975571703552
27.859224657524173,17.031435538511786,10.336140579598634
27.859224657524173,17.031435538511786,9.598129265319931
27.859224657524173,16.47692758200149,10.383654156688074
27.859224657524173,16.70955455029474,10.96215769382436
27.859224657524173,17.031435538511786,9.370897152319928
27.859224657524173,17.031435538511786,9.047114219646971
27.859224657524173,17.031435538511786,8.935673286759751
27.859224657524173,17.031435538511786,10.306438618065279
27.859224657524173,17.031435538511786,9.598129265319931
27.859224657524173,15.389869055249799,8.4352571171795
27.859224657524173,17.031435538511786,9.13793151570982
27.859224657524173,22.64730884037132,7.486851251158992
27.859224657524173,15.718229904365499,10.015665085934668
4.605775729354065,17.031435538511786,1.6798376130829038
10.229300243804442,17.031435538511786,3.2852576617978437
27.859224657524173,16.122224726764713,8.755361761275644
27.859224657524173,17.031435538511786,10.698460606894313
27.859224657524173,17.031435538511786,9.619598994788838
27.859224657524173,16.70955455029474,9.307726710684438
27.859224657524173,1.7416041311398143,0.10862440817715001
27.859224657524173,17.031435538511786,9.081027422787791
27.859224657524173,12.21140253959347,5.829828078372927
27.859224657524173,17.031435538511786,9.568676720201642
28.755083355090772,16.70955455029474,9.187161904628285
27.859224657524173,16.70955455029474,10.59077390780842
27.859224657524173,16.70955455029474,9.827975571703552
27.859224657524173,17.031435538511786,10.722188514093354
6.594287914169875,17.031435538511786,2.1152286173762143
28.755083355090772,17.031435538511786,9.67255639491408
27.859224657524173,16.70955455029474,9.962437915688948
27.859224657524173,21.406206267092244,7.076664613654643
27.859224657524173,19.480321670838734,9.350213080376852
27.859224657524173,16.47692758200149,10.383654156688074
27.859224657524173,29.925363076632365,6.0759618069386665
27.859224657524173,12.797214048033773,7.428396936651101
27.859224657524173,17.031435538511786,9.00552035175392
27.859224657524173,17.031435538511786,9.459400994172313
27.859224657524173,17.031435538511786,8.894657616971239
27.859224657524173,17.031435538511786,9.326813920045591
13.028574652438357,17.031435538511786,9.503103712239515
27.859224657524173,16.70955455029474,9.458178941928459
27.859224657524173,17.031435538511786,10.336140579598634
27.859224657524173,16.122224726764713,8.755361761275644
27.859224657524173,1.7416041311398143,0.10862440817715001
16.670372081222865,17.031435538511786,5.9050032581695735
27.859224657524173,17.031435538511786,8.894657616971239
27.859224657524173,17.031435538511786,9.459400994172313
27.859224657524173,16.70955455029474,10.96215769382436
27.859224657524173,16.70955455029474,10.59077390780842
27.859224657524173,15.718229904365499,10.015665085934668
27.859224657524173,24.12394913637555,6.801779874687697
27.859224657524173,0.8908433119046482,0.09684949005465869
27.859224657524173,17.031435538511786,9.370897152319928
27.859224657524173,17.031435538511786,9.568676720201642
27.859224657524173,22.64730884037132,7.486851251158992
10.229300243804442,17.031435538511786,3.2852576617978437
27.859224657524173,17.031435538511786,9.942612616148246
6.594287914169875,17.031435538511786,2.1152286173762143
27.859224657524173,16.70955455029474,10.885677558948425
9.418806771798383,16.70955455029474,3.3196062363491317
27.859224657524173,17.031435538511786,9.081027422787791
27.859224657524173,16.47692758200149,10.383654156688074
43.66754377050493,17.031435538511786,4.440375209489061
27.859224657524173,21.406206267092244,7.076664613654643
27.859224657524173,17.031435538511786,9.326813920045591
27.859224657524173,17.031435538511786,9.622037795366184
27.859224657524173,16.70955455029474,9.827975571703552
4.605775729354065,17.031435538511786,1.6798376130829038
27.859224657524173,16.70955455029474,10.802601570463322
27.859224657524173,17.031435538511786,8.872672505678688
28.996916004432276,17.031435538511786,9.006190962482671
27.859224657524173,17.031435538511786,8.935673286759751
27.859224657524173,15.389869055249799,8.4352571171795
27.859224657524173,16.70955455029474,9.458178941928459
45.05605009514787,16.70955455029474,3.8915311300485036
27.859224657524173,17.031435538511786,9.619598994788838
27.859224657524173,17.031435538511786,10.336140579598634
21.74919327898943,23.244501877790302,6.014777857322225
28.755083355090772,17.031435538511786,9.67255639491408
27.859224657524173,17.031435538511786,10.722188514093354
27.859224657524173,12.21140253959347,5.829828078372927
27.859224657524173,17.031435538511786,9.047114219646971
27.859224657524173,17.031435538511786,9.13793151570982
27.859224657524173,17.031435538511786,10.698460606894313
18.43488240910635,13.617943673824435,8.843863418748489
27.859224657524173,12.797214048033773,7.428396936651101
27.859224657524173,17.031435538511786,9.598129265319931
27.859224657524173,16.70955455029474,9.962437915688948
27.859224657524173,29.925363076632365,6.0759618069386665
28.01648763263137,17.031435538511786,10.183415405462858
