24.82383592591427,15.675408390357465,8.775399423045052
23.606685778014963,13.415878477963993,9.247308600206734
17.331264335136765,15.977456582789062,6.214583141969067
30.15114996624943,13.410957118274428,6.195476648627774
27.859224657524173,14.316678894994919,8.007131092072369
27.859224657524173,17.031435538511786,8.847101451292549
4.747299762458319,13.12787896798266,5.656810960133696
24.031498844955976,11.986904765975623,8.380416769779334
30.15114996624943,15.675408390357465,8.271335927542873
23.807655887487538,15.73160404749936,8.89415700849362
16.39037505714036,16.243421810074796,6.119166346079553
20.67811103252545,16.588815511787484,7.634945235689026
35.36134018508878,17.956913567997407,7.539756341873487
32.50498224131401,13.410957118274428,5.4601692387366345
14.908075954273919,13.410957118274428,7.068786935148064
24.82383592591427,17.031435538511786,9.291840769462127
51.918657280743915,16.224169342538605,0.8825711705689837
18.65410872967742,15.434949310320096,7.185725819411135
24.82383592591427,13.383174566724335,8.988597920560172
32.64541714271384,15.675408390357465,8.140173113027448
30.15114996624943,17.031435538511786,10.029947637406913
14.390995715934165,14.316678894994919,6.492330035218395
24.82383592591427,15.675408390357465,10.361238770929427
24.82383592591427,11.914854485131904,7.465420932875288
21.55575489614019,10.707565965193803,8.393962867334018
24.82383592591427,13.64454480585949,8.97032922614533
18.65410872967742,13.410957118274428,7.694001111291655
24.82383592591427,15.675408390357465,8.693397624414482
27.859224657524173,14.316678894994919,8.539044346334697
18.65410872967742,15.675408390357465,7.486871107427032
18.65410872967742,13.410957118274428,7.762064205265152
24.82383592591427,15.675408390357465,8.775399423045052
19.47132087567139,15.675408390357465,8.16827408560394
30.15114996624943,13.410957118274428,6.195476648627774
18.65410872967742,15.675408390357465,7.486871107427032
32.50498224131401,13.410957118274428,5.4601692387366345
31.585307404486223,15.675408390357465,7.730024523352974
23.807655887487538,15.73160404749936,8.89415700849362
32.64541714271384,15.675408390357465,8.140173113027448
24.031498844955976,11.986904765975623,8.380416769779334
24.82383592591427,13.383174566724335,8.988597920560172
14.908075954273919,13.410957118274428,7.068786935148064
27.859224657524173,14.316678894994919,8.539044346334697
24.82383592591427,11.914854485131904,7.991250225917546
24.82383592591427,17.031435538511786,9.291840769462127
19.15477535986048,14.024024195469615,8.385655853345098
51.918657280743915,16.224169342538605,0.8825711705689837
18.65410872967742,13.410957118274428,7.694001111291655
16.39037505714036,16.243421810074796,6.119166346079553
24.82383592591427,15.675408390357465,8.693397624414482
9.815333380028687,16.70955455029474,3.3196441104367356
14.390995715934165,14.316678894994919,6.492330035218395
18.65410872967742,15.434949310320096,7.185725819411135
30.15114996624943,15.675408390357465,8.271335927542873
20.67811103252545,16.588815511787484,7.634945235689026
30.15114996624943,15.675408390357465,8.46469978719989
27.859224657524173,14.316678894994919,7.960662457099956
20.51605108910588,13.969713817218544,8.787614846988411
18.65410872967742,13.410957118274428,7.762064205265152
36.81165306007128,16.70955455029474,6.380021020764086
30.15114996624943,20.869948064855162,8.59454394343015
24.82383592591427,11.914854485131904,7.991250225917546
24.82383592591427,17.031435538511786,9.291840769462127
3.3346018416561325,14.992508178915202,1.341995419820479
19.15477535986048,14.024024195469615,8.385655853345098
27.859224657524173,15.675408390357465,8.621931224967001
30.15114996624943,15.675408390357465,8.898775184493564
17.80102268113668,17.031435538511786,6.0641390127843815
2.2759476468013666,5.628216908784382,2.433070755943163
27.859224657524173,17.031435538511786,10.182759265017307
20.67811103252545,16.588815511787484,7.634945235689026
30.15114996624943,13.410957118274428,6.195476648627774
14.908075954273919,13.410957118274428,7.068786935148064
24.82383592591427,13.383174566724335,8.988597920560172
32.50498224131401,13.410957118274428,5.4601692387366345
18.65410872967742,13.410957118274428,8.892106547431826
31.585307404486223,15.675408390357465,7.730024523352974
30.15114996624943,15.675408390357465,8.46469978719989
24.82383592591427,13.64454480585949,8.97032922614533
27.859224657524173,14.316678894994919,8.007131092072369
30.15114996624943,15.675408390357465,8.271335927542873
27.859224657524173,17.031435538511786,8.988497698175072
51.918657280743915,16.224169342538605,0.8825711705689837
24.82383592591427,11.914854485131904,7.465420932875288
24.82383592591427,15.675408390357465,10.361238770929427
9.815333380028687,16.70955455029474,3.3196441104367356
27.859224657524173,14.316678894994919,7.960662457099956
24.82383592591427,15.675408390357465,8.775399423045052
19.47132087567139,15.675408390357465,8.16827408560394
16.39037505714036,16.243421810074796,6.119166346079553
24.82383592591427,18.0120974895524,8.522730343315295
36.81165306007128,16.70955455029474,6.380021020764086
24.82383592591427,15.675408390357465,8.693397624414482
18.65410872967742,13.410957118274428,7.762064205265152
30.15114996624943,17.031435538511786,9.58587296176853
17.80102268113668,15.675408390357465,6.770976668753493
32.64541714271384,15.675408390357465,8.140173113027448
18.65410872967742,13.410957118274428,7.694001111291655
35.36134018508878,17.956913567997407,7.539756341873487
23.606685778014963,13.415878477963993,9.247308600206734
24.82383592591427,15.675408390357465,9.60680956592893
27.859224657524173,14.316678894994919,8.539044346334697
30.15114996624943,14.316678894994919,7.241848552799026
27.859224657524173,17.031435538511786,8.847101451292549
24.031498844955976,11.986904765975623,8.380416769779334
24.82383592591427,17.031435538511786,9.24283299718469
15.922665850528263,14.316678894994919,7.052445334542932
18.65410872967742,15.675408390357465,7.486871107427032
