27.859224657524173,22.709991907207908,9.058894919804178
27.859224657524173,17.031435538511786,10.39551387236633
27.859224657524173,18.45242374173041,8.654485502889074
27.666094864949724,17.031435538511786,9.372759386949278
27.859224657524173,17.031435538511786,10.172449209412386
27.859224657524173,12.176934139735163,7.9980275895527875
27.859224657524173,32.356771632742095,4.787649212325274
27.859224657524173,17.031435538511786,9.386313990450416
46.72273089417576,17.031435538511786,3.3228317212948406
27.859224657524173,17.674516824983975,9.086770682598013
27.859224657524173,17.031435538511786,8.07294930962816
27.004045073339086,17.031435538511786,10.496750466751237
27.859224657524173,17.031435538511786,10.040730102164428
27.859224657524173,16.923564012936332,9.737577225016377
27.859224657524173,2.2767752537190784,0.09545062688313063
27.859224657524173,18.45242374173041,9.104634710269325
27.859224657524173,17.031435538511786,10.126586988060843
27.859224657524173,17.031435538511786,9.058894919804178
44.460935074787415,17.031435538511786,4.21724407660504
27.859224657524173,17.031435538511786,10.243079410127171
27.859224657524173,17.031435538511786,9.308130307547666
27.859224657524173,17.031435538511786,9.9933330620261
27.859224657524173,17.031435538511786,9.058894919804178
27.859224657524173,17.031435538511786,9.17244051821331
25.005284201905262,11.110991761979516,6.251074194448519
27.859224657524173,18.45242374173041,9.357015255433009
27.859224657524173,17.031435538511786,9.021171357973808
27.859224657524173,18.45242374173041,8.900048276484075
29.680220255299048,17.031435538511786,8.899938591495467
27.859224657524173,17.031435538511786,9.058894919804178
27.859224657524173,18.45242374173041,8.277326814085939
27.859224657524173,17.031435538511786,9.899924934989542
13.681380607574226,26.58373159793861,3.245626990354512
27.859224657524173,16.70955455029474,10.49288253392695
16.39866745404608,17.031435538511786,9.608626751986975
27.666094864949724,17.031435538511786,9.155199086709302
27.859224657524173,31.615626569979582,5.792028831451179
27.859224657524173,16.70955455029474,9.779733609621456
28.298488473503316,0.09947878745084182,0.10991476148305838
27.859224657524173,16.70955455029474,9.294622457722761
17.65744407296303,0.09947878745084182,0.09768391265531709
27.859224657524173,23.754907356569788,7.6832826443900935
27.859224657524173,12.120808073499916,5.86988669696843
27.859224657524173,17.031435538511786,9.308130307547666
27.859224657524173,17.031435538511786,9.308130307547666
27.859224657524173,17.031435538511786,9.308130307547666
27.859224657524173,17.031435538511786,9.308130307547666
27.859224657524173,17.031435538511786,10.400851829197606
27.666094864949724,17.031435538511786,10.504392631493204
27.859224657524173,17.031435538511786,9.308130307547666
27.859224657524173,17.031435538511786,9.308130307547666
27.859224657524173,17.031435538511786,9.308130307547666
27.859224657524173,17.031435538511786,10.590642438597325
26.262531440138833,17.031435538511786,8.804496484267007
27.859224657524173,17.031435538511786,10.490714746234747
27.859224657524173,13.475730090054906,8.01707711968102
27.666094864949724,31.335196293464605,5.58381647564868
27.859224657524173,17.031435538511786,9.308130307547666
27.859224657524173,18.45242374173041,8.44502832610151
27.859224657524173,21.29878051996918,7.533359730301803
28.215058922054695,16.70955455029474,9.391678363481732
27.859224657524173,16.70955455029474,9.021459861947974
27.859224657524173,21.517287486155674,8.288508081117014
27.859224657524173,17.031435538511786,10.356346794162246
27.666094864949724,17.031435538511786,9.461622212074456
27.859224657524173,17.031435538511786,9.308130307547666
27.859224657524173,17.031435538511786,9.679319599427494
27.859224657524173,16.70955455029474,10.370702833115674
27.859224657524173,17.031435538511786,9.308130307547666
27.859224657524173,17.031435538511786,8.85028415956066
27.859224657524173,17.031435538511786,10.031916066038878
27.859224657524173,17.031435538511786,10.60482777024415
27.859224657524173,17.031435538511786,9.381431960053177
27.859224657524173,17.031435538511786,9.308130307547666
45.04898269742323,17.031435538511786,6.686366000613136
27.859224657524173,17.031435538511786,9.224133418211464
27.859224657524173,13.248607664620483,7.7846734158737885
46.62201833911098,17.031435538511786,6.3784915856728635
27.859224657524173,18.45242374173041,8.99957089390818
27.859224657524173,17.031435538511786,10.163281542909896
