33.94609615334865,20.356673739285487,9.996604928773133
33.94609615334865,20.356673739285487,9.996604928773133
4.1411365312477635,20.61300170539026,1.2051544540855017
40.79124664788559,40.08618451622585,6.104311077055239
33.94609615334865,20.356673739285487,9.996604928773133
33.94609615334865,20.95760103916031,9.716562948671381
33.94609615334865,20.356673739285487,9.996604928773133
4.1411365312477635,20.61300170539026,1.2051544540855017
32.56575247480004,20.356673739285487,9.596628912072212
33.94609615334865,20.356673739285487,9.996604928773133
33.94609615334865,20.356673739285487,9.996604928773133
33.94609615334865,20.95760103916031,9.716562948671381
33.94609615334865,20.356673739285487,9.996604928773133
40.79124664788559,40.08618451622585,6.104311077055239
40.79124664788559,40.08618451622585,6.104311077055239
32.56575247480004,20.356673739285487,9.596628912072212
65.37055163856616,43.47676087387835,9.019643436473986
33.94609615334865,20.356673739285487,9.996604928773133
33.94609615334865,20.356673739285487,9.996604928773133
33.94609615334865,20.95760103916031,9.716562948671381
4.1411365312477635,20.61300170539026,1.2051544540855017
33.94609615334865,20.356673739285487,9.996604928773133
33.94609615334865,20.356673739285487,9.996604928773133
33.94609615334865,20.356673739285487,9.996604928773133
32.56575247480004,20.356673739285487,9.596628912072212
33.94609615334865,20.356673739285487,9.996604928773133
4.1411365312477635,20.61300170539026,1.2051544540855017
40.79124664788559,40.08618451622585,6.104311077055239
33.94609615334865,20.95760103916031,9.716562948671381
33.94609615334865,20.356673739285487,9.996604928773133
65.37055163856616,43.47676087387835,9.019643436473986
33.94609615334865,20.356673739285487,9.996604928773133
33.94609615334865,20.95760103916031,9.716562948671381
33.94609615334865,20.356673739285487,9.996604928773133
33.94609615334865,20.356673739285487,9.996604928773133
40.79124664788559,40.08618451622585,6.104311077055239
4.1411365312477635,20.61300170539026,1.2051544540855017
33.94609615334865,20.356673739285487,9.996604928773133
32.56575247480004,20.356673739285487,9.596628912072212
33.94609615334865,20.356673739285487,9.996604928773133
65.37055163856616,43.47676087387835,9.019643436473986
33.94609615334865,20.356673739285487,9.996604928773133
33.94609615334865,20.356673739285487,9.996604928773133
32.56575247480004,20.356673739285487,9.596628912072212
65.37055163856616,43.47676087387835,9.019643436473986
40.79124664788559,40.08618451622585,6.104311077055239
33.94609615334865,20.95760103916031,9.716562948671381
33.94609615334865,20.356673739285487,9.996604928773133
33.94609615334865,20.356673739285487,9.996604928773133
4.1411365312477635,20.61300170539026,1.2051544540855017
32.56575247480004,20.356673739285487,9.596628912072212
33.94609615334865,20.356673739285487,9.996604928773133
4.1411365312477635,20.61300170539026,1.2051544540855017
33.94609615334865,20.95760103916031,9.716562948671381
40.79124664788559,40.08618451622585,6.104311077055239
65.37055163856616,43.47676087387835,9.019643436473986
33.94609615334865,20.356673739285487,9.996604928773133
33.94609615334865,20.356673739285487,9.996604928773133
33.94609615334865,20.356673739285487,9.996604928773133
33.94609615334865,20.95760103916031,9.716562948671381
32.56575247480004,20.356673739285487,9.596628912072212
33.94609615334865,20.356673739285487,9.996604928773133
33.94609615334865,20.356673739285487,9.996604928773133
65.37055163856616,43.47676087387835,9.019643436473986
40.79124664788559,40.08618451622585,6.104311077055239
33.94609615334865,20.356673739285487,9.996604928773133
33.94609615334865,20.356673739285487,9.996604928773133
4.1411365312477635,20.61300170539026,1.2051544540855017
40.79124664788559,40.08618451622585,6.104311077055239
33.94609615334865,20.356673739285487,9.996604928773133
34.25933291812211,16.584070745082997,7.607693087611816
32.56575247480004,20.356673739285487,9.596628912072212
33.94609615334865,20.356673739285487,9.996604928773133
33.94609615334865,11.717726241655742,2.6215559614091433
4.1411365312477635,20.61300170539026,1.2051544540855017
33.94609615334865,20.356673739285487,9.996604928773133
65.37055163856616,43.47676087387835,9.019643436473986
33.94609615334865,20.356673739285487,9.996604928773133
34.25933291812211,16.584070745082997,7.607693087611816
40.79124664788559,40.08618451622585,6.104311077055239
33.94609615334865,20.356673739285487,9.996604928773133
33.94609615334865,20.95760103916031,9.716562948671381
33.94609615334865,20.356673739285487,9.996604928773133
32.56575247480004,20.356673739285487,9.596628912072212
33.94609615334865,20.356673739285487,9.996604928773133
33.94609615334865,20.356673739285487,9.996604928773133
4.1411365312477635,20.61300170539026,1.2051544540855017
33.94609615334865,11.717726241655742,2.6215559614091433
32.56575247480004,20.356673739285487,9.596628912072212
4.1411365312477635,20.61300170539026,1.2051544540855017
33.94609615334865,20.356673739285487,9.996604928773133
33.94609615334865,20.95760103916031,9.716562948671381
33.94609615334865,20.356673739285487,9.996604928773133
40.79124664788559,40.08618451622585,6.104311077055239
65.37055163856616,43.47676087387835,9.019643436473986
33.94609615334865,20.356673739285487,9.996604928773133
33.94609615334865,20.356673739285487,9.996604928773133
27.450502232049,20.356673739285487,8.089242942408065
33.94609615334865,11.717726241655742,2.6215559614091433
34.25933291812211,16.584070745082997,7.607693087611816
40.79124664788559,40.08618451622585,6.104311077055239
33.94609615334865,20.356673739285487,9.996604928773133
27.450502232049,20.356673739285487,8.089242942408065
33.94609615334865,20.356673739285487,9.996604928773133
34.25933291812211,16.584070745082997,7.607693087611816
33.94609615334865,11.717726241655742,2.6215559614091433
33.94609615334865,20.95760103916031,9.716562948671381
33.94609615334865,20.356673739285487,9.996604928773133
32.56575247480004,20.356673739285487,9.596628912072212
33.94609615334865,20.356673739285487,9.996604928773133
33.94609615334865,20.356673739285487,9.996604928773133
65.37055163856616,43.47676087387835,9.019643436473986
4.1411365312477635,20.61300170539026,1.2051544540855017
33.94609615334865,20.95760103916031,9.716562948671381
40.79124664788559,40.08618451622585,6.104311077055239
33.94609615334865,20.356673739285487,9.996604928773133
33.94609615334865,20.356673739285487,9.996604928773133
34.25933291812211,16.584070745082997,7.607693087611816
32.56575247480004,20.356673739285487,9.596628912072212
33.94609615334865,20.356673739285487,9.996604928773133
4.1411365312477635,20.61300170539026,1.2051544540855017
33.94609615334865,20.356673739285487,9.996604928773133
33.94609615334865,20.356673739285487,9.996604928773133
33.94609615334865,11.717726241655742,2.6215559614091433
33.94609615334865,20.356673739285487,9.996604928773133
33.94609615334865,20.356673739285487,9.996604928773133
65.37055163856616,43.47676087387835,9.019643436473986
33.94609615334865,20.356673739285487,9.996604928773133
40.79124664788559,40.08618451622585,6.104311077055239
34.25933291812211,16.584070745082997,7.607693087611816
65.37055163856616,43.47676087387835,9.019643436473986
40.222925734178034,20.356673739285487,8.146919303417187
33.94609615334865,20.356673739285487,9.996604928773133
33.94609615334865,20.95760103916031,9.716562948671381
33.94609615334865,20.356673739285487,9.996604928773133
33.94609615334865,20.356673739285487,9.996604928773133
33.94609615334865,20.356673739285487,9.996604928773133
33.94609615334865,20.356673739285487,9.996604928773133
33.94609615334865,11.717726241655742,2.6215559614091433
27.450502232049,20.356673739285487,8.089242942408065
4.1411365312477635,20.61300170539026,1.2051544540855017
33.94609615334865,20.356673739285487,9.996604928773133
34.25933291812211,16.584070745082997,7.607693087611816
33.94609615334865,20.356673739285487,9.996604928773133
33.94609615334865,20.356673739285487,9.996604928773133
40.79124664788559,40.08618451622585,6.104311077055239
33.94609615334865,20.356673739285487,9.996604928773133
33.94609615334865,20.356673739285487,9.996604928773133
33.94609615334865,20.95760103916031,9.716562948671381
4.1411365312477635,20.61300170539026,1.2051544540855017
33.94609615334865,20.356673739285487,9.996604928773133
33.94609615334865,20.356673739285487,9.996604928773133
40.222925734178034,20.356673739285487,8.146919303417187
33.94609615334865,11.717726241655742,2.6215559614091433
33.94609615334865,20.356673739285487,9.996604928773133
65.37055163856616,43.47676087387835,9.019643436473986
32.56575247480004,20.356673739285487,9.596628912072212
33.94609615334865,20.356673739285487,9.996604928773133
33.94609615334865,20.356673739285487,9.996604928773133
33.94609615334865,20.356673739285487,9.996604928773133
33.94609615334865,20.356673739285487,9.996604928773133
40.79124664788559,40.08618451622585,6.104311077055239
4.1411365312477635,20.61300170539026,1.2051544540855017
33.94609615334865,20.356673739285487,9.996604928773133
65.37055163856616,43.47676087387835,9.019643436473986
34.25933291812211,16.584070745082997,7.607693087611816
40.222925734178034,20.356673739285487,8.146919303417187
33.94609615334865,11.717726241655742,2.6215559614091433
32.56575247480004,20.356673739285487,9.596628912072212
33.94609615334865,20.356673739285487,9.996604928773133
33.94609615334865,20.95760103916031,9.716562948671381
33.94609615334865,20.356673739285487,9.996604928773133
33.94609615334865,20.356673739285487,9.996604928773133
33.94609615334865,20.356673739285487,9.996604928773133
33.94609615334865,20.356673739285487,9.996604928773133
33.94609615334865,20.356673739285487,9.996604928773133
33.94609615334865,20.356673739285487,9.996604928773133
33.94609615334865,20.356673739285487,9.996604928773133
33.94609615334865,20.356673739285487,9.996604928773133
33.94609615334865,20.356673739285487,9.996604928773133
4.1411365312477635,20.61300170539026,1.2051544540855017
33.94609615334865,20.356673739285487,9.996604928773133
33.94609615334865,20.356673739285487,9.996604928773133
32.56575247480004,20.356673739285487,9.596628912072212
34.25933291812211,16.584070745082997,7.607693087611816
65.37055163856616,43.47676087387835,9.019643436473986
40.79124664788559,40.08618451622585,6.104311077055239
33.94609615334865,20.95760103916031,9.716562948671381
40.222925734178034,20.356673739285487,8.146919303417187
33.94609615334865,11.717726241655742,2.6215559614091433
33.94609615334865,20.356673739285487,9.996604928773133
33.94609615334865,20.356673739285487,9.996604928773133
27.450502232049,20.356673739285487,8.089242942408065
33.94609615334865,20.356673739285487,9.996604928773133
33.94609615334865,20.95760103916031,9.716562948671381
4.1411365312477635,20.61300170539026,1.2051544540855017
33.94609615334865,20.356673739285487,9.996604928773133
33.94609615334865,20.356673739285487,9.996604928773133
33.94609615334865,20.356673739285487,9.996604928773133
65.37055163856616,43.47676087387835,9.019643436473986
33.94609615334865,20.356673739285487,9.996604928773133
33.94609615334865,20.356673739285487,9.996604928773133
27.450502232049,20.356673739285487,8.089242942408065
33.94609615334865,20.356673739285487,9.996604928773133
40.79124664788559,40.08618451622585,6.104311077055239
32.17988101849197,20.356673739285487,9.482918498753344
33.94609615334865,20.356673739285487,9.996604928773133
32.56575247480004,20.356673739285487,9.596628912072212
33.94609615334865,20.356673739285487,9.996604928773133
40.222925734178034,20.356673739285487,8.146919303417187
33.94609615334865,20.356673739285487,9.996604928773133
33.94609615334865,11.717726241655742,2.6215559614091433
65.37055163856616,43.47676087387835,9.019643436473986
33.94609615334865,20.356673739285487,9.996604928773133
33.94609615334865,20.356673739285487,9.996604928773133
32.17988101849197,20.356673739285487,9.482918498753344
33.94609615334865,20.356673739285487,9.996604928773133
27.553411085172513,20.356673739285487,8.119568606645595
33.94609615334865,20.356673739285487,9.996604928773133
33.94609615334865,20.356673739285487,9.996604928773133
33.94609615334865,11.717726241655742,2.6215559614091433
40.79124664788559,40.08618451622585,6.104311077055239
33.94609615334865,20.356673739285487,9.996604928773133
33.94609615334865,20.356673739285487,9.996604928773133
4.1411365312477635,20.61300170539026,1.2051544540855017
33.94609615334865,20.356673739285487,9.996604928773133
27.450502232049,20.356673739285487,8.089242942408065
34.25933291812211,16.584070745082997,7.607693087611816
33.94609615334865,20.356673739285487,9.996604928773133
33.94609615334865,20.356673739285487,9.996604928773133
33.94609615334865,20.356673739285487,9.996604928773133
40.222925734178034,20.356673739285487,8.146919303417187
32.56575247480004,20.356673739285487,9.596628912072212
4.1411365312477635,20.61300170539026,1.2051544540855017
32.17988101849197,20.356673739285487,9.482918498753344
33.94609615334865,20.356673739285487,9.996604928773133
27.450502232049,20.356673739285487,8.089242942408065
32.17988101849197,20.356673739285487,9.482918498753344
34.25933291812211,16.584070745082997,7.607693087611816
33.94609615334865,20.356673739285487,9.996604928773133
32.56575247480004,20.356673739285487,9.596628912072212
33.94609615334865,20.356673739285487,9.996604928773133
33.94609615334865,20.356673739285487,9.996604928773133
33.94609615334865,20.356673739285487,9.996604928773133
40.222925734178034,20.356673739285487,8.146919303417187
33.94609615334865,20.95760103916031,9.716562948671381
33.94609615334865,20.356673739285487,9.996604928773133
33.94609615334865,20.356673739285487,9.996604928773133
27.553411085172513,20.356673739285487,8.119568606645595
65.37055163856616,43.47676087387835,9.019643436473986
33.94609615334865,20.356673739285487,9.996604928773133
40.79124664788559,40.08618451622585,6.104311077055239
33.94609615334865,20.356673739285487,9.996604928773133
33.94609615334865,20.356673739285487,9.996604928773133
33.94609615334865,20.356673739285487,9.996604928773133
33.94609615334865,11.717726241655742,2.6215559614091433
65.37055163856616,43.47676087387835,9.019643436473986
33.94609615334865,11.717726241655742,2.6215559614091433
32.56575247480004,20.356673739285487,9.596628912072212
33.94609615334865,20.356673739285487,9.996604928773133
33.94609615334865,20.356673739285487,9.996604928773133
33.94609615334865,20.356673739285487,9.996604928773133
33.94609615334865,20.356673739285487,9.996604928773133
40.222925734178034,20.356673739285487,8.146919303417187
34.25933291812211,16.584070745082997,7.607693087611816
33.94609615334865,20.356673739285487,9.996604928773133
27.553411085172513,20.356673739285487,8.119568606645595
40.79124664788559,40.08618451622585,6.104311077055239
32.17988101849197,20.356673739285487,9.482918498753344
33.94609615334865,20.356673739285487,9.996604928773133
33.94609615334865,20.95760103916031,9.716562948671381
27.450502232049,20.356673739285487,8.089242942408065
33.94609615334865,20.356673739285487,9.996604928773133
33.94609615334865,20.356673739285487,9.996604928773133
33.94609615334865,20.356673739285487,9.996604928773133
33.94609615334865,20.356673739285487,9.996604928773133
33.94609615334865,20.356673739285487,9.996604928773133
32.17988101849197,20.356673739285487,9.482918498753344
33.94609615334865,20.356673739285487,9.996604928773133
33.94609615334865,20.356673739285487,9.996604928773133
33.94609615334865,20.356673739285487,9.996604928773133
33.94609615334865,20.356673739285487,9.996604928773133
33.94609615334865,20.356673739285487,9.996604928773133
40.222925734178034,20.356673739285487,8.146919303417187
33.94609615334865,20.356673739285487,9.996604928773133
33.94609615334865,20.356673739285487,9.996604928773133
33.94609615334865,20.95760103916031,9.716562948671381
33.94609615334865,20.356673739285487,9.996604928773133
5.960992053358255,20.356673739285487,1.7566131391607518
33.94609615334865,20.356673739285487,9.996604928773133
32.17988101849197,20.356673739285487,9.482918498753344
33.94609615334865,20.356673739285487,9.996604928773133
27.553411085172513,20.356673739285487,8.119568606645595
33.94609615334865,20.356673739285487,9.996604928773133
32.17988101849197,20.356673739285487,9.482918498753344
65.37055163856616,43.47676087387835,9.019643436473986
40.79124664788559,40.08618451622585,6.104311077055239
32.56575247480004,20.356673739285487,9.596628912072212
34.25933291812211,16.584070745082997,7.607693087611816
33.94609615334865,11.717726241655742,2.6215559614091433
33.94609615334865,20.356673739285487,9.996604928773133
33.94609615334865,20.356673739285487,9.996604928773133
31.14751261081641,35.726789777630344,5.229904709789093
33.94609615334865,20.356673739285487,9.996604928773133
40.79124664788559,40.08618451622585,6.104311077055239
32.17988101849197,20.356673739285487,9.482918498753344
32.56575247480004,20.356673739285487,9.596628912072212
40.222925734178034,20.356673739285487,8.146919303417187
27.450502232049,20.356673739285487,8.089242942408065
33.94609615334865,20.356673739285487,9.996604928773133
65.37055163856616,43.47676087387835,9.019643436473986
33.94609615334865,20.356673739285487,9.996604928773133
33.94609615334865,20.356673739285487,9.996604928773133
4.1411365312477635,20.61300170539026,1.2051544540855017
33.94609615334865,20.95760103916031,9.716562948671381
33.94609615334865,20.356673739285487,9.996604928773133
33.94609615334865,20.356673739285487,9.996604928773133
33.94609615334865,20.356673739285487,9.996604928773133
33.94609615334865,20.356673739285487,9.996604928773133
27.553411085172513,20.356673739285487,8.119568606645595
34.25933291812211,16.584070745082997,7.607693087611816
5.960992053358255,20.356673739285487,1.7566131391607518
33.94609615334865,11.717726241655742,2.6215559614091433
32.17988101849197,20.356673739285487,9.482918498753344
33.94609615334865,20.356673739285487,9.996604928773133
32.17988101849197,20.356673739285487,9.482918498753344
33.94609615334865,20.356673739285487,9.996604928773133
33.94609615334865,20.95760103916031,9.716562948671381
32.56575247480004,20.356673739285487,9.596628912072212
33.94609615334865,20.356673739285487,9.996604928773133
4.1411365312477635,20.61300170539026,1.2051544540855017
5.960992053358255,20.356673739285487,1.7566131391607518
33.94609615334865,20.356673739285487,9.996604928773133
27.553411085172513,20.356673739285487,8.119568606645595
33.94609615334865,20.356673739285487,9.996604928773133
33.94609615334865,20.356673739285487,9.996604928773133
33.94609615334865,20.356673739285487,9.996604928773133
33.94609615334865,11.717726241655742,2.6215559614091433
32.17988101849197,20.356673739285487,9.482918498753344
65.37055163856616,43.47676087387835,9.019643436473986
40.79124664788559,40.08618451622585,6.104311077055239
27.450502232049,20.356673739285487,8.089242942408065
33.94609615334865,20.356673739285487,9.996604928773133
33.94609615334865,20.356673739285487,9.996604928773133
40.222925734178034,20.356673739285487,8.146919303417187
34.25933291812211,16.584070745082997,7.607693087611816
33.94609615334865,20.356673739285487,9.996604928773133
33.94609615334865,20.356673739285487,9.996604928773133
33.94609615334865,20.356673739285487,9.996604928773133
33.94609615334865,20.356673739285487,9.996604928773133
31.14751261081641,35.726789777630344,5.229904709789093
33.94609615334865,20.356673739285487,9.996604928773133
31.14751261081641,35.726789777630344,5.229904709789093
33.94609615334865,20.356673739285487,9.996604928773133
33.94609615334865,20.356673739285487,9.996604928773133
33.94609615334865,20.356673739285487,9.996604928773133
33.94609615334865,20.356673739285487,9.996604928773133
33.94609615334865,11.717726241655742,2.6215559614091433
4.1411365312477635,20.61300170539026,1.2051544540855017
34.25933291812211,16.584070745082997,7.607693087611816
5.960992053358255,20.356673739285487,1.7566131391607518
33.94609615334865,20.356673739285487,9.996604928773133
33.94609615334865,20.356673739285487,9.996604928773133
27.450502232049,20.356673739285487,8.089242942408065
40.79124664788559,40.08618451622585,6.104311077055239
33.94609615334865,20.542445955383613,9.912931020601004
40.222925734178034,20.356673739285487,8.146919303417187
32.17988101849197,20.356673739285487,9.482918498753344
33.94609615334865,20.356673739285487,9.996604928773133
34.6381189866741,20.356673739285487,9.79267638957404
34.49129011515114,20.356673739285487,9.8359446111413
33.94609615334865,20.356673739285487,9.996604928773133
65.37055163856616,43.47676087387835,9.019643436473986
33.94609615334865,20.356673739285487,9.996604928773133
33.94609615334865,20.356673739285487,9.996604928773133
33.94609615334865,20.356673739285487,9.996604928773133
32.56575247480004,20.356673739285487,9.596628912072212
33.94609615334865,20.95760103916031,9.716562948671381
27.553411085172513,20.356673739285487,8.119568606645595
32.17988101849197,20.356673739285487,9.482918498753344
32.56575247480004,20.356673739285487,9.596628912072212
33.94609615334865,20.356673739285487,9.996604928773133
34.25933291812211,16.584070745082997,7.607693087611816
32.17988101849197,20.356673739285487,9.482918498753344
27.553411085172513,20.356673739285487,8.119568606645595
4.1411365312477635,20.61300170539026,1.2051544540855017
33.94609615334865,20.356673739285487,9.996604928773133
33.94609615334865,20.356673739285487,9.996604928773133
33.94609615334865,11.717726241655742,2.6215559614091433
5.960992053358255,20.356673739285487,1.7566131391607518
40.21708184548537,20.356673739285487,8.148641407987945
33.94609615334865,20.356673739285487,9.996604928773133
33.94609615334865,20.356673739285487,9.996604928773133
33.94609615334865,23.797066372701693,8.55718291325768
33.94609615334865,20.356673739285487,9.996604928773133
33.94609615334865,20.356673739285487,9.996604928773133
33.94609615334865,20.356673739285487,9.996604928773133
33.94609615334865,20.356673739285487,9.996604928773133
33.94609615334865,20.356673739285487,9.996604928773133
33.94609615334865,20.542445955383613,9.912931020601004
32.17988101849197,20.356673739285487,9.482918498753344
33.94609615334865,20.356673739285487,9.996604928773133
33.94609615334865,20.356673739285487,9.996604928773133
65.37055163856616,43.47676087387835,9.019643436473986
33.94609615334865,20.356673739285487,9.996604928773133
33.94609615334865,20.95760103916031,9.716562948671381
33.94609615334865,20.356673739285487,9.996604928773133
34.6381189866741,20.356673739285487,9.79267638957404
40.222925734178034,20.356673739285487,8.146919303417187
40.79124664788559,40.08618451622585,6.104311077055239
31.14751261081641,35.726789777630344,5.229904709789093
27.450502232049,20.356673739285487,8.089242942408065
33.94609615334865,20.356673739285487,9.996604928773133
34.49129011515114,20.356673739285487,9.8359446111413
33.94609615334865,20.356673739285487,9.996604928773133
40.21708184548537,20.356673739285487,8.148641407987945
33.94609615334865,20.356673739285487,9.996604928773133
40.79124664788559,40.08618451622585,6.104311077055239
33.94609615334865,11.717726241655742,2.6215559614091433
27.553411085172513,20.356673739285487,8.119568606645595
34.49129011515114,20.356673739285487,9.8359446111413
33.94609615334865,20.356673739285487,9.996604928773133
33.94609615334865,20.356673739285487,9.996604928773133
4.1411365312477635,20.61300170539026,1.2051544540855017
33.94609615334865,20.356673739285487,9.996604928773133
34.6381189866741,20.356673739285487,9.79267638957404
31.14751261081641,35.726789777630344,5.229904709789093
33.94609615334865,20.356673739285487,9.996604928773133
33.94609615334865,20.356673739285487,9.996604928773133
33.94609615334865,20.356673739285487,9.996604928773133
33.94609615334865,20.95760103916031,9.716562948671381
33.94609615334865,20.356673739285487,9.996604928773133
33.94609615334865,20.356673739285487,9.996604928773133
32.56575247480004,20.356673739285487,9.596628912072212
40.222925734178034,20.356673739285487,8.146919303417187
33.94609615334865,20.356673739285487,9.996604928773133
33.94609615334865,20.356673739285487,9.996604928773133
33.94609615334865,20.356673739285487,9.996604928773133
32.17988101849197,20.356673739285487,9.482918498753344
31.14751261081641,20.356673739285487,9.178695326981844
33.94609615334865,20.356673739285487,9.996604928773133
33.94609615334865,20.542445955383613,9.912931020601004
33.94609615334865,23.797066372701693,8.55718291325768
33.94609615334865,20.356673739285487,9.996604928773133
27.450502232049,20.356673739285487,8.089242942408065
34.25933291812211,16.584070745082997,7.607693087611816
65.37055163856616,43.47676087387835,9.019643436473986
33.94609615334865,20.356673739285487,9.996604928773133
32.17988101849197,20.356673739285487,9.482918498753344
33.94609615334865,20.356673739285487,9.996604928773133
5.960992053358255,20.356673739285487,1.7566131391607518
33.94609615334865,20.356673739285487,9.996604928773133
33.94609615334865,20.356673739285487,9.996604928773133
33.94609615334865,20.356673739285487,9.996604928773133
33.94609615334865,20.356673739285487,9.996604928773133
28.090133500930452,20.356673739285487,8.277732489295186
33.94609615334865,20.356673739285487,9.996604928773133
33.94609615334865,20.356673739285487,9.996604928773133
33.94609615334865,20.356673739285487,9.996604928773133
34.6381189866741,20.356673739285487,9.79267638957404
32.17988101849197,20.356673739285487,9.482918498753344
33.94609615334865,20.95760103916031,9.716562948671381
33.94609615334865,20.356673739285487,9.996604928773133
33.94609615334865,20.356673739285487,9.996604928773133
33.94609615334865,20.95760103916031,9.716562948671381
33.94609615334865,20.542445955383613,9.912931020601004
33.94609615334865,20.356673739285487,9.996604928773133
33.94609615334865,23.797066372701693,8.55718291325768
33.94609615334865,20.356673739285487,9.996604928773133
33.94609615334865,20.356673739285487,9.996604928773133
32.17988101849197,20.356673739285487,9.482918498753344
4.1411365312477635,20.61300170539026,1.2051544540855017
40.21708184548537,20.356673739285487,8.148641407987945
31.14751261081641,35.726789777630344,5.229904709789093
5.960992053358255,20.356673739285487,1.7566131391607518
33.94609615334865,20.356673739285487,9.996604928773133
65.37055163856616,43.47676087387835,9.019643436473986
31.14751261081641,20.356673739285487,9.178695326981844
40.222925734178034,20.356673739285487,8.146919303417187
33.94609615334865,11.717726241655742,2.6215559614091433
34.49129011515114,20.356673739285487,9.8359446111413
33.94609615334865,20.356673739285487,9.996604928773133
31.14751261081641,20.356673739285487,9.178695326981844
27.553411085172513,20.356673739285487,8.119568606645595
32.56575247480004,20.356673739285487,9.596628912072212
33.94609615334865,20.356673739285487,9.996604928773133
33.94609615334865,20.356673739285487,9.996604928773133
33.94609615334865,20.356673739285487,9.996604928773133
40.79124664788559,40.08618451622585,6.104311077055239
27.450502232049,20.356673739285487,8.089242942408065
34.25933291812211,16.584070745082997,7.607693087611816
33.94609615334865,20.356673739285487,9.996604928773133
33.94609615334865,20.356673739285487,9.996604928773133
4.1411365312477635,20.61300170539026,1.2051544540855017
33.94609615334865,20.356673739285487,9.996604928773133
33.94609615334865,20.356673739285487,9.996604928773133
33.94609615334865,20.356673739285487,9.996604928773133
33.94609615334865,20.356673739285487,9.996604928773133
34.49129011515114,20.356673739285487,9.8359446111413
33.94609615334865,20.356673739285487,9.996604928773133
31.14751261081641,35.726789777630344,5.229904709789093
31.14751261081641,20.356673739285487,9.178695326981844
31.14751261081641,20.356673739285487,9.178695326981844
33.94609615334865,20.542445955383613,9.912931020601004
27.450502232049,20.356673739285487,8.089242942408065
32.56575247480004,20.356673739285487,9.596628912072212
33.94609615334865,20.356673739285487,9.996604928773133
33.94609615334865,20.356673739285487,9.996604928773133
33.94609615334865,23.797066372701693,8.55718291325768
33.94609615334865,20.356673739285487,9.996604928773133
27.553411085172513,20.356673739285487,8.119568606645595
33.94609615334865,20.356673739285487,9.996604928773133
33.94609615334865,20.356673739285487,9.996604928773133
33.94609615334865,20.356673739285487,9.996604928773133
40.79124664788559,40.08618451622585,6.104311077055239
33.94609615334865,20.356673739285487,9.996604928773133
32.17988101849197,20.356673739285487,9.482918498753344
33.94609615334865,20.356673739285487,9.996604928773133
33.94609615334865,20.356673739285487,9.996604928773133
33.94609615334865,20.95760103916031,9.716562948671381
33.94609615334865,11.717726241655742,2.6215559614091433
5.960992053358255,20.356673739285487,1.7566131391607518
33.94609615334865,20.95760103916031,9.716562948671381
28.090133500930452,20.356673739285487,8.277732489295186
40.222925734178034,20.356673739285487,8.146919303417187
65.37055163856616,43.47676087387835,9.019643436473986
40.21708184548537,20.356673739285487,8.148641407987945
31.14751261081641,35.726789777630344,5.229904709789093
33.94609615334865,20.356673739285487,9.996604928773133
34.6381189866741,20.356673739285487,9.79267638957404
33.94609615334865,20.356673739285487,9.996604928773133
33.94609615334865,20.356673739285487,9.996604928773133
33.94609615334865,20.356673739285487,9.996604928773133
31.14751261081641,20.356673739285487,9.178695326981844
33.94609615334865,20.356673739285487,9.996604928773133
34.25933291812211,16.584070745082997,7.607693087611816
33.94609615334865,11.717726241655742,2.6215559614091433
33.94609615334865,20.356673739285487,9.996604928773133
40.21708184548537,20.356673739285487,8.148641407987945
33.94609615334865,20.95760103916031,9.716562948671381
31.14751261081641,35.726789777630344,5.229904709789093
40.222925734178034,20.356673739285487,8.146919303417187
33.94609615334865,20.356673739285487,9.996604928773133
33.94609615334865,20.356673739285487,9.996604928773133
34.49129011515114,20.356673739285487,9.8359446111413
32.56575247480004,20.356673739285487,9.596628912072212
34.25933291812211,16.584070745082997,7.607693087611816
31.14751261081641,20.356673739285487,9.178695326981844
34.25933291812211,20.356673739285487,9.904298847546386
40.79124664788559,40.08618451622585,6.104311077055239
33.94609615334865,20.95760103916031,9.716562948671381
33.94609615334865,20.356673739285487,9.996604928773133
33.94609615334865,20.356673739285487,9.996604928773133
33.053428904681155,20.356673739285487,9.740339693217367
33.94609615334865,20.356673739285487,9.996604928773133
33.94609615334865,20.356673739285487,9.996604928773133
34.6381189866741,20.356673739285487,9.79267638957404
4.1411365312477635,20.61300170539026,1.2051544540855017
33.94609615334865,39.48029110598598,5.157911556515011
31.14751261081641,35.726789777630344,5.229904709789093
33.94609615334865,20.356673739285487,9.996604928773133
28.090133500930452,20.356673739285487,8.277732489295186
65.37055163856616,43.47676087387835,9.019643436473986
33.94609615334865,20.356673739285487,9.996604928773133
33.94609615334865,20.356673739285487,9.996604928773133
33.94609615334865,20.356673739285487,9.996604928773133
33.94609615334865,20.356673739285487,9.996604928773133
33.94609615334865,20.542445955383613,9.912931020601004
33.94609615334865,20.356673739285487,9.996604928773133
32.17988101849197,20.356673739285487,9.482918498753344
33.94609615334865,20.356673739285487,9.996604928773133
27.450502232049,20.356673739285487,8.089242942408065
33.94609615334865,20.356673739285487,9.996604928773133
33.94609615334865,20.356673739285487,9.996604928773133
33.94609615334865,23.797066372701693,8.55718291325768
31.14751261081641,20.356673739285487,9.178695326981844
33.94609615334865,20.356673739285487,9.996604928773133
31.14751261081641,20.356673739285487,9.178695326981844
27.553411085172513,20.356673739285487,8.119568606645595
33.94609615334865,20.356673739285487,9.996604928773133
33.94609615334865,20.356673739285487,9.996604928773133
5.960992053358255,20.356673739285487,1.7566131391607518
33.94609615334865,20.356673739285487,9.996604928773133
27.553411085172513,20.356673739285487,8.119568606645595
33.94609615334865,39.48029110598598,5.157911556515011
33.94609615334865,20.356673739285487,9.996604928773133
33.94609615334865,23.797066372701693,8.55718291325768
33.94609615334865,20.356673739285487,9.996604928773133
4.1411365312477635,20.61300170539026,1.2051544540855017
33.94609615334865,20.356673739285487,9.996604928773133
31.14751261081641,20.356673739285487,9.178695326981844
33.94609615334865,20.356673739285487,9.996604928773133
33.94609615334865,20.356673739285487,9.996604928773133
33.94609615334865,20.356673739285487,9.996604928773133
33.94609615334865,11.717726241655742,2.6215559614091433
33.94609615334865,20.356673739285487,9.996604928773133
34.49129011515114,20.356673739285487,9.8359446111413
34.25933291812211,16.584070745082997,7.607693087611816
33.94609615334865,20.356673739285487,9.996604928773133
33.94609615334865,20.542445955383613,9.912931020601004
33.94609615334865,20.356673739285487,9.996604928773133
5.960992053358255,20.356673739285487,1.7566131391607518
40.21708184548537,20.356673739285487,8.148641407987945
34.6381189866741,20.356673739285487,9.79267638957404
31.14751261081641,20.356673739285487,9.178695326981844
40.79124664788559,40.08618451622585,6.104311077055239
32.56575247480004,20.356673739285487,9.596628912072212
31.14751261081641,35.726789777630344,5.229904709789093
33.94609615334865,20.95760103916031,9.716562948671381
33.94609615334865,20.356673739285487,9.996604928773133
33.94609615334865,20.356673739285487,9.996604928773133
40.222925734178034,20.356673739285487,8.146919303417187
33.94609615334865,20.356673739285487,9.996604928773133
33.94609615334865,20.356673739285487,9.996604928773133
34.25933291812211,20.356673739285487,9.904298847546386
32.17988101849197,20.356673739285487,9.482918498753344
33.94609615334865,20.356673739285487,9.996604928773133
33.94609615334865,20.356673739285487,9.996604928773133
27.450502232049,20.356673739285487,8.089242942408065
33.94609615334865,20.356673739285487,9.996604928773133
31.14751261081641,20.356673739285487,9.178695326981844
33.94609615334865,20.356673739285487,9.996604928773133
33.053428904681155,20.356673739285487,9.740339693217367
31.14751261081641,35.726789777630344,5.229904709789093
33.94609615334865,20.356673739285487,9.996604928773133
33.94609615334865,20.95760103916031,9.716562948671381
33.94609615334865,20.356673739285487,9.996604928773133
65.37055163856616,43.47676087387835,9.019643436473986
32.17988101849197,20.356673739285487,9.482918498753344
33.94609615334865,20.356673739285487,9.996604928773133
33.94609615334865,20.356673739285487,9.996604928773133
28.090133500930452,20.356673739285487,8.277732489295186
40.79124664788559,20.356673739285487,7.979443826962543
33.94609615334865,20.356673739285487,9.996604928773133
28.090133500930452,20.356673739285487,8.277732489295186
33.94609615334865,20.356673739285487,9.996604928773133
27.450502232049,20.356673739285487,8.089242942408065
33.94609615334865,20.356673739285487,9.996604928773133
31.14751261081641,20.356673739285487,9.178695326981844
33.94609615334865,25.045048817971345,8.130782704005782
31.14751261081641,22.154892857895007,8.433699378378606
33.94609615334865,20.356673739285487,9.996604928773133
40.21708184548537,20.356673739285487,8.148641407987945
34.25933291812211,16.584070745082997,7.607693087611816
65.37055163856616,43.47676087387835,9.019643436473986
31.14751261081641,35.726789777630344,5.229904709789093
40.79124664788559,40.08618451622585,6.104311077055239
31.14751261081641,35.726789777630344,5.229904709789093
33.94609615334865,39.48029110598598,5.157911556515011
34.25933291812211,20.356673739285487,9.904298847546386
33.94609615334865,20.356673739285487,9.996604928773133
33.94609615334865,20.356673739285487,9.996604928773133
33.94609615334865,20.356673739285487,9.996604928773133
33.94609615334865,20.356673739285487,9.996604928773133
40.222925734178034,20.356673739285487,8.146919303417187
33.94609615334865,20.356673739285487,9.996604928773133
33.94609615334865,20.356673739285487,9.996604928773133
33.94609615334865,20.356673739285487,9.996604928773133
33.94609615334865,20.356673739285487,9.996604928773133
32.17988101849197,20.356673739285487,9.482918498753344
33.94609615334865,20.356673739285487,9.996604928773133
33.94609615334865,20.356673739285487,9.996604928773133
34.25933291812211,20.356673739285487,9.904298847546386
33.94609615334865,23.797066372701693,8.55718291325768
33.94609615334865,11.717726241655742,2.6215559614091433
5.960992053358255,20.356673739285487,1.7566131391607518
33.94609615334865,20.356673739285487,9.996604928773133
31.14751261081641,20.356673739285487,9.178695326981844
33.94609615334865,20.356673739285487,9.996604928773133
33.94609615334865,20.356673739285487,9.996604928773133
33.94609615334865,20.356673739285487,9.996604928773133
33.94609615334865,20.95760103916031,9.716562948671381
32.17988101849197,20.356673739285487,9.482918498753344
33.94609615334865,20.356673739285487,9.996604928773133
33.94609615334865,20.356673739285487,9.996604928773133
33.94609615334865,20.542445955383613,9.912931020601004
34.6381189866741,20.356673739285487,9.79267638957404
27.553411085172513,20.356673739285487,8.119568606645595
33.053428904681155,20.356673739285487,9.740339693217367
33.94609615334865,20.356673739285487,9.996604928773133
34.49129011515114,20.356673739285487,9.8359446111413
33.94609615334865,20.95760103916031,9.716562948671381
33.94609615334865,20.356673739285487,9.996604928773133
33.94609615334865,20.356673739285487,9.996604928773133
31.14751261081641,20.356673739285487,9.178695326981844
33.94609615334865,20.356673739285487,9.996604928773133
33.94609615334865,20.356673739285487,9.996604928773133
33.94609615334865,20.356673739285487,9.996604928773133
33.94609615334865,20.356673739285487,9.996604928773133
33.94609615334865,20.356673739285487,9.996604928773133
33.94609615334865,20.356673739285487,9.996604928773133
33.94609615334865,20.95760103916031,9.716562948671381
31.14751261081641,22.154892857895007,8.433699378378606
33.94609615334865,20.356673739285487,9.996604928773133
34.6381189866741,20.356673739285487,9.79267638957404
31.14751261081641,20.356673739285487,9.178695326981844
40.222925734178034,20.356673739285487,8.146919303417187
33.94609615334865,20.356673739285487,9.996604928773133
33.94609615334865,20.356673739285487,9.996604928773133
65.37055163856616,43.47676087387835,9.019643436473986
33.94609615334865,20.356673739285487,9.996604928773133
31.14751261081641,35.726789777630344,5.229904709789093
40.79124664788559,20.356673739285487,7.979443826962543
33.053428904681155,20.356673739285487,9.740339693217367
33.94609615334865,20.356673739285487,9.996604928773133
33.94609615334865,23.797066372701693,8.55718291325768
33.94609615334865,20.95760103916031,9.716562948671381
40.21708184548537,20.356673739285487,8.148641407987945
33.94609615334865,20.356673739285487,9.996604928773133
33.94609615334865,20.356673739285487,9.996604928773133
33.94609615334865,20.356673739285487,9.996604928773133
31.14751261081641,20.356673739285487,9.178695326981844
33.94609615334865,20.356673739285487,9.996604928773133
33.94609615334865,20.356673739285487,9.996604928773133
33.94609615334865,20.356673739285487,9.996604928773133
40.79124664788559,40.08618451622585,6.104311077055239
32.17988101849197,20.356673739285487,9.482918498753344
40.21708184548537,20.356673739285487,8.148641407987945
33.94609615334865,20.356673739285487,9.996604928773133
5.960992053358255,20.356673739285487,1.7566131391607518
33.94609615334865,20.356673739285487,9.996604928773133
27.450502232049,20.356673739285487,8.089242942408065
31.14751261081641,20.356673739285487,9.178695326981844
33.94609615334865,20.356673739285487,9.996604928773133
31.14751261081641,20.356673739285487,9.178695326981844
33.94609615334865,20.356673739285487,9.996604928773133
33.94609615334865,25.045048817971345,8.130782704005782
34.49129011515114,20.356673739285487,9.8359446111413
34.25933291812211,20.356673739285487,9.904298847546386
33.94609615334865,20.356673739285487,9.996604928773133
33.94609615334865,20.356673739285487,9.996604928773133
27.553411085172513,20.356673739285487,8.119568606645595
32.56575247480004,20.356673739285487,9.596628912072212
33.94609615334865,20.356673739285487,9.996604928773133
34.25933291812211,20.356673739285487,9.904298847546386
28.090133500930452,20.356673739285487,8.277732489295186
29.36552850838427,20.356673739285487,8.653571881070794
4.1411365312477635,20.356673739285487,1.2203295654035007
32.17988101849197,20.356673739285487,9.482918498753344
33.94609615334865,20.542445955383613,9.912931020601004
33.94609615334865,20.356673739285487,9.996604928773133
33.94609615334865,20.356673739285487,9.996604928773133
33.94609615334865,11.717726241655742,2.6215559614091433
31.14751261081641,35.726789777630344,5.229904709789093
34.25933291812211,16.584070745082997,7.607693087611816
33.94609615334865,39.48029110598598,5.157911556515011
33.94609615334865,20.356673739285487,9.996604928773133
33.94609615334865,20.356673739285487,9.996604928773133
27.450502232049,20.356673739285487,8.089242942408065
34.49129011515114,20.356673739285487,9.8359446111413
4.1411365312477635,20.356673739285487,1.2203295654035007
33.94609615334865,20.356673739285487,9.996604928773133
28.090133500930452,20.356673739285487,8.277732489295186
34.25933291812211,20.356673739285487,9.904298847546386
33.94609615334865,20.356673739285487,9.996604928773133
40.21708184548537,20.356673739285487,8.148641407987945
33.94609615334865,20.356673739285487,9.996604928773133
33.94609615334865,20.356673739285487,9.996604928773133
31.14751261081641,20.356673739285487,9.178695326981844
31.14751261081641,35.726789777630344,5.229904709789093
33.94609615334865,39.48029110598598,5.157911556515011
33.94609615334865,23.797066372701693,8.55718291325768
34.6381189866741,20.356673739285487,9.79267638957404
4.1411365312477635,20.356673739285487,1.2203295654035007
33.94609615334865,20.356673739285487,9.996604928773133
33.94609615334865,20.356673739285487,9.996604928773133
34.25933291812211,20.356673739285487,9.904298847546386
33.94609615334865,20.356673739285487,9.996604928773133
33.94609615334865,20.356673739285487,9.996604928773133
27.553411085172513,20.356673739285487,8.119568606645595
40.79124664788559,20.356673739285487,7.979443826962543
33.94609615334865,20.356673739285487,9.996604928773133
32.17988101849197,20.356673739285487,9.482918498753344
33.94609615334865,20.356673739285487,9.996604928773133
5.960992053358255,20.356673739285487,1.7566131391607518
33.94609615334865,20.356673739285487,9.996604928773133
40.222925734178034,20.356673739285487,8.146919303417187
33.94609615334865,20.356673739285487,9.996604928773133
33.94609615334865,20.356673739285487,9.996604928773133
33.053428904681155,20.356673739285487,9.740339693217367
33.94609615334865,11.717726241655742,2.6215559614091433
33.94609615334865,20.356673739285487,9.996604928773133
33.94609615334865,20.356673739285487,9.996604928773133
4.1411365312477635,20.61300170539026,1.2051544540855017
29.36552850838427,20.356673739285487,8.653571881070794
33.94609615334865,20.356673739285487,9.996604928773133
33.94609615334865,25.045048817971345,8.130782704005782
32.17988101849197,20.356673739285487,9.482918498753344
31.14751261081641,35.726789777630344,5.229904709789093
31.14751261081641,20.356673739285487,9.178695326981844
33.94609615334865,20.356673739285487,9.996604928773133
31.14751261081641,22.154892857895007,8.433699378378606
33.94609615334865,20.356673739285487,9.996604928773133
33.94609615334865,20.356673739285487,9.996604928773133
33.94609615334865,20.356673739285487,9.996604928773133
65.37055163856616,43.47676087387835,9.019643436473986
40.79124664788559,40.08618451622585,6.104311077055239
34.25933291812211,16.584070745082997,7.607693087611816
33.94609615334865,20.356673739285487,9.996604928773133
32.56575247480004,20.356673739285487,9.596628912072212
33.94609615334865,20.95760103916031,9.716562948671381
33.94609615334865,16.584070745082997,7.7209972822554604
33.94609615334865,20.542445955383613,9.912931020601004
33.94609615334865,20.356673739285487,9.996604928773133
33.94609615334865,20.356673739285487,9.996604928773133
31.14751261081641,20.356673739285487,9.178695326981844
33.94609615334865,20.356673739285487,9.996604928773133
33.94609615334865,20.356673739285487,9.996604928773133
40.21708184548537,20.356673739285487,8.148641407987945
33.94609615334865,20.95760103916031,9.716562948671381
33.94609615334865,20.356673739285487,9.996604928773133
33.94609615334865,20.356673739285487,9.996604928773133
31.14751261081641,20.356673739285487,9.178695326981844
4.1411365312477635,20.356673739285487,1.2203295654035007
33.94609615334865,20.356673739285487,9.996604928773133
33.94609615334865,62.9529381370253,3.2347314641121563
40.222925734178034,20.356673739285487,8.146919303417187
33.94609615334865,20.95760103916031,9.716562948671381
33.94609615334865,16.584070745082997,7.7209972822554604
40.21708184548537,20.356673739285487,8.148641407987945
40.79124664788559,40.08618451622585,6.104311077055239
33.94609615334865,20.356673739285487,9.996604928773133
34.6381189866741,20.356673739285487,9.79267638957404
5.960992053358255,20.356673739285487,1.7566131391607518
65.37055163856616,43.47676087387835,9.019643436473986
33.94609615334865,20.356673739285487,9.996604928773133
33.94609615334865,27.077045297945347,7.520608231415638
28.090133500930452,20.356673739285487,8.277732489295186
34.25933291812211,20.356673739285487,9.904298847546386
4.1411365312477635,20.356673739285487,1.2203295654035007
33.94609615334865,20.95760103916031,9.716562948671381
33.94609615334865,20.356673739285487,9.996604928773133
33.94609615334865,20.356673739285487,9.996604928773133
34.49129011515114,20.356673739285487,9.8359446111413
31.14751261081641,20.356673739285487,9.178695326981844
31.14751261081641,20.356673739285487,9.178695326981844
33.94609615334865,20.356673739285487,9.996604928773133
33.94609615334865,20.356673739285487,9.996604928773133
33.053428904681155,20.356673739285487,9.740339693217367
33.94609615334865,20.356673739285487,9.996604928773133
40.79124664788559,20.356673739285487,7.979443826962543
31.14751261081641,22.154892857895007,8.433699378378606
4.1411365312477635,20.61300170539026,1.2051544540855017
33.94609615334865,20.356673739285487,9.996604928773133
33.94609615334865,20.356673739285487,9.996604928773133
33.94609615334865,20.356673739285487,9.996604928773133
33.94609615334865,20.356673739285487,9.996604928773133
33.94609615334865,20.356673739285487,9.996604928773133
34.25933291812211,16.584070745082997,7.607693087611816
33.94609615334865,20.356673739285487,9.996604928773133
33.94609615334865,20.356673739285487,9.996604928773133
33.94609615334865,20.95760103916031,9.716562948671381
33.94609615334865,25.045048817971345,8.130782704005782
33.94609615334865,20.356673739285487,9.996604928773133
33.94609615334865,20.356673739285487,9.996604928773133
33.94609615334865,20.356673739285487,9.996604928773133
33.94609615334865,20.95760103916031,9.716562948671381
40.21708184548537,20.356673739285487,8.148641407987945
33.94609615334865,39.48029110598598,5.157911556515011
34.25933291812211,20.356673739285487,9.904298847546386
27.450502232049,20.356673739285487,8.089242942408065
33.94609615334865,20.356673739285487,9.996604928773133
33.94609615334865,20.356673739285487,9.996604928773133
32.17988101849197,20.356673739285487,9.482918498753344
33.94609615334865,23.797066372701693,8.55718291325768
33.94609615334865,20.356673739285487,9.996604928773133
27.553411085172513,20.356673739285487,8.119568606645595
33.94609615334865,20.356673739285487,9.996604928773133
33.94609615334865,20.356673739285487,9.996604928773133
32.56575247480004,20.356673739285487,9.596628912072212
33.94609615334865,20.356673739285487,9.996604928773133
33.94609615334865,20.356673739285487,9.996604928773133
33.94609615334865,20.356673739285487,9.996604928773133
31.14751261081641,20.356673739285487,9.178695326981844
33.94609615334865,20.542445955383613,9.912931020601004
31.14751261081641,35.726789777630344,5.229904709789093
33.94609615334865,20.356673739285487,9.996604928773133
33.94609615334865,20.356673739285487,9.996604928773133
31.14751261081641,35.726789777630344,5.229904709789093
33.94609615334865,20.356673739285487,9.996604928773133
29.36552850838427,20.356673739285487,8.653571881070794
33.94609615334865,20.356673739285487,9.996604928773133
33.94609615334865,11.717726241655742,2.6215559614091433
33.94609615334865,20.356673739285487,9.996604928773133
31.14751261081641,20.356673739285487,9.178695326981844
