38.31006589311652,20.356673739285487,8.364137933620352
33.94609615334865,20.356673739285487,9.996604928773133
36.84905273630351,18.06584385971767,7.764197005519991
28.090133500930452,20.356673739285487,8.277732489295186
33.94609615334865,46.66810541825147,4.3634908236600864
33.94609615334865,25.169657326000205,8.090529287412524
28.194265345017648,20.356673739285487,8.30841855025471
33.94609615334865,20.356673739285487,9.996604928773133
33.94609615334865,20.356673739285487,9.996604928773133
31.14751261081641,20.95760103916031,8.915510213909483
33.94609615334865,20.356673739285487,9.996604928773133
31.14751261081641,20.95760103916031,8.915510213909483
33.94609615334865,20.356673739285487,8.713245829747919
33.94609615334865,25.045048817971345,8.587219386686687
31.14751261081641,20.356673739285487,9.178695326981844
33.94609615334865,20.356673739285487,9.996604928773133
33.94609615334865,17.82635771389315,8.576699008377005
33.94609615334865,20.356673739285487,9.996604928773133
33.94609615334865,20.95760103916031,9.716562948671381
33.94609615334865,20.356673739285487,9.996604928773133
33.94609615334865,20.356673739285487,9.996604928773133
28.123958845938986,20.356673739285487,8.543471603397435
33.94609615334865,20.356673739285487,9.996604928773133
33.94609615334865,20.95760103916031,9.716562948671381
37.28658807906887,20.542445955383613,9.111579312341282
27.450502232049,20.542445955383613,8.01608921031447
31.14751261081641,20.542445955383613,9.095689312241129
27.450502232049,20.356673739285487,8.089242942408065
33.94609615334865,20.356673739285487,9.996604928773133
33.94609615334865,20.542445955383613,8.71994745222004
33.94609615334865,29.859845046154103,6.8197222535945405
27.450502232049,20.356673739285487,8.089242942408065
33.94609615334865,20.356673739285487,9.996604928773133
33.94609615334865,20.356673739285487,9.996604928773133
33.94609615334865,20.542445955383613,9.912931020601004
37.73528965041346,20.356673739285487,8.879987589882932
33.94609615334865,20.542445955383613,9.912931020601004
33.94609615334865,20.542445955383613,9.912931020601004
33.94609615334865,22.408811907097775,9.087311303891225
33.94609615334865,20.356673739285487,9.996604928773133
27.450502232049,20.356673739285487,8.089242942408065
33.94609615334865,20.356673739285487,9.996604928773133
33.94609615334865,20.356673739285487,8.713245829747919
33.94609615334865,20.542445955383613,8.71994745222004
33.94609615334865,20.356673739285487,9.996604928773133
33.94609615334865,20.356673739285487,9.996604928773133
38.31006589311652,20.542445955383613,8.812703561623508
46.50867653883195,20.356673739285487,6.294604729918506
33.94609615334865,8.785088301019398,0.1
53.264798703474455,20.356673739285487,4.303678914558597
23.72098495869728,20.356673739285487,6.99021127344186
33.94609615334865,20.356673739285487,9.996604928773133
33.94609615334865,20.356673739285487,9.996604928773133
23.09900954121464,20.356673739285487,6.806924635780688
33.94609615334865,20.356673739285487,9.996604928773133
33.94609615334865,20.356673739285487,9.996604928773133
33.94609615334865,6.120597692547776,0.1
33.94609615334865,20.542445955383613,9.912931020601004
9.677604418532749,20.356673739285487,2.8518419291663983
31.14751261081641,15.425424937931737,7.887030219556044
38.31006589311652,20.542445955383613,8.812703561623508
33.94609615334865,20.542445955383613,9.912931020601004
33.94609615334865,20.542445955383613,8.71994745222004
36.382225771253346,20.356673739285487,9.278714809610973
33.94609615334865,20.542445955383613,9.912931020601004
33.94609615334865,18.933056231271745,9.244427985493628
33.94609615334865,20.542445955383613,9.912931020601004
11.490351418199097,20.356673739285487,3.3860307301385784
36.25211812698279,37.85508610860656,5.744781937491622
23.09900954121464,20.356673739285487,6.806924635780688
59.18840143197043,20.356673739285487,2.558083837279078
38.31006589311652,20.356673739285487,8.710609826756937
33.94609615334865,36.37592311547785,5.598094352236393
36.25211812698279,20.356673739285487,9.317055541386003
33.94609615334865,20.356673739285487,9.996604928773133
33.94609615334865,20.542445955383613,9.912931020601004
33.94609615334865,20.542445955383613,9.912931020601004
33.94609615334865,20.356673739285487,9.996604928773133
42.3714707953198,22.408811907097775,8.657230457917514
38.31006589311652,9.021514616326662,0.1
