30.78548197912484,16.659678662686378,8.914794791508104
29.369088971128292,17.84414410796161,9.873227704352013
29.369088971128292,17.84414410796161,9.873227704352013
23.666054747736528,14.344237944161964,9.897209977419507
29.369088971128292,17.84414410796161,9.873227704352013
29.369088971128292,17.967959747509653,9.805192155530882
29.369088971128292,17.84414410796161,9.873227704352013
29.369088971128292,21.40406922984357,8.478837196529641
32.9290932556034,17.84414410796161,8.929978858723711
30.78548197912484,17.84414410796161,9.650612796776588
29.369088971128292,17.84414410796161,9.873227704352013
20.14377953263967,14.344237944161964,8.424184677103737
29.369088971128292,17.84414410796161,9.873227704352013
29.369088971128292,16.39167859245077,9.251906266127245
29.369088971128292,17.84414410796161,9.873227704352013
30.78548197912484,17.84414410796161,9.650612796776588
29.369088971128292,16.94857031946201,9.605064341924464
29.369088971128292,17.84414410796161,9.064069670366976
23.666054747736528,21.40406922984357,6.632754425102223
23.666054747736528,14.344237944161964,9.897209977419507
29.369088971128292,32.87056415720431,5.359789297335888
30.78548197912484,5.589494719050267,0.1
14.967812839152586,17.84414410796161,5.031842306799334
23.666054747736528,17.84414410796161,7.955995761998848
29.369088971128292,22.03807433016041,7.994314536187243
26.198459268358903,17.84414410796161,8.80733325143254
24.35403697185352,14.344237944161964,9.815073941239591
9.159108705822035,17.84414410796161,3.07908651543098
23.666054747736528,17.84414410796161,7.955995761998848
30.78548197912484,17.84414410796161,9.650612796776588
23.666054747736528,17.84414410796161,8.89581984233314
23.666054747736528,17.967959747509653,7.901171690854658
23.666054747736528,14.344237944161964,9.897209977419507
29.369088971128292,14.344237944161964,8.533494008501926
30.78548197912484,12.606071594535104,5.350237359950285
23.666054747736528,17.967959747509653,7.901171690854658
33.94609615334865,20.356673739285487,9.996604928773133
29.369088971128292,16.52687935409564,9.33983275411785
23.666054747736528,17.967959747509653,7.901171690854658
24.35403697185352,17.967959747509653,8.130862094724119
29.369088971128292,14.344237944161964,7.717765234166347
29.369088971128292,17.967959747509653,9.805192155530882
29.369088971128292,14.344237944161964,7.717765234166347
23.666054747736528,17.84414410796161,7.955995761998848
29.369088971128292,22.03807433016041,7.994314536187243
29.369088971128292,17.84414410796161,9.873227704352013
29.369088971128292,11.537328643584313,4.729628199925967
29.369088971128292,17.84414410796161,9.873227704352013
29.369088971128292,17.84414410796161,9.873227704352013
20.14377953263967,17.967959747509653,6.725221516075989
20.14377953263967,17.84414410796161,6.771885990319038
30.78548197912484,16.557653042266967,8.84648952288182
23.666054747736528,32.83861932482811,4.323200482186606
29.369088971128292,22.03807433016041,7.994314536187243
16.905672662502475,17.84414410796161,5.683307230136171
29.210384609657023,17.84414410796161,9.07382017255398
29.369088971128292,17.84414410796161,9.873227704352013
23.666054747736528,17.84414410796161,7.955995761998848
30.78548197912484,17.84414410796161,9.650612796776588
23.666054747736528,17.84414410796161,7.955995761998848
23.666054747736528,19.392503787921225,8.770316369173232
23.666054747736528,14.344237944161964,9.897209977419507
29.369088971128292,17.84414410796161,9.873227704352013
20.526855943381985,25.619686818779666,4.806323716196212
23.666054747736528,14.344237944161964,9.897209977419507
29.369088971128292,14.344237944161964,7.717765234166347
29.369088971128292,17.84414410796161,9.873227704352013
29.369088971128292,17.84414410796161,9.873227704352013
23.666054747736528,14.344237944161964,9.897209977419507
11.502841689517279,17.84414410796161,3.8669968741408396
29.369088971128292,16.62619541554278,9.403510931762693
30.78548197912484,17.84414410796161,9.650612796776588
29.369088971128292,33.562981726606374,5.249214727174068
29.447832752069925,17.84414410796161,9.899699593905778
29.369088971128292,17.84414410796161,9.873227704352013
29.369088971128292,17.84414410796161,9.873227704352013
29.369088971128292,17.84414410796161,9.873227704352013
29.369088971128292,17.84414410796161,9.064069670366976
29.369088971128292,17.84414410796161,9.873227704352013
29.369088971128292,17.84414410796161,9.873227704352013
