30.78548197912484,16.659678662686378,8.914794791508104
29.369088971128292,17.84414410796161,9.873227704352013
29.369088971128292,17.84414410796161,9.873227704352013
23.666054747736528,14.344237944161964,9.897209977419507
29.369088971128292,17.84414410796161,9.873227704352013
19.653779361126347,17.967959747509653,6.561629589794096
29.369088971128292,17.84414410796161,9.873227704352013
29.369088971128292,17.84414410796161,9.873227704352013
29.369088971128292,17.84414410796161,9.873227704352013
30.78548197912484,17.84414410796161,9.650612796776588
32.9290932556034,17.84414410796161,8.929978858723711
23.666054747736528,17.84414410796161,8.764256175224862
49.92030487012478,17.84414410796161,3.217915355224598
29.369088971128292,20.356673739285487,8.654621094956948
3.239568776837668,17.84414410796161,1.0890702203623253
30.78548197912484,17.84414410796161,8.9131056979504
32.9290932556034,17.84414410796161,8.929978858723711
29.369088971128292,17.84414410796161,9.873227704352013
29.369088971128292,17.84414410796161,9.873227704352013
29.369088971128292,16.557653042266967,9.35964550546863
29.369088971128292,17.84414410796161,9.873227704352013
29.369088971128292,17.84414410796161,9.873227704352013
29.369088971128292,17.84414410796161,9.873227704352013
39.29081764920423,14.344237944161964,5.591304727545208
23.666054747736528,14.344237944161964,9.897209977419507
23.666054747736528,14.344237944161964,9.897209977419507
23.666054747736528,14.344237944161964,9.897209977419507
23.666054747736528,17.84414410796161,7.955995761998848
23.666054747736528,17.84414410796161,7.955995761998848
23.666054747736528,19.287456321279443,7.360635458332007
23.666054747736528,14.344237944161964,9.897209977419507
23.666054747736528,14.344237944161964,9.897209977419507
23.666054747736528,14.344237944161964,9.897209977419507
23.666054747736528,14.344237944161964,7.728653217563171
30.78548197912484,18.469836562870547,9.998786727472284
23.666054747736528,7.60934481959017,1.342948931168884
23.48357828580196,14.344237944161964,9.820897813057774
33.94609615334865,17.84414410796161,8.58808533947646
33.94609615334865,20.356673739285487,9.996604928773133
23.408881058512844,16.52687935409564,8.496776572403256
23.666054747736528,14.344237944161964,9.897209977419507
29.369088971128292,14.344237944161964,7.717765234166347
33.94609615334865,10.868824332903914,1.264224766825837
29.369088971128292,20.356673739285487,8.654621094956948
33.94609615334865,22.03807433016041,9.240183452483148
33.94609615334865,20.356673739285487,9.996604928773133
23.666054747736528,17.84414410796161,7.955995761998848
30.037102699432896,20.356673739285487,8.851474518309281
29.369088971128292,20.356673739285487,8.654621094956948
33.94609615334865,10.82453506214251,1.1875661558588924
33.94609615334865,20.356673739285487,8.469477895453455
33.94609615334865,32.40300300103843,6.2844746131590306
29.210384609657023,17.84414410796161,9.81987486456798
33.94609615334865,20.356673739285487,9.996604928773133
34.25933291812211,20.356673739285487,9.904298847546386
33.94609615334865,20.356673739285487,9.996604928773133
29.369088971128292,20.356673739285487,9.205457277851043
55.626547057141586,13.818482488156945,0.1
29.369088971128292,17.84414410796161,9.873227704352013
30.78548197912484,20.356673739285487,9.07201043984971
33.94609615334865,17.84414410796161,8.58808533947646
33.94609615334865,20.356673739285487,9.996604928773133
29.369088971128292,20.356673739285487,8.654621094956948
33.94609615334865,21.019974270519686,9.68773068555746
40.675961288332815,20.356673739285487,8.013416658251453
40.675961288332815,10.509119695033021,0.1
33.94609615334865,17.84414410796161,8.58808533947646
29.369088971128292,20.356673739285487,8.654621094956948
33.94609615334865,20.356673739285487,9.996604928773133
29.369088971128292,20.356673739285487,9.205457277851043
29.369088971128292,16.62619541554278,9.403510931762693
27.017256402462234,17.84414410796161,9.082594447195891
29.369088971128292,17.84414410796161,9.873227704352013
29.369088971128292,14.344237944161964,7.717765234166347
29.369088971128292,14.344237944161964,7.717765234166347
33.94609615334865,20.356673739285487,9.996604928773133
33.94609615334865,33.562981726606374,6.067275291834804
33.94609615334865,20.356673739285487,9.996604928773133
33.94609615334865,17.84414410796161,8.58808533947646
58.81136273398516,32.66771383225503,9.200419144966487
