30.78548197912484,16.408906461732276,8.745383056811194
30.78548197912484,17.967959747509653,9.721929519070281
29.369088971128292,17.84414410796161,8.778501131067095
23.666054747736528,14.344237944161964,9.897209977419507
29.369088971128292,17.84414410796161,9.873227704352013
29.369088971128292,17.967959747509653,9.805192155530882
29.369088971128292,17.967959747509653,9.805192155530882
30.78548197912484,17.967959747509653,9.721929519070281
23.666054747736528,14.344237944161964,9.897209977419507
29.369088971128292,17.967959747509653,9.805192155530882
29.369088971128292,17.84414410796161,9.873227704352013
29.369088971128292,25.658518203985608,6.866308356801754
29.369088971128292,16.39167859245077,9.251906266127245
30.78548197912484,16.39167859245077,8.73355430672821
29.369088971128292,17.967959747509653,9.805192155530882
36.84772146933671,17.967959747509653,7.697984440187863
24.35403697185352,12.87287570703571,8.650942792005184
29.369088971128292,3.6305376872376787,0.1
29.369088971128292,17.84414410796161,8.778501131067095
30.78548197912484,17.967959747509653,9.721929519070281
30.78548197912484,17.84414410796161,8.70369474115764
24.35403697185352,12.87287570703571,8.650942792005184
29.369088971128292,17.84414410796161,9.873227704352013
29.369088971128292,17.967959747509653,9.805192155530882
23.666054747736528,14.344237944161964,9.897209977419507
36.84772146933671,0.9703560215956486,0.1
30.78548197912484,17.84414410796161,9.650612796776588
30.78548197912484,17.967959747509653,8.717013718840569
18.00150112522251,17.967959747509653,6.009998396420503
29.369088971128292,17.84414410796161,9.873227704352013
29.369088971128292,17.84414410796161,9.873227704352013
29.369088971128292,34.508238224720735,5.1054271974095276
44.565797939248895,14.344237944161964,5.864459622316682
29.369088971128292,17.967959747509653,9.805192155530882
29.369088971128292,17.84414410796161,9.873227704352013
29.369088971128292,17.84414410796161,9.873227704352013
29.369088971128292,17.84414410796161,9.873227704352013
30.78548197912484,22.03807433016041,8.379859052869804
29.369088971128292,17.84414410796161,8.778501131067095
29.369088971128292,17.967959747509653,9.805192155530882
29.369088971128292,17.84414410796161,9.873227704352013
29.369088971128292,17.84414410796161,9.873227704352013
29.369088971128292,27.56042694799543,6.392473465654727
30.78548197912484,22.17084606145123,8.329675654755958
24.394216047590845,17.967959747509653,8.144276319408561
23.666054747736528,27.762547785269874,5.113649366675345
34.21552404092089,17.84414410796161,8.497509738492774
29.369088971128292,32.87056415720431,5.359789297335888
29.369088971128292,17.84414410796161,9.873227704352013
29.369088971128292,17.967959747509653,9.805192155530882
30.78548197912484,12.236626419192945,4.907935377208936
29.369088971128292,14.344237944161964,7.717765234166347
29.369088971128292,33.562981726606374,5.249214727174068
30.78548197912484,17.967959747509653,9.721929519070281
11.254251338447084,17.967959747509653,3.7573551242462973
23.666054747736528,17.84414410796161,7.955995761998848
30.78548197912484,17.967959747509653,9.721929519070281
28.182106806300535,17.84414410796161,9.474190975433729
29.369088971128292,17.967959747509653,9.805192155530882
17.456245846102412,17.84414410796161,5.86839756150246
28.182106806300535,10.055551777988914,3.187513444856414
30.78548197912484,16.75689145817937,8.979104081188737
29.369088971128292,32.87056415720431,5.359789297335888
29.369088971128292,17.84414410796161,9.873227704352013
7.954688312611609,17.84414410796161,2.6741874460174935
29.369088971128292,14.344237944161964,7.717765234166347
30.78548197912484,17.967959747509653,9.721929519070281
30.78548197912484,17.967959747509653,9.721929519070281
29.369088971128292,17.84414410796161,9.873227704352013
29.369088971128292,17.84414410796161,8.778501131067095
29.369088971128292,17.84414410796161,9.873227704352013
23.666054747736528,17.967959747509653,7.901171690854658
52.494130615933,17.84414410796161,2.3526529807372647
29.369088971128292,17.84414410796161,9.873227704352013
29.369088971128292,46.289575977206745,3.806025314509859
20.14377953263967,11.537328643584313,9.526300825179733
31.651302977859206,9.04331672774377,0.1
29.369088971128292,44.29855846066752,3.9770887380817386
42.25879865149184,17.84414410796161,5.793541569889777
29.369088971128292,32.87056415720431,5.359789297335888
