32.35123166842755,13.427824975730772,5.547281361943384
38.540057504900346,12.689301695337237,1.7803917221769474
38.44577901807766,16.80472739497684,6.275972053689834
33.114931652298644,12.295555996451,3.843767618223854
36.849553823181786,11.27638901622836,0.3968174565013811
36.84988737243806,12.98929987556961,2.981753032913776
21.914293620524376,10.121125780967384,7.011378706864026
42.80379581664305,8.751272303813327,0.1
42.789030486947624,11.081565151437806,0.1
22.479909918654766,12.136966667982065,8.889111035472029
37.389327325650726,6.41726082704852,0.1
21.823645894058764,17.614494399445377,7.432270791151946
33.23238726180865,12.739157709515109,4.351049164623001
21.74496408061064,9.811493436090569,6.705011159188954
36.42590270226306,10.137886057588283,0.1
29.614788845380172,15.366147336521387,8.438663346045198
41.30257789733871,11.610008004507792,0.1
22.7416790387027,16.84778483848423,8.097372502209321
39.033186955035646,13.996386769608687,3.27051866125975
23.507293722668727,7.725462653406911,1.7466518769616997
43.98873974605584,11.146107033205698,0.1
15.582002323148386,12.6177011152407,7.408110116202587
39.47910567740791,9.301398025261152,0.1
37.577794253388156,9.790709982820822,0.1
30.78548197912484,17.967959747509653,9.721929519070281
24.35403697185352,12.87287570703571,8.650942792005184
41.676923758993354,16.510543742257095,4.857461743913905
23.099026260282308,16.247706664738825,8.52836939588278
18.543571439018987,14.341884101935706,7.756245972099335
34.07894827266699,17.39695970414467,8.248935069575255
27.25018018918287,9.740112353714077,3.2169915991500524
31.089733285570745,12.023091080345484,4.488090604386686
43.33525490397847,16.938964044746598,4.653161974389416
44.29897906048939,16.07016163679826,3.463717900062292
25.154696139453463,9.51224206299457,4.136442676925656
34.10562116766247,17.07304979821109,8.01662205274402
19.483536217620866,10.26407775729254,8.612923196695679
35.2583705668974,14.344237944161964,5.254851276145786
18.093035527550125,16.39167859245077,6.62143936339227
16.920584108112536,17.066449431165918,5.947529063808283
43.58914016022367,8.219943524658705,0.1
23.224595046600164,8.969016063966462,4.4665562705302495
37.4155544208478,6.223651170535126,0.1
41.81258094459902,13.004110741000268,0.7118436931905059
32.77654570227929,13.914959106907599,5.869886593771888
16.245352258559045,11.81587180906158,8.247603274775933
44.3694456664748,6.419208444895036,0.1
38.73124267512965,7.921966590311204,0.1
15.983074938902995,10.094353525933744,9.498307497586206
17.026018596241663,17.649691108170888,5.7868256058758085
18.833669310406975,14.051697935738693,8.040268193575203
25.178264846457793,12.584139458034368,7.997639273929465
44.22143933829277,10.886578683822034,0.1
21.33842863051187,17.70489851985107,7.2299183553857596
33.8230600789515,17.970903126582098,8.709650289227575
40.767061794001265,17.8784133399797,6.321299579469793
15.990604966957857,6.310618755488717,4.799518299321528
22.37411459678446,11.858485609753538,8.681704525448769
37.52305736956653,8.777829462763215,0.1
34.48648150087067,7.8128607471345015,0.1
19.075685733538805,11.060781870616724,9.654327379912313
40.749317276637555,17.84414410796161,6.300995285735908
36.55954903348389,14.239722535699062,4.598475780354537
17.29270903690273,16.75689145817937,6.190617596281977
42.67837019531566,15.516248400635789,3.4999407873665085
33.81246856954935,13.247161594571011,4.688475103111257
40.944359638425425,17.516062286236604,5.977611268449101
30.88409149086376,15.701336153385894,8.200526780891728
40.317087282084834,13.017024797963415,1.4201665422212315
39.72740093931578,15.077101978316524,4.193464856165475
17.171214564656708,12.162221916793381,8.469397019347285
36.87554009221405,11.068200722948156,0.1
