41.0653997442089,13.268910273061142,1.4345620876329832
25.1541659981227,13.685310406530018,8.973957291218555
37.763998230984434,13.954977976018027,3.766460825743401
22.027707775447514,16.19855297548048,8.157507580397178
44.0744932108436,14.859803847987907,2.207431325900572
20.930263191729637,11.02384499668449,8.610465051479899
23.23656615537349,13.238044424482304,9.470384434522218
32.830396454204774,11.372318819557485,2.682248602764151
24.727696265459212,8.315065818682086,2.16051279384725
29.93119210772873,26.896611330019418,6.9861158391322995
25.605802298078057,12.959768816537032,9.57791354468886
20.472267936091512,16.499175899461985,7.443344234628847
22.027707775447514,16.19855297548048,8.157507580397178
21.46231523433557,12.583172942187634,9.76822917644216
41.0653997442089,13.268910273061142,1.4345620876329832
35.60150200132456,12.462900881083048,2.8638371767553963
36.45345831886511,11.508316811286063,0.9983494462166043
20.285734300156488,17.443856484041703,6.976098886086806
35.391237461312755,8.445733746378627,0.1
22.1524489856097,15.645826534976617,8.493518446809158
19.665345382535218,16.36071163591705,7.210473555472519
21.807950781194556,11.464846719189957,8.589333675074668
44.0744932108436,14.859803847987907,2.207431325900572
25.1541659981227,13.685310406530018,8.973957291218555
15.222032010345659,16.87221595544942,5.412088697615677
24.05720432354047,7.688372749374549,1.2295309068659428
21.184363109262435,11.66158944614339,9.10262077995715
38.81472583233257,12.12271398496063,0.7929324303509695
