15.624938124716115,5.99842610086042,8.04541302603553
15.624938124716115,5.99842610086042,8.04541302603553
0.02776111220759847,9.588235440815005,5.081821889710558
7.408421895811156,0.90977603839496,6.1498263730272775
15.624938124716115,17.71710494953161,7.334818398997711
5.590300773764943,5.733673814285729,5.848797596317863
15.624938124716115,9.261630690723695,7.893805153752743
15.624938124716115,9.261630690723695,9.879656649917846
11.171402013261321,1.7568407973972286,9.879656649917846
15.624938124716115,17.71710494953161,8.551929796064753
9.807513967345779,13.968051273951815,6.710376467945492
15.624938124716115,5.99842610086042,8.04541302603553
29.84503632964072,9.261630690723695,7.533370151861941
78.7883279440252,9.261630690723695,9.266749787668529
1.4257468953133738,0.05206272129819567,7.507344615141856
28.80274061118247,13.388917017996803,7.095155862315753
15.624938124716115,10.418365441077325,9.879656649917846
24.467303586584528,27.28121242982271,8.284336918716635
15.303039753473534,9.243242602073547,6.9668628433191415
15.8994906174953,3.0857287524087056,9.701827754061224
15.8994906174953,7.6615615385794875,7.551118965621555
2.6267639322507828,7.733472836128506,7.487502471163083
14.186662525101605,0.003604107586029078,9.060121750930415
14.395828911363056,6.655449900052004,7.020635996931359
10.23561398551815,0.12362765126232118,8.524443382400541
18.786807188216997,2.663876523818406,6.311403141372175
15.8994906174953,9.482342055069937,9.941528413821592
17.487085974219074,9.261630690723695,8.673535034896766
15.624938124716115,0.9702930713372737,8.475935042970876
2.89184654491324,5.80782959941832,9.970057829689795
15.624938124716115,9.261630690723695,9.879656649917846
53.59307217908024,2.9809301958012835,9.64548124459033
15.624938124716115,5.99842610086042,4.374087302944771
42.237213977880415,14.27769656029486,2.253957543122013
18.80341889351399,17.71710494953161,7.117702742960451
15.624938124716115,5.99842610086042,7.393335108440586
20.78442536985428,3.472255606403296,8.697623626120423
15.624938124716115,5.172434841647944,9.879656649917846
29.84503632964072,5.99842610086042,8.297586572932149
9.431747962610329,9.261630690723695,9.879656649917846
29.774274472321995,17.80836976182828,9.970450566912234
15.624938124716115,9.261630690723695,7.893805153752743
6.661538728133964,4.183147596213996,7.76650945258261
15.8994906174953,3.547346064435653,9.701827754061224
10.084569312998932,13.05950890785883,7.3102365363798345
15.624938124716115,9.261630690723695,7.893805153752743
6.794083880566989,2.009563956433756,8.715407201719485
13.909722323591856,9.261630690723695,9.009390289768572
15.624938124716115,9.261630690723695,9.879656649917846
43.01197385660319,46.97598947755784,5.492598281832182
1.8408625373430567,9.261630690723695,1.1923350217141195
22.3617438084043,11.309562427831809,8.138919168659811
15.624938124716115,9.261630690723695,9.879656649917846
15.624938124716115,9.261630690723695,7.893805153752743
9.6526629750965,5.80782959941832,9.970057829689795
0.906358620054192,0.5816854987229814,9.34708587269248
15.624938124716115,5.99842610086042,8.04541302603553
30.763257850048703,11.235006251902401,8.250748315150847
15.624938124716115,9.261630690723695,7.893805153752743
13.909722323591856,3.5756390508397344,0.1
48.32260209301782,26.066662153651823,8.879372613110336
18.75439754452072,0.2932213957568788,8.421920857490985
15.624938124716115,9.261630690723695,7.893805153752743
15.624938124716115,10.592298693821238,8.848965203979565
24.696159892813885,5.514439464179719,0.1
15.624938124716115,5.99842610086042,4.374087302944771
15.624938124716115,9.261630690723695,9.879656649917846
15.624938124716115,9.261630690723695,9.879656649917846
11.419906492797885,17.71710494953161,7.742752470812524
15.624938124716115,5.99842610086042,7.393335108440586
15.624938124716115,5.99842610086042,8.00904909157919
15.624938124716115,9.261630690723695,9.879656649917846
11.419906492797885,2.186678834782674,0.1
15.624938124716115,9.261630690723695,9.879656649917846
15.624938124716115,17.71710494953161,7.54688531986334
15.624938124716115,9.261630690723695,7.893805153752743
15.624938124716115,5.99842610086042,8.04541302603553
15.624938124716115,9.261630690723695,7.893805153752743
15.624938124716115,9.261630690723695,7.893805153752743
15.624938124716115,5.99842610086042,4.374087302944771
