15.624938124716115,9.261630690723695,9.879656649917846
14.395828911363056,6.655449900052004,7.020635996931359
29.84503632964072,9.261630690723695,7.533370151861941
15.624938124716115,17.71710494953161,7.334818398997711
15.624938124716115,5.99842610086042,4.374087302944771
29.774274472321995,17.80836976182828,9.970450566912234
15.624938124716115,9.261630690723695,7.893805153752743
15.624938124716115,9.261630690723695,7.893805153752743
15.624938124716115,9.261630690723695,9.879656649917846
17.487085974219074,9.261630690723695,8.673535034896766
15.624938124716115,5.99842610086042,8.04541302603553
15.624938124716115,17.71710494953161,7.54688531986334
22.3617438084043,11.309562427831809,8.138919168659811
15.624938124716115,9.261630690723695,7.893805153752743
15.624938124716115,9.261630690723695,9.879656649917846
15.624938124716115,9.261630690723695,7.893805153752743
15.624938124716115,9.261630690723695,7.893805153752743
15.624938124716115,5.99842610086042,8.04541302603553
15.624938124716115,9.261630690723695,9.879656649917846
18.75439754452072,0.2932213957568788,8.421920857490985
15.624938124716115,5.99842610086042,4.374087302944771
15.624938124716115,5.172434841647944,9.879656649917846
15.624938124716115,5.99842610086042,4.374087302944771
15.624938124716115,9.261630690723695,7.893805153752743
15.624938124716115,9.261630690723695,7.893805153752743
53.59307217908024,2.9809301958012835,9.64548124459033
78.7883279440252,9.261630690723695,9.266749787668529
5.590300773764943,5.733673814285729,5.848797596317863
15.624938124716115,5.99842610086042,8.04541302603553
15.624938124716115,17.71710494953161,7.54688531986334
15.624938124716115,9.261630690723695,9.879656649917846
15.624938124716115,5.99842610086042,7.393335108440586
15.624938124716115,17.71710494953161,7.54688531986334
2.89184654491324,5.80782959941832,9.970057829689795
15.624938124716115,10.418365441077325,9.879656649917846
15.624938124716115,17.71710494953161,7.334818398997711
18.786807188216997,2.663876523818406,6.311403141372175
15.624938124716115,9.261630690723695,7.893805153752743
30.763257850048703,11.235006251902401,8.250748315150847
15.624938124716115,5.99842610086042,8.04541302603553
15.624938124716115,5.99842610086042,8.00904909157919
15.624938124716115,5.99842610086042,4.374087302944771
15.624938124716115,9.261630690723695,7.893805153752743
15.624938124716115,9.261630690723695,9.879656649917846
15.624938124716115,5.99842610086042,4.374087302944771
15.624938124716115,10.592298693821238,8.848965203979565
15.624938124716115,9.261630690723695,9.879656649917846
15.624938124716115,9.261630690723695,7.893805153752743
6.661538728133964,4.183147596213996,7.76650945258261
15.624938124716115,5.172434841647944,9.879656649917846
15.624938124716115,5.99842610086042,4.374087302944771
22.3617438084043,11.309562427831809,8.138919168659811
15.624938124716115,9.261630690723695,7.893805153752743
15.624938124716115,9.261630690723695,7.893805153752743
15.624938124716115,5.99842610086042,8.04541302603553
15.624938124716115,9.261630690723695,7.893805153752743
29.84503632964072,5.99842610086042,8.297586572932149
15.624938124716115,17.71710494953161,7.54688531986334
15.624938124716115,9.261630690723695,9.879656649917846
48.32260209301782,26.066662153651823,8.879372613110336
15.624938124716115,9.261630690723695,9.879656649917846
6.794083880566989,2.009563956433756,8.715407201719485
15.624938124716115,9.261630690723695,9.879656649917846
15.624938124716115,5.99842610086042,8.00904909157919
15.624938124716115,9.261630690723695,9.879656649917846
15.624938124716115,5.99842610086042,4.374087302944771
15.624938124716115,9.261630690723695,7.893805153752743
15.8994906174953,9.482342055069937,9.941528413821592
15.624938124716115,9.261630690723695,9.879656649917846
15.624938124716115,9.261630690723695,7.893805153752743
15.624938124716115,9.261630690723695,7.893805153752743
15.624938124716115,5.99842610086042,7.393335108440586
15.624938124716115,5.99842610086042,8.04541302603553
14.186662525101605,0.003604107586029078,9.060121750930415
15.624938124716115,5.99842610086042,8.00904909157919
10.084569312998932,13.05950890785883,7.3102365363798345
15.624938124716115,9.261630690723695,7.893805153752743
9.431747962610329,9.261630690723695,9.879656649917846
18.80341889351399,17.71710494953161,7.117702742960451
15.624938124716115,17.71710494953161,7.54688531986334
15.8994906174953,3.547346064435653,9.701827754061224
15.624938124716115,5.99842610086042,8.04541302603553
29.84503632964072,5.99842610086042,8.297586572932149
15.624938124716115,9.261630690723695,7.893805153752743
15.624938124716115,9.261630690723695,7.893805153752743
15.624938124716115,5.99842610086042,4.374087302944771
0.906358620054192,0.5816854987229814,9.34708587269248
15.624938124716115,9.261630690723695,9.879656649917846
15.624938124716115,9.261630690723695,9.879656649917846
29.84503632964072,9.261630690723695,7.533370151861941
15.624938124716115,9.261630690723695,7.893805153752743
15.624938124716115,5.99842610086042,8.04541302603553
15.624938124716115,9.261630690723695,7.893805153752743
15.624938124716115,5.99842610086042,8.04541302603553
15.624938124716115,17.71710494953161,7.54688531986334
15.624938124716115,9.261630690723695,9.879656649917846
15.624938124716115,5.99842610086042,4.374087302944771
11.419906492797885,2.186678834782674,0.1
11.419906492797885,17.71710494953161,7.742752470812524
29.84503632964072,5.99842610086042,8.297586572932149
78.7883279440252,9.261630690723695,9.266749787668529
9.807513967345779,13.968051273951815,6.710376467945492
15.624938124716115,17.71710494953161,8.551929796064753
15.624938124716115,9.261630690723695,7.893805153752743
0.906358620054192,0.5816854987229814,9.34708587269248
15.624938124716115,5.99842610086042,8.04541302603553
15.624938124716115,17.71710494953161,7.54688531986334
15.624938124716115,9.261630690723695,7.893805153752743
15.624938124716115,5.99842610086042,8.00904909157919
15.624938124716115,9.261630690723695,7.893805153752743
15.624938124716115,9.261630690723695,9.879656649917846
15.624938124716115,9.261630690723695,9.879656649917846
15.624938124716115,9.261630690723695,7.893805153752743
15.303039753473534,9.243242602073547,6.9668628433191415
20.78442536985428,3.472255606403296,8.697623626120423
15.624938124716115,5.99842610086042,4.374087302944771
24.696159892813885,5.514439464179719,0.1
15.624938124716115,9.261630690723695,7.893805153752743
15.624938124716115,9.261630690723695,7.893805153752743
15.624938124716115,9.261630690723695,9.879656649917846
18.80341889351399,17.71710494953161,7.117702742960451
15.624938124716115,5.99842610086042,8.04541302603553
15.624938124716115,17.71710494953161,7.54688531986334
11.419906492797885,2.186678834782674,0.1
15.624938124716115,5.99842610086042,7.393335108440586
15.624938124716115,9.261630690723695,9.879656649917846
15.624938124716115,5.99842610086042,8.00904909157919
11.419906492797885,17.71710494953161,7.742752470812524
6.794083880566989,2.009563956433756,8.715407201719485
15.624938124716115,9.261630690723695,7.893805153752743
7.408421895811156,0.90977603839496,6.1498263730272775
15.624938124716115,5.99842610086042,4.374087302944771
53.59307217908024,2.9809301958012835,9.64548124459033
15.624938124716115,9.261630690723695,7.893805153752743
15.624938124716115,9.261630690723695,7.893805153752743
18.75439754452072,0.2932213957568788,8.421920857490985
15.624938124716115,17.71710494953161,7.54688531986334
15.624938124716115,9.261630690723695,7.893805153752743
15.624938124716115,5.99842610086042,8.04541302603553
15.624938124716115,5.99842610086042,4.374087302944771
15.624938124716115,9.261630690723695,7.893805153752743
15.624938124716115,9.261630690723695,7.893805153752743
17.487085974219074,9.261630690723695,8.673535034896766
13.909722323591856,3.5756390508397344,0.1
15.624938124716115,5.172434841647944,9.879656649917846
29.84503632964072,9.261630690723695,7.533370151861941
15.624938124716115,9.261630690723695,7.893805153752743
15.624938124716115,5.99842610086042,4.374087302944771
15.624938124716115,10.592298693821238,8.848965203979565
15.624938124716115,9.261630690723695,7.893805153752743
15.624938124716115,9.261630690723695,7.893805153752743
15.624938124716115,5.99842610086042,8.04541302603553
15.624938124716115,5.99842610086042,8.04541302603553
15.624938124716115,9.261630690723695,7.893805153752743
15.624938124716115,17.71710494953161,7.54688531986334
15.624938124716115,9.261630690723695,9.879656649917846
11.419906492797885,2.186678834782674,0.1
15.624938124716115,9.261630690723695,9.879656649917846
15.624938124716115,5.99842610086042,8.00904909157919
15.624938124716115,5.99842610086042,7.393335108440586
15.624938124716115,9.261630690723695,7.893805153752743
53.59307217908024,2.9809301958012835,9.64548124459033
15.624938124716115,5.99842610086042,8.04541302603553
15.624938124716115,5.99842610086042,4.374087302944771
28.80274061118247,13.388917017996803,7.095155862315753
15.624938124716115,9.261630690723695,7.893805153752743
15.8994906174953,9.482342055069937,9.941528413821592
15.624938124716115,5.99842610086042,8.04541302603553
15.624938124716115,9.261630690723695,7.893805153752743
15.624938124716115,17.71710494953161,8.551929796064753
15.624938124716115,9.261630690723695,7.893805153752743
15.624938124716115,17.71710494953161,7.54688531986334
15.624938124716115,5.99842610086042,7.393335108440586
15.624938124716115,9.261630690723695,9.879656649917846
15.624938124716115,9.261630690723695,9.879656649917846
11.419906492797885,2.186678834782674,0.1
11.419906492797885,2.186678834782674,0.1
15.624938124716115,9.261630690723695,7.893805153752743
15.624938124716115,5.99842610086042,4.374087302944771
1.8408625373430567,9.261630690723695,1.1923350217141195
22.3617438084043,11.309562427831809,8.138919168659811
15.624938124716115,9.261630690723695,7.893805153752743
15.624938124716115,9.261630690723695,9.879656649917846
15.624938124716115,9.261630690723695,7.893805153752743
15.8994906174953,7.6615615385794875,7.551118965621555
15.624938124716115,5.99842610086042,8.04541302603553
15.624938124716115,9.261630690723695,7.893805153752743
15.624938124716115,17.71710494953161,7.54688531986334
15.624938124716115,9.261630690723695,9.879656649917846
15.624938124716115,9.261630690723695,9.879656649917846
29.774274472321995,17.80836976182828,9.970450566912234
15.624938124716115,5.99842610086042,8.00904909157919
24.696159892813885,5.514439464179719,0.1
6.794083880566989,2.009563956433756,8.715407201719485
14.186662525101605,0.003604107586029078,9.060121750930415
15.624938124716115,9.261630690723695,9.879656649917846
15.624938124716115,5.172434841647944,9.879656649917846
15.624938124716115,5.99842610086042,4.374087302944771
15.624938124716115,9.261630690723695,7.893805153752743
15.624938124716115,9.261630690723695,7.893805153752743
15.624938124716115,5.99842610086042,8.04541302603553
15.624938124716115,9.261630690723695,7.893805153752743
15.624938124716115,17.71710494953161,7.54688531986334
53.59307217908024,2.9809301958012835,9.64548124459033
11.419906492797885,2.186678834782674,0.1
15.624938124716115,9.261630690723695,9.879656649917846
15.624938124716115,9.261630690723695,9.879656649917846
15.624938124716115,0.9702930713372737,8.475935042970876
15.624938124716115,5.99842610086042,8.04541302603553
9.6526629750965,5.80782959941832,9.970057829689795
1.8408625373430567,9.261630690723695,1.1923350217141195
14.395828911363056,6.655449900052004,7.020635996931359
28.80274061118247,13.388917017996803,7.095155862315753
15.624938124716115,5.99842610086042,8.00904909157919
15.624938124716115,5.99842610086042,4.374087302944771
15.624938124716115,5.99842610086042,4.374087302944771
15.624938124716115,9.261630690723695,7.893805153752743
15.624938124716115,9.261630690723695,7.893805153752743
15.624938124716115,9.261630690723695,7.893805153752743
43.01197385660319,46.97598947755784,5.492598281832182
15.624938124716115,17.71710494953161,7.54688531986334
2.6267639322507828,7.733472836128506,7.487502471163083
15.624938124716115,9.261630690723695,9.879656649917846
11.419906492797885,2.186678834782674,0.1
2.6267639322507828,7.733472836128506,7.487502471163083
15.624938124716115,9.261630690723695,7.893805153752743
15.624938124716115,9.261630690723695,7.893805153752743
15.624938124716115,5.99842610086042,4.374087302944771
15.624938124716115,9.261630690723695,7.893805153752743
15.624938124716115,9.261630690723695,7.893805153752743
78.7883279440252,9.261630690723695,9.266749787668529
15.624938124716115,9.261630690723695,7.893805153752743
15.624938124716115,9.261630690723695,7.893805153752743
15.8994906174953,3.0857287524087056,9.701827754061224
15.624938124716115,5.99842610086042,8.04541302603553
15.624938124716115,9.261630690723695,9.879656649917846
15.624938124716115,10.418365441077325,9.879656649917846
15.624938124716115,17.71710494953161,7.54688531986334
15.624938124716115,9.261630690723695,9.879656649917846
11.419906492797885,2.186678834782674,0.1
15.624938124716115,9.261630690723695,9.879656649917846
30.763257850048703,11.235006251902401,8.250748315150847
9.431747962610329,9.261630690723695,9.879656649917846
24.467303586584528,27.28121242982271,8.284336918716635
15.624938124716115,5.99842610086042,4.374087302944771
15.624938124716115,9.261630690723695,9.879656649917846
15.624938124716115,9.261630690723695,7.893805153752743
13.909722323591856,9.261630690723695,9.009390289768572
15.624938124716115,9.261630690723695,7.893805153752743
15.624938124716115,5.99842610086042,8.04541302603553
15.624938124716115,9.261630690723695,7.893805153752743
2.6267639322507828,7.733472836128506,7.487502471163083
15.624938124716115,17.71710494953161,7.54688531986334
29.84503632964072,5.99842610086042,8.297586572932149
15.624938124716115,9.261630690723695,9.879656649917846
11.419906492797885,2.186678834782674,0.1
15.624938124716115,9.261630690723695,9.879656649917846
15.624938124716115,5.99842610086042,8.04541302603553
15.624938124716115,9.261630690723695,7.893805153752743
15.624938124716115,5.99842610086042,4.374087302944771
15.624938124716115,5.99842610086042,8.04541302603553
15.624938124716115,9.261630690723695,7.893805153752743
20.78442536985428,3.472255606403296,8.697623626120423
15.624938124716115,9.261630690723695,7.893805153752743
15.624938124716115,17.71710494953161,7.54688531986334
15.624938124716115,9.261630690723695,9.879656649917846
11.419906492797885,2.186678834782674,0.1
15.624938124716115,9.261630690723695,9.879656649917846
11.419906492797885,17.71710494953161,7.742752470812524
15.624938124716115,5.99842610086042,8.00904909157919
15.624938124716115,5.99842610086042,7.393335108440586
15.624938124716115,9.261630690723695,9.879656649917846
20.78442536985428,3.472255606403296,8.697623626120423
15.8994906174953,7.6615615385794875,7.551118965621555
15.624938124716115,5.99842610086042,4.374087302944771
15.624938124716115,9.261630690723695,7.893805153752743
15.624938124716115,5.99842610086042,4.374087302944771
0.906358620054192,0.5816854987229814,9.34708587269248
17.487085974219074,9.261630690723695,8.673535034896766
15.624938124716115,5.99842610086042,7.393335108440586
15.8994906174953,3.0857287524087056,9.701827754061224
78.7883279440252,9.261630690723695,9.266749787668529
15.624938124716115,0.9702930713372737,8.475935042970876
15.624938124716115,9.261630690723695,7.893805153752743
15.624938124716115,9.261630690723695,7.893805153752743
11.419906492797885,2.186678834782674,0.1
15.624938124716115,5.99842610086042,8.04541302603553
15.624938124716115,17.71710494953161,7.54688531986334
10.084569312998932,13.05950890785883,7.3102365363798345
20.78442536985428,3.472255606403296,8.697623626120423
15.624938124716115,5.99842610086042,4.374087302944771
15.624938124716115,9.261630690723695,7.893805153752743
15.624938124716115,9.261630690723695,7.893805153752743
15.624938124716115,9.261630690723695,7.893805153752743
15.624938124716115,9.261630690723695,7.893805153752743
15.624938124716115,17.71710494953161,7.54688531986334
15.624938124716115,5.99842610086042,8.04541302603553
15.624938124716115,9.261630690723695,7.893805153752743
15.624938124716115,9.261630690723695,9.879656649917846
11.419906492797885,2.186678834782674,0.1
15.624938124716115,9.261630690723695,9.879656649917846
14.186662525101605,0.003604107586029078,9.060121750930415
2.89184654491324,5.80782959941832,9.970057829689795
15.624938124716115,5.99842610086042,8.00904909157919
15.624938124716115,9.261630690723695,7.893805153752743
15.624938124716115,5.172434841647944,9.879656649917846
15.624938124716115,5.99842610086042,4.374087302944771
15.624938124716115,9.261630690723695,7.893805153752743
15.624938124716115,9.261630690723695,7.893805153752743
15.624938124716115,9.261630690723695,7.893805153752743
15.624938124716115,5.99842610086042,8.04541302603553
15.624938124716115,9.261630690723695,7.893805153752743
15.624938124716115,17.71710494953161,7.54688531986334
15.624938124716115,9.261630690723695,9.879656649917846
11.419906492797885,2.186678834782674,0.1
15.624938124716115,9.261630690723695,9.879656649917846
15.624938124716115,5.99842610086042,8.00904909157919
15.624938124716115,5.99842610086042,7.393335108440586
11.419906492797885,17.71710494953161,7.742752470812524
15.624938124716115,9.261630690723695,9.879656649917846
15.624938124716115,10.418365441077325,9.879656649917846
0.02776111220759847,9.588235440815005,5.081821889710558
11.419906492797885,2.186678834782674,0.1
15.624938124716115,9.261630690723695,9.879656649917846
15.624938124716115,17.71710494953161,8.551929796064753
15.624938124716115,9.261630690723695,7.893805153752743
18.75439754452072,0.2932213957568788,8.421920857490985
15.624938124716115,5.99842610086042,4.374087302944771
15.624938124716115,9.261630690723695,7.893805153752743
15.624938124716115,9.261630690723695,7.893805153752743
6.794083880566989,2.009563956433756,8.715407201719485
15.624938124716115,9.261630690723695,7.893805153752743
15.624938124716115,5.99842610086042,8.04541302603553
15.624938124716115,9.261630690723695,7.893805153752743
15.624938124716115,17.71710494953161,7.54688531986334
15.624938124716115,9.261630690723695,9.879656649917846
15.8994906174953,3.547346064435653,9.701827754061224
6.661538728133964,4.183147596213996,7.76650945258261
18.786807188216997,2.663876523818406,6.311403141372175
15.8994906174953,7.6615615385794875,7.551118965621555
15.8994906174953,3.0857287524087056,9.701827754061224
15.624938124716115,5.99842610086042,4.374087302944771
15.624938124716115,9.261630690723695,7.893805153752743
15.624938124716115,9.261630690723695,7.893805153752743
15.624938124716115,9.261630690723695,7.893805153752743
15.624938124716115,5.99842610086042,8.04541302603553
15.624938124716115,9.261630690723695,7.893805153752743
15.624938124716115,17.71710494953161,7.54688531986334
15.624938124716115,5.99842610086042,8.00904909157919
11.419906492797885,2.186678834782674,0.1
15.624938124716115,9.261630690723695,9.879656649917846
15.624938124716115,9.261630690723695,9.879656649917846
9.6526629750965,5.80782959941832,9.970057829689795
11.171402013261321,1.7568407973972286,9.879656649917846
15.624938124716115,9.261630690723695,9.879656649917846
15.624938124716115,9.261630690723695,9.879656649917846
15.624938124716115,9.261630690723695,7.893805153752743
15.624938124716115,5.99842610086042,4.374087302944771
15.624938124716115,10.592298693821238,8.848965203979565
15.624938124716115,9.261630690723695,7.893805153752743
15.624938124716115,9.261630690723695,7.893805153752743
15.624938124716115,5.99842610086042,8.04541302603553
15.624938124716115,9.261630690723695,7.893805153752743
15.624938124716115,9.261630690723695,7.893805153752743
15.624938124716115,17.71710494953161,7.54688531986334
15.624938124716115,9.261630690723695,9.879656649917846
11.419906492797885,2.186678834782674,0.1
15.624938124716115,9.261630690723695,9.879656649917846
18.75439754452072,0.2932213957568788,8.421920857490985
20.78442536985428,3.472255606403296,8.697623626120423
15.624938124716115,5.99842610086042,4.374087302944771
15.624938124716115,9.261630690723695,7.893805153752743
18.80341889351399,17.71710494953161,7.117702742960451
15.624938124716115,9.261630690723695,7.893805153752743
15.624938124716115,5.99842610086042,8.04541302603553
15.624938124716115,5.99842610086042,8.00904909157919
15.624938124716115,5.99842610086042,4.374087302944771
15.624938124716115,9.261630690723695,7.893805153752743
15.624938124716115,17.71710494953161,7.54688531986334
15.624938124716115,9.261630690723695,9.879656649917846
11.419906492797885,2.186678834782674,0.1
15.624938124716115,9.261630690723695,9.879656649917846
15.624938124716115,5.99842610086042,7.393335108440586
11.419906492797885,17.71710494953161,7.742752470812524
15.624938124716115,9.261630690723695,7.893805153752743
15.624938124716115,9.261630690723695,9.879656649917846
15.8994906174953,9.482342055069937,9.941528413821592
18.75439754452072,0.2932213957568788,8.421920857490985
9.431747962610329,9.261630690723695,9.879656649917846
15.624938124716115,5.99842610086042,4.374087302944771
15.624938124716115,9.261630690723695,7.893805153752743
15.624938124716115,9.261630690723695,7.893805153752743
15.624938124716115,5.99842610086042,8.04541302603553
15.624938124716115,9.261630690723695,7.893805153752743
15.624938124716115,17.71710494953161,7.54688531986334
15.624938124716115,9.261630690723695,9.879656649917846
11.419906492797885,2.186678834782674,0.1
15.624938124716115,9.261630690723695,9.879656649917846
15.624938124716115,5.99842610086042,7.393335108440586
15.624938124716115,5.99842610086042,8.00904909157919
15.624938124716115,5.99842610086042,4.374087302944771
6.661538728133964,4.183147596213996,7.76650945258261
0.02776111220759847,9.588235440815005,5.081821889710558
15.624938124716115,5.99842610086042,8.04541302603553
15.624938124716115,9.261630690723695,7.893805153752743
15.624938124716115,9.261630690723695,7.893805153752743
15.624938124716115,5.99842610086042,8.04541302603553
15.624938124716115,5.99842610086042,8.00904909157919
15.303039753473534,9.243242602073547,6.9668628433191415
29.84503632964072,9.261630690723695,7.533370151861941
29.774274472321995,17.80836976182828,9.970450566912234
15.624938124716115,9.261630690723695,7.893805153752743
15.624938124716115,17.71710494953161,7.54688531986334
15.624938124716115,9.261630690723695,9.879656649917846
11.419906492797885,2.186678834782674,0.1
9.807513967345779,13.968051273951815,6.710376467945492
18.75439754452072,0.2932213957568788,8.421920857490985
6.794083880566989,2.009563956433756,8.715407201719485
15.624938124716115,9.261630690723695,7.893805153752743
18.786807188216997,2.663876523818406,6.311403141372175
24.467303586584528,27.28121242982271,8.284336918716635
15.624938124716115,10.418365441077325,9.879656649917846
15.624938124716115,5.99842610086042,4.374087302944771
15.624938124716115,9.261630690723695,7.893805153752743
15.624938124716115,9.261630690723695,7.893805153752743
15.624938124716115,5.99842610086042,8.04541302603553
15.624938124716115,9.261630690723695,7.893805153752743
15.624938124716115,17.71710494953161,7.54688531986334
15.624938124716115,5.172434841647944,9.879656649917846
15.624938124716115,9.261630690723695,9.879656649917846
11.419906492797885,2.186678834782674,0.1
15.624938124716115,5.99842610086042,8.00904909157919
15.624938124716115,9.261630690723695,7.893805153752743
9.431747962610329,9.261630690723695,9.879656649917846
28.80274061118247,13.388917017996803,7.095155862315753
13.909722323591856,9.261630690723695,9.009390289768572
1.8408625373430567,9.261630690723695,1.1923350217141195
15.624938124716115,5.99842610086042,4.374087302944771
15.624938124716115,9.261630690723695,7.893805153752743
15.624938124716115,9.261630690723695,7.893805153752743
15.624938124716115,5.99842610086042,8.04541302603553
15.624938124716115,9.261630690723695,7.893805153752743
15.624938124716115,9.261630690723695,9.879656649917846
11.419906492797885,17.71710494953161,7.742752470812524
15.624938124716115,5.99842610086042,4.374087302944771
15.624938124716115,17.71710494953161,7.54688531986334
15.624938124716115,9.261630690723695,9.879656649917846
11.419906492797885,2.186678834782674,0.1
15.624938124716115,5.99842610086042,8.00904909157919
17.487085974219074,9.261630690723695,8.673535034896766
15.624938124716115,5.99842610086042,4.374087302944771
15.624938124716115,5.99842610086042,4.374087302944771
15.624938124716115,9.261630690723695,7.893805153752743
15.624938124716115,9.261630690723695,7.893805153752743
18.80341889351399,17.71710494953161,7.117702742960451
15.624938124716115,5.99842610086042,8.04541302603553
15.624938124716115,9.261630690723695,7.893805153752743
15.624938124716115,17.71710494953161,7.54688531986334
15.624938124716115,9.261630690723695,9.879656649917846
11.419906492797885,2.186678834782674,0.1
11.419906492797885,17.71710494953161,7.742752470812524
15.624938124716115,5.99842610086042,8.04541302603553
15.624938124716115,9.261630690723695,9.879656649917846
15.624938124716115,5.99842610086042,7.393335108440586
15.624938124716115,17.71710494953161,8.551929796064753
22.3617438084043,11.309562427831809,8.138919168659811
15.624938124716115,10.592298693821238,8.848965203979565
15.624938124716115,5.99842610086042,4.374087302944771
15.624938124716115,9.261630690723695,7.893805153752743
15.624938124716115,9.261630690723695,7.893805153752743
15.624938124716115,5.99842610086042,8.04541302603553
15.624938124716115,9.261630690723695,9.879656649917846
15.624938124716115,9.261630690723695,7.893805153752743
15.624938124716115,17.71710494953161,7.54688531986334
15.624938124716115,9.261630690723695,9.879656649917846
15.624938124716115,9.261630690723695,9.879656649917846
2.6267639322507828,7.733472836128506,7.487502471163083
15.624938124716115,0.9702930713372737,8.475935042970876
15.624938124716115,5.99842610086042,8.04541302603553
11.419906492797885,17.71710494953161,7.742752470812524
15.624938124716115,9.261630690723695,7.893805153752743
20.78442536985428,3.472255606403296,8.697623626120423
15.624938124716115,5.99842610086042,4.374087302944771
15.624938124716115,5.99842610086042,4.374087302944771
15.624938124716115,9.261630690723695,7.893805153752743
15.624938124716115,10.592298693821238,8.848965203979565
15.624938124716115,9.261630690723695,7.893805153752743
15.624938124716115,5.99842610086042,8.04541302603553
15.624938124716115,9.261630690723695,7.893805153752743
15.624938124716115,17.71710494953161,7.54688531986334
15.624938124716115,17.71710494953161,7.334818398997711
15.624938124716115,9.261630690723695,9.879656649917846
1.4257468953133738,0.05206272129819567,7.507344615141856
15.624938124716115,5.99842610086042,7.393335108440586
11.419906492797885,2.186678834782674,0.1
15.624938124716115,9.261630690723695,9.879656649917846
15.624938124716115,10.592298693821238,8.848965203979565
15.624938124716115,9.261630690723695,7.893805153752743
22.3617438084043,11.309562427831809,8.138919168659811
15.624938124716115,5.99842610086042,4.374087302944771
15.624938124716115,9.261630690723695,7.893805153752743
15.624938124716115,5.99842610086042,8.04541302603553
15.624938124716115,5.99842610086042,8.04541302603553
15.624938124716115,9.261630690723695,7.893805153752743
15.624938124716115,17.71710494953161,7.54688531986334
15.624938124716115,9.261630690723695,9.879656649917846
10.23561398551815,0.12362765126232118,8.524443382400541
11.419906492797885,2.186678834782674,0.1
15.624938124716115,9.261630690723695,9.879656649917846
15.624938124716115,5.99842610086042,8.00904909157919
15.624938124716115,5.99842610086042,7.393335108440586
11.419906492797885,17.71710494953161,7.742752470812524
0.906358620054192,0.5816854987229814,9.34708587269248
29.774274472321995,17.80836976182828,9.970450566912234
15.624938124716115,9.261630690723695,9.879656649917846
15.624938124716115,5.99842610086042,4.374087302944771
15.624938124716115,9.261630690723695,7.893805153752743
15.624938124716115,5.99842610086042,7.393335108440586
15.624938124716115,9.261630690723695,7.893805153752743
15.8994906174953,7.6615615385794875,7.551118965621555
43.01197385660319,46.97598947755784,5.492598281832182
15.624938124716115,5.99842610086042,8.04541302603553
15.624938124716115,9.261630690723695,7.893805153752743
15.624938124716115,17.71710494953161,7.54688531986334
15.624938124716115,9.261630690723695,9.879656649917846
11.419906492797885,2.186678834782674,0.1
15.624938124716115,9.261630690723695,9.879656649917846
15.624938124716115,5.99842610086042,8.00904909157919
15.624938124716115,9.261630690723695,7.893805153752743
15.624938124716115,5.99842610086042,4.374087302944771
15.624938124716115,9.261630690723695,9.879656649917846
15.624938124716115,9.261630690723695,7.893805153752743
15.624938124716115,5.99842610086042,8.04541302603553
15.624938124716115,9.261630690723695,7.893805153752743
15.624938124716115,17.71710494953161,7.54688531986334
15.624938124716115,9.261630690723695,9.879656649917846
15.624938124716115,9.261630690723695,9.879656649917846
24.467303586584528,27.28121242982271,8.284336918716635
15.624938124716115,9.261630690723695,9.879656649917846
11.419906492797885,2.186678834782674,0.1
13.909722323591856,3.5756390508397344,0.1
1.8408625373430567,9.261630690723695,1.1923350217141195
13.909722323591856,9.261630690723695,9.009390289768572
15.624938124716115,5.99842610086042,8.00904909157919
15.624938124716115,5.99842610086042,4.374087302944771
15.624938124716115,9.261630690723695,9.879656649917846
15.624938124716115,9.261630690723695,7.893805153752743
15.624938124716115,9.261630690723695,9.879656649917846
15.624938124716115,5.99842610086042,4.374087302944771
5.590300773764943,5.733673814285729,5.848797596317863
15.624938124716115,5.99842610086042,7.393335108440586
15.624938124716115,9.261630690723695,9.879656649917846
15.624938124716115,9.261630690723695,7.893805153752743
15.624938124716115,5.99842610086042,8.04541302603553
15.624938124716115,17.71710494953161,7.54688531986334
15.624938124716115,9.261630690723695,9.879656649917846
15.624938124716115,5.99842610086042,8.04541302603553
15.624938124716115,9.261630690723695,9.879656649917846
10.23561398551815,0.12362765126232118,8.524443382400541
15.624938124716115,9.261630690723695,7.893805153752743
15.624938124716115,5.99842610086042,7.393335108440586
9.6526629750965,5.80782959941832,9.970057829689795
18.786807188216997,2.663876523818406,6.311403141372175
6.661538728133964,4.183147596213996,7.76650945258261
29.84503632964072,5.99842610086042,8.297586572932149
2.6267639322507828,7.733472836128506,7.487502471163083
15.624938124716115,5.99842610086042,8.04541302603553
15.303039753473534,9.243242602073547,6.9668628433191415
15.624938124716115,5.99842610086042,4.374087302944771
15.624938124716115,9.261630690723695,7.893805153752743
15.624938124716115,9.261630690723695,7.893805153752743
15.624938124716115,9.261630690723695,7.893805153752743
15.624938124716115,5.99842610086042,8.04541302603553
15.624938124716115,17.71710494953161,7.54688531986334
15.624938124716115,9.261630690723695,9.879656649917846
15.624938124716115,9.261630690723695,9.879656649917846
15.624938124716115,9.261630690723695,7.893805153752743
15.624938124716115,5.99842610086042,4.374087302944771
15.624938124716115,5.99842610086042,7.393335108440586
15.303039753473534,9.243242602073547,6.9668628433191415
15.624938124716115,9.261630690723695,9.879656649917846
18.80341889351399,17.71710494953161,7.117702742960451
15.624938124716115,17.71710494953161,7.334818398997711
15.624938124716115,9.261630690723695,7.893805153752743
15.624938124716115,17.71710494953161,7.54688531986334
15.624938124716115,5.99842610086042,4.374087302944771
15.624938124716115,5.99842610086042,8.04541302603553
15.624938124716115,9.261630690723695,7.893805153752743
15.624938124716115,5.99842610086042,8.04541302603553
11.419906492797885,2.186678834782674,0.1
15.624938124716115,9.261630690723695,9.879656649917846
15.624938124716115,5.99842610086042,8.00904909157919
15.624938124716115,9.261630690723695,7.893805153752743
15.624938124716115,5.99842610086042,4.374087302944771
15.624938124716115,5.172434841647944,9.879656649917846
15.624938124716115,5.99842610086042,4.374087302944771
15.624938124716115,9.261630690723695,7.893805153752743
15.624938124716115,17.71710494953161,8.551929796064753
15.624938124716115,9.261630690723695,7.893805153752743
24.467303586584528,27.28121242982271,8.284336918716635
15.624938124716115,5.99842610086042,8.04541302603553
15.624938124716115,9.261630690723695,7.893805153752743
15.624938124716115,17.71710494953161,7.54688531986334
1.4257468953133738,0.05206272129819567,7.507344615141856
15.624938124716115,9.261630690723695,9.879656649917846
11.419906492797885,2.186678834782674,0.1
15.624938124716115,9.261630690723695,9.879656649917846
15.624938124716115,5.99842610086042,8.00904909157919
15.624938124716115,9.261630690723695,9.879656649917846
18.786807188216997,2.663876523818406,6.311403141372175
15.624938124716115,5.99842610086042,4.374087302944771
15.624938124716115,5.99842610086042,8.04541302603553
15.624938124716115,0.9702930713372737,8.475935042970876
15.624938124716115,9.261630690723695,7.893805153752743
15.624938124716115,9.261630690723695,7.893805153752743
17.487085974219074,9.261630690723695,8.673535034896766
15.624938124716115,5.99842610086042,8.04541302603553
15.624938124716115,9.261630690723695,9.879656649917846
15.624938124716115,9.261630690723695,7.893805153752743
15.624938124716115,17.71710494953161,7.54688531986334
15.624938124716115,9.261630690723695,9.879656649917846
11.419906492797885,2.186678834782674,0.1
15.624938124716115,9.261630690723695,9.879656649917846
15.624938124716115,5.99842610086042,8.00904909157919
29.84503632964072,5.99842610086042,8.297586572932149
15.624938124716115,9.261630690723695,9.879656649917846
78.7883279440252,9.261630690723695,9.266749787668529
15.624938124716115,9.261630690723695,7.893805153752743
15.624938124716115,5.99842610086042,4.374087302944771
15.624938124716115,5.99842610086042,4.374087302944771
15.624938124716115,9.261630690723695,7.893805153752743
20.78442536985428,3.472255606403296,8.697623626120423
15.624938124716115,9.261630690723695,7.893805153752743
15.624938124716115,5.99842610086042,8.04541302603553
15.624938124716115,9.261630690723695,7.893805153752743
15.624938124716115,17.71710494953161,7.54688531986334
15.624938124716115,9.261630690723695,9.879656649917846
11.419906492797885,2.186678834782674,0.1
15.624938124716115,9.261630690723695,9.879656649917846
15.624938124716115,5.99842610086042,4.374087302944771
15.624938124716115,5.99842610086042,7.393335108440586
15.624938124716115,9.261630690723695,7.893805153752743
29.84503632964072,9.261630690723695,7.533370151861941
15.624938124716115,9.261630690723695,9.879656649917846
15.624938124716115,5.99842610086042,4.374087302944771
15.624938124716115,9.261630690723695,7.893805153752743
15.624938124716115,9.261630690723695,7.893805153752743
11.419906492797885,2.186678834782674,0.1
11.419906492797885,17.71710494953161,7.742752470812524
15.624938124716115,9.261630690723695,7.893805153752743
15.624938124716115,5.99842610086042,7.393335108440586
15.624938124716115,5.99842610086042,8.04541302603553
15.624938124716115,5.99842610086042,8.04541302603553
15.624938124716115,17.71710494953161,7.334818398997711
15.624938124716115,17.71710494953161,7.54688531986334
15.624938124716115,9.261630690723695,9.879656649917846
15.624938124716115,9.261630690723695,7.893805153752743
15.624938124716115,9.261630690723695,7.893805153752743
15.624938124716115,5.99842610086042,8.04541302603553
15.624938124716115,5.99842610086042,8.04541302603553
15.624938124716115,5.99842610086042,8.04541302603553
15.624938124716115,9.261630690723695,7.893805153752743
15.624938124716115,5.99842610086042,4.374087302944771
15.624938124716115,9.261630690723695,7.893805153752743
15.624938124716115,9.261630690723695,7.893805153752743
15.624938124716115,5.99842610086042,8.04541302603553
15.624938124716115,9.261630690723695,7.893805153752743
15.624938124716115,9.261630690723695,7.893805153752743
15.624938124716115,5.99842610086042,8.04541302603553
15.624938124716115,9.261630690723695,7.893805153752743
15.624938124716115,17.71710494953161,7.54688531986334
15.624938124716115,9.261630690723695,7.893805153752743
