15.624938124716115,18.673698694744175,8.166262680974507
15.587425928657769,8.946728792949864,9.523446531022216
19.17719514922556,5.0000995696247905,7.236966032623284
38.22403420199109,24.14455230745357,9.496897793878421
15.624938124716115,9.261630690723695,8.332773375881281
27.057223955896248,7.799023279981134,7.984018310989853
27.199451931308765,1.0026886639373824,7.8996498374223885
29.369809847834716,3.0513543407345627,7.96077046965076
15.624938124716115,12.106344353302912,7.742294439709227
7.444314974402474,11.535082665426925,8.882944900138872
15.624938124716115,13.337943170549478,7.027386559776513
15.624938124716115,12.106344353302912,7.742294439709227
15.624938124716115,9.261630690723695,8.010630376736865
6.7230764652768045,12.106344353302912,7.786354782145764
15.624938124716115,12.93359033091313,8.023317434793015
23.04208072574574,9.261630690723695,6.969743175403564
27.199451931308765,1.0026886639373824,7.8996498374223885
15.624938124716115,13.337943170549478,7.027386559776513
15.624938124716115,9.261630690723695,8.332773375881281
7.513052303360432,4.544923420658113,8.584293943635313
15.624938124716115,9.261630690723695,8.332773375881281
20.228403609284868,9.261630690723695,6.89797115892749
19.543228578332975,9.261630690723695,9.785609965610526
29.369809847834716,3.0513543407345627,7.96077046965076
6.7230764652768045,12.106344353302912,7.786354782145764
15.624938124716115,10.646660158203634,8.803782705467434
6.968852891588774,9.261630690723695,7.761077076689843
2.850517930231213,43.75277829374832,6.750065009269662
15.624938124716115,18.673698694744175,5.019406390987954
15.624938124716115,12.106344353302912,7.742294439709227
15.624938124716115,9.261630690723695,8.332773375881281
23.04208072574574,9.261630690723695,8.192237923800148
15.624938124716115,12.106344353302912,7.742294439709227
13.100206084849416,11.884661125018237,6.612348352094462
15.624938124716115,9.457410271806092,7.738428653888191
38.22403420199109,24.14455230745357,9.496897793878421
28.227576428132117,1.8313818209485895,6.3623920408732975
6.591176543963334,5.70721031035438,6.927929633460131
18.139832240572584,9.261630690723695,8.250748315150847
0.29394396064046235,0.2747127304880692,6.718016820646843
15.624938124716115,12.106344353302912,7.999156498029646
15.624938124716115,9.261630690723695,8.332773375881281
29.369809847834716,3.0513543407345627,7.96077046965076
15.624938124716115,18.673698694744175,8.166262680974507
19.9424796248181,8.946728792949864,6.628525986741925
9.6526629750965,9.261630690723695,9.879656649917846
15.624938124716115,12.106344353302912,7.742294439709227
6.7230764652768045,12.106344353302912,7.786354782145764
13.563146073039867,4.685482084556855,7.704189689103115
20.228403609284868,9.261630690723695,6.89797115892749
15.624938124716115,9.261630690723695,8.332773375881281
15.624938124716115,9.261630690723695,8.010630376736865
29.369809847834716,3.0513543407345627,7.96077046965076
6.7230764652768045,12.106344353302912,7.786354782145764
15.624938124716115,18.673698694744175,5.019406390987954
27.199451931308765,1.0026886639373824,7.8996498374223885
29.774274472321995,18.673698694744175,7.700843303614389
15.624938124716115,12.106344353302912,7.742294439709227
15.624938124716115,12.93359033091313,8.023317434793015
17.660168790547097,17.501737534987118,8.561428509081603
30.369452217510116,13.010857010682365,8.0470941314766
14.209236137644105,13.010857010682365,8.296187032255734
15.624938124716115,9.261630690723695,8.332773375881281
15.624938124716115,12.106344353302912,7.999156498029646
56.253113048552336,4.485283529827147,0.1
15.624938124716115,9.261630690723695,8.332773375881281
29.369809847834716,3.0513543407345627,7.96077046965076
27.199451931308765,8.946728792949864,9.929622265601786
15.624938124716115,9.261630690723695,8.332773375881281
9.845533359493398,4.332183976099565,8.882944900138872
6.7230764652768045,12.106344353302912,7.786354782145764
15.624938124716115,18.676963951741236,7.12280408834606
15.624938124716115,18.673698694744175,5.019406390987954
15.624938124716115,9.261630690723695,7.909436175470341
15.624938124716115,12.106344353302912,7.999156498029646
41.161418689184075,8.897486270636717,8.46639060690768
27.199451931308765,1.0026886639373824,7.8996498374223885
15.624938124716115,18.673698694744175,8.166262680974507
15.624938124716115,7.990018278723217,9.879656649917846
15.624938124716115,12.106344353302912,7.742294439709227
15.8994906174953,9.261630690723695,9.701827754061224
0.29394396064046235,0.2747127304880692,6.718016820646843
29.774274472321995,18.673698694744175,7.700843303614389
3.758002284908976,9.261630690723695,7.95140840329362
15.624938124716115,16.931329917660943,7.3285003214066755
15.624938124716115,9.261630690723695,8.332773375881281
15.8994906174953,20.753050187203648,8.46639060690768
15.624938124716115,9.261630690723695,8.332773375881281
15.624938124716115,12.93359033091313,8.023317434793015
19.17719514922556,5.0000995696247905,7.236966032623284
29.369809847834716,3.0513543407345627,7.96077046965076
18.10425181750545,12.108249120696915,7.741076487397829
6.7230764652768045,12.106344353302912,7.786354782145764
15.624938124716115,18.673698694744175,5.019406390987954
15.624938124716115,12.106344353302912,7.742294439709227
30.369452217510116,13.010857010682365,8.0470941314766
15.624938124716115,9.261630690723695,8.332773375881281
29.369809847834716,9.261630690723695,7.851392125691756
19.9424796248181,8.946728792949864,6.628525986741925
29.774274472321995,18.673698694744175,7.700843303614389
6.968852891588774,9.261630690723695,7.761077076689843
15.624938124716115,9.768138418003112,9.595572724382382
17.40934643959575,9.261630690723695,8.292273115544043
29.369809847834716,3.0513543407345627,7.96077046965076
15.8994906174953,20.753050187203648,8.46639060690768
15.624938124716115,18.673698694744175,5.019406390987954
15.624938124716115,12.106344353302912,7.742294439709227
15.624938124716115,16.931329917660943,7.3285003214066755
15.624938124716115,12.106344353302912,7.999156498029646
6.7230764652768045,12.106344353302912,7.786354782145764
30.369452217510116,13.010857010682365,8.0470941314766
15.624938124716115,18.673698694744175,8.166262680974507
27.199451931308765,1.0026886639373824,7.8996498374223885
15.8994906174953,11.177889299709058,9.701827754061224
15.8994906174953,6.476251853700861,5.272674644850053
15.624938124716115,9.261630690723695,8.332773375881281
13.62527869053385,9.261630690723695,7.909436175470341
29.369809847834716,3.0513543407345627,7.96077046965076
6.7230764652768045,12.106344353302912,7.786354782145764
15.624938124716115,9.261630690723695,8.332773375881281
15.624938124716115,7.990018278723217,9.879656649917846
15.624938124716115,18.673698694744175,5.019406390987954
15.624938124716115,12.106344353302912,7.742294439709227
29.369809847834716,9.261630690723695,7.851392125691756
23.04208072574574,9.261630690723695,8.192237923800148
15.624938124716115,12.93359033091313,8.023317434793015
15.624938124716115,12.106344353302912,7.999156498029646
19.9424796248181,8.946728792949864,6.628525986741925
14.209236137644105,13.010857010682365,8.296187032255734
3.758002284908976,9.261630690723695,7.95140840329362
7.513052303360432,7.467205935610316,6.41465553911519
15.624938124716115,9.261630690723695,8.332773375881281
15.624938124716115,10.646660158203634,8.803782705467434
23.04208072574574,9.261630690723695,6.969743175403564
29.369809847834716,3.0513543407345627,7.96077046965076
7.513052303360432,4.544923420658113,8.584293943635313
15.624938124716115,12.106344353302912,7.742294439709227
6.7230764652768045,12.106344353302912,7.786354782145764
15.624938124716115,18.673698694744175,5.019406390987954
19.9424796248181,8.946728792949864,6.628525986741925
27.199451931308765,1.0026886639373824,7.8996498374223885
9.845533359493398,4.332183976099565,8.882944900138872
7.444314974402474,11.535082665426925,8.882944900138872
15.624938124716115,10.993995161107293,9.879656649917846
20.228403609284868,9.261630690723695,6.89797115892749
19.17719514922556,5.0000995696247905,7.236966032623284
6.591176543963334,5.70721031035438,6.927929633460131
15.624938124716115,9.261630690723695,8.332773375881281
9.6526629750965,9.261630690723695,9.879656649917846
29.369809847834716,3.0513543407345627,7.96077046965076
6.7230764652768045,12.106344353302912,7.786354782145764
15.624938124716115,18.673698694744175,5.019406390987954
18.10425181750545,12.108249120696915,7.741076487397829
27.199451931308765,1.0026886639373824,7.8996498374223885
15.624938124716115,12.106344353302912,7.742294439709227
15.624938124716115,9.261630690723695,8.332773375881281
29.369809847834716,9.261630690723695,7.851392125691756
15.624938124716115,12.93359033091313,8.023317434793015
15.624938124716115,12.106344353302912,7.999156498029646
23.04208072574574,9.261630690723695,8.192237923800148
6.7230764652768045,12.106344353302912,7.786354782145764
15.624938124716115,10.646660158203634,8.803782705467434
1.294646677278097,9.261630690723695,0.8385485296976428
15.624938124716115,9.261630690723695,8.332773375881281
19.661555585055734,13.010857010682365,8.011794903265702
29.369809847834716,3.0513543407345627,7.96077046965076
27.199451931308765,8.946728792949864,9.929622265601786
15.624938124716115,18.673698694744175,5.019406390987954
25.241269006347345,9.261630690723695,6.7392843053629266
17.40934643959575,9.261630690723695,8.292273115544043
27.199451931308765,1.0026886639373824,7.8996498374223885
15.624938124716115,12.106344353302912,7.742294439709227
23.04208072574574,9.261630690723695,8.192237923800148
15.624938124716115,9.261630690723695,8.332773375881281
15.624938124716115,12.93359033091313,8.023317434793015
29.369809847834716,9.261630690723695,7.851392125691756
29.369809847834716,9.261630690723695,7.851392125691756
6.591176543963334,5.70721031035438,6.927929633460131
15.624938124716115,9.261630690723695,8.332773375881281
15.624938124716115,12.106344353302912,7.999156498029646
15.624938124716115,9.261630690723695,8.010630376736865
29.369809847834716,3.0513543407345627,7.96077046965076
30.369452217510116,13.010857010682365,8.0470941314766
6.7230764652768045,12.106344353302912,7.786354782145764
15.624938124716115,0.1333573327322508,9.879656649917846
15.624938124716115,18.673698694744175,5.019406390987954
27.199451931308765,1.0026886639373824,7.8996498374223885
15.624938124716115,12.106344353302912,7.742294439709227
15.624938124716115,9.261630690723695,8.332773375881281
15.624938124716115,12.93359033091313,8.023317434793015
27.057223955896248,7.799023279981134,7.984018310989853
15.624938124716115,12.106344353302912,7.999156498029646
13.62527869053385,9.261630690723695,7.909436175470341
14.209236137644105,13.010857010682365,8.296187032255734
15.624938124716115,9.261630690723695,7.909436175470341
23.04208072574574,12.106344353302912,8.582446083413616
20.228403609284868,9.261630690723695,6.89797115892749
15.624938124716115,9.261630690723695,8.332773375881281
29.369809847834716,3.0513543407345627,7.96077046965076
6.7230764652768045,12.106344353302912,7.786354782145764
15.624938124716115,18.673698694744175,5.019406390987954
27.199451931308765,1.0026886639373824,7.8996498374223885
15.624938124716115,12.106344353302912,7.742294439709227
15.624938124716115,10.646660158203634,8.803782705467434
29.369809847834716,9.261630690723695,7.851392125691756
15.624938124716115,9.261630690723695,8.332773375881281
15.624938124716115,12.93359033091313,8.023317434793015
15.624938124716115,7.799023279981134,7.981715247295805
15.624938124716115,18.673698694744175,5.019406390987954
15.624938124716115,13.010857010682365,8.011794903265702
15.624938124716115,12.106344353302912,7.999156498029646
15.587425928657769,8.946728792949864,9.523446531022216
19.661555585055734,13.010857010682365,8.011794903265702
15.624938124716115,12.106344353302912,7.999156498029646
19.9424796248181,8.946728792949864,6.628525986741925
15.624938124716115,9.261630690723695,8.332773375881281
29.369809847834716,3.0513543407345627,7.96077046965076
6.7230764652768045,12.106344353302912,7.786354782145764
27.199451931308765,1.0026886639373824,7.8996498374223885
23.04208072574574,9.977537543341649,7.404890671841027
15.624938124716115,12.106344353302912,7.742294439709227
29.369809847834716,20.528988727564304,7.6835742300699215
15.624938124716115,9.261630690723695,8.332773375881281
29.369809847834716,9.261630690723695,7.851392125691756
29.369809847834716,20.528988727564304,7.6835742300699215
27.199451931308765,1.0026886639373824,7.8996498374223885
23.04208072574574,9.261630690723695,6.969743175403564
15.624938124716115,9.261630690723695,8.332773375881281
15.624938124716115,16.931329917660943,7.3285003214066755
29.369809847834716,3.0513543407345627,7.96077046965076
6.968852891588774,9.261630690723695,7.761077076689843
6.7230764652768045,12.106344353302912,7.786354782145764
25.241269006347345,9.261630690723695,6.7392843053629266
15.624938124716115,9.261630690723695,7.761077076689843
15.624938124716115,18.673698694744175,5.019406390987954
23.04208072574574,12.106344353302912,8.582446083413616
15.624938124716115,9.457410271806092,7.738428653888191
15.624938124716115,12.106344353302912,7.742294439709227
15.624938124716115,9.261630690723695,8.332773375881281
29.369809847834716,9.261630690723695,7.851392125691756
15.624938124716115,18.673698694744175,8.166262680974507
18.139832240572584,9.261630690723695,8.250748315150847
15.624938124716115,18.673698694744175,8.166262680974507
15.624938124716115,8.173904356331853,8.532911753588795
15.624938124716115,9.261630690723695,8.332773375881281
15.624938124716115,9.261630690723695,8.332773375881281
29.369809847834716,3.0513543407345627,7.96077046965076
15.624938124716115,9.261630690723695,8.332773375881281
6.7230764652768045,12.106344353302912,7.786354782145764
15.624938124716115,18.673698694744175,5.019406390987954
27.199451931308765,1.0026886639373824,7.8996498374223885
29.369809847834716,20.528988727564304,7.6835742300699215
15.624938124716115,12.106344353302912,7.742294439709227
29.774274472321995,18.673698694744175,7.700843303614389
15.624938124716115,9.261630690723695,8.332773375881281
29.369809847834716,9.261630690723695,7.851392125691756
