15.8994906174953,14.621477582637935,6.523134723716337
14.400130593055529,8.946728792949864,9.548598536400233
10.34472372842437,8.902282796616687,6.970788572105765
30.077390217248492,27.464038919643652,6.569618408285504
4.813853224286632,9.261630690723695,7.941832039315328
15.8994906174953,10.875653319462707,8.769851826801105
15.8994906174953,5.985481699127178,8.345438829632345
29.774274472321995,9.261630690723695,8.407448166510743
1.9899484849587061,5.125935300533919,8.247312307685627
15.8994906174953,9.261630690723695,8.579534360986898
15.624938124716115,10.138863450377332,9.24471298292256
18.822844040651898,9.261630690723695,8.604350789024814
29.657680511449563,9.261630690723695,0.7905857068241708
15.8994906174953,4.152953420392876,8.104938726637915
8.202557661860205,9.261630690723695,5.31283383167833
26.556139842875638,9.261630690723695,9.701827754061224
15.8994906174953,5.985481699127178,8.345438829632345
15.624938124716115,10.138863450377332,9.24471298292256
19.98881888899447,9.261630690723695,8.602193635258928
13.00272013878704,9.261630690723695,8.715407201719485
4.813853224286632,9.261630690723695,7.941832039315328
15.8994906174953,17.13984810463111,9.701827754061224
23.10989008266957,9.261630690723695,8.233706968327148
29.774274472321995,9.261630690723695,8.407448166510743
15.8994906174953,4.152953420392876,8.104938726637915
15.624938124716115,7.9460188865814,8.204044829283312
33.16895070644297,6.347235127451444,9.02181510554566
2.8882233853383266,50.867885045966524,6.750065009269662
21.289991222240623,9.261630690723695,6.210376043122732
18.822844040651898,9.261630690723695,8.604350789024814
15.624938124716115,9.261630690723695,9.879656649917846
15.8994906174953,8.022965610063476,8.516850715902272
18.822844040651898,9.261630690723695,8.604350789024814
9.6526629750965,5.80782959941832,9.970057829689795
15.624938124716115,9.261630690723695,9.879656649917846
30.077390217248492,27.464038919643652,6.569618408285504
15.8994906174953,9.261630690723695,8.715407201719485
15.8994906174953,9.261630690723695,9.701827754061224
30.763257850048703,11.235006251902401,8.250748315150847
0.31998753655601514,0.13398353769278193,5.673304764684632
15.8994906174953,9.261630690723695,9.701827754061224
4.813853224286632,9.261630690723695,7.941832039315328
29.774274472321995,9.261630690723695,8.407448166510743
15.8994906174953,14.621477582637935,6.523134723716337
15.8994906174953,9.261630690723695,8.579534360986898
15.8994906174953,20.357117193692225,4.685234516452011
1.9899484849587061,5.125935300533919,8.247312307685627
15.8994906174953,4.152953420392876,8.104938726637915
15.624938124716115,9.261630690723695,8.458109002976894
15.8994906174953,17.13984810463111,9.701827754061224
4.813853224286632,9.261630690723695,7.941832039315328
29.657680511449563,9.261630690723695,0.7905857068241708
29.774274472321995,9.261630690723695,8.407448166510743
15.8994906174953,4.152953420392876,8.104938726637915
21.289991222240623,9.261630690723695,6.210376043122732
15.8994906174953,5.985481699127178,8.345438829632345
29.774274472321995,17.71710494953161,9.918786090744238
18.822844040651898,9.261630690723695,8.604350789024814
8.202557661860205,9.261630690723695,5.31283383167833
57.6958889090621,17.501737534987118,8.537291014977448
24.242863970218856,11.132692918078515,8.0470941314766
12.57555786501258,9.261630690723695,8.715407201719485
19.98881888899447,9.261630690723695,8.602193635258928
15.8994906174953,9.261630690723695,9.701827754061224
15.8994906174953,15.35938513382552,8.220787600216635
4.813853224286632,9.261630690723695,7.941832039315328
29.774274472321995,9.261630690723695,8.407448166510743
15.8994906174953,9.261630690723695,9.701827754061224
19.98881888899447,9.261630690723695,8.602193635258928
16.939195645077525,9.261630690723695,8.715407201719485
15.8994906174953,4.152953420392876,8.104938726637915
16.949371554291165,9.261630690723695,9.02181510554566
21.289991222240623,9.261630690723695,6.210376043122732
10.425614700293961,9.261630690723695,9.879656649917846
15.8994906174953,9.261630690723695,9.701827754061224
14.2835921028935,9.261630690723695,9.25154744293943
15.8994906174953,5.985481699127178,8.345438829632345
15.624938124716115,9.261630690723695,8.773990518227798
15.8994906174953,14.776318210245167,8.587724732712637
18.822844040651898,9.261630690723695,8.604350789024814
15.8994906174953,5.837363372441869,9.701827754061224
0.31998753655601514,0.13398353769278193,5.673304764684632
29.774274472321995,17.71710494953161,9.918786090744238
15.8994906174953,9.261630690723695,9.701827754061224
0.9373845192672778,9.261630690723695,9.701827754061224
4.813853224286632,9.261630690723695,7.941832039315328
50.463746290242085,11.404997490234603,8.75340206519768
19.98881888899447,9.261630690723695,8.602193635258928
8.202557661860205,9.261630690723695,5.31283383167833
10.34472372842437,8.902282796616687,6.970788572105765
29.774274472321995,9.261630690723695,8.407448166510743
15.8994906174953,8.022965610063476,8.516850715902272
15.8994906174953,4.152953420392876,8.104938726637915
21.289991222240623,9.261630690723695,6.210376043122732
18.822844040651898,9.261630690723695,8.604350789024814
24.242863970218856,11.132692918078515,8.0470941314766
4.813853224286632,9.261630690723695,7.941832039315328
15.624938124716115,13.968051273951815,8.602520844089689
9.6526629750965,5.80782959941832,8.090242245857391
29.774274472321995,17.71710494953161,9.918786090744238
33.16895070644297,6.347235127451444,9.02181510554566
15.624938124716115,13.968051273951815,8.455292310672125
15.8994906174953,3.836525846638614,0.1
29.774274472321995,9.261630690723695,8.407448166510743
50.463746290242085,11.404997490234603,8.75340206519768
21.289991222240623,9.261630690723695,6.210376043122732
18.822844040651898,9.261630690723695,8.604350789024814
0.9373845192672778,9.261630690723695,9.701827754061224
15.8994906174953,9.261630690723695,9.701827754061224
15.8994906174953,4.152953420392876,8.104938726637915
24.242863970218856,11.132692918078515,8.0470941314766
15.8994906174953,14.621477582637935,6.523134723716337
15.8994906174953,5.985481699127178,8.345438829632345
15.624938124716115,13.968051273951815,8.455292310672125
20.693362689097256,5.3295598957693056,9.701827754061224
4.813853224286632,9.261630690723695,7.941832039315328
9.946020069609654,4.35707216988964,8.825154857454239
29.774274472321995,9.261630690723695,8.407448166510743
15.8994906174953,4.152953420392876,8.104938726637915
19.98881888899447,9.261630690723695,8.602193635258928
15.8994906174953,14.776318210245167,8.587724732712637
21.289991222240623,9.261630690723695,6.210376043122732
18.822844040651898,9.261630690723695,8.604350789024814
15.624938124716115,13.968051273951815,8.602520844089689
15.8994906174953,8.022965610063476,8.516850715902272
8.202557661860205,9.261630690723695,5.31283383167833
15.8994906174953,9.261630690723695,9.701827754061224
9.6526629750965,5.80782959941832,8.090242245857391
12.57555786501258,9.261630690723695,8.715407201719485
15.8994906174953,9.261630690723695,9.701827754061224
8.683367240060761,7.467205935610316,6.9758067384826274
4.813853224286632,9.261630690723695,7.941832039315328
15.624938124716115,7.9460188865814,8.204044829283312
26.556139842875638,9.261630690723695,9.701827754061224
29.774274472321995,9.261630690723695,8.407448166510743
13.00272013878704,9.261630690723695,8.715407201719485
18.822844040651898,9.261630690723695,8.604350789024814
15.8994906174953,4.152953420392876,8.104938726637915
21.289991222240623,9.261630690723695,6.210376043122732
15.8994906174953,9.261630690723695,8.579534360986898
15.8994906174953,5.985481699127178,8.345438829632345
16.939195645077525,9.261630690723695,8.715407201719485
15.8994906174953,9.261630690723695,8.579534360986898
15.624938124716115,8.022965610063476,8.317177571568731
15.8994906174953,17.13984810463111,9.701827754061224
10.34472372842437,8.902282796616687,6.970788572105765
15.8994906174953,9.261630690723695,9.701827754061224
4.813853224286632,9.261630690723695,7.941832039315328
15.8994906174953,20.357117193692225,4.685234516452011
29.774274472321995,9.261630690723695,8.407448166510743
15.8994906174953,4.152953420392876,8.104938726637915
21.289991222240623,9.261630690723695,6.210376043122732
15.8994906174953,8.022965610063476,8.516850715902272
15.8994906174953,5.985481699127178,8.345438829632345
18.822844040651898,9.261630690723695,8.604350789024814
19.98881888899447,9.261630690723695,8.602193635258928
15.624938124716115,13.968051273951815,8.602520844089689
8.202557661860205,9.261630690723695,5.31283383167833
15.8994906174953,9.261630690723695,9.701827754061224
15.8994906174953,8.022965610063476,8.516850715902272
15.8994906174953,4.152953420392876,8.104938726637915
15.624938124716115,7.9460188865814,8.204044829283312
15.624938124716115,13.968051273951815,6.710376467945492
4.813853224286632,9.261630690723695,7.941832039315328
15.8994906174953,13.388917017996803,8.462665493429686
29.774274472321995,9.261630690723695,8.407448166510743
15.8994906174953,9.261630690723695,9.701827754061224
21.289991222240623,9.261630690723695,6.210376043122732
15.8994906174953,9.261630690723695,9.701827754061224
15.8994906174953,3.836525846638614,0.1
15.8994906174953,5.985481699127178,8.345438829632345
18.822844040651898,9.261630690723695,8.604350789024814
15.8994906174953,8.022965610063476,8.516850715902272
19.98881888899447,9.261630690723695,8.602193635258928
8.202557661860205,9.261630690723695,5.31283383167833
15.624938124716115,13.968051273951815,8.602520844089689
15.624938124716115,13.968051273951815,8.602520844089689
15.8994906174953,9.261630690723695,9.701827754061224
4.813853224286632,9.261630690723695,7.941832039315328
15.8994906174953,9.261630690723695,8.788302762447072
29.657680511449563,9.261630690723695,0.7905857068241708
29.774274472321995,9.261630690723695,8.407448166510743
24.242863970218856,11.132692918078515,8.0470941314766
15.8994906174953,4.152953420392876,8.104938726637915
15.8994906174953,13.642338906483687,6.991313497278391
21.289991222240623,9.261630690723695,6.210376043122732
15.8994906174953,5.985481699127178,8.345438829632345
18.822844040651898,9.261630690723695,8.604350789024814
19.98881888899447,9.261630690723695,8.602193635258928
8.202557661860205,9.261630690723695,5.31283383167833
15.8994906174953,10.875653319462707,8.769851826801105
15.8994906174953,9.261630690723695,9.701827754061224
9.946020069609654,4.35707216988964,8.825154857454239
12.57555786501258,9.261630690723695,8.715407201719485
10.425614700293961,9.261630690723695,9.879656649917846
23.04208072574574,12.106344353302912,8.582446083413616
15.8994906174953,17.13984810463111,9.701827754061224
4.813853224286632,9.261630690723695,7.941832039315328
29.774274472321995,9.261630690723695,8.407448166510743
15.8994906174953,4.152953420392876,8.104938726637915
21.289991222240623,9.261630690723695,6.210376043122732
15.8994906174953,5.985481699127178,8.345438829632345
18.822844040651898,9.261630690723695,8.604350789024814
15.624938124716115,7.9460188865814,8.204044829283312
15.624938124716115,13.968051273951815,8.602520844089689
19.98881888899447,9.261630690723695,8.602193635258928
8.202557661860205,9.261630690723695,5.31283383167833
16.949371554291165,14.942037260650103,6.8046874983159995
21.289991222240623,9.261630690723695,6.210376043122732
15.8994906174953,13.968051273951815,8.25914828376822
15.8994906174953,9.261630690723695,8.788302762447072
14.400130593055529,8.946728792949864,9.548598536400233
15.8994906174953,13.388917017996803,8.462665493429686
15.8994906174953,9.261630690723695,9.701827754061224
15.8994906174953,9.261630690723695,8.579534360986898
4.813853224286632,9.261630690723695,7.941832039315328
29.774274472321995,9.261630690723695,8.407448166510743
15.8994906174953,4.152953420392876,8.104938726637915
15.8994906174953,5.985481699127178,8.345438829632345
32.53496079265909,15.89698522613676,7.722783418773897
18.822844040651898,9.261630690723695,8.604350789024814
12.143972417872408,29.25214746779141,6.022929515056146
19.98881888899447,9.261630690723695,8.602193635258928
15.624938124716115,13.968051273951815,8.602520844089689
12.143972417872408,29.25214746779141,6.022929515056146
15.8994906174953,5.985481699127178,8.345438829632345
26.556139842875638,9.261630690723695,9.701827754061224
4.813853224286632,9.261630690723695,7.941832039315328
0.9373845192672778,9.261630690723695,9.701827754061224
29.774274472321995,9.261630690723695,8.407448166510743
33.16895070644297,6.347235127451444,9.02181510554566
15.8994906174953,4.152953420392876,8.104938726637915
15.8994906174953,9.261630690723695,9.701827754061224
15.8994906174953,9.261630690723695,9.701827754061224
21.289991222240623,9.261630690723695,6.210376043122732
23.04208072574574,12.106344353302912,8.582446083413616
15.624938124716115,9.261630690723695,9.879656649917846
18.822844040651898,9.261630690723695,8.604350789024814
19.98881888899447,9.261630690723695,8.602193635258928
15.624938124716115,13.968051273951815,8.602520844089689
15.8994906174953,14.621477582637935,6.523134723716337
30.763257850048703,11.235006251902401,8.250748315150847
15.624938124716115,9.261630690723695,8.773990518227798
15.8994906174953,9.261630690723695,9.701827754061224
4.813853224286632,9.261630690723695,7.941832039315328
15.624938124716115,9.261630690723695,9.879656649917846
29.774274472321995,9.261630690723695,8.407448166510743
9.6526629750965,9.261630690723695,8.26401891701868
15.8994906174953,4.152953420392876,8.104938726637915
21.289991222240623,9.261630690723695,6.210376043122732
15.8994906174953,5.985481699127178,8.345438829632345
12.143972417872408,29.25214746779141,6.022929515056146
18.822844040651898,9.261630690723695,8.604350789024814
29.774274472321995,17.71710494953161,9.918786090744238
19.98881888899447,9.261630690723695,8.602193635258928
15.624938124716115,13.968051273951815,8.602520844089689
15.8994906174953,15.35938513382552,8.220787600216635
15.624938124716115,13.968051273951815,6.710376467945492
15.8994906174953,4.152953420392876,8.104938726637915
4.813853224286632,9.261630690723695,7.941832039315328
21.289991222240623,9.261630690723695,6.210376043122732
29.774274472321995,9.261630690723695,8.407448166510743
20.693362689097256,5.3295598957693056,9.701827754061224
15.8994906174953,5.985481699127178,8.345438829632345
18.822844040651898,9.261630690723695,8.604350789024814
19.98881888899447,9.261630690723695,8.602193635258928
15.624938124716115,13.968051273951815,8.602520844089689
8.202557661860205,9.261630690723695,5.31283383167833
9.6526629750965,5.80782959941832,8.090242245857391
15.8994906174953,9.261630690723695,9.701827754061224
15.8994906174953,8.022965610063476,8.516850715902272
15.8994906174953,14.621477582637935,6.523134723716337
20.693362689097256,5.3295598957693056,9.701827754061224
15.8994906174953,13.642338906483687,6.991313497278391
4.813853224286632,9.261630690723695,7.941832039315328
15.8994906174953,5.985481699127178,8.345438829632345
15.8994906174953,9.261630690723695,8.579534360986898
50.463746290242085,11.404997490234603,8.75340206519768
15.8994906174953,9.261630690723695,8.579534360986898
16.949371554291165,9.261630690723695,9.02181510554566
15.8994906174953,9.261630690723695,9.701827754061224
33.16895070644297,6.347235127451444,9.02181510554566
16.949371554291165,14.942037260650103,6.8046874983159995
29.774274472321995,9.261630690723695,8.407448166510743
15.8994906174953,4.152953420392876,8.104938726637915
15.624938124716115,13.968051273951815,8.602520844089689
21.289991222240623,9.261630690723695,6.210376043122732
18.822844040651898,9.261630690723695,8.604350789024814
14.2835921028935,9.261630690723695,9.25154744293943
20.693362689097256,5.3295598957693056,9.701827754061224
4.813853224286632,9.261630690723695,7.941832039315328
29.774274472321995,9.261630690723695,8.407448166510743
15.8994906174953,9.261630690723695,9.701827754061224
16.939195645077525,9.261630690723695,8.715407201719485
15.8994906174953,4.152953420392876,8.104938726637915
18.822844040651898,9.261630690723695,8.604350789024814
21.289991222240623,9.261630690723695,6.210376043122732
15.8994906174953,5.985481699127178,8.345438829632345
19.98881888899447,9.261630690723695,8.602193635258928
15.624938124716115,13.968051273951815,8.602520844089689
8.202557661860205,9.261630690723695,5.31283383167833
10.425614700293961,9.261630690723695,9.879656649917846
9.6526629750965,5.80782959941832,9.970057829689795
15.8994906174953,9.261630690723695,9.701827754061224
15.8994906174953,9.261630690723695,9.701827754061224
15.8994906174953,17.13984810463111,9.701827754061224
4.813853224286632,9.261630690723695,7.941832039315328
29.774274472321995,9.261630690723695,8.407448166510743
15.8994906174953,9.261630690723695,9.701827754061224
15.8994906174953,4.152953420392876,8.104938726637915
21.289991222240623,9.261630690723695,6.210376043122732
15.8994906174953,5.985481699127178,8.345438829632345
18.822844040651898,9.261630690723695,8.604350789024814
19.98881888899447,9.261630690723695,8.602193635258928
15.624938124716115,13.968051273951815,8.602520844089689
8.202557661860205,9.261630690723695,5.31283383167833
15.8994906174953,9.261630690723695,9.701827754061224
15.8994906174953,8.022965610063476,8.516850715902272
9.6526629750965,5.80782959941832,8.090242245857391
15.8994906174953,14.621477582637935,6.523134723716337
15.624938124716115,9.261630690723695,9.879656649917846
15.8994906174953,9.261630690723695,9.701827754061224
15.624938124716115,13.968051273951815,8.602520844089689
19.98881888899447,9.261630690723695,8.602193635258928
15.8994906174953,3.836525846638614,0.1
15.8994906174953,9.261630690723695,9.701827754061224
13.00272013878704,9.261630690723695,8.715407201719485
4.813853224286632,9.261630690723695,7.941832039315328
29.774274472321995,9.261630690723695,8.407448166510743
15.8994906174953,4.152953420392876,8.104938726637915
12.57555786501258,9.261630690723695,8.715407201719485
15.8994906174953,9.261630690723695,9.701827754061224
21.289991222240623,9.261630690723695,6.210376043122732
15.8994906174953,5.985481699127178,8.345438829632345
18.822844040651898,9.261630690723695,8.604350789024814
8.202557661860205,9.261630690723695,5.31283383167833
15.8994906174953,5.837363372441869,9.701827754061224
15.624938124716115,9.261630690723695,8.458109002976894
15.8994906174953,9.261630690723695,8.715407201719485
15.8994906174953,13.642338906483687,6.991313497278391
15.8994906174953,9.261630690723695,9.701827754061224
4.813853224286632,9.261630690723695,7.941832039315328
15.8994906174953,9.261630690723695,9.701827754061224
29.774274472321995,9.261630690723695,8.407448166510743
15.8994906174953,4.152953420392876,8.104938726637915
21.289991222240623,9.261630690723695,6.210376043122732
15.8994906174953,5.985481699127178,8.345438829632345
18.822844040651898,9.261630690723695,8.604350789024814
15.8994906174953,9.261630690723695,9.701827754061224
15.624938124716115,13.968051273951815,8.602520844089689
19.98881888899447,9.261630690723695,8.602193635258928
8.202557661860205,9.261630690723695,5.31283383167833
15.8994906174953,13.968051273951815,8.25914828376822
41.306535913959465,3.042960623791994,9.879656649917846
15.8994906174953,14.621477582637935,6.523134723716337
1.9899484849587061,5.125935300533919,8.247312307685627
29.774274472321995,9.261630690723695,8.407448166510743
4.813853224286632,9.261630690723695,7.941832039315328
15.8994906174953,20.357117193692225,4.685234516452011
15.8994906174953,4.152953420392876,8.104938726637915
26.556139842875638,9.261630690723695,9.701827754061224
21.289991222240623,9.261630690723695,6.210376043122732
0.9373845192672778,9.261630690723695,9.701827754061224
15.8994906174953,5.985481699127178,8.345438829632345
18.822844040651898,9.261630690723695,8.604350789024814
19.98881888899447,9.261630690723695,8.602193635258928
15.624938124716115,13.968051273951815,8.602520844089689
8.202557661860205,9.261630690723695,5.31283383167833
13.00272013878704,9.261630690723695,8.715407201719485
20.693362689097256,5.3295598957693056,9.701827754061224
4.813853224286632,9.261630690723695,7.941832039315328
29.774274472321995,9.261630690723695,8.407448166510743
15.8994906174953,14.776318210245167,8.587724732712637
15.8994906174953,4.152953420392876,8.104938726637915
21.289991222240623,9.261630690723695,6.210376043122732
15.8994906174953,9.261630690723695,9.701827754061224
15.8994906174953,9.261630690723695,8.579534360986898
15.8994906174953,5.985481699127178,8.345438829632345
18.822844040651898,9.261630690723695,8.604350789024814
19.98881888899447,9.261630690723695,8.602193635258928
15.624938124716115,13.968051273951815,8.602520844089689
8.202557661860205,9.261630690723695,5.31283383167833
15.8994906174953,8.022965610063476,8.516850715902272
9.6526629750965,5.80782959941832,8.090242245857391
15.8994906174953,9.261630690723695,9.701827754061224
15.8994906174953,15.35938513382552,8.220787600216635
15.8994906174953,9.261630690723695,9.701827754061224
13.00272013878704,9.261630690723695,8.715407201719485
15.624938124716115,9.261630690723695,8.773990518227798
4.813853224286632,9.261630690723695,7.941832039315328
29.774274472321995,9.261630690723695,8.407448166510743
15.8994906174953,4.152953420392876,8.104938726637915
21.289991222240623,9.261630690723695,6.210376043122732
15.8994906174953,5.985481699127178,8.345438829632345
18.822844040651898,9.261630690723695,8.604350789024814
19.98881888899447,9.261630690723695,8.602193635258928
15.624938124716115,13.968051273951815,8.602520844089689
8.202557661860205,9.261630690723695,5.31283383167833
15.8994906174953,8.022965610063476,8.516850715902272
15.8994906174953,9.261630690723695,9.701827754061224
4.813853224286632,9.261630690723695,7.941832039315328
15.624938124716115,9.261630690723695,8.458109002976894
15.8994906174953,9.261630690723695,9.701827754061224
15.624938124716115,13.968051273951815,6.710376467945492
29.774274472321995,9.261630690723695,8.407448166510743
15.8994906174953,4.152953420392876,8.104938726637915
21.289991222240623,9.261630690723695,6.210376043122732
15.8994906174953,9.261630690723695,9.701827754061224
15.624938124716115,13.968051273951815,8.455292310672125
10.34472372842437,8.902282796616687,6.970788572105765
15.8994906174953,10.875653319462707,8.769851826801105
15.8994906174953,5.985481699127178,8.345438829632345
18.822844040651898,9.261630690723695,8.604350789024814
19.98881888899447,9.261630690723695,8.602193635258928
15.624938124716115,13.968051273951815,8.602520844089689
15.624938124716115,13.968051273951815,8.455292310672125
13.00272013878704,9.261630690723695,8.715407201719485
12.57555786501258,9.261630690723695,8.715407201719485
16.939195645077525,9.261630690723695,8.715407201719485
15.8994906174953,9.261630690723695,8.715407201719485
15.8994906174953,9.261630690723695,9.701827754061224
15.624938124716115,9.261630690723695,9.879656649917846
4.813853224286632,9.261630690723695,7.941832039315328
29.774274472321995,9.261630690723695,8.407448166510743
15.8994906174953,4.152953420392876,8.104938726637915
21.289991222240623,9.261630690723695,6.210376043122732
15.8994906174953,5.985481699127178,8.345438829632345
18.822844040651898,9.261630690723695,8.604350789024814
15.8994906174953,17.13984810463111,9.701827754061224
19.98881888899447,9.261630690723695,8.602193635258928
15.624938124716115,13.968051273951815,8.602520844089689
15.8994906174953,9.261630690723695,9.701827754061224
0.9373845192672778,9.261630690723695,9.701827754061224
15.624938124716115,9.261630690723695,8.773990518227798
15.8994906174953,13.388917017996803,8.462665493429686
9.6526629750965,9.261630690723695,8.26401891701868
15.8994906174953,9.261630690723695,8.788302762447072
4.813853224286632,9.261630690723695,7.941832039315328
29.774274472321995,9.261630690723695,8.407448166510743
15.8994906174953,4.152953420392876,8.104938726637915
21.289991222240623,9.261630690723695,6.210376043122732
15.8994906174953,5.985481699127178,8.345438829632345
15.8994906174953,14.621477582637935,6.523134723716337
9.6526629750965,5.80782959941832,8.090242245857391
15.8994906174953,9.261630690723695,8.579534360986898
18.822844040651898,9.261630690723695,8.604350789024814
19.98881888899447,9.261630690723695,8.602193635258928
15.624938124716115,13.968051273951815,8.602520844089689
15.8994906174953,9.261630690723695,9.701827754061224
15.8994906174953,9.261630690723695,8.579534360986898
15.8994906174953,9.261630690723695,8.579534360986898
4.813853224286632,9.261630690723695,7.941832039315328
29.774274472321995,9.261630690723695,8.407448166510743
15.8994906174953,4.152953420392876,8.104938726637915
15.8994906174953,14.776318210245167,8.587724732712637
21.289991222240623,9.261630690723695,6.210376043122732
15.8994906174953,5.985481699127178,8.345438829632345
18.822844040651898,9.261630690723695,8.604350789024814
19.98881888899447,9.261630690723695,8.602193635258928
15.624938124716115,13.968051273951815,8.602520844089689
9.6526629750965,5.80782959941832,8.090242245857391
15.8994906174953,8.022965610063476,8.516850715902272
8.202557661860205,9.261630690723695,5.31283383167833
15.8994906174953,8.022965610063476,8.516850715902272
