15.624938124716115,5.078568613949423,9.879656649917846
21.62342279643191,6.655449900052004,7.020635996931359
10.616787717239916,10.166613642557047,7.151105308675291
15.624938124716115,9.330611099175508,7.877925038442982
9.6526629750965,9.261630690723695,8.351696831521686
29.774274472321995,17.80836976182828,9.970450566912234
9.6526629750965,10.160674400855173,8.294517819280856
15.624938124716115,9.261630690723695,9.879656649917846
15.624938124716115,9.261630690723695,9.879656649917846
15.646191826647787,9.245064136463153,9.847730864965428
28.850162056552094,5.99842610086042,0.1
9.6526629750965,9.261630690723695,8.351696831521686
22.3617438084043,14.29682659353203,8.138919168659811
9.6526629750965,9.261630690723695,8.351696831521686
15.624938124716115,9.261630690723695,8.722112944859827
15.624938124716115,9.261630690723695,7.893805153752743
9.6526629750965,10.160674400855173,8.294517819280856
28.850162056552094,5.99842610086042,0.1
9.6526629750965,1.8819149444603198,0.1
18.75439754452072,0.08186411037797384,0.1
9.6526629750965,9.261630690723695,8.351696831521686
26.550542815424215,8.16243693527715,7.429448732912478
8.586444946776519,9.261630690723695,7.798443497227052
15.624938124716115,9.261630690723695,9.879656649917846
9.6526629750965,9.261630690723695,8.351696831521686
15.624938124716115,9.261630690723695,9.879656649917846
15.624938124716115,9.261630690723695,8.553665411472563
6.8251347035527825,9.261630690723695,8.648708173601708
15.624938124716115,16.26698618166561,7.971203043355433
9.6526629750965,9.261630690723695,8.351696831521686
14.174299027838131,7.423450988648851,9.879656649917846
9.6526629750965,9.261630690723695,6.252073625563682
9.6526629750965,9.261630690723695,8.351696831521686
15.624938124716115,18.307259675779797,8.556710182190063
15.412804528752858,10.418365441077325,9.879656649917846
15.624938124716115,9.330611099175508,7.877925038442982
15.624938124716115,13.898354642534965,8.279779733934587
15.624938124716115,9.261630690723695,7.893805153752743
15.624938124716115,9.261630690723695,8.747433074336378
15.624938124716115,9.261630690723695,9.879656649917846
15.624938124716115,9.261630690723695,8.747433074336378
9.6526629750965,9.261630690723695,8.351696831521686
15.624938124716115,9.261630690723695,9.879656649917846
15.624938124716115,5.078568613949423,9.879656649917846
15.624938124716115,1.9673845850526641,9.879656649917846
15.624938124716115,10.592298693821238,8.848965203979565
15.624938124716115,9.261630690723695,9.879656649917846
9.6526629750965,9.261630690723695,8.351696831521686
10.616654274294898,9.917616220192702,7.76650945258261
26.550542815424215,8.16243693527715,7.429448732912478
9.6526629750965,9.261630690723695,8.351696831521686
22.3617438084043,14.29682659353203,8.138919168659811
15.624938124716115,9.261630690723695,9.879656649917846
9.6526629750965,9.261630690723695,8.351696831521686
15.624938124716115,16.26698618166561,7.971203043355433
9.6526629750965,10.160674400855173,8.294517819280856
15.624938124716115,9.261630690723695,8.722112944859827
9.6526629750965,9.261630690723695,8.351696831521686
15.624938124716115,9.261630690723695,8.722112944859827
83.2813211986973,1.4284056125882467,8.879372613110336
9.10656593781529,15.1159202800234,3.6139691742817655
9.6526629750965,9.261630690723695,8.351696831521686
9.6526629750965,1.8819149444603198,0.1
15.624938124716115,9.261630690723695,8.747433074336378
15.624938124716115,9.261630690723695,9.879656649917846
9.6526629750965,9.261630690723695,8.351696831521686
15.624938124716115,9.261630690723695,9.879656649917846
18.640116651770178,14.954272164352139,9.941528413821592
9.6526629750965,1.8819149444603198,0.1
15.624938124716115,9.261630690723695,7.893805153752743
9.6526629750965,9.261630690723695,8.351696831521686
15.624938124716115,9.261630690723695,7.993239339235332
15.624938124716115,16.26698618166561,7.971203043355433
5.1362138356177915,0.003604107586029078,9.060121750930415
15.624938124716115,9.261630690723695,8.747433074336378
15.624938124716115,3.0654720581111894,8.848965203979565
9.6526629750965,10.160674400855173,8.294517819280856
15.624938124716115,9.261630690723695,8.722112944859827
18.80341889351399,17.71710494953161,7.117702742960451
9.6526629750965,9.261630690723695,8.351696831521686
15.624938124716115,9.261630690723695,9.879656649917846
15.624938124716115,9.261630690723695,9.879656649917846
15.624938124716115,9.261630690723695,8.722112944859827
15.624938124716115,9.261630690723695,9.879656649917846
9.845648872202371,9.054115172370313,8.377751053980734
9.6526629750965,9.261630690723695,8.351696831521686
0.9996910069429397,0.5816854987229814,9.34708587269248
9.6526629750965,1.8819149444603198,0.1
15.624938124716115,9.261630690723695,8.722112944859827
10.616787717239916,10.166613642557047,7.151105308675291
15.624938124716115,9.261630690723695,9.879656649917846
7.34458931160264,5.80782959941832,8.582092668717383
9.6526629750965,9.261630690723695,8.351696831521686
15.624938124716115,16.26698618166561,7.971203043355433
9.6526629750965,9.261630690723695,8.351696831521686
9.10656593781529,15.1159202800234,3.6139691742817655
9.6526629750965,9.261630690723695,8.351696831521686
15.624938124716115,9.261630690723695,9.879656649917846
9.6526629750965,0.25497205624351515,7.30565590977635
15.624938124716115,9.261630690723695,8.722112944859827
15.624938124716115,9.261630690723695,8.553665411472563
18.721878513348653,13.968051273951815,8.040406432904943
23.001139185633388,17.71710494953161,5.29041752807703
15.624938124716115,9.261630690723695,9.879656649917846
0.9996910069429397,0.5816854987229814,9.34708587269248
15.624938124716115,16.26698618166561,7.971203043355433
9.6526629750965,9.261630690723695,8.351696831521686
9.845648872202371,9.054115172370313,8.377751053980734
15.624938124716115,9.261630690723695,8.747433074336378
9.6526629750965,9.261630690723695,8.351696831521686
9.10656593781529,15.1159202800234,3.6139691742817655
15.624938124716115,5.078568613949423,9.879656649917846
9.6526629750965,10.160674400855173,8.294517819280856
18.652215564646045,9.243242602073547,7.894841667389031
15.624938124716115,9.261630690723695,7.993239339235332
9.6526629750965,9.261630690723695,8.351696831521686
9.6526629750965,10.592298693821238,5.466650690747788
15.624938124716115,9.261630690723695,9.879656649917846
9.6526629750965,9.261630690723695,8.351696831521686
9.6526629750965,1.8819149444603198,0.1
18.80341889351399,17.71710494953161,7.117702742960451
15.624938124716115,16.26698618166561,7.971203043355433
9.6526629750965,9.261630690723695,8.351696831521686
15.624938124716115,9.261630690723695,9.879656649917846
9.6526629750965,9.261630690723695,6.252073625563682
15.624938124716115,9.261630690723695,8.722112944859827
15.624938124716115,9.261630690723695,8.747433074336378
9.6526629750965,0.25497205624351515,7.30565590977635
9.6526629750965,9.261630690723695,8.351696831521686
15.624938124716115,9.261630690723695,9.879656649917846
20.452884337912863,1.6295849874570507,8.021743004737775
9.6526629750965,9.261630690723695,8.351696831521686
15.624938124716115,9.261630690723695,9.879656649917846
15.624938124716115,9.261630690723695,7.893805153752743
15.624938124716115,9.261630690723695,9.879656649917846
18.75439754452072,0.08186411037797384,0.1
9.6526629750965,9.261630690723695,8.351696831521686
9.6526629750965,9.261630690723695,8.351696831521686
15.624938124716115,16.26698618166561,7.971203043355433
15.624938124716115,1.9673845850526641,9.879656649917846
9.6526629750965,10.160674400855173,8.294517819280856
15.624938124716115,9.261630690723695,7.893805153752743
15.646191826647787,9.245064136463153,9.847730864965428
15.624938124716115,6.183181921188391,9.879656649917846
26.550542815424215,8.16243693527715,7.429448732912478
10.616787717239916,10.166613642557047,7.151105308675291
15.624938124716115,9.261630690723695,7.893805153752743
9.6526629750965,9.261630690723695,8.351696831521686
15.624938124716115,10.592298693821238,8.848965203979565
15.624938124716115,9.261630690723695,9.879656649917846
9.6526629750965,9.261630690723695,8.351696831521686
15.624938124716115,16.26698618166561,7.971203043355433
7.34458931160264,5.80782959941832,8.582092668717383
9.6526629750965,10.160674400855173,8.294517819280856
9.6526629750965,9.261630690723695,8.351696831521686
9.6526629750965,1.8819149444603198,0.1
15.624938124716115,9.261630690723695,9.879656649917846
15.624938124716115,9.261630690723695,8.722112944859827
15.624938124716115,9.261630690723695,8.747433074336378
9.6526629750965,9.261630690723695,6.252073625563682
9.6526629750965,9.261630690723695,8.351696831521686
15.624938124716115,9.261630690723695,9.879656649917846
15.624938124716115,5.99842610086042,4.374087302944771
9.6526629750965,9.261630690723695,8.351696831521686
28.80274061118247,13.388917017996803,7.095155862315753
15.624938124716115,9.261630690723695,9.879656649917846
18.640116651770178,14.954272164352139,9.941528413821592
15.624938124716115,16.26698618166561,7.971203043355433
12.700607286607333,14.326515124965876,7.893805153752743
23.001139185633388,17.71710494953161,5.29041752807703
9.6526629750965,10.160674400855173,8.294517819280856
9.6526629750965,9.261630690723695,8.351696831521686
9.6526629750965,9.261630690723695,6.252073625563682
9.6526629750965,1.8819149444603198,0.1
15.624938124716115,9.261630690723695,8.722112944859827
15.624938124716115,9.261630690723695,9.879656649917846
15.624938124716115,9.261630690723695,9.879656649917846
15.624938124716115,9.261630690723695,7.893805153752743
9.6526629750965,9.261630690723695,8.351696831521686
15.624938124716115,9.319711164654576,7.8061668212892075
22.3617438084043,14.29682659353203,8.138919168659811
15.624938124716115,9.261630690723695,9.879656649917846
9.10656593781529,15.1159202800234,3.6139691742817655
9.6526629750965,9.261630690723695,8.351696831521686
15.8994906174953,7.6615615385794875,7.551118965621555
15.624938124716115,16.26698618166561,7.971203043355433
9.6526629750965,10.160674400855173,8.294517819280856
9.6526629750965,9.261630690723695,8.351696831521686
9.6526629750965,1.8819149444603198,0.1
15.624938124716115,9.261630690723695,8.722112944859827
29.774274472321995,17.80836976182828,9.970450566912234
15.624938124716115,9.261630690723695,8.747433074336378
9.6526629750965,10.592298693821238,5.466650690747788
9.6526629750965,9.261630690723695,8.351696831521686
5.1362138356177915,0.003604107586029078,9.060121750930415
15.624938124716115,0.39576046982717017,9.879656649917846
26.550542815424215,8.16243693527715,7.429448732912478
9.6526629750965,9.261630690723695,8.351696831521686
15.624938124716115,9.261630690723695,9.879656649917846
9.6526629750965,9.261630690723695,8.351696831521686
15.624938124716115,16.26698618166561,7.971203043355433
9.6526629750965,10.160674400855173,8.294517819280856
9.6526629750965,9.261630690723695,8.351696831521686
15.624938124716115,9.261630690723695,9.879656649917846
15.624938124716115,9.261630690723695,9.879656649917846
9.6526629750965,1.8819149444603198,0.1
15.624938124716115,9.261630690723695,8.722112944859827
15.624938124716115,1.3112359295242053,8.475935042970876
15.624938124716115,16.26698618166561,7.971203043355433
9.6526629750965,5.80782959941832,9.970057829689795
15.624938124716115,9.319711164654576,7.8061668212892075
21.62342279643191,6.655449900052004,7.020635996931359
28.80274061118247,13.388917017996803,7.095155862315753
15.624938124716115,9.261630690723695,8.747433074336378
15.624938124716115,1.9673845850526641,9.879656649917846
9.6526629750965,9.261630690723695,8.351696831521686
15.624938124716115,9.261630690723695,9.879656649917846
9.6526629750965,9.261630690723695,8.351696831521686
9.6526629750965,10.160674400855173,8.294517819280856
15.624938124716115,10.592298693821238,8.848965203979565
9.6526629750965,9.261630690723695,8.351696831521686
15.624938124716115,5.894264899616579,7.993239339235332
9.6526629750965,1.8819149444603198,0.1
15.624938124716115,9.261630690723695,9.879656649917846
15.624938124716115,5.894264899616579,7.993239339235332
9.6526629750965,10.160674400855173,8.294517819280856
15.624938124716115,9.261630690723695,7.893805153752743
9.6526629750965,9.261630690723695,8.351696831521686
9.845648872202371,9.054115172370313,8.377751053980734
15.624938124716115,9.261630690723695,9.879656649917846
15.624938124716115,9.261630690723695,8.553665411472563
9.6526629750965,9.261630690723695,8.351696831521686
12.700607286607333,14.326515124965876,7.893805153752743
15.8994906174953,2.5113670121308367,9.701827754061224
15.624938124716115,16.26698618166561,7.971203043355433
15.624938124716115,0.39576046982717017,9.879656649917846
15.412804528752858,10.418365441077325,9.879656649917846
9.6526629750965,9.261630690723695,8.351696831521686
9.6526629750965,1.8819149444603198,0.1
15.624938124716115,9.261630690723695,9.879656649917846
15.624938124716115,5.078568613949423,9.879656649917846
15.624938124716115,9.261630690723695,8.747433074336378
15.624938124716115,9.261630690723695,8.722112944859827
24.467303586584528,27.28121242982271,5.380056586698253
9.6526629750965,9.261630690723695,8.351696831521686
14.174299027838131,7.423450988648851,9.879656649917846
15.624938124716115,9.261630690723695,9.879656649917846
13.909722323591856,7.561179009556891,8.96446632106405
9.6526629750965,9.261630690723695,8.351696831521686
15.624938124716115,16.26698618166561,7.971203043355433
9.6526629750965,10.160674400855173,8.294517819280856
15.624938124716115,5.894264899616579,7.993239339235332
9.6526629750965,9.261630690723695,8.351696831521686
15.624938124716115,9.261630690723695,8.722112944859827
9.6526629750965,1.8819149444603198,0.1
15.624938124716115,9.261630690723695,9.879656649917846
15.624938124716115,9.261630690723695,9.879656649917846
15.624938124716115,5.99842610086042,4.374087302944771
9.6526629750965,9.261630690723695,8.351696831521686
9.6526629750965,9.261630690723695,8.351696831521686
15.624938124716115,16.26698618166561,7.971203043355433
15.624938124716115,9.261630690723695,9.879656649917846
15.624938124716115,9.261630690723695,7.993239339235332
9.6526629750965,10.160674400855173,8.294517819280856
9.6526629750965,9.261630690723695,8.351696831521686
9.6526629750965,1.8819149444603198,0.1
15.624938124716115,9.261630690723695,9.879656649917846
15.624938124716115,9.261630690723695,8.722112944859827
9.6526629750965,0.25497205624351515,7.30565590977635
15.624938124716115,9.261630690723695,8.747433074336378
9.6526629750965,9.261630690723695,6.252073625563682
15.624938124716115,5.078568613949423,9.879656649917846
15.624938124716115,9.261630690723695,7.993239339235332
15.8994906174953,7.6615615385794875,7.551118965621555
9.6526629750965,9.261630690723695,8.351696831521686
9.6526629750965,10.160674400855173,8.294517819280856
15.624938124716115,1.9673845850526641,9.879656649917846
0.9996910069429397,0.5816854987229814,9.34708587269248
15.646191826647787,9.245064136463153,9.847730864965428
15.624938124716115,9.261630690723695,7.993239339235332
15.8994906174953,2.5113670121308367,9.701827754061224
15.624938124716115,9.261630690723695,8.553665411472563
15.624938124716115,1.3112359295242053,8.475935042970876
15.624938124716115,9.261630690723695,9.879656649917846
9.6526629750965,9.261630690723695,8.351696831521686
15.624938124716115,9.261630690723695,9.879656649917846
15.624938124716115,16.26698618166561,7.971203043355433
9.6526629750965,9.261630690723695,8.351696831521686
15.624938124716115,3.0654720581111894,8.848965203979565
15.624938124716115,9.261630690723695,7.993239339235332
9.6526629750965,9.261630690723695,8.351696831521686
15.624938124716115,9.261630690723695,9.879656649917846
12.700607286607333,14.326515124965876,7.893805153752743
15.624938124716115,9.261630690723695,7.893805153752743
9.6526629750965,9.261630690723695,8.351696831521686
9.6526629750965,9.261630690723695,8.351696831521686
15.624938124716115,16.26698618166561,7.971203043355433
9.6526629750965,10.160674400855173,8.294517819280856
9.6526629750965,1.8819149444603198,0.1
15.624938124716115,9.261630690723695,9.879656649917846
15.624938124716115,9.261630690723695,8.722112944859827
5.1362138356177915,0.003604107586029078,9.060121750930415
15.624938124716115,18.307259675779797,8.556710182190063
15.624938124716115,9.261630690723695,8.747433074336378
12.700607286607333,14.326515124965876,7.893805153752743
26.550542815424215,8.16243693527715,7.429448732912478
9.6526629750965,9.261630690723695,8.351696831521686
15.624938124716115,9.261630690723695,9.879656649917846
15.624938124716115,9.261630690723695,7.893805153752743
9.6526629750965,9.261630690723695,8.351696831521686
15.624938124716115,16.26698618166561,7.971203043355433
9.6526629750965,10.160674400855173,8.294517819280856
9.6526629750965,9.261630690723695,8.351696831521686
9.6526629750965,1.8819149444603198,0.1
15.624938124716115,9.261630690723695,9.879656649917846
15.624938124716115,9.261630690723695,8.722112944859827
15.624938124716115,9.261630690723695,8.747433074336378
9.6526629750965,9.261630690723695,6.252073625563682
9.6526629750965,0.25497205624351515,7.30565590977635
15.624938124716115,5.078568613949423,9.879656649917846
15.412804528752858,10.418365441077325,9.879656649917846
15.624938124716115,17.71710494953161,5.29041752807703
15.624938124716115,9.261630690723695,9.879656649917846
9.6526629750965,1.8819149444603198,0.1
23.001139185633388,17.71710494953161,5.29041752807703
15.624938124716115,9.261630690723695,9.879656649917846
18.75439754452072,0.08186411037797384,0.1
9.6526629750965,9.261630690723695,8.351696831521686
15.624938124716115,9.261630690723695,9.879656649917846
9.6526629750965,9.261630690723695,8.351696831521686
9.6526629750965,9.261630690723695,8.351696831521686
12.700607286607333,14.326515124965876,7.893805153752743
15.624938124716115,16.26698618166561,7.971203043355433
9.6526629750965,10.160674400855173,8.294517819280856
9.6526629750965,9.261630690723695,8.351696831521686
15.624938124716115,9.261630690723695,8.722112944859827
15.624938124716115,9.261630690723695,9.879656649917846
10.616654274294898,9.917616220192702,7.76650945258261
15.624938124716115,13.898354642534965,8.279779733934587
15.8994906174953,7.6615615385794875,7.551118965621555
15.8994906174953,2.5113670121308367,9.701827754061224
9.6526629750965,9.261630690723695,8.351696831521686
15.624938124716115,9.261630690723695,9.879656649917846
15.624938124716115,9.261630690723695,9.879656649917846
9.6526629750965,9.261630690723695,8.351696831521686
15.624938124716115,16.26698618166561,7.971203043355433
9.6526629750965,10.160674400855173,8.294517819280856
9.6526629750965,9.261630690723695,8.351696831521686
15.624938124716115,9.261630690723695,8.747433074336378
15.624938124716115,9.261630690723695,9.879656649917846
9.6526629750965,1.8819149444603198,0.1
15.624938124716115,9.261630690723695,8.722112944859827
9.6526629750965,5.80782959941832,9.970057829689795
11.171402013261321,1.0187323234052061,0.1
15.624938124716115,5.078568613949423,9.879656649917846
15.624938124716115,9.261630690723695,9.879656649917846
15.624938124716115,9.261630690723695,9.879656649917846
9.6526629750965,9.261630690723695,8.351696831521686
15.624938124716115,10.592298693821238,8.848965203979565
9.6526629750965,9.261630690723695,8.351696831521686
15.624938124716115,9.261630690723695,7.893805153752743
15.624938124716115,16.26698618166561,7.971203043355433
9.845648872202371,9.054115172370313,8.377751053980734
9.6526629750965,10.160674400855173,8.294517819280856
9.6526629750965,9.261630690723695,8.351696831521686
9.6526629750965,1.8819149444603198,0.1
15.624938124716115,9.261630690723695,9.879656649917846
15.624938124716115,9.261630690723695,8.722112944859827
18.75439754452072,0.08186411037797384,0.1
15.624938124716115,9.261630690723695,7.993239339235332
9.6526629750965,9.261630690723695,8.351696831521686
15.624938124716115,9.261630690723695,9.879656649917846
18.80341889351399,17.71710494953161,7.117702742960451
9.6526629750965,9.261630690723695,8.351696831521686
15.624938124716115,16.26698618166561,7.971203043355433
15.624938124716115,9.261630690723695,8.747433074336378
15.624938124716115,1.9673845850526641,9.879656649917846
9.6526629750965,10.160674400855173,8.294517819280856
9.6526629750965,9.261630690723695,8.351696831521686
9.6526629750965,1.8819149444603198,0.1
15.624938124716115,9.261630690723695,9.879656649917846
15.624938124716115,9.261630690723695,8.722112944859827
9.6526629750965,9.261630690723695,6.252073625563682
9.6526629750965,0.25497205624351515,7.30565590977635
15.624938124716115,9.261630690723695,7.893805153752743
15.624938124716115,9.261630690723695,9.879656649917846
18.640116651770178,14.954272164352139,9.941528413821592
18.75439754452072,0.08186411037797384,0.1
15.624938124716115,9.261630690723695,8.722112944859827
9.6526629750965,9.261630690723695,8.351696831521686
15.624938124716115,9.261630690723695,9.879656649917846
9.6526629750965,9.261630690723695,8.351696831521686
15.624938124716115,16.26698618166561,7.971203043355433
9.6526629750965,10.160674400855173,8.294517819280856
9.6526629750965,9.261630690723695,8.351696831521686
9.6526629750965,1.8819149444603198,0.1
15.624938124716115,9.261630690723695,9.879656649917846
15.624938124716115,9.261630690723695,8.722112944859827
9.6526629750965,9.261630690723695,6.252073625563682
15.624938124716115,9.261630690723695,8.747433074336378
9.6526629750965,9.261630690723695,8.351696831521686
10.616654274294898,9.917616220192702,7.76650945258261
15.624938124716115,17.71710494953161,5.29041752807703
15.624938124716115,5.99842610086042,4.374087302944771
15.624938124716115,9.261630690723695,9.879656649917846
9.6526629750965,9.261630690723695,8.351696831521686
15.624938124716115,16.26698618166561,7.971203043355433
15.624938124716115,9.261630690723695,8.747433074336378
18.652215564646045,9.243242602073547,7.894841667389031
10.616787717239916,10.166613642557047,7.151105308675291
29.774274472321995,17.80836976182828,9.970450566912234
9.6526629750965,10.160674400855173,8.294517819280856
9.6526629750965,9.261630690723695,8.351696831521686
9.6526629750965,1.8819149444603198,0.1
15.624938124716115,9.261630690723695,9.879656649917846
18.721878513348653,13.968051273951815,8.040406432904943
18.75439754452072,0.08186411037797384,0.1
9.6526629750965,9.261630690723695,8.351696831521686
15.624938124716115,9.261630690723695,7.893805153752743
15.624938124716115,13.898354642534965,8.279779733934587
24.467303586584528,27.28121242982271,5.380056586698253
15.412804528752858,10.418365441077325,9.879656649917846
9.6526629750965,9.261630690723695,8.351696831521686
15.624938124716115,9.261630690723695,9.879656649917846
9.6526629750965,9.261630690723695,8.351696831521686
15.624938124716115,16.26698618166561,7.971203043355433
9.6526629750965,10.160674400855173,8.294517819280856
9.6526629750965,9.261630690723695,8.351696831521686
26.550542815424215,8.16243693527715,7.429448732912478
9.6526629750965,1.8819149444603198,0.1
15.624938124716115,9.261630690723695,9.879656649917846
15.624938124716115,9.261630690723695,8.747433074336378
9.845648872202371,9.054115172370313,8.377751053980734
15.624938124716115,9.261630690723695,8.722112944859827
28.80274061118247,13.388917017996803,7.095155862315753
13.909722323591856,7.561179009556891,8.96446632106405
15.624938124716115,9.319711164654576,7.8061668212892075
9.6526629750965,9.261630690723695,8.351696831521686
15.624938124716115,9.261630690723695,9.879656649917846
9.6526629750965,9.261630690723695,8.351696831521686
15.624938124716115,16.26698618166561,7.971203043355433
9.6526629750965,10.160674400855173,8.294517819280856
15.624938124716115,5.078568613949423,9.879656649917846
9.6526629750965,0.25497205624351515,7.30565590977635
15.624938124716115,1.9673845850526641,9.879656649917846
9.6526629750965,9.261630690723695,8.351696831521686
9.6526629750965,1.8819149444603198,0.1
15.624938124716115,9.261630690723695,9.879656649917846
15.624938124716115,9.261630690723695,8.747433074336378
15.646191826647787,9.245064136463153,9.847730864965428
15.624938124716115,1.9673845850526641,9.879656649917846
9.6526629750965,9.261630690723695,8.351696831521686
15.624938124716115,9.261630690723695,9.879656649917846
9.6526629750965,9.261630690723695,8.351696831521686
18.80341889351399,17.71710494953161,7.117702742960451
15.624938124716115,16.26698618166561,7.971203043355433
9.6526629750965,10.160674400855173,8.294517819280856
9.6526629750965,9.261630690723695,8.351696831521686
9.6526629750965,1.8819149444603198,0.1
15.624938124716115,9.261630690723695,9.879656649917846
9.6526629750965,0.25497205624351515,7.30565590977635
7.34458931160264,5.80782959941832,8.582092668717383
15.624938124716115,9.261630690723695,8.722112944859827
9.6526629750965,9.261630690723695,6.252073625563682
23.001139185633388,17.71710494953161,5.29041752807703
22.3617438084043,14.29682659353203,8.138919168659811
15.624938124716115,10.592298693821238,8.848965203979565
9.6526629750965,9.261630690723695,8.351696831521686
15.624938124716115,9.261630690723695,9.879656649917846
9.6526629750965,9.261630690723695,8.351696831521686
15.624938124716115,16.26698618166561,7.971203043355433
15.624938124716115,9.261630690723695,8.722112944859827
9.6526629750965,10.160674400855173,8.294517819280856
9.6526629750965,9.261630690723695,8.351696831521686
9.6526629750965,1.8819149444603198,0.1
15.624938124716115,5.078568613949423,9.879656649917846
15.624938124716115,5.894264899616579,7.993239339235332
15.624938124716115,1.3112359295242053,8.475935042970876
15.624938124716115,9.261630690723695,9.879656649917846
9.6526629750965,0.25497205624351515,7.30565590977635
12.700607286607333,14.326515124965876,7.893805153752743
15.624938124716115,9.261630690723695,7.993239339235332
9.6526629750965,9.261630690723695,8.351696831521686
8.586444946776519,9.261630690723695,7.798443497227052
15.624938124716115,9.261630690723695,9.879656649917846
15.624938124716115,10.592298693821238,8.848965203979565
9.6526629750965,9.261630690723695,8.351696831521686
15.624938124716115,16.26698618166561,7.971203043355433
9.6526629750965,10.160674400855173,8.294517819280856
9.6526629750965,9.261630690723695,8.351696831521686
15.624938124716115,9.330611099175508,7.877925038442982
9.6526629750965,1.8819149444603198,0.1
1.5529515216760021,0.05206272129819567,0.1
9.6526629750965,9.261630690723695,6.252073625563682
15.624938124716115,9.261630690723695,9.879656649917846
15.624938124716115,9.261630690723695,8.722112944859827
15.624938124716115,10.592298693821238,8.848965203979565
15.624938124716115,9.261630690723695,9.879656649917846
22.3617438084043,14.29682659353203,8.138919168659811
9.6526629750965,9.261630690723695,8.351696831521686
9.6526629750965,9.261630690723695,8.351696831521686
15.624938124716115,9.261630690723695,9.879656649917846
15.624938124716115,16.26698618166561,7.971203043355433
9.6526629750965,10.160674400855173,8.294517819280856
9.6526629750965,9.261630690723695,8.351696831521686
9.6526629750965,1.8819149444603198,0.1
5.240443694977813,0.059533692529072174,8.524443382400541
15.624938124716115,9.261630690723695,9.879656649917846
15.624938124716115,9.261630690723695,8.722112944859827
15.624938124716115,9.261630690723695,8.747433074336378
9.6526629750965,9.261630690723695,6.252073625563682
9.6526629750965,0.25497205624351515,7.30565590977635
0.9996910069429397,0.5816854987229814,9.34708587269248
29.774274472321995,17.80836976182828,9.970450566912234
15.624938124716115,9.261630690723695,9.879656649917846
9.6526629750965,9.261630690723695,8.351696831521686
15.624938124716115,9.261630690723695,9.879656649917846
9.6526629750965,9.261630690723695,6.252073625563682
9.6526629750965,9.261630690723695,8.351696831521686
15.8994906174953,7.6615615385794875,7.551118965621555
15.624938124716115,10.592298693821238,8.848965203979565
15.624938124716115,16.26698618166561,7.971203043355433
9.6526629750965,10.160674400855173,8.294517819280856
9.6526629750965,9.261630690723695,8.351696831521686
9.6526629750965,1.8819149444603198,0.1
15.624938124716115,9.261630690723695,9.879656649917846
15.624938124716115,9.261630690723695,8.722112944859827
15.624938124716115,9.261630690723695,8.747433074336378
15.624938124716115,9.261630690723695,9.879656649917846
9.6526629750965,9.261630690723695,8.351696831521686
15.624938124716115,9.261630690723695,9.879656649917846
9.6526629750965,9.261630690723695,8.351696831521686
15.624938124716115,16.26698618166561,7.971203043355433
9.6526629750965,10.160674400855173,8.294517819280856
9.6526629750965,9.261630690723695,8.351696831521686
15.624938124716115,9.261630690723695,8.722112944859827
15.624938124716115,9.261630690723695,9.879656649917846
24.467303586584528,27.28121242982271,5.380056586698253
9.6526629750965,1.8819149444603198,0.1
15.624938124716115,9.261630690723695,9.879656649917846
15.624938124716115,6.183181921188391,9.879656649917846
15.624938124716115,9.319711164654576,7.8061668212892075
13.909722323591856,7.561179009556891,8.96446632106405
15.624938124716115,9.261630690723695,8.747433074336378
15.624938124716115,1.9673845850526641,9.879656649917846
9.10656593781529,15.1159202800234,3.6139691742817655
9.6526629750965,9.261630690723695,8.351696831521686
9.6526629750965,1.8819149444603198,0.1
9.6526629750965,9.261630690723695,8.351696831521686
6.8251347035527825,9.261630690723695,8.648708173601708
9.6526629750965,9.261630690723695,6.252073625563682
15.624938124716115,9.261630690723695,8.722112944859827
15.624938124716115,9.261630690723695,9.879656649917846
15.624938124716115,5.99842610086042,4.374087302944771
9.6526629750965,9.261630690723695,8.351696831521686
15.624938124716115,9.261630690723695,9.879656649917846
15.624938124716115,16.26698618166561,7.971203043355433
15.624938124716115,9.261630690723695,9.879656649917846
5.240443694977813,0.059533692529072174,8.524443382400541
9.6526629750965,10.160674400855173,8.294517819280856
9.6526629750965,9.261630690723695,6.252073625563682
9.6526629750965,5.80782959941832,9.970057829689795
15.624938124716115,13.898354642534965,8.279779733934587
10.616654274294898,9.917616220192702,7.76650945258261
15.624938124716115,9.261630690723695,8.722112944859827
15.624938124716115,5.894264899616579,7.993239339235332
7.34458931160264,5.80782959941832,8.582092668717383
18.652215564646045,9.243242602073547,7.894841667389031
9.6526629750965,9.261630690723695,8.351696831521686
15.624938124716115,9.261630690723695,9.879656649917846
9.6526629750965,9.261630690723695,8.351696831521686
9.6526629750965,10.160674400855173,8.294517819280856
15.624938124716115,16.26698618166561,7.971203043355433
9.6526629750965,9.261630690723695,8.351696831521686
15.624938124716115,0.39576046982717017,9.879656649917846
9.6526629750965,1.8819149444603198,0.1
15.624938124716115,9.261630690723695,9.879656649917846
15.624938124716115,1.9673845850526641,9.879656649917846
15.624938124716115,9.261630690723695,7.993239339235332
18.652215564646045,9.243242602073547,7.894841667389031
9.6526629750965,1.8819149444603198,0.1
18.80341889351399,17.71710494953161,7.117702742960451
15.624938124716115,9.330611099175508,7.877925038442982
9.6526629750965,10.160674400855173,8.294517819280856
9.6526629750965,9.261630690723695,8.351696831521686
9.6526629750965,9.261630690723695,8.351696831521686
15.624938124716115,9.261630690723695,9.879656649917846
9.6526629750965,9.261630690723695,8.351696831521686
15.624938124716115,16.26698618166561,7.971203043355433
15.624938124716115,9.261630690723695,9.879656649917846
15.624938124716115,9.261630690723695,8.722112944859827
15.624938124716115,9.261630690723695,8.747433074336378
15.624938124716115,9.261630690723695,7.893805153752743
8.586444946776519,9.261630690723695,7.798443497227052
26.550542815424215,8.16243693527715,7.429448732912478
9.6526629750965,9.261630690723695,8.351696831521686
15.624938124716115,9.261630690723695,9.879656649917846
23.001139185633388,17.71710494953161,5.29041752807703
9.6526629750965,9.261630690723695,8.351696831521686
24.467303586584528,27.28121242982271,5.380056586698253
15.624938124716115,16.26698618166561,7.971203043355433
9.6526629750965,10.160674400855173,8.294517819280856
9.6526629750965,9.261630690723695,8.351696831521686
1.5529515216760021,0.05206272129819567,0.1
9.6526629750965,1.8819149444603198,0.1
15.624938124716115,9.261630690723695,9.879656649917846
15.624938124716115,9.261630690723695,8.722112944859827
15.624938124716115,9.261630690723695,8.747433074336378
15.624938124716115,9.261630690723695,9.879656649917846
15.624938124716115,13.898354642534965,8.279779733934587
9.6526629750965,9.261630690723695,8.351696831521686
7.34458931160264,5.80782959941832,8.582092668717383
15.624938124716115,1.3112359295242053,8.475935042970876
15.624938124716115,9.261630690723695,9.879656649917846
9.6526629750965,9.261630690723695,8.351696831521686
15.646191826647787,9.245064136463153,9.847730864965428
15.624938124716115,16.26698618166561,7.971203043355433
14.174299027838131,7.423450988648851,9.879656649917846
9.6526629750965,10.160674400855173,8.294517819280856
9.6526629750965,9.261630690723695,8.351696831521686
9.6526629750965,1.8819149444603198,0.1
15.624938124716115,9.261630690723695,9.879656649917846
15.624938124716115,9.261630690723695,8.722112944859827
15.624938124716115,9.261630690723695,8.747433074336378
15.624938124716115,9.261630690723695,8.722112944859827
15.624938124716115,9.261630690723695,9.879656649917846
15.624938124716115,9.261630690723695,8.553665411472563
15.624938124716115,9.261630690723695,7.893805153752743
9.6526629750965,9.261630690723695,8.351696831521686
8.586444946776519,9.261630690723695,7.798443497227052
15.624938124716115,9.261630690723695,9.879656649917846
15.624938124716115,9.261630690723695,7.993239339235332
9.6526629750965,9.261630690723695,8.351696831521686
15.624938124716115,16.26698618166561,7.971203043355433
9.6526629750965,10.160674400855173,8.294517819280856
9.6526629750965,9.261630690723695,8.351696831521686
9.6526629750965,1.8819149444603198,0.1
15.624938124716115,9.261630690723695,9.879656649917846
15.624938124716115,9.261630690723695,8.722112944859827
15.624938124716115,1.9673845850526641,9.879656649917846
9.6526629750965,9.261630690723695,6.252073625563682
9.845648872202371,9.054115172370313,8.377751053980734
10.616787717239916,10.166613642557047,7.151105308675291
9.6526629750965,1.8819149444603198,0.1
9.6526629750965,9.261630690723695,8.351696831521686
15.624938124716115,9.261630690723695,9.879656649917846
9.6526629750965,10.160674400855173,8.294517819280856
15.624938124716115,9.261630690723695,9.879656649917846
9.6526629750965,0.25497205624351515,7.30565590977635
9.6526629750965,9.261630690723695,8.351696831521686
15.624938124716115,9.261630690723695,7.993239339235332
7.34458931160264,5.80782959941832,8.582092668717383
15.624938124716115,16.26698618166561,7.971203043355433
15.624938124716115,9.330611099175508,7.877925038442982
9.6526629750965,9.261630690723695,8.351696831521686
15.624938124716115,9.261630690723695,8.722112944859827
9.845648872202371,9.054115172370313,8.377751053980734
15.624938124716115,9.261630690723695,7.893805153752743
15.624938124716115,5.99842610086042,4.374087302944771
28.850162056552094,5.99842610086042,0.1
15.624938124716115,9.261630690723695,9.879656649917846
12.700607286607333,14.326515124965876,7.893805153752743
9.6526629750965,9.261630690723695,8.351696831521686
15.624938124716115,9.261630690723695,7.893805153752743
15.624938124716115,9.261630690723695,9.879656649917846
7.34458931160264,5.80782959941832,8.582092668717383
9.6526629750965,9.261630690723695,8.351696831521686
15.624938124716115,9.261630690723695,7.893805153752743
15.624938124716115,16.26698618166561,7.971203043355433
9.6526629750965,10.160674400855173,8.294517819280856
9.6526629750965,9.261630690723695,8.351696831521686
15.624938124716115,9.261630690723695,9.879656649917846
15.624938124716115,9.261630690723695,9.879656649917846
9.6526629750965,10.592298693821238,5.466650690747788
15.624938124716115,6.183181921188391,9.879656649917846
15.624938124716115,9.319711164654576,7.8061668212892075
9.6526629750965,9.261630690723695,8.351696831521686
15.624938124716115,1.9673845850526641,9.879656649917846
15.624938124716115,9.261630690723695,9.879656649917846
9.6526629750965,5.80782959941832,6.80291969608264
8.586444946776519,9.261630690723695,7.798443497227052
9.6526629750965,9.261630690723695,8.351696831521686
15.624938124716115,16.26698618166561,7.971203043355433
9.6526629750965,10.160674400855173,8.294517819280856
15.624938124716115,17.71710494953161,5.29041752807703
9.6526629750965,9.261630690723695,8.351696831521686
9.6526629750965,1.8819149444603198,0.1
15.624938124716115,9.261630690723695,8.722112944859827
15.624938124716115,9.261630690723695,9.879656649917846
15.624938124716115,9.261630690723695,8.553665411472563
20.452884337912863,1.6295849874570507,8.021743004737775
10.616787717239916,10.166613642557047,7.151105308675291
26.550542815424215,8.16243693527715,7.429448732912478
15.624938124716115,9.261630690723695,8.747433074336378
9.6526629750965,9.261630690723695,8.351696831521686
6.8251347035527825,9.261630690723695,8.648708173601708
15.624938124716115,18.307259675779797,8.556710182190063
15.624938124716115,9.261630690723695,9.879656649917846
9.6526629750965,1.8819149444603198,0.1
9.6526629750965,9.261630690723695,8.351696831521686
15.624938124716115,16.26698618166561,7.971203043355433
9.6526629750965,10.160674400855173,8.294517819280856
9.6526629750965,9.261630690723695,8.351696831521686
7.34458931160264,5.80782959941832,8.582092668717383
15.624938124716115,9.261630690723695,7.993239339235332
15.624938124716115,9.261630690723695,9.879656649917846
15.624938124716115,10.592298693821238,8.848965203979565
15.624938124716115,3.0654720581111894,8.848965203979565
9.6526629750965,9.261630690723695,8.351696831521686
9.6526629750965,9.261630690723695,6.252073625563682
15.624938124716115,9.261630690723695,9.879656649917846
9.6526629750965,9.261630690723695,8.351696831521686
15.624938124716115,9.261630690723695,9.879656649917846
15.624938124716115,16.26698618166561,7.971203043355433
15.624938124716115,9.261630690723695,7.993239339235332
15.624938124716115,5.894264899616579,7.993239339235332
9.6526629750965,10.160674400855173,8.294517819280856
9.6526629750965,9.261630690723695,8.351696831521686
9.6526629750965,1.8819149444603198,0.1
15.624938124716115,9.261630690723695,8.722112944859827
15.624938124716115,9.261630690723695,9.879656649917846
9.6526629750965,9.261630690723695,8.351696831521686
15.624938124716115,9.261630690723695,9.879656649917846
9.6526629750965,9.261630690723695,8.351696831521686
15.624938124716115,9.261630690723695,8.747433074336378
15.624938124716115,9.261630690723695,8.722112944859827
9.6526629750965,9.261630690723695,8.351696831521686
15.624938124716115,16.26698618166561,7.971203043355433
15.624938124716115,9.261630690723695,9.879656649917846
9.6526629750965,10.160674400855173,8.294517819280856
15.624938124716115,9.330611099175508,7.877925038442982
9.6526629750965,1.8819149444603198,0.1
15.624938124716115,9.261630690723695,8.747433074336378
15.624938124716115,9.261630690723695,8.722112944859827
9.6526629750965,10.592298693821238,5.466650690747788
9.6526629750965,9.261630690723695,6.252073625563682
9.6526629750965,9.261630690723695,8.351696831521686
15.624938124716115,13.898354642534965,8.279779733934587
9.6526629750965,9.261630690723695,6.252073625563682
9.6526629750965,0.25497205624351515,7.30565590977635
9.6526629750965,9.261630690723695,8.351696831521686
15.624938124716115,9.261630690723695,9.879656649917846
9.6526629750965,9.261630690723695,8.351696831521686
9.845648872202371,9.054115172370313,8.377751053980734
9.6526629750965,10.160674400855173,8.294517819280856
15.624938124716115,16.26698618166561,7.971203043355433
9.6526629750965,1.8819149444603198,0.1
9.6526629750965,9.261630690723695,8.351696831521686
15.624938124716115,9.261630690723695,8.722112944859827
15.624938124716115,9.261630690723695,9.879656649917846
15.624938124716115,9.261630690723695,8.722112944859827
15.624938124716115,9.261630690723695,8.722112944859827
