15.624938124716115,9.261630690723695,4.756040867423508
22.027707775447514,16.19855297548048,8.157507580397178
40.69119403741762,13.322739437120124,3.4846764497744473
40.69119403741762,9.261630690723695,2.520668047067531
15.624938124716115,9.261630690723695,4.756040867423508
15.624938124716115,16.19855297548048,6.174433155702864
35.391237461312755,8.445733746378627,0.1
24.911217582050057,8.445733746378627,4.741408316409579
35.391237461312755,16.691008611627733,4.577575593162347
15.624938124716115,9.261630690723695,4.756040867423508
8.482577094581249,16.19855297548048,0.1
15.624938124716115,9.261630690723695,4.756040867423508
16.21457921475927,27.926371734213753,3.592926139940058
15.624938124716115,16.691008611627733,6.346827164552927
15.624938124716115,16.19855297548048,6.174433155702864
22.027707775447514,9.261630690723695,5.83948224956637
