0.31998753655601514,0.2747127304880692,6.418745496394205
15.624938124716115,14.898537070974104,6.291280957671502
13.62527869053385,0.9861587190005137,6.300884273389095
8.683367240060761,7.467205935610316,6.9758067384826274
30.077390217248492,27.464038919643652,9.496897793878421
2.8882233853383266,50.867885045966524,6.750065009269662
15.8994906174953,9.261630690723695,7.732418947244373
23.04208072574574,12.106344353302912,8.582446083413616
34.09933430599554,8.48669513634151,0.1
15.8994906174953,3.2604153597159753,8.310081785176488
15.624938124716115,15.818046464338959,9.595572724382382
7.385170904704694,9.261630690723695,6.252073625563682
5.744159828167163,5.0000995696247905,6.8914762347657845
33.16895070644297,9.261630690723695,9.02181510554566
5.065406313924752,3.6084211704726155,9.888123272629821
19.661555585055734,13.010857010682365,9.065178739926552
22.13615396561886,9.4694078827081,8.425886968099153
29.768169963977122,2.8339273738200195,8.532911753588795
15.8994906174953,11.177889299709058,8.532726132278661
15.8994906174953,9.261630690723695,7.732418947244373
15.8994906174953,9.261630690723695,7.732418947244373
29.369809847834716,29.25214746779141,6.022929515056146
15.624938124716115,9.261630690723695,9.879656649917846
15.587425928657769,8.946728792949864,9.523446531022216
30.44927110369644,20.604654151083697,8.864943495963075
15.8994906174953,9.261630690723695,7.732418947244373
27.199451931308765,0.3952312380799422,9.929622265601786
16.949371554291165,9.121726270940156,8.17314846706899
16.949371554291165,14.942037260650103,6.8046874983159995
9.6526629750965,9.261630690723695,7.997276221460538
17.389301369084343,9.261630690723695,8.73687056751883
15.624938124716115,12.623897826165884,7.424876520903384
18.16614261172021,9.261630690723695,8.233706968327148
22.421913255428553,11.68457362638857,8.488704601674012
4.557941709940456,0.7917539782167129,9.879656649917846
16.949371554291165,9.261630690723695,9.02181510554566
1.9380167037755422,9.153898029044292,6.289856282172982
15.8994906174953,9.261630690723695,9.701827754061224
29.774274472321995,27.137073515085014,6.581768102211762
8.87857360236669,18.673698694744175,8.166262680974507
6.501097407103295,6.3610019302715015,7.984018310989853
30.846267909466842,4.5863279002148065,7.001837005852601
15.8994906174953,9.261630690723695,7.732418947244373
15.8994906174953,9.261630690723695,9.701827754061224
30.846267909466842,9.261630690723695,6.985966550805215
15.8994906174953,9.261630690723695,9.701827754061224
26.963158768328395,9.261630690723695,8.322264654166666
15.624938124716115,16.598880160332364,9.879656649917846
24.242863970218856,7.636936476712907,8.0470941314766
32.53496079265909,15.89698522613676,7.722783418773897
15.624938124716115,12.106344353302912,7.742294439709227
15.624938124716115,9.261630690723695,9.879656649917846
15.624938124716115,9.261630690723695,9.879656649917846
27.199451931308765,0.3952312380799422,7.022350102393544
23.4811968305081,0.32668238716568254,0.1
16.949371554291165,9.040591184671415,8.75340206519768
18.10425181750545,12.108249120696915,7.741076487397829
18.139832240572584,9.261630690723695,8.250748315150847
15.624938124716115,16.84176808629828,5.56538257096876
15.624938124716115,13.968051273951815,9.879656649917846
33.44290792677041,17.501737534987118,8.537291014977448
13.62527869053385,0.9861587190005137,6.300884273389095
28.24796175147384,9.261630690723695,6.969743175403564
9.6526629750965,9.261630690723695,6.252073625563682
9.946020069609654,9.261630690723695,8.825154857454239
15.8994906174953,9.261630690723695,9.701827754061224
22.13615396561886,9.4694078827081,5.976909288799893
15.8994906174953,4.924286936102033,0.6311310918764725
9.6526629750965,4.9193009704238095,8.229141229755625
6.465802117684726,9.261630690723695,7.553464113139825
9.6526629750965,1.3261996434748786,7.5798077691244625
15.8994906174953,15.126678331350936,7.9725605391407335
15.8994906174953,9.261630690723695,7.732418947244373
15.8994906174953,11.206295797392901,7.823176922642414
15.8994906174953,9.261630690723695,9.701827754061224
15.8994906174953,7.128381787967772,7.619661372201836
15.8994906174953,9.261630690723695,7.732418947244373
15.8994906174953,9.261630690723695,7.732418947244373
15.8994906174953,2.740396254264601,7.342138183302903
15.8994906174953,9.261630690723695,7.732418947244373
