15.624938124716115,9.261630690723695,8.139340177399816
19.327726739620967,0.415112177146705,9.24471298292256
7.84589512834175,9.261630690723695,5.081821889710558
7.408421895811156,8.500317950118545,5.22823302693494
43.5169041643831,17.71710494953161,5.265695728117741
5.590300773764943,5.733673814285729,7.502006538914182
16.152647160525177,9.261630690723695,9.701827754061224
15.624938124716115,9.261630690723695,8.209583320671138
41.306535913959465,1.7568407973972286,9.879656649917846
15.624938124716115,17.71710494953161,8.551929796064753
9.807513967345779,13.968051273951815,6.710376467945492
29.84503632964072,7.856697106473327,8.355850907760402
8.33348044720318,13.397428601072807,6.970788572105765
33.16895070644297,6.347235127451444,9.02181510554566
9.6526629750965,9.261630690723695,7.507344615141856
28.80274061118247,13.388917017996803,7.095155862315753
15.624938124716115,10.418365441077325,9.879656649917846
17.487085974219074,17.71710494953161,8.751783750122124
15.303039753473534,9.243242602073547,6.9668628433191415
15.8994906174953,9.261630690723695,9.701827754061224
15.8994906174953,7.6615615385794875,8.430232965455192
9.6526629750965,7.733472836128506,7.487502471163083
14.186662525101605,0.026697071631008498,9.060121750930415
14.400130593055529,6.655449900052004,7.020635996931359
8.08612513910482,0.14550416950397227,8.524443382400541
29.774274472321995,9.261630690723695,0.7150672691089852
15.8994906174953,9.482342055069937,9.941528413821592
16.917695802658347,17.95828264117946,5.651201713893765
15.277172162355294,16.07498861860817,5.701074271818676
9.6526629750965,5.80782959941832,9.970057829689795
30.887859145615966,9.261630690723695,0.1
31.166934606805484,18.05629206091251,9.64548124459033
29.84503632964072,9.243242602073547,8.215280016962726
22.421913255428553,14.27769656029486,9.420607732405134
15.624938124716115,17.71710494953161,7.117702742960451
23.04208072574574,9.243242602073547,8.584073619426595
22.00714590799492,15.688799130720197,8.821850231025264
15.624938124716115,9.261630690723695,8.213148714906566
6.595630933276283,3.338867252766833,8.209583320671138
15.624938124716115,9.261630690723695,9.879656649917846
29.774274472321995,17.71710494953161,8.536986315988122
20.70580108084453,9.261630690723695,6.588758649535064
6.661538728133964,9.261630690723695,7.76650945258261
15.8994906174953,3.547346064435653,9.701827754061224
14.2835921028935,13.05950890785883,7.3102365363798345
3.264399545251198,9.261630690723695,9.879656649917846
5.435428969364455,9.261630690723695,8.715407201719485
13.909722323591856,9.261630690723695,9.009390289768572
15.624938124716115,9.261630690723695,9.879656649917846
29.774274472321995,17.71710494953161,9.918786090744238
1.8408625373430567,9.261630690723695,8.657771260708042
22.3617438084043,9.087105450048842,8.491537721711916
14.127287905630034,12.328561050283446,6.8740202309511345
15.8994906174953,2.864608186296417,9.701827754061224
9.6526629750965,5.80782959941832,9.970057829689795
15.624938124716115,0.5816854987229814,8.507024280640909
15.624938124716115,26.150986595131357,3.584219747534597
30.763257850048703,11.235006251902401,8.250748315150847
1.0895521249602285,9.261630690723695,9.701827754061224
13.909722323591856,9.261630690723695,9.009390289768572
48.32260209301782,26.066662153651823,8.929262850499892
18.75439754452072,0.2932213957568788,8.421920857490985
29.84503632964072,9.243242602073547,8.215280016962726
15.624938124716115,10.592298693821238,9.879656649917846
13.49553652315246,4.35707216988964,8.825154857454239
23.04208072574574,9.261630690723695,8.582722747395335
15.624938124716115,9.261630690723695,9.879656649917846
15.624938124716115,9.261630690723695,9.879656649917846
15.624938124716115,5.99842610086042,9.879656649917846
29.774274472321995,9.261630690723695,7.449749266126318
15.624938124716115,9.261630690723695,8.213148714906566
9.6526629750965,5.733673814285729,7.9222883564670905
15.624938124716115,9.261630690723695,9.879656649917846
15.624938124716115,9.261630690723695,8.213148714906566
23.04208072574574,17.71710494953161,7.80177347147517
23.04208072574574,17.71710494953161,9.027750547253396
17.487085974219074,16.162950906664868,8.55439411301683
15.624938124716115,17.71710494953161,8.551929796064753
15.624938124716115,9.261630690723695,8.213148714906566
29.84503632964072,4.230119242257327,8.816314477044378
