15.624938124716115,5.444920971631232,8.466837799609973
19.327726739620967,0.415112177146705,9.24471298292256
7.84589512834175,9.261630690723695,9.701827754061224
7.408421895811156,6.291136813540465,5.951575921365738
2.454450715825506,9.261630690723695,8.821850231025264
5.590300773764943,5.733673814285729,7.502006538914182
16.152647160525177,9.261630690723695,9.701827754061224
23.04208072574574,9.243242602073547,5.045849672322893
41.306535913959465,3.042960623791994,9.879656649917846
3.857991870413052,8.27438230538333,8.473113205164273
15.624938124716115,13.968051273951815,6.710376467945492
29.84503632964072,9.261630690723695,8.355850907760402
8.33348044720318,13.397428601072807,6.970788572105765
33.16895070644297,6.347235127451444,9.02181510554566
13.357967822461758,16.426752346431982,8.652016394792502
28.80274061118247,13.388917017996803,8.462665493429686
15.624938124716115,9.261630690723695,9.879656649917846
15.624938124716115,9.261630690723695,8.654945600172915
20.659365091126407,30.672281928389445,4.04050160191041
15.8994906174953,9.261630690723695,9.701827754061224
15.8994906174953,7.6615615385794875,8.430232965455192
8.971874254907632,17.24669264897411,3.1206262283777972
16.89022939446539,0.12973641399454117,9.060121750930415
14.400130593055529,6.655449900052004,9.548598536400233
8.08612513910482,0.15225710033591255,8.524443382400541
15.8994906174953,3.0646441171999657,0.1
15.8994906174953,9.261630690723695,9.701827754061224
31.43313897571217,9.261630690723695,9.701827754061224
17.02376710393082,16.07498861860817,8.53465234782347
9.6526629750965,5.80782959941832,9.970057829689795
29.84503632964072,9.261630690723695,8.355850907760402
31.166934606805484,18.05629206091251,9.64548124459033
0.08803599768207837,17.587857450261897,8.14438905300518
22.421913255428553,14.27769656029486,9.420607732405134
4.83602236986512,13.05268351089549,8.587724732712637
30.54571543316722,9.261630690723695,9.02181510554566
22.00714590799492,15.688799130720197,8.821850231025264
0.844537430668753,17.13984810463111,9.701827754061224
6.790396305397451,17.71710494953161,2.2991471294109123
15.624938124716115,9.261630690723695,9.879656649917846
29.774274472321995,17.71710494953161,8.536986315988122
20.70580108084453,9.261630690723695,8.715407201719485
15.624938124716115,4.8992277541901945,0.8682332656169116
15.8994906174953,5.837363372441869,9.701827754061224
14.2835921028935,6.752246878348819,7.3102365363798345
15.624938124716115,9.261630690723695,9.879656649917846
3.7187117728301473,9.261630690723695,8.715407201719485
13.909722323591856,9.261630690723695,9.009390289768572
15.624938124716115,9.261630690723695,9.879656649917846
29.774274472321995,17.71710494953161,9.918786090744238
1.8408625373430567,9.261630690723695,8.657771260708042
22.3617438084043,9.087105450048842,8.491537721711916
8.670235338807398,7.812226502256019,9.879656649917846
15.8994906174953,2.864608186296417,9.701827754061224
20.683219880314226,6.250690600652456,0.15027261658766378
15.624938124716115,0.5816854987229814,8.507024280640909
18.802420821267773,8.022965610063476,5.941362332050755
30.763257850048703,11.235006251902401,8.250748315150847
0.7736238103018426,9.261630690723695,9.701827754061224
13.909722323591856,9.261630690723695,9.009390289768572
57.6958889090621,32.46378137636215,8.537291014977448
13.00272013878704,9.261630690723695,8.421920857490985
26.556139842875638,9.261630690723695,9.701827754061224
15.624938124716115,18.09155300525817,9.879656649917846
13.49553652315246,4.35707216988964,8.825154857454239
15.624938124716115,9.261630690723695,8.175579246092052
15.624938124716115,9.261630690723695,8.175579246092052
15.624938124716115,9.261630690723695,9.879656649917846
15.624938124716115,9.261630690723695,8.466837799609973
29.774274472321995,5.733673814285729,0.1
15.624938124716115,9.261630690723695,8.654945600172915
29.84503632964072,5.733673814285729,7.593062956686111
9.6526629750965,9.261630690723695,8.624379071210733
15.624938124716115,17.71710494953161,7.521068382470179
29.84503632964072,18.08843359135035,7.5460525818878335
15.624938124716115,3.4136874178484593,7.249208645967295
15.624938124716115,2.1208677758720365,7.471647108326693
15.624938124716115,17.71710494953161,7.521068382470179
15.624938124716115,17.71710494953161,7.521068382470179
15.624938124716115,9.261630690723695,9.879656649917846
