15.624938124716115,9.261630690723695,9.879656649917846
14.400130593055529,6.655449900052004,7.020635996931359
8.33348044720318,13.397428601072807,6.970788572105765
43.5169041643831,17.71710494953161,5.265695728117741
29.84503632964072,4.230119242257327,8.816314477044378
29.774274472321995,17.71710494953161,8.536986315988122
23.04208072574574,17.71710494953161,9.027750547253396
15.624938124716115,9.261630690723695,8.213148714906566
15.624938124716115,9.261630690723695,9.879656649917846
16.917695802658347,17.95828264117946,5.651201713893765
19.327726739620967,0.415112177146705,9.24471298292256
23.04208072574574,17.71710494953161,7.80177347147517
22.3617438084043,9.087105450048842,8.491537721711916
15.624938124716115,17.71710494953161,8.551929796064753
9.6526629750965,5.733673814285729,7.9222883564670905
29.84503632964072,9.243242602073547,8.215280016962726
23.04208072574574,17.71710494953161,9.027750547253396
19.327726739620967,0.415112177146705,9.24471298292256
15.624938124716115,9.261630690723695,8.213148714906566
18.75439754452072,0.2932213957568788,8.421920857490985
29.84503632964072,4.230119242257327,8.816314477044378
15.624938124716115,9.261630690723695,8.213148714906566
29.84503632964072,9.243242602073547,8.215280016962726
15.624938124716115,9.261630690723695,8.213148714906566
15.624938124716115,17.71710494953161,8.551929796064753
31.166934606805484,18.05629206091251,9.64548124459033
33.16895070644297,6.347235127451444,9.02181510554566
5.590300773764943,5.733673814285729,7.502006538914182
17.487085974219074,16.162950906664868,8.55439411301683
23.04208072574574,17.71710494953161,7.80177347147517
14.127287905630034,12.328561050283446,6.8740202309511345
29.774274472321995,9.261630690723695,7.449749266126318
23.04208072574574,17.71710494953161,7.80177347147517
9.6526629750965,5.80782959941832,9.970057829689795
15.624938124716115,10.418365441077325,9.879656649917846
43.5169041643831,17.71710494953161,5.265695728117741
29.774274472321995,9.261630690723695,0.7150672691089852
15.8994906174953,2.864608186296417,9.701827754061224
30.763257850048703,11.235006251902401,8.250748315150847
15.624938124716115,9.261630690723695,8.139340177399816
15.624938124716115,9.261630690723695,8.213148714906566
29.84503632964072,4.230119242257327,8.816314477044378
15.624938124716115,9.261630690723695,8.213148714906566
15.624938124716115,9.261630690723695,9.879656649917846
23.04208072574574,9.261630690723695,8.582722747395335
15.624938124716115,10.592298693821238,9.879656649917846
15.624938124716115,9.261630690723695,9.879656649917846
15.624938124716115,17.71710494953161,8.551929796064753
6.661538728133964,9.261630690723695,7.76650945258261
15.624938124716115,9.261630690723695,8.213148714906566
29.84503632964072,4.230119242257327,8.816314477044378
22.3617438084043,9.087105450048842,8.491537721711916
15.624938124716115,9.261630690723695,8.213148714906566
15.624938124716115,17.71710494953161,8.551929796064753
17.487085974219074,16.162950906664868,8.55439411301683
23.04208072574574,17.71710494953161,9.027750547253396
6.595630933276283,3.338867252766833,8.209583320671138
23.04208072574574,17.71710494953161,7.80177347147517
9.6526629750965,5.733673814285729,7.9222883564670905
48.32260209301782,26.066662153651823,8.929262850499892
15.624938124716115,9.261630690723695,9.879656649917846
5.435428969364455,9.261630690723695,8.715407201719485
15.624938124716115,9.261630690723695,8.213148714906566
15.624938124716115,9.261630690723695,8.213148714906566
30.887859145615966,9.261630690723695,0.1
29.84503632964072,4.230119242257327,8.816314477044378
15.624938124716115,9.261630690723695,8.213148714906566
15.8994906174953,9.482342055069937,9.941528413821592
15.624938124716115,9.261630690723695,8.213148714906566
20.70580108084453,9.261630690723695,6.588758649535064
15.624938124716115,17.71710494953161,8.551929796064753
23.04208072574574,9.243242602073547,8.584073619426595
17.487085974219074,16.162950906664868,8.55439411301683
14.186662525101605,0.026697071631008498,9.060121750930415
15.624938124716115,9.261630690723695,8.213148714906566
14.2835921028935,13.05950890785883,7.3102365363798345
23.04208072574574,17.71710494953161,9.027750547253396
15.624938124716115,9.261630690723695,9.879656649917846
15.624938124716115,17.71710494953161,7.117702742960451
23.04208072574574,17.71710494953161,7.80177347147517
15.8994906174953,3.547346064435653,9.701827754061224
15.624938124716115,9.261630690723695,8.139340177399816
6.595630933276283,3.338867252766833,8.209583320671138
16.152647160525177,9.261630690723695,9.701827754061224
1.0895521249602285,9.261630690723695,9.701827754061224
29.84503632964072,4.230119242257327,8.816314477044378
15.624938124716115,0.5816854987229814,8.507024280640909
15.624938124716115,9.261630690723695,8.213148714906566
9.6526629750965,5.733673814285729,7.9222883564670905
8.33348044720318,13.397428601072807,6.970788572105765
15.624938124716115,9.261630690723695,8.213148714906566
15.624938124716115,26.150986595131357,3.584219747534597
15.624938124716115,17.71710494953161,8.551929796064753
17.487085974219074,16.162950906664868,8.55439411301683
23.04208072574574,17.71710494953161,7.80177347147517
15.624938124716115,9.261630690723695,9.879656649917846
29.84503632964072,4.230119242257327,8.816314477044378
15.624938124716115,9.261630690723695,9.879656649917846
15.624938124716115,5.99842610086042,9.879656649917846
6.595630933276283,3.338867252766833,8.209583320671138
33.16895070644297,6.347235127451444,9.02181510554566
9.807513967345779,13.968051273951815,6.710376467945492
15.624938124716115,17.71710494953161,8.551929796064753
15.624938124716115,9.261630690723695,8.213148714906566
15.624938124716115,0.5816854987229814,8.507024280640909
17.487085974219074,16.162950906664868,8.55439411301683
23.04208072574574,17.71710494953161,7.80177347147517
1.0895521249602285,9.261630690723695,9.701827754061224
15.624938124716115,9.261630690723695,8.213148714906566
15.624938124716115,17.71710494953161,8.551929796064753
15.624938124716115,9.261630690723695,9.879656649917846
15.624938124716115,9.261630690723695,9.879656649917846
23.04208072574574,17.71710494953161,9.027750547253396
15.303039753473534,9.243242602073547,6.9668628433191415
22.00714590799492,15.688799130720197,8.821850231025264
29.84503632964072,4.230119242257327,8.816314477044378
13.49553652315246,4.35707216988964,8.825154857454239
15.624938124716115,9.261630690723695,8.213148714906566
15.624938124716115,17.71710494953161,8.551929796064753
15.624938124716115,9.261630690723695,8.213148714906566
15.624938124716115,17.71710494953161,7.117702742960451
17.487085974219074,16.162950906664868,8.55439411301683
23.04208072574574,17.71710494953161,7.80177347147517
15.624938124716115,9.261630690723695,9.879656649917846
29.774274472321995,9.261630690723695,7.449749266126318
9.6526629750965,5.733673814285729,7.9222883564670905
15.624938124716115,9.261630690723695,8.213148714906566
15.624938124716115,5.99842610086042,9.879656649917846
5.435428969364455,9.261630690723695,8.715407201719485
16.152647160525177,9.261630690723695,9.701827754061224
7.408421895811156,8.500317950118545,5.22823302693494
29.84503632964072,4.230119242257327,8.816314477044378
31.166934606805484,18.05629206091251,9.64548124459033
29.84503632964072,9.243242602073547,8.215280016962726
15.624938124716115,9.261630690723695,8.213148714906566
18.75439754452072,0.2932213957568788,8.421920857490985
23.04208072574574,17.71710494953161,7.80177347147517
15.624938124716115,17.71710494953161,8.551929796064753
17.487085974219074,16.162950906664868,8.55439411301683
23.04208072574574,9.261630690723695,8.582722747395335
23.04208072574574,17.71710494953161,9.027750547253396
20.70580108084453,9.261630690723695,6.588758649535064
16.917695802658347,17.95828264117946,5.651201713893765
13.909722323591856,9.261630690723695,9.009390289768572
15.624938124716115,9.261630690723695,8.213148714906566
8.33348044720318,13.397428601072807,6.970788572105765
15.8994906174953,2.864608186296417,9.701827754061224
29.84503632964072,4.230119242257327,8.816314477044378
15.624938124716115,10.592298693821238,9.879656649917846
15.624938124716115,9.261630690723695,8.213148714906566
15.624938124716115,17.71710494953161,8.551929796064753
17.487085974219074,16.162950906664868,8.55439411301683
15.624938124716115,26.150986595131357,3.584219747534597
23.04208072574574,17.71710494953161,9.027750547253396
23.04208072574574,17.71710494953161,7.80177347147517
15.624938124716115,9.261630690723695,8.213148714906566
15.624938124716115,9.261630690723695,9.879656649917846
9.6526629750965,5.733673814285729,7.9222883564670905
15.624938124716115,9.261630690723695,8.213148714906566
29.774274472321995,9.261630690723695,7.449749266126318
15.624938124716115,17.71710494953161,8.551929796064753
31.166934606805484,18.05629206091251,9.64548124459033
29.84503632964072,7.856697106473327,8.355850907760402
29.84503632964072,4.230119242257327,8.816314477044378
28.80274061118247,13.388917017996803,7.095155862315753
15.624938124716115,9.261630690723695,8.213148714906566
15.8994906174953,9.482342055069937,9.941528413821592
17.487085974219074,16.162950906664868,8.55439411301683
3.264399545251198,9.261630690723695,9.879656649917846
15.624938124716115,17.71710494953161,8.551929796064753
23.04208072574574,17.71710494953161,9.027750547253396
23.04208072574574,17.71710494953161,7.80177347147517
29.774274472321995,9.261630690723695,7.449749266126318
15.624938124716115,9.261630690723695,8.213148714906566
9.6526629750965,5.733673814285729,7.9222883564670905
15.624938124716115,9.261630690723695,9.879656649917846
15.624938124716115,9.261630690723695,9.879656649917846
15.8994906174953,2.864608186296417,9.701827754061224
29.84503632964072,4.230119242257327,8.816314477044378
1.8408625373430567,9.261630690723695,8.657771260708042
22.3617438084043,9.087105450048842,8.491537721711916
15.624938124716115,9.261630690723695,8.213148714906566
15.624938124716115,9.261630690723695,9.879656649917846
15.624938124716115,17.71710494953161,8.551929796064753
15.8994906174953,7.6615615385794875,8.430232965455192
17.487085974219074,16.162950906664868,8.55439411301683
23.04208072574574,17.71710494953161,9.027750547253396
23.04208072574574,17.71710494953161,7.80177347147517
15.624938124716115,9.261630690723695,8.213148714906566
9.6526629750965,5.733673814285729,7.9222883564670905
29.774274472321995,17.71710494953161,8.536986315988122
15.624938124716115,9.261630690723695,8.213148714906566
13.49553652315246,4.35707216988964,8.825154857454239
5.435428969364455,9.261630690723695,8.715407201719485
14.186662525101605,0.026697071631008498,9.060121750930415
15.624938124716115,9.261630690723695,8.209583320671138
15.624938124716115,9.261630690723695,8.213148714906566
29.84503632964072,4.230119242257327,8.816314477044378
15.624938124716115,9.261630690723695,8.213148714906566
15.624938124716115,17.71710494953161,8.551929796064753
17.487085974219074,16.162950906664868,8.55439411301683
23.04208072574574,17.71710494953161,9.027750547253396
23.04208072574574,17.71710494953161,7.80177347147517
31.166934606805484,18.05629206091251,9.64548124459033
15.624938124716115,9.261630690723695,9.879656649917846
15.624938124716115,9.261630690723695,8.213148714906566
9.6526629750965,5.733673814285729,7.9222883564670905
15.277172162355294,16.07498861860817,5.701074271818676
17.487085974219074,16.162950906664868,8.55439411301683
9.6526629750965,5.80782959941832,9.970057829689795
1.8408625373430567,9.261630690723695,8.657771260708042
14.400130593055529,6.655449900052004,7.020635996931359
28.80274061118247,13.388917017996803,7.095155862315753
15.624938124716115,9.261630690723695,8.213148714906566
23.04208072574574,9.261630690723695,8.582722747395335
29.84503632964072,4.230119242257327,8.816314477044378
15.624938124716115,9.261630690723695,8.213148714906566
15.624938124716115,17.71710494953161,8.551929796064753
23.04208072574574,17.71710494953161,9.027750547253396
29.774274472321995,17.71710494953161,9.918786090744238
23.04208072574574,17.71710494953161,7.80177347147517
9.6526629750965,7.733472836128506,7.487502471163083
15.624938124716115,9.261630690723695,8.213148714906566
15.624938124716115,9.261630690723695,9.879656649917846
9.6526629750965,7.733472836128506,7.487502471163083
23.04208072574574,17.71710494953161,9.027750547253396
29.84503632964072,9.243242602073547,8.215280016962726
29.84503632964072,4.230119242257327,8.816314477044378
1.0895521249602285,9.261630690723695,9.701827754061224
15.624938124716115,9.261630690723695,8.213148714906566
33.16895070644297,6.347235127451444,9.02181510554566
15.624938124716115,17.71710494953161,8.551929796064753
3.264399545251198,9.261630690723695,9.879656649917846
15.8994906174953,9.261630690723695,9.701827754061224
17.487085974219074,16.162950906664868,8.55439411301683
15.624938124716115,9.261630690723695,8.209583320671138
15.624938124716115,10.418365441077325,9.879656649917846
23.04208072574574,17.71710494953161,7.80177347147517
15.624938124716115,9.261630690723695,8.213148714906566
15.624938124716115,9.261630690723695,9.879656649917846
15.624938124716115,9.261630690723695,9.879656649917846
30.763257850048703,11.235006251902401,8.250748315150847
15.624938124716115,9.261630690723695,9.879656649917846
17.487085974219074,17.71710494953161,8.751783750122124
29.84503632964072,4.230119242257327,8.816314477044378
14.127287905630034,12.328561050283446,6.8740202309511345
15.624938124716115,9.261630690723695,8.213148714906566
13.909722323591856,9.261630690723695,9.009390289768572
15.624938124716115,17.71710494953161,8.551929796064753
17.487085974219074,16.162950906664868,8.55439411301683
23.04208072574574,17.71710494953161,9.027750547253396
9.6526629750965,7.733472836128506,7.487502471163083
23.04208072574574,17.71710494953161,7.80177347147517
6.595630933276283,3.338867252766833,8.209583320671138
15.624938124716115,9.261630690723695,8.213148714906566
15.624938124716115,9.261630690723695,9.879656649917846
30.887859145615966,9.261630690723695,0.1
29.84503632964072,7.856697106473327,8.355850907760402
15.624938124716115,17.71710494953161,8.551929796064753
29.84503632964072,4.230119242257327,8.816314477044378
17.487085974219074,16.162950906664868,8.55439411301683
15.624938124716115,9.261630690723695,8.213148714906566
22.00714590799492,15.688799130720197,8.821850231025264
23.04208072574574,17.71710494953161,9.027750547253396
23.04208072574574,17.71710494953161,7.80177347147517
15.624938124716115,9.261630690723695,8.213148714906566
15.624938124716115,9.261630690723695,9.879656649917846
9.6526629750965,5.733673814285729,7.9222883564670905
15.624938124716115,5.99842610086042,9.879656649917846
15.624938124716115,9.261630690723695,8.213148714906566
29.774274472321995,9.261630690723695,7.449749266126318
15.624938124716115,9.261630690723695,9.879656649917846
22.00714590799492,15.688799130720197,8.821850231025264
15.8994906174953,7.6615615385794875,8.430232965455192
29.84503632964072,4.230119242257327,8.816314477044378
23.04208072574574,17.71710494953161,9.027750547253396
23.04208072574574,9.261630690723695,8.582722747395335
15.624938124716115,0.5816854987229814,8.507024280640909
16.917695802658347,17.95828264117946,5.651201713893765
23.04208072574574,9.243242602073547,8.584073619426595
15.8994906174953,9.261630690723695,9.701827754061224
33.16895070644297,6.347235127451444,9.02181510554566
15.277172162355294,16.07498861860817,5.701074271818676
15.624938124716115,9.261630690723695,8.213148714906566
15.624938124716115,17.71710494953161,8.551929796064753
15.624938124716115,9.261630690723695,9.879656649917846
17.487085974219074,16.162950906664868,8.55439411301683
23.04208072574574,17.71710494953161,7.80177347147517
14.2835921028935,13.05950890785883,7.3102365363798345
22.00714590799492,15.688799130720197,8.821850231025264
29.84503632964072,4.230119242257327,8.816314477044378
15.624938124716115,9.261630690723695,8.213148714906566
3.264399545251198,9.261630690723695,9.879656649917846
20.70580108084453,9.261630690723695,6.588758649535064
15.624938124716115,17.71710494953161,8.551929796064753
23.04208072574574,17.71710494953161,7.80177347147517
17.487085974219074,16.162950906664868,8.55439411301683
23.04208072574574,17.71710494953161,9.027750547253396
15.624938124716115,9.261630690723695,8.213148714906566
15.624938124716115,9.261630690723695,9.879656649917846
9.6526629750965,5.733673814285729,7.9222883564670905
14.186662525101605,0.026697071631008498,9.060121750930415
9.6526629750965,5.80782959941832,9.970057829689795
15.624938124716115,9.261630690723695,8.213148714906566
3.264399545251198,9.261630690723695,9.879656649917846
15.624938124716115,9.261630690723695,8.213148714906566
29.84503632964072,4.230119242257327,8.816314477044378
15.624938124716115,9.261630690723695,8.213148714906566
15.8994906174953,2.864608186296417,9.701827754061224
15.624938124716115,17.71710494953161,8.551929796064753
17.487085974219074,16.162950906664868,8.55439411301683
23.04208072574574,17.71710494953161,9.027750547253396
23.04208072574574,17.71710494953161,7.80177347147517
15.624938124716115,9.261630690723695,8.213148714906566
15.624938124716115,9.261630690723695,9.879656649917846
9.6526629750965,5.733673814285729,7.9222883564670905
15.624938124716115,9.261630690723695,8.213148714906566
29.774274472321995,9.261630690723695,7.449749266126318
15.624938124716115,5.99842610086042,9.879656649917846
15.624938124716115,9.261630690723695,9.879656649917846
15.624938124716115,10.418365441077325,9.879656649917846
7.84589512834175,9.261630690723695,5.081821889710558
15.624938124716115,9.261630690723695,9.879656649917846
15.624938124716115,9.261630690723695,8.213148714906566
15.624938124716115,17.71710494953161,8.551929796064753
16.152647160525177,9.261630690723695,9.701827754061224
18.75439754452072,0.2932213957568788,8.421920857490985
29.84503632964072,4.230119242257327,8.816314477044378
15.624938124716115,9.261630690723695,8.213148714906566
15.624938124716115,17.71710494953161,8.551929796064753
5.435428969364455,9.261630690723695,8.715407201719485
3.264399545251198,9.261630690723695,9.879656649917846
17.487085974219074,16.162950906664868,8.55439411301683
23.04208072574574,17.71710494953161,9.027750547253396
23.04208072574574,17.71710494953161,7.80177347147517
9.6526629750965,5.733673814285729,7.9222883564670905
15.8994906174953,3.547346064435653,9.701827754061224
6.661538728133964,9.261630690723695,7.76650945258261
29.774274472321995,9.261630690723695,0.7150672691089852
15.8994906174953,7.6615615385794875,8.430232965455192
15.8994906174953,9.261630690723695,9.701827754061224
29.84503632964072,4.230119242257327,8.816314477044378
16.152647160525177,9.261630690723695,9.701827754061224
15.624938124716115,9.261630690723695,8.213148714906566
15.624938124716115,17.71710494953161,8.551929796064753
17.487085974219074,16.162950906664868,8.55439411301683
23.04208072574574,17.71710494953161,9.027750547253396
23.04208072574574,17.71710494953161,7.80177347147517
15.624938124716115,9.261630690723695,8.213148714906566
15.624938124716115,9.261630690723695,9.879656649917846
15.624938124716115,9.261630690723695,8.213148714906566
9.6526629750965,5.733673814285729,7.9222883564670905
9.6526629750965,5.80782959941832,9.970057829689795
41.306535913959465,1.7568407973972286,9.879656649917846
15.624938124716115,9.261630690723695,9.879656649917846
15.624938124716115,9.261630690723695,9.879656649917846
15.624938124716115,9.261630690723695,8.213148714906566
29.84503632964072,4.230119242257327,8.816314477044378
15.624938124716115,10.592298693821238,9.879656649917846
15.624938124716115,17.71710494953161,8.551929796064753
29.84503632964072,9.243242602073547,8.215280016962726
17.487085974219074,16.162950906664868,8.55439411301683
1.0895521249602285,9.261630690723695,9.701827754061224
23.04208072574574,17.71710494953161,9.027750547253396
23.04208072574574,17.71710494953161,7.80177347147517
15.624938124716115,9.261630690723695,8.213148714906566
15.624938124716115,9.261630690723695,9.879656649917846
9.6526629750965,5.733673814285729,7.9222883564670905
18.75439754452072,0.2932213957568788,8.421920857490985
22.00714590799492,15.688799130720197,8.821850231025264
29.84503632964072,4.230119242257327,8.816314477044378
15.624938124716115,9.261630690723695,8.213148714906566
15.624938124716115,17.71710494953161,7.117702742960451
15.624938124716115,17.71710494953161,8.551929796064753
17.487085974219074,16.162950906664868,8.55439411301683
15.624938124716115,9.261630690723695,8.213148714906566
23.04208072574574,9.261630690723695,8.582722747395335
23.04208072574574,17.71710494953161,9.027750547253396
23.04208072574574,17.71710494953161,7.80177347147517
15.624938124716115,9.261630690723695,8.213148714906566
15.624938124716115,9.261630690723695,9.879656649917846
9.6526629750965,5.733673814285729,7.9222883564670905
29.774274472321995,9.261630690723695,7.449749266126318
15.624938124716115,5.99842610086042,9.879656649917846
15.8994906174953,2.864608186296417,9.701827754061224
30.887859145615966,9.261630690723695,0.1
15.8994906174953,9.482342055069937,9.941528413821592
18.75439754452072,0.2932213957568788,8.421920857490985
15.624938124716115,9.261630690723695,9.879656649917846
29.84503632964072,4.230119242257327,8.816314477044378
15.624938124716115,9.261630690723695,8.213148714906566
15.624938124716115,17.71710494953161,8.551929796064753
17.487085974219074,16.162950906664868,8.55439411301683
23.04208072574574,17.71710494953161,9.027750547253396
23.04208072574574,17.71710494953161,7.80177347147517
15.624938124716115,9.261630690723695,8.213148714906566
15.624938124716115,9.261630690723695,9.879656649917846
9.6526629750965,5.733673814285729,7.9222883564670905
29.774274472321995,9.261630690723695,7.449749266126318
15.624938124716115,9.261630690723695,8.213148714906566
29.84503632964072,4.230119242257327,8.816314477044378
6.661538728133964,9.261630690723695,7.76650945258261
7.84589512834175,9.261630690723695,5.081821889710558
29.84503632964072,7.856697106473327,8.355850907760402
15.624938124716115,9.261630690723695,8.213148714906566
15.624938124716115,17.71710494953161,8.551929796064753
17.487085974219074,16.162950906664868,8.55439411301683
15.624938124716115,9.261630690723695,8.213148714906566
15.303039753473534,9.243242602073547,6.9668628433191415
8.33348044720318,13.397428601072807,6.970788572105765
29.774274472321995,17.71710494953161,8.536986315988122
23.04208072574574,17.71710494953161,9.027750547253396
23.04208072574574,17.71710494953161,7.80177347147517
15.624938124716115,9.261630690723695,8.213148714906566
15.624938124716115,9.261630690723695,9.879656649917846
9.807513967345779,13.968051273951815,6.710376467945492
18.75439754452072,0.2932213957568788,8.421920857490985
5.435428969364455,9.261630690723695,8.715407201719485
20.70580108084453,9.261630690723695,6.588758649535064
29.774274472321995,9.261630690723695,0.7150672691089852
17.487085974219074,17.71710494953161,8.751783750122124
15.624938124716115,10.418365441077325,9.879656649917846
29.84503632964072,4.230119242257327,8.816314477044378
15.624938124716115,9.261630690723695,8.213148714906566
15.624938124716115,17.71710494953161,8.551929796064753
17.487085974219074,16.162950906664868,8.55439411301683
23.04208072574574,17.71710494953161,9.027750547253396
23.04208072574574,17.71710494953161,7.80177347147517
15.624938124716115,9.261630690723695,8.213148714906566
15.624938124716115,9.261630690723695,8.213148714906566
15.624938124716115,9.261630690723695,9.879656649917846
15.624938124716115,9.261630690723695,8.213148714906566
1.0895521249602285,9.261630690723695,9.701827754061224
15.624938124716115,9.261630690723695,9.879656649917846
28.80274061118247,13.388917017996803,7.095155862315753
13.909722323591856,9.261630690723695,9.009390289768572
1.8408625373430567,9.261630690723695,8.657771260708042
29.84503632964072,4.230119242257327,8.816314477044378
15.624938124716115,9.261630690723695,8.213148714906566
15.624938124716115,17.71710494953161,8.551929796064753
17.487085974219074,16.162950906664868,8.55439411301683
23.04208072574574,17.71710494953161,9.027750547253396
15.624938124716115,9.261630690723695,9.879656649917846
15.624938124716115,5.99842610086042,9.879656649917846
23.04208072574574,9.261630690723695,8.582722747395335
23.04208072574574,17.71710494953161,7.80177347147517
15.624938124716115,9.261630690723695,8.213148714906566
15.624938124716115,9.261630690723695,9.879656649917846
15.624938124716115,9.261630690723695,8.213148714906566
16.917695802658347,17.95828264117946,5.651201713893765
23.04208072574574,9.261630690723695,8.582722747395335
29.84503632964072,4.230119242257327,8.816314477044378
15.624938124716115,9.261630690723695,8.213148714906566
15.624938124716115,17.71710494953161,8.551929796064753
15.624938124716115,17.71710494953161,7.117702742960451
17.487085974219074,16.162950906664868,8.55439411301683
23.04208072574574,17.71710494953161,9.027750547253396
23.04208072574574,17.71710494953161,7.80177347147517
15.624938124716115,9.261630690723695,8.213148714906566
15.624938124716115,9.261630690723695,9.879656649917846
15.624938124716115,5.99842610086042,9.879656649917846
15.624938124716115,26.150986595131357,3.584219747534597
9.6526629750965,5.733673814285729,7.9222883564670905
29.774274472321995,9.261630690723695,7.449749266126318
15.624938124716115,17.71710494953161,8.551929796064753
22.3617438084043,9.087105450048842,8.491537721711916
15.624938124716115,10.592298693821238,9.879656649917846
29.84503632964072,4.230119242257327,8.816314477044378
15.624938124716115,9.261630690723695,8.213148714906566
15.624938124716115,17.71710494953161,8.551929796064753
17.487085974219074,16.162950906664868,8.55439411301683
9.6526629750965,5.733673814285729,7.9222883564670905
23.04208072574574,17.71710494953161,9.027750547253396
23.04208072574574,17.71710494953161,7.80177347147517
15.624938124716115,9.261630690723695,8.213148714906566
15.624938124716115,9.261630690723695,9.879656649917846
9.6526629750965,7.733472836128506,7.487502471163083
15.277172162355294,16.07498861860817,5.701074271818676
15.624938124716115,9.261630690723695,8.139340177399816
15.624938124716115,5.99842610086042,9.879656649917846
3.264399545251198,9.261630690723695,9.879656649917846
22.00714590799492,15.688799130720197,8.821850231025264
29.84503632964072,4.230119242257327,8.816314477044378
29.84503632964072,9.243242602073547,8.215280016962726
15.624938124716115,9.261630690723695,8.213148714906566
15.624938124716115,10.592298693821238,9.879656649917846
15.624938124716115,17.71710494953161,8.551929796064753
17.487085974219074,16.162950906664868,8.55439411301683
23.04208072574574,17.71710494953161,9.027750547253396
23.04208072574574,17.71710494953161,7.80177347147517
43.5169041643831,17.71710494953161,5.265695728117741
15.624938124716115,9.261630690723695,8.213148714906566
9.6526629750965,9.261630690723695,7.507344615141856
29.774274472321995,9.261630690723695,7.449749266126318
15.624938124716115,9.261630690723695,9.879656649917846
9.6526629750965,5.733673814285729,7.9222883564670905
15.624938124716115,10.592298693821238,9.879656649917846
15.624938124716115,9.261630690723695,8.213148714906566
22.3617438084043,9.087105450048842,8.491537721711916
29.84503632964072,4.230119242257327,8.816314477044378
15.624938124716115,17.71710494953161,8.551929796064753
15.624938124716115,9.261630690723695,8.139340177399816
17.487085974219074,16.162950906664868,8.55439411301683
23.04208072574574,17.71710494953161,9.027750547253396
23.04208072574574,17.71710494953161,7.80177347147517
15.624938124716115,9.261630690723695,8.213148714906566
8.08612513910482,0.14550416950397227,8.524443382400541
15.624938124716115,9.261630690723695,9.879656649917846
9.6526629750965,5.733673814285729,7.9222883564670905
15.624938124716115,9.261630690723695,8.213148714906566
29.774274472321995,9.261630690723695,7.449749266126318
15.624938124716115,5.99842610086042,9.879656649917846
15.624938124716115,0.5816854987229814,8.507024280640909
29.774274472321995,17.71710494953161,8.536986315988122
30.887859145615966,9.261630690723695,0.1
29.84503632964072,4.230119242257327,8.816314477044378
15.624938124716115,9.261630690723695,8.213148714906566
29.774274472321995,9.261630690723695,7.449749266126318
15.624938124716115,17.71710494953161,8.551929796064753
15.8994906174953,7.6615615385794875,8.430232965455192
29.774274472321995,17.71710494953161,9.918786090744238
17.487085974219074,16.162950906664868,8.55439411301683
23.04208072574574,17.71710494953161,9.027750547253396
23.04208072574574,17.71710494953161,7.80177347147517
15.624938124716115,9.261630690723695,8.213148714906566
15.624938124716115,9.261630690723695,9.879656649917846
9.6526629750965,5.733673814285729,7.9222883564670905
15.624938124716115,9.261630690723695,8.213148714906566
15.624938124716115,9.261630690723695,8.213148714906566
29.84503632964072,4.230119242257327,8.816314477044378
15.624938124716115,9.261630690723695,9.879656649917846
15.624938124716115,17.71710494953161,8.551929796064753
17.487085974219074,16.162950906664868,8.55439411301683
23.04208072574574,17.71710494953161,9.027750547253396
23.04208072574574,17.71710494953161,7.80177347147517
9.6526629750965,5.733673814285729,7.9222883564670905
30.887859145615966,9.261630690723695,0.1
17.487085974219074,17.71710494953161,8.751783750122124
15.624938124716115,9.261630690723695,8.213148714906566
15.624938124716115,9.261630690723695,9.879656649917846
13.909722323591856,9.261630690723695,9.009390289768572
1.8408625373430567,9.261630690723695,8.657771260708042
13.909722323591856,9.261630690723695,9.009390289768572
15.624938124716115,9.261630690723695,8.213148714906566
23.04208072574574,9.261630690723695,8.582722747395335
15.624938124716115,9.261630690723695,9.879656649917846
15.624938124716115,17.71710494953161,8.551929796064753
15.624938124716115,9.261630690723695,8.213148714906566
29.84503632964072,4.230119242257327,8.816314477044378
5.590300773764943,5.733673814285729,7.502006538914182
29.774274472321995,9.261630690723695,7.449749266126318
9.6526629750965,5.733673814285729,7.9222883564670905
15.624938124716115,9.261630690723695,8.213148714906566
29.84503632964072,7.856697106473327,8.355850907760402
23.04208072574574,17.71710494953161,7.80177347147517
30.887859145615966,9.261630690723695,0.1
17.487085974219074,16.162950906664868,8.55439411301683
15.624938124716115,9.261630690723695,9.879656649917846
8.08612513910482,0.14550416950397227,8.524443382400541
23.04208072574574,17.71710494953161,9.027750547253396
29.774274472321995,9.261630690723695,7.449749266126318
9.6526629750965,5.80782959941832,9.970057829689795
29.774274472321995,9.261630690723695,0.7150672691089852
6.661538728133964,9.261630690723695,7.76650945258261
6.595630933276283,3.338867252766833,8.209583320671138
9.6526629750965,7.733472836128506,7.487502471163083
15.624938124716115,26.150986595131357,3.584219747534597
15.303039753473534,9.243242602073547,6.9668628433191415
29.84503632964072,4.230119242257327,8.816314477044378
15.624938124716115,9.261630690723695,8.213148714906566
15.624938124716115,17.71710494953161,8.551929796064753
23.04208072574574,17.71710494953161,9.027750547253396
17.487085974219074,16.162950906664868,8.55439411301683
23.04208072574574,17.71710494953161,7.80177347147517
15.624938124716115,9.261630690723695,8.209583320671138
15.624938124716115,9.261630690723695,8.213148714906566
15.624938124716115,9.261630690723695,8.213148714906566
23.04208072574574,9.261630690723695,8.582722747395335
23.04208072574574,9.243242602073547,8.584073619426595
15.303039753473534,9.243242602073547,6.9668628433191415
15.624938124716115,9.261630690723695,8.213148714906566
15.624938124716115,17.71710494953161,7.117702742960451
43.5169041643831,17.71710494953161,5.265695728117741
23.04208072574574,17.71710494953161,9.027750547253396
23.04208072574574,17.71710494953161,7.80177347147517
29.84503632964072,4.230119242257327,8.816314477044378
15.624938124716115,9.261630690723695,8.139340177399816
15.624938124716115,17.71710494953161,8.551929796064753
17.487085974219074,16.162950906664868,8.55439411301683
15.624938124716115,9.261630690723695,9.879656649917846
9.6526629750965,5.733673814285729,7.9222883564670905
15.624938124716115,9.261630690723695,8.213148714906566
29.84503632964072,9.243242602073547,8.215280016962726
29.84503632964072,9.243242602073547,8.215280016962726
15.624938124716115,9.261630690723695,8.213148714906566
29.84503632964072,4.230119242257327,8.816314477044378
15.624938124716115,9.261630690723695,8.213148714906566
15.624938124716115,17.71710494953161,8.551929796064753
15.624938124716115,17.71710494953161,8.551929796064753
17.487085974219074,17.71710494953161,8.751783750122124
17.487085974219074,16.162950906664868,8.55439411301683
23.04208072574574,17.71710494953161,9.027750547253396
23.04208072574574,17.71710494953161,7.80177347147517
9.6526629750965,9.261630690723695,7.507344615141856
15.624938124716115,9.261630690723695,8.213148714906566
15.624938124716115,9.261630690723695,9.879656649917846
9.6526629750965,5.733673814285729,7.9222883564670905
15.624938124716115,9.261630690723695,8.213148714906566
