15.624938124716115,9.261630690723695,9.879656649917846
14.400130593055529,6.655449900052004,7.020635996931359
8.33348044720318,13.397428601072807,6.970788572105765
43.5169041643831,17.71710494953161,5.265695728117741
29.84503632964072,9.261630690723695,7.775115932565903
29.774274472321995,17.71710494953161,8.536986315988122
15.624938124716115,17.71710494953161,5.29041752807703
15.624938124716115,9.261630690723695,8.475935042970876
15.624938124716115,9.261630690723695,9.879656649917846
17.487085974219074,9.261630690723695,8.673535034896766
19.327726739620967,0.415112177146705,9.24471298292256
15.624938124716115,17.71710494953161,8.358328769340034
22.3617438084043,9.087105450048842,8.491537721711916
5.917771564421724,17.71710494953161,7.1122974687389515
15.624938124716115,9.261630690723695,8.475935042970876
29.84503632964072,9.243242602073547,0.6307787425743641
15.624938124716115,17.71710494953161,5.29041752807703
19.327726739620967,0.415112177146705,9.24471298292256
11.919304911454663,9.261630690723695,8.013845264733883
18.75439754452072,0.2932213957568788,8.421920857490985
29.84503632964072,9.261630690723695,7.775115932565903
15.624938124716115,9.261630690723695,9.879656649917846
29.84503632964072,9.243242602073547,0.6307787425743641
15.624938124716115,9.261630690723695,8.475935042970876
5.917771564421724,17.71710494953161,7.1122974687389515
31.166934606805484,18.05629206091251,9.64548124459033
33.16895070644297,3.055491384644035,0.1
5.590300773764943,5.733673814285729,7.502006538914182
11.397590053070065,16.162950906664868,8.030812806551419
15.624938124716115,17.71710494953161,8.358328769340034
15.624938124716115,9.261630690723695,9.879656649917846
29.774274472321995,9.261630690723695,7.449749266126318
15.624938124716115,17.71710494953161,8.358328769340034
9.6526629750965,5.80782959941832,9.970057829689795
15.624938124716115,10.418365441077325,9.879656649917846
43.5169041643831,17.71710494953161,5.265695728117741
9.6526629750965,4.230119242257327,7.076836874592146
15.8994906174953,2.864608186296417,9.701827754061224
30.763257850048703,11.235006251902401,8.250748315150847
15.624938124716115,9.261630690723695,8.139340177399816
15.624938124716115,5.99842610086042,8.00904909157919
29.84503632964072,9.261630690723695,7.775115932565903
15.624938124716115,9.261630690723695,8.475935042970876
15.624938124716115,9.261630690723695,9.879656649917846
23.04208072574574,9.261630690723695,5.075539718395277
15.624938124716115,10.592298693821238,8.848965203979565
15.624938124716115,9.261630690723695,9.879656649917846
5.917771564421724,17.71710494953161,7.1122974687389515
6.661538728133964,4.183147596213996,7.76650945258261
15.624938124716115,9.261630690723695,9.879656649917846
29.84503632964072,9.261630690723695,7.775115932565903
22.3617438084043,9.087105450048842,8.491537721711916
15.624938124716115,9.261630690723695,8.475935042970876
5.917771564421724,17.71710494953161,7.1122974687389515
11.397590053070065,16.162950906664868,8.030812806551419
15.624938124716115,17.71710494953161,5.29041752807703
6.595630933276283,1.47912468380805,0.1
15.624938124716115,17.71710494953161,8.358328769340034
15.624938124716115,9.261630690723695,8.475935042970876
48.32260209301782,26.066662153651823,8.879372613110336
15.624938124716115,9.261630690723695,9.879656649917846
5.435428969364455,2.009563956433756,8.715407201719485
11.919304911454663,9.261630690723695,8.013845264733883
15.624938124716115,5.99842610086042,8.00904909157919
15.624938124716115,4.230119242257327,0.1
29.84503632964072,9.261630690723695,7.775115932565903
15.624938124716115,9.261630690723695,8.475935042970876
15.8994906174953,9.482342055069937,9.941528413821592
11.919304911454663,9.261630690723695,8.013845264733883
20.70580108084453,9.261630690723695,6.588758649535064
5.917771564421724,17.71710494953161,7.1122974687389515
23.04208072574574,9.243242602073547,5.045849672322893
11.397590053070065,16.162950906664868,8.030812806551419
14.186662525101605,0.026697071631008498,9.060121750930415
15.624938124716115,5.99842610086042,8.00904909157919
14.2835921028935,13.05950890785883,7.3102365363798345
15.624938124716115,17.71710494953161,5.29041752807703
15.624938124716115,9.261630690723695,9.879656649917846
15.624938124716115,17.71710494953161,7.117702742960451
15.624938124716115,17.71710494953161,8.358328769340034
15.8994906174953,3.547346064435653,9.701827754061224
15.624938124716115,9.261630690723695,8.139340177399816
6.595630933276283,1.47912468380805,0.1
16.152647160525177,9.261630690723695,9.701827754061224
1.0895521249602285,9.261630690723695,9.701827754061224
29.84503632964072,9.261630690723695,7.775115932565903
0.906358620054192,0.5816854987229814,8.507024280640909
11.919304911454663,9.261630690723695,8.013845264733883
15.624938124716115,9.261630690723695,8.475935042970876
8.33348044720318,13.397428601072807,6.970788572105765
15.624938124716115,9.261630690723695,8.475935042970876
9.6526629750965,3.7829013632385733,7.073076159813157
5.917771564421724,17.71710494953161,7.1122974687389515
11.397590053070065,16.162950906664868,8.030812806551419
15.624938124716115,17.71710494953161,8.358328769340034
15.624938124716115,9.261630690723695,9.879656649917846
29.84503632964072,9.261630690723695,7.775115932565903
0.709358726645748,9.261630690723695,7.280405329870126
15.624938124716115,5.99842610086042,9.879656649917846
6.595630933276283,1.47912468380805,0.1
33.16895070644297,3.055491384644035,0.1
9.807513967345779,13.968051273951815,6.710376467945492
15.624938124716115,17.71710494953161,8.551929796064753
15.624938124716115,9.261630690723695,8.475935042970876
0.906358620054192,0.5816854987229814,8.507024280640909
11.397590053070065,16.162950906664868,8.030812806551419
15.624938124716115,17.71710494953161,8.358328769340034
1.0895521249602285,9.261630690723695,9.701827754061224
15.624938124716115,5.99842610086042,8.00904909157919
5.917771564421724,17.71710494953161,7.1122974687389515
15.624938124716115,9.261630690723695,9.879656649917846
15.624938124716115,9.261630690723695,9.879656649917846
15.624938124716115,17.71710494953161,5.29041752807703
15.303039753473534,9.243242602073547,6.9668628433191415
8.817042948001985,15.688799130720197,3.371301965908559
29.84503632964072,9.261630690723695,7.775115932565903
13.49553652315246,5.514439464179719,8.825154857454239
15.624938124716115,9.261630690723695,8.475935042970876
5.917771564421724,17.71710494953161,7.1122974687389515
11.919304911454663,9.261630690723695,8.013845264733883
15.624938124716115,17.71710494953161,7.117702742960451
11.397590053070065,16.162950906664868,8.030812806551419
15.624938124716115,17.71710494953161,8.358328769340034
0.709358726645748,9.261630690723695,7.280405329870126
29.774274472321995,9.261630690723695,7.449749266126318
15.624938124716115,9.261630690723695,8.475935042970876
15.624938124716115,5.99842610086042,8.00904909157919
15.624938124716115,5.99842610086042,9.879656649917846
5.435428969364455,2.009563956433756,8.715407201719485
16.152647160525177,9.261630690723695,9.701827754061224
7.408421895811156,3.208742665847102,5.22823302693494
29.84503632964072,9.261630690723695,7.775115932565903
31.166934606805484,18.05629206091251,9.64548124459033
29.84503632964072,9.243242602073547,0.6307787425743641
15.624938124716115,9.261630690723695,8.475935042970876
18.75439754452072,0.2932213957568788,8.421920857490985
15.624938124716115,17.71710494953161,8.358328769340034
5.917771564421724,17.71710494953161,7.1122974687389515
11.397590053070065,16.162950906664868,8.030812806551419
23.04208072574574,9.261630690723695,5.075539718395277
15.624938124716115,17.71710494953161,5.29041752807703
20.70580108084453,9.261630690723695,6.588758649535064
17.487085974219074,9.261630690723695,8.673535034896766
13.909722323591856,9.261630690723695,9.009390289768572
15.624938124716115,9.261630690723695,9.879656649917846
8.33348044720318,13.397428601072807,6.970788572105765
15.8994906174953,2.864608186296417,9.701827754061224
29.84503632964072,9.261630690723695,7.775115932565903
15.624938124716115,10.592298693821238,8.848965203979565
15.624938124716115,9.261630690723695,8.475935042970876
5.917771564421724,17.71710494953161,7.1122974687389515
11.397590053070065,16.162950906664868,8.030812806551419
9.6526629750965,3.7829013632385733,7.073076159813157
15.624938124716115,17.71710494953161,5.29041752807703
15.624938124716115,17.71710494953161,8.358328769340034
11.919304911454663,9.261630690723695,8.013845264733883
0.709358726645748,9.261630690723695,7.280405329870126
15.624938124716115,9.261630690723695,8.475935042970876
15.624938124716115,5.99842610086042,8.00904909157919
29.774274472321995,9.261630690723695,7.449749266126318
5.917771564421724,17.71710494953161,7.1122974687389515
31.166934606805484,18.05629206091251,9.64548124459033
29.84503632964072,7.856697106473327,8.355850907760402
29.84503632964072,9.261630690723695,7.775115932565903
28.80274061118247,13.388917017996803,7.095155862315753
15.624938124716115,9.261630690723695,8.475935042970876
15.8994906174953,9.482342055069937,9.941528413821592
11.397590053070065,16.162950906664868,8.030812806551419
3.264399545251198,9.261630690723695,9.879656649917846
15.624938124716115,17.71710494953161,8.551929796064753
15.624938124716115,17.71710494953161,5.29041752807703
15.624938124716115,17.71710494953161,8.358328769340034
29.774274472321995,9.261630690723695,7.449749266126318
11.919304911454663,9.261630690723695,8.013845264733883
15.624938124716115,9.261630690723695,8.475935042970876
0.709358726645748,9.261630690723695,7.280405329870126
0.709358726645748,9.261630690723695,7.280405329870126
15.8994906174953,2.864608186296417,9.701827754061224
29.84503632964072,9.261630690723695,7.775115932565903
1.8408625373430567,9.261630690723695,8.657771260708042
22.3617438084043,9.087105450048842,8.491537721711916
15.624938124716115,9.261630690723695,8.475935042970876
15.624938124716115,9.261630690723695,9.879656649917846
5.917771564421724,17.71710494953161,7.1122974687389515
15.8994906174953,7.6615615385794875,8.430232965455192
11.397590053070065,16.162950906664868,8.030812806551419
15.624938124716115,17.71710494953161,5.29041752807703
15.624938124716115,17.71710494953161,8.358328769340034
11.919304911454663,9.261630690723695,8.013845264733883
15.624938124716115,9.261630690723695,8.475935042970876
29.774274472321995,17.71710494953161,8.536986315988122
15.624938124716115,5.99842610086042,8.00904909157919
13.49553652315246,5.514439464179719,8.825154857454239
5.435428969364455,2.009563956433756,8.715407201719485
14.186662525101605,0.026697071631008498,9.060121750930415
15.624938124716115,9.261630690723695,8.209583320671138
15.624938124716115,9.261630690723695,9.879656649917846
29.84503632964072,9.261630690723695,7.775115932565903
15.624938124716115,9.261630690723695,8.475935042970876
5.917771564421724,17.71710494953161,7.1122974687389515
11.397590053070065,16.162950906664868,8.030812806551419
15.624938124716115,17.71710494953161,5.29041752807703
15.624938124716115,17.71710494953161,8.358328769340034
31.166934606805484,18.05629206091251,9.64548124459033
0.709358726645748,9.261630690723695,7.280405329870126
11.919304911454663,9.261630690723695,8.013845264733883
15.624938124716115,9.261630690723695,8.475935042970876
15.624938124716115,9.261630690723695,8.475935042970876
11.397590053070065,16.162950906664868,8.030812806551419
9.6526629750965,5.80782959941832,9.970057829689795
1.8408625373430567,9.261630690723695,8.657771260708042
14.400130593055529,6.655449900052004,7.020635996931359
28.80274061118247,13.388917017996803,7.095155862315753
15.624938124716115,5.99842610086042,8.00904909157919
23.04208072574574,9.261630690723695,5.075539718395277
29.84503632964072,9.261630690723695,7.775115932565903
15.624938124716115,9.261630690723695,8.475935042970876
5.917771564421724,17.71710494953161,7.1122974687389515
15.624938124716115,17.71710494953161,5.29041752807703
29.774274472321995,27.65547855329089,9.918786090744238
15.624938124716115,17.71710494953161,8.358328769340034
9.6526629750965,7.733472836128506,7.487502471163083
11.919304911454663,9.261630690723695,8.013845264733883
0.709358726645748,9.261630690723695,7.280405329870126
9.6526629750965,7.733472836128506,7.487502471163083
15.624938124716115,17.71710494953161,5.29041752807703
29.84503632964072,9.243242602073547,0.6307787425743641
29.84503632964072,9.261630690723695,7.775115932565903
1.0895521249602285,9.261630690723695,9.701827754061224
15.624938124716115,9.261630690723695,8.475935042970876
33.16895070644297,3.055491384644035,0.1
5.917771564421724,17.71710494953161,7.1122974687389515
3.264399545251198,9.261630690723695,9.879656649917846
15.8994906174953,9.261630690723695,9.701827754061224
11.397590053070065,16.162950906664868,8.030812806551419
15.624938124716115,9.261630690723695,8.209583320671138
15.624938124716115,10.418365441077325,9.879656649917846
15.624938124716115,17.71710494953161,8.358328769340034
11.919304911454663,9.261630690723695,8.013845264733883
0.709358726645748,9.261630690723695,7.280405329870126
15.624938124716115,9.261630690723695,9.879656649917846
30.763257850048703,11.235006251902401,8.250748315150847
15.624938124716115,9.261630690723695,9.879656649917846
24.467303586584528,17.71710494953161,8.751783750122124
29.84503632964072,9.261630690723695,7.775115932565903
15.624938124716115,9.261630690723695,9.879656649917846
15.624938124716115,9.261630690723695,8.475935042970876
13.909722323591856,9.261630690723695,9.009390289768572
5.917771564421724,17.71710494953161,7.1122974687389515
11.397590053070065,16.162950906664868,8.030812806551419
15.624938124716115,17.71710494953161,5.29041752807703
9.6526629750965,7.733472836128506,7.487502471163083
15.624938124716115,17.71710494953161,8.358328769340034
6.595630933276283,1.47912468380805,0.1
11.919304911454663,9.261630690723695,8.013845264733883
0.709358726645748,9.261630690723695,7.280405329870126
15.624938124716115,4.230119242257327,0.1
29.84503632964072,7.856697106473327,8.355850907760402
5.917771564421724,17.71710494953161,7.1122974687389515
29.84503632964072,9.261630690723695,7.775115932565903
11.397590053070065,16.162950906664868,8.030812806551419
15.624938124716115,9.261630690723695,8.475935042970876
8.817042948001985,15.688799130720197,3.371301965908559
15.624938124716115,17.71710494953161,5.29041752807703
15.624938124716115,17.71710494953161,8.358328769340034
11.919304911454663,9.261630690723695,8.013845264733883
0.709358726645748,9.261630690723695,7.280405329870126
15.624938124716115,9.261630690723695,8.475935042970876
15.624938124716115,5.99842610086042,9.879656649917846
15.624938124716115,5.99842610086042,8.00904909157919
29.774274472321995,9.261630690723695,7.449749266126318
15.624938124716115,9.261630690723695,9.879656649917846
8.817042948001985,15.688799130720197,3.371301965908559
15.8994906174953,7.6615615385794875,8.430232965455192
29.84503632964072,9.261630690723695,7.775115932565903
15.624938124716115,17.71710494953161,5.29041752807703
23.04208072574574,9.261630690723695,5.075539718395277
0.906358620054192,0.5816854987229814,8.507024280640909
17.487085974219074,9.261630690723695,8.673535034896766
23.04208072574574,9.243242602073547,5.045849672322893
15.8994906174953,9.261630690723695,9.701827754061224
33.16895070644297,3.055491384644035,0.1
15.624938124716115,9.261630690723695,8.475935042970876
15.624938124716115,9.261630690723695,8.475935042970876
5.917771564421724,17.71710494953161,7.1122974687389515
0.709358726645748,9.261630690723695,7.280405329870126
11.397590053070065,16.162950906664868,8.030812806551419
15.624938124716115,17.71710494953161,8.358328769340034
14.2835921028935,13.05950890785883,7.3102365363798345
8.817042948001985,15.688799130720197,3.371301965908559
29.84503632964072,9.261630690723695,7.775115932565903
15.624938124716115,9.261630690723695,8.475935042970876
3.264399545251198,9.261630690723695,9.879656649917846
20.70580108084453,9.261630690723695,6.588758649535064
5.917771564421724,17.71710494953161,7.1122974687389515
15.624938124716115,17.71710494953161,8.358328769340034
11.397590053070065,16.162950906664868,8.030812806551419
15.624938124716115,17.71710494953161,5.29041752807703
11.919304911454663,9.261630690723695,8.013845264733883
0.709358726645748,9.261630690723695,7.280405329870126
15.624938124716115,9.261630690723695,8.475935042970876
14.186662525101605,0.026697071631008498,9.060121750930415
9.6526629750965,5.80782959941832,9.970057829689795
15.624938124716115,5.99842610086042,8.00904909157919
3.264399545251198,9.261630690723695,9.879656649917846
15.624938124716115,9.261630690723695,9.879656649917846
29.84503632964072,9.261630690723695,7.775115932565903
15.624938124716115,9.261630690723695,8.475935042970876
15.8994906174953,2.864608186296417,9.701827754061224
5.917771564421724,17.71710494953161,7.1122974687389515
11.397590053070065,16.162950906664868,8.030812806551419
15.624938124716115,17.71710494953161,5.29041752807703
15.624938124716115,17.71710494953161,8.358328769340034
11.919304911454663,9.261630690723695,8.013845264733883
0.709358726645748,9.261630690723695,7.280405329870126
15.624938124716115,9.261630690723695,8.475935042970876
15.624938124716115,5.99842610086042,8.00904909157919
29.774274472321995,9.261630690723695,7.449749266126318
15.624938124716115,5.99842610086042,9.879656649917846
15.624938124716115,9.261630690723695,9.879656649917846
15.624938124716115,10.418365441077325,9.879656649917846
1.9291495476415896,9.261630690723695,5.081821889710558
0.709358726645748,9.261630690723695,7.280405329870126
11.919304911454663,9.261630690723695,8.013845264733883
15.624938124716115,17.71710494953161,8.551929796064753
16.152647160525177,9.261630690723695,9.701827754061224
18.75439754452072,0.2932213957568788,8.421920857490985
29.84503632964072,9.261630690723695,7.775115932565903
15.624938124716115,9.261630690723695,8.475935042970876
5.917771564421724,17.71710494953161,7.1122974687389515
5.435428969364455,2.009563956433756,8.715407201719485
3.264399545251198,9.261630690723695,9.879656649917846
11.397590053070065,16.162950906664868,8.030812806551419
15.624938124716115,17.71710494953161,5.29041752807703
15.624938124716115,17.71710494953161,8.358328769340034
15.624938124716115,9.261630690723695,8.475935042970876
15.8994906174953,3.547346064435653,9.701827754061224
6.661538728133964,4.183147596213996,7.76650945258261
9.6526629750965,4.230119242257327,7.076836874592146
15.8994906174953,7.6615615385794875,8.430232965455192
15.8994906174953,9.261630690723695,9.701827754061224
29.84503632964072,9.261630690723695,7.775115932565903
16.152647160525177,9.261630690723695,9.701827754061224
15.624938124716115,9.261630690723695,8.475935042970876
5.917771564421724,17.71710494953161,7.1122974687389515
11.397590053070065,16.162950906664868,8.030812806551419
15.624938124716115,17.71710494953161,5.29041752807703
15.624938124716115,17.71710494953161,8.358328769340034
15.624938124716115,5.99842610086042,8.00904909157919
0.709358726645748,9.261630690723695,7.280405329870126
11.919304911454663,9.261630690723695,8.013845264733883
15.624938124716115,9.261630690723695,8.475935042970876
9.6526629750965,5.80782959941832,9.970057829689795
41.306535913959465,1.7568407973972286,9.879656649917846
15.624938124716115,9.261630690723695,9.879656649917846
15.624938124716115,9.261630690723695,9.879656649917846
15.624938124716115,9.261630690723695,8.475935042970876
29.84503632964072,9.261630690723695,7.775115932565903
15.624938124716115,10.592298693821238,8.848965203979565
5.917771564421724,17.71710494953161,7.1122974687389515
29.84503632964072,9.243242602073547,0.6307787425743641
11.397590053070065,16.162950906664868,8.030812806551419
1.0895521249602285,9.261630690723695,9.701827754061224
15.624938124716115,17.71710494953161,5.29041752807703
15.624938124716115,17.71710494953161,8.358328769340034
11.919304911454663,9.261630690723695,8.013845264733883
0.709358726645748,9.261630690723695,7.280405329870126
15.624938124716115,9.261630690723695,8.475935042970876
18.75439754452072,0.2932213957568788,8.421920857490985
8.817042948001985,15.688799130720197,3.371301965908559
29.84503632964072,9.261630690723695,7.775115932565903
15.624938124716115,9.261630690723695,8.475935042970876
15.624938124716115,17.71710494953161,7.117702742960451
5.917771564421724,17.71710494953161,7.1122974687389515
11.397590053070065,16.162950906664868,8.030812806551419
15.624938124716115,5.99842610086042,8.00904909157919
23.04208072574574,9.261630690723695,5.075539718395277
15.624938124716115,17.71710494953161,5.29041752807703
15.624938124716115,17.71710494953161,8.358328769340034
11.919304911454663,9.261630690723695,8.013845264733883
0.709358726645748,9.261630690723695,7.280405329870126
15.624938124716115,9.261630690723695,8.475935042970876
29.774274472321995,9.261630690723695,7.449749266126318
15.624938124716115,5.99842610086042,9.879656649917846
15.8994906174953,2.864608186296417,9.701827754061224
15.624938124716115,4.230119242257327,0.1
15.8994906174953,9.482342055069937,9.941528413821592
18.75439754452072,0.2932213957568788,8.421920857490985
15.624938124716115,9.261630690723695,9.879656649917846
29.84503632964072,9.261630690723695,7.775115932565903
15.624938124716115,9.261630690723695,8.475935042970876
5.917771564421724,17.71710494953161,7.1122974687389515
11.397590053070065,16.162950906664868,8.030812806551419
15.624938124716115,17.71710494953161,5.29041752807703
15.624938124716115,17.71710494953161,8.358328769340034
11.919304911454663,9.261630690723695,8.013845264733883
0.709358726645748,9.261630690723695,7.280405329870126
15.624938124716115,9.261630690723695,8.475935042970876
29.774274472321995,9.261630690723695,7.449749266126318
15.624938124716115,5.99842610086042,8.00904909157919
29.84503632964072,9.261630690723695,7.775115932565903
6.661538728133964,4.183147596213996,7.76650945258261
1.9291495476415896,9.261630690723695,5.081821889710558
29.84503632964072,7.856697106473327,8.355850907760402
15.624938124716115,9.261630690723695,8.475935042970876
5.917771564421724,17.71710494953161,7.1122974687389515
11.397590053070065,16.162950906664868,8.030812806551419
15.624938124716115,5.99842610086042,8.00904909157919
15.303039753473534,9.243242602073547,6.9668628433191415
8.33348044720318,13.397428601072807,6.970788572105765
29.774274472321995,17.71710494953161,8.536986315988122
15.624938124716115,17.71710494953161,5.29041752807703
15.624938124716115,17.71710494953161,8.358328769340034
11.919304911454663,9.261630690723695,8.013845264733883
0.709358726645748,9.261630690723695,7.280405329870126
9.807513967345779,13.968051273951815,6.710376467945492
18.75439754452072,0.2932213957568788,8.421920857490985
5.435428969364455,2.009563956433756,8.715407201719485
20.70580108084453,9.261630690723695,6.588758649535064
9.6526629750965,4.230119242257327,7.076836874592146
24.467303586584528,17.71710494953161,8.751783750122124
15.624938124716115,10.418365441077325,9.879656649917846
29.84503632964072,9.261630690723695,7.775115932565903
15.624938124716115,9.261630690723695,8.475935042970876
5.917771564421724,17.71710494953161,7.1122974687389515
11.397590053070065,16.162950906664868,8.030812806551419
15.624938124716115,17.71710494953161,5.29041752807703
15.624938124716115,17.71710494953161,8.358328769340034
15.624938124716115,9.261630690723695,9.879656649917846
11.919304911454663,9.261630690723695,8.013845264733883
0.709358726645748,9.261630690723695,7.280405329870126
15.624938124716115,5.99842610086042,8.00904909157919
1.0895521249602285,9.261630690723695,9.701827754061224
15.624938124716115,9.261630690723695,9.879656649917846
28.80274061118247,13.388917017996803,7.095155862315753
13.909722323591856,9.261630690723695,9.009390289768572
1.8408625373430567,9.261630690723695,8.657771260708042
29.84503632964072,9.261630690723695,7.775115932565903
15.624938124716115,9.261630690723695,8.475935042970876
5.917771564421724,17.71710494953161,7.1122974687389515
11.397590053070065,16.162950906664868,8.030812806551419
15.624938124716115,17.71710494953161,5.29041752807703
15.624938124716115,9.261630690723695,9.879656649917846
15.624938124716115,5.99842610086042,9.879656649917846
23.04208072574574,9.261630690723695,5.075539718395277
15.624938124716115,17.71710494953161,8.358328769340034
11.919304911454663,9.261630690723695,8.013845264733883
0.709358726645748,9.261630690723695,7.280405329870126
15.624938124716115,5.99842610086042,8.00904909157919
17.487085974219074,9.261630690723695,8.673535034896766
23.04208072574574,9.261630690723695,5.075539718395277
29.84503632964072,9.261630690723695,7.775115932565903
15.624938124716115,9.261630690723695,8.475935042970876
5.917771564421724,17.71710494953161,7.1122974687389515
15.624938124716115,17.71710494953161,7.117702742960451
11.397590053070065,16.162950906664868,8.030812806551419
15.624938124716115,17.71710494953161,5.29041752807703
15.624938124716115,17.71710494953161,8.358328769340034
11.919304911454663,9.261630690723695,8.013845264733883
0.709358726645748,9.261630690723695,7.280405329870126
15.624938124716115,5.99842610086042,9.879656649917846
9.6526629750965,3.7829013632385733,7.073076159813157
15.624938124716115,9.261630690723695,8.475935042970876
29.774274472321995,9.261630690723695,7.449749266126318
15.624938124716115,17.71710494953161,8.551929796064753
22.3617438084043,9.087105450048842,8.491537721711916
15.624938124716115,10.592298693821238,8.848965203979565
29.84503632964072,9.261630690723695,7.775115932565903
15.624938124716115,9.261630690723695,8.475935042970876
5.917771564421724,17.71710494953161,7.1122974687389515
11.397590053070065,16.162950906664868,8.030812806551419
15.624938124716115,9.261630690723695,8.475935042970876
15.624938124716115,17.71710494953161,5.29041752807703
15.624938124716115,17.71710494953161,8.358328769340034
11.919304911454663,9.261630690723695,8.013845264733883
15.624938124716115,9.261630690723695,9.879656649917846
9.6526629750965,7.733472836128506,7.487502471163083
15.624938124716115,9.261630690723695,8.475935042970876
15.624938124716115,9.261630690723695,8.139340177399816
15.624938124716115,5.99842610086042,9.879656649917846
3.264399545251198,9.261630690723695,9.879656649917846
8.817042948001985,15.688799130720197,3.371301965908559
29.84503632964072,9.261630690723695,7.775115932565903
29.84503632964072,9.243242602073547,0.6307787425743641
15.624938124716115,9.261630690723695,8.475935042970876
15.624938124716115,10.592298693821238,8.848965203979565
5.917771564421724,17.71710494953161,7.1122974687389515
11.397590053070065,16.162950906664868,8.030812806551419
15.624938124716115,17.71710494953161,5.29041752807703
15.624938124716115,17.71710494953161,8.358328769340034
43.5169041643831,17.71710494953161,5.265695728117741
11.919304911454663,9.261630690723695,8.013845264733883
9.6526629750965,9.261630690723695,7.507344615141856
29.774274472321995,9.261630690723695,7.449749266126318
0.709358726645748,9.261630690723695,7.280405329870126
15.624938124716115,9.261630690723695,8.475935042970876
15.624938124716115,10.592298693821238,8.848965203979565
15.624938124716115,9.261630690723695,8.475935042970876
22.3617438084043,9.087105450048842,8.491537721711916
29.84503632964072,9.261630690723695,7.775115932565903
5.917771564421724,17.71710494953161,7.1122974687389515
15.624938124716115,9.261630690723695,8.139340177399816
11.397590053070065,16.162950906664868,8.030812806551419
15.624938124716115,17.71710494953161,5.29041752807703
15.624938124716115,17.71710494953161,8.358328769340034
11.919304911454663,9.261630690723695,8.013845264733883
8.08612513910482,0.23928669098432706,8.524443382400541
0.709358726645748,9.261630690723695,7.280405329870126
15.624938124716115,9.261630690723695,8.475935042970876
15.624938124716115,5.99842610086042,8.00904909157919
29.774274472321995,9.261630690723695,7.449749266126318
15.624938124716115,5.99842610086042,9.879656649917846
0.906358620054192,0.5816854987229814,8.507024280640909
29.774274472321995,17.71710494953161,8.536986315988122
15.624938124716115,4.230119242257327,0.1
29.84503632964072,9.261630690723695,7.775115932565903
15.624938124716115,9.261630690723695,8.475935042970876
29.774274472321995,9.261630690723695,7.449749266126318
5.917771564421724,17.71710494953161,7.1122974687389515
15.8994906174953,7.6615615385794875,8.430232965455192
29.774274472321995,27.65547855329089,9.918786090744238
11.397590053070065,16.162950906664868,8.030812806551419
15.624938124716115,17.71710494953161,5.29041752807703
15.624938124716115,17.71710494953161,8.358328769340034
11.919304911454663,9.261630690723695,8.013845264733883
0.709358726645748,9.261630690723695,7.280405329870126
15.624938124716115,9.261630690723695,8.475935042970876
15.624938124716115,5.99842610086042,8.00904909157919
15.624938124716115,9.261630690723695,8.475935042970876
29.84503632964072,9.261630690723695,7.775115932565903
15.624938124716115,9.261630690723695,9.879656649917846
5.917771564421724,17.71710494953161,7.1122974687389515
11.397590053070065,16.162950906664868,8.030812806551419
15.624938124716115,17.71710494953161,5.29041752807703
15.624938124716115,17.71710494953161,8.358328769340034
15.624938124716115,9.261630690723695,8.475935042970876
15.624938124716115,4.230119242257327,0.1
24.467303586584528,17.71710494953161,8.751783750122124
11.919304911454663,9.261630690723695,8.013845264733883
0.709358726645748,9.261630690723695,7.280405329870126
13.909722323591856,9.261630690723695,9.009390289768572
1.8408625373430567,9.261630690723695,8.657771260708042
13.909722323591856,9.261630690723695,9.009390289768572
15.624938124716115,5.99842610086042,8.00904909157919
23.04208072574574,9.261630690723695,5.075539718395277
15.624938124716115,9.261630690723695,9.879656649917846
5.917771564421724,17.71710494953161,7.1122974687389515
11.919304911454663,9.261630690723695,8.013845264733883
29.84503632964072,9.261630690723695,7.775115932565903
5.590300773764943,5.733673814285729,7.502006538914182
29.774274472321995,9.261630690723695,7.449749266126318
15.624938124716115,9.261630690723695,8.475935042970876
15.624938124716115,9.261630690723695,8.475935042970876
29.84503632964072,7.856697106473327,8.355850907760402
15.624938124716115,17.71710494953161,8.358328769340034
15.624938124716115,4.230119242257327,0.1
11.397590053070065,16.162950906664868,8.030812806551419
15.624938124716115,9.261630690723695,9.879656649917846
8.08612513910482,0.23928669098432706,8.524443382400541
15.624938124716115,17.71710494953161,5.29041752807703
29.774274472321995,9.261630690723695,7.449749266126318
9.6526629750965,5.80782959941832,9.970057829689795
9.6526629750965,4.230119242257327,7.076836874592146
6.661538728133964,4.183147596213996,7.76650945258261
6.595630933276283,1.47912468380805,0.1
9.6526629750965,7.733472836128506,7.487502471163083
9.6526629750965,3.7829013632385733,7.073076159813157
15.303039753473534,9.243242602073547,6.9668628433191415
29.84503632964072,9.261630690723695,7.775115932565903
15.624938124716115,9.261630690723695,8.475935042970876
5.917771564421724,17.71710494953161,7.1122974687389515
15.624938124716115,17.71710494953161,5.29041752807703
11.397590053070065,16.162950906664868,8.030812806551419
15.624938124716115,17.71710494953161,8.358328769340034
15.624938124716115,9.261630690723695,8.209583320671138
11.919304911454663,9.261630690723695,8.013845264733883
15.624938124716115,9.261630690723695,8.475935042970876
23.04208072574574,9.261630690723695,5.075539718395277
23.04208072574574,9.243242602073547,5.045849672322893
15.303039753473534,9.243242602073547,6.9668628433191415
11.919304911454663,9.261630690723695,8.013845264733883
15.624938124716115,17.71710494953161,7.117702742960451
43.5169041643831,17.71710494953161,5.265695728117741
15.624938124716115,17.71710494953161,5.29041752807703
15.624938124716115,17.71710494953161,8.358328769340034
29.84503632964072,9.261630690723695,7.775115932565903
15.624938124716115,9.261630690723695,8.139340177399816
5.917771564421724,17.71710494953161,7.1122974687389515
11.397590053070065,16.162950906664868,8.030812806551419
0.709358726645748,9.261630690723695,7.280405329870126
15.624938124716115,9.261630690723695,8.475935042970876
15.624938124716115,5.99842610086042,8.00904909157919
29.84503632964072,9.243242602073547,0.6307787425743641
29.84503632964072,9.243242602073547,0.6307787425743641
15.624938124716115,9.261630690723695,9.879656649917846
29.84503632964072,9.261630690723695,7.775115932565903
15.624938124716115,9.261630690723695,8.475935042970876
15.624938124716115,17.71710494953161,8.551929796064753
5.917771564421724,17.71710494953161,7.1122974687389515
24.467303586584528,17.71710494953161,8.751783750122124
11.397590053070065,16.162950906664868,8.030812806551419
15.624938124716115,17.71710494953161,5.29041752807703
15.624938124716115,17.71710494953161,8.358328769340034
9.6526629750965,9.261630690723695,7.507344615141856
11.919304911454663,9.261630690723695,8.013845264733883
0.709358726645748,9.261630690723695,7.280405329870126
15.624938124716115,9.261630690723695,8.475935042970876
15.624938124716115,5.99842610086042,8.00904909157919
15.624938124716115,4.230119242257327,0.1
9.6526629750965,4.230119242257327,7.076836874592146
29.84503632964072,9.261630690723695,7.775115932565903
9.6526629750965,3.7829013632385733,7.073076159813157
15.624938124716115,9.261630690723695,8.475935042970876
15.624938124716115,9.261630690723695,8.475935042970876
5.917771564421724,17.71710494953161,7.1122974687389515
17.487085974219074,9.261630690723695,8.673535034896766
11.397590053070065,16.162950906664868,8.030812806551419
15.624938124716115,9.261630690723695,9.879656649917846
15.624938124716115,17.71710494953161,5.29041752807703
15.624938124716115,17.71710494953161,8.358328769340034
11.919304911454663,9.261630690723695,8.013845264733883
0.709358726645748,9.261630690723695,7.280405329870126
15.624938124716115,9.261630690723695,8.475935042970876
15.624938124716115,5.99842610086042,8.00904909157919
