9.6526629750965,9.261630690723695,8.229627752407694
15.587425928657769,8.946728792949864,9.523446531022216
19.17719514922556,5.0000995696247905,7.236966032623284
38.22403420199109,24.14455230745357,9.496897793878421
15.624938124716115,9.261630690723695,9.879656649917846
27.057223955896248,7.799023279981134,7.984018310989853
27.199451931308765,9.261630690723695,7.304455809206063
16.949371554291165,9.261630690723695,8.214121824847183
15.624938124716115,12.106344353302912,7.742294439709227
7.444314974402474,11.535082665426925,3.871403417729308
15.624938124716115,14.898537070974104,6.291280957671502
15.624938124716115,12.106344353302912,7.778451475747482
15.624938124716115,9.261630690723695,8.010630376736865
15.624938124716115,9.261630690723695,8.292293719926494
9.6526629750965,23.782656990301625,8.329151152062735
28.24796175147384,9.261630690723695,6.969743175403564
27.199451931308765,9.261630690723695,7.304455809206063
15.624938124716115,14.898537070974104,6.291280957671502
9.6526629750965,9.261630690723695,8.229627752407694
3.9721526031957524,4.544923420658113,8.584293943635313
15.624938124716115,9.261630690723695,9.879656649917846
20.228403609284868,9.261630690723695,6.89797115892749
19.543228578332975,9.261630690723695,9.785609965610526
16.949371554291165,9.261630690723695,8.214121824847183
15.624938124716115,9.261630690723695,8.292293719926494
15.624938124716115,10.646660158203634,8.803782705467434
6.968852891588774,9.261630690723695,4.5137576517841485
1.8892876038432127,43.75277829374832,6.750065009269662
9.6526629750965,4.5863279002148065,8.125980662703451
15.624938124716115,12.106344353302912,7.778451475747482
15.624938124716115,9.261630690723695,9.879656649917846
9.6526629750965,9.261630690723695,8.229627752407694
15.624938124716115,12.106344353302912,7.778451475747482
13.100206084849416,11.884661125018237,6.612348352094462
15.624938124716115,9.457410271806092,9.910840270005803
38.22403420199109,24.14455230745357,9.496897793878421
28.227576428132117,1.8313818209485895,6.3623920408732975
6.591176543963334,4.803474851139191,8.231364305803789
18.139832240572584,9.261630690723695,8.250748315150847
0.29394396064046235,0.2747127304880692,6.718016820646843
15.624938124716115,9.261630690723695,8.292293719926494
15.624938124716115,9.261630690723695,9.879656649917846
16.949371554291165,9.261630690723695,8.214121824847183
9.6526629750965,9.261630690723695,8.229627752407694
19.9424796248181,8.946728792949864,6.628525986741925
9.6526629750965,9.261630690723695,9.879656649917846
15.624938124716115,12.106344353302912,7.742294439709227
15.624938124716115,9.261630690723695,8.292293719926494
13.563146073039867,4.685482084556855,7.704189689103115
20.228403609284868,9.261630690723695,6.89797115892749
15.624938124716115,9.261630690723695,9.879656649917846
15.624938124716115,9.261630690723695,8.010630376736865
16.949371554291165,9.261630690723695,8.214121824847183
15.624938124716115,9.261630690723695,8.292293719926494
9.6526629750965,4.5863279002148065,8.125980662703451
27.199451931308765,9.261630690723695,7.304455809206063
29.774274472321995,18.673698694744175,7.700843303614389
15.624938124716115,12.106344353302912,7.778451475747482
9.6526629750965,23.782656990301625,8.329151152062735
17.660168790547097,17.501737534987118,8.561428509081603
30.369452217510116,13.010857010682365,8.0470941314766
14.209236137644105,13.010857010682365,8.296187032255734
9.6526629750965,9.261630690723695,8.229627752407694
15.624938124716115,9.261630690723695,8.292293719926494
17.389301369084343,9.261630690723695,8.182842661817906
15.624938124716115,9.261630690723695,9.879656649917846
16.949371554291165,9.261630690723695,8.214121824847183
27.199451931308765,0.6168395176849071,9.929622265601786
9.6526629750965,9.261630690723695,8.229627752407694
9.845533359493398,4.332183976099565,8.882944900138872
15.624938124716115,9.261630690723695,8.292293719926494
15.624938124716115,18.676963951741236,5.018528858007668
9.6526629750965,4.5863279002148065,8.125980662703451
15.624938124716115,17.295031543313506,5.419526546513872
15.624938124716115,9.261630690723695,8.292293719926494
41.161418689184075,8.897486270636717,8.46639060690768
27.199451931308765,9.261630690723695,7.304455809206063
8.87857360236669,18.673698694744175,8.166262680974507
15.624938124716115,7.990018278723217,9.879656649917846
15.624938124716115,12.106344353302912,7.778451475747482
15.8994906174953,1.5846657321090998,9.701827754061224
0.29394396064046235,0.2747127304880692,6.718016820646843
29.774274472321995,18.673698694744175,7.700843303614389
3.758002284908976,9.261630690723695,7.95140840329362
15.624938124716115,16.84176808629828,7.3285003214066755
15.624938124716115,9.261630690723695,9.879656649917846
15.8994906174953,20.753050187203648,4.595848189590734
9.6526629750965,9.261630690723695,8.229627752407694
9.6526629750965,23.782656990301625,8.329151152062735
19.17719514922556,5.0000995696247905,7.236966032623284
16.949371554291165,9.261630690723695,8.214121824847183
18.10425181750545,12.108249120696915,7.741076487397829
15.624938124716115,9.261630690723695,8.292293719926494
9.6526629750965,4.5863279002148065,8.125980662703451
15.624938124716115,12.106344353302912,7.778451475747482
30.369452217510116,13.010857010682365,8.0470941314766
15.624938124716115,9.261630690723695,9.879656649917846
22.003213886625083,12.93359033091313,7.087397379928526
9.6526629750965,9.261630690723695,8.229627752407694
29.774274472321995,18.673698694744175,7.700843303614389
6.968852891588774,9.261630690723695,4.5137576517841485
15.624938124716115,9.768138418003112,9.595572724382382
17.40934643959575,9.261630690723695,8.292273115544043
16.949371554291165,9.261630690723695,8.214121824847183
15.8994906174953,20.753050187203648,4.595848189590734
9.6526629750965,4.5863279002148065,8.125980662703451
15.624938124716115,12.106344353302912,7.778451475747482
15.624938124716115,16.84176808629828,7.3285003214066755
15.624938124716115,9.261630690723695,8.292293719926494
15.624938124716115,9.261630690723695,8.292293719926494
30.369452217510116,13.010857010682365,8.0470941314766
9.6526629750965,9.261630690723695,8.229627752407694
27.199451931308765,9.261630690723695,7.304455809206063
15.8994906174953,11.177889299709058,9.701827754061224
27.199451931308765,1.0026886639373824,0.1
15.624938124716115,9.261630690723695,9.879656649917846
13.62527869053385,9.261630690723695,7.909436175470341
16.949371554291165,9.261630690723695,8.214121824847183
15.624938124716115,9.261630690723695,8.292293719926494
9.6526629750965,9.261630690723695,8.229627752407694
15.624938124716115,7.990018278723217,9.879656649917846
9.6526629750965,4.5863279002148065,8.125980662703451
15.624938124716115,12.106344353302912,7.778451475747482
22.003213886625083,12.93359033091313,7.087397379928526
9.6526629750965,9.261630690723695,8.229627752407694
9.6526629750965,23.782656990301625,8.329151152062735
15.624938124716115,9.261630690723695,8.292293719926494
9.6526629750965,9.261630690723695,8.229627752407694
14.209236137644105,13.010857010682365,8.296187032255734
3.758002284908976,9.261630690723695,7.95140840329362
8.379242070494527,7.467205935610316,6.41465553911519
15.624938124716115,9.261630690723695,9.879656649917846
15.624938124716115,10.646660158203634,8.803782705467434
28.24796175147384,9.261630690723695,6.969743175403564
16.949371554291165,9.261630690723695,8.214121824847183
3.9721526031957524,4.544923420658113,8.584293943635313
15.624938124716115,12.106344353302912,7.778451475747482
15.624938124716115,9.261630690723695,8.292293719926494
9.6526629750965,4.5863279002148065,8.125980662703451
19.9424796248181,8.946728792949864,6.628525986741925
27.199451931308765,9.261630690723695,7.304455809206063
9.845533359493398,4.332183976099565,8.882944900138872
7.444314974402474,11.535082665426925,3.871403417729308
15.624938124716115,10.993995161107293,9.879656649917846
20.228403609284868,9.261630690723695,6.89797115892749
19.17719514922556,5.0000995696247905,7.236966032623284
6.591176543963334,4.803474851139191,8.231364305803789
15.624938124716115,9.261630690723695,9.879656649917846
9.6526629750965,9.261630690723695,9.879656649917846
16.949371554291165,9.261630690723695,8.214121824847183
15.624938124716115,9.261630690723695,8.292293719926494
9.6526629750965,4.5863279002148065,8.125980662703451
18.10425181750545,12.108249120696915,7.741076487397829
27.199451931308765,9.261630690723695,7.304455809206063
15.624938124716115,12.106344353302912,7.778451475747482
9.6526629750965,9.261630690723695,8.229627752407694
22.003213886625083,12.93359033091313,7.087397379928526
9.6526629750965,23.782656990301625,8.329151152062735
15.624938124716115,9.261630690723695,8.292293719926494
9.6526629750965,9.261630690723695,8.229627752407694
15.624938124716115,9.261630690723695,8.292293719926494
15.624938124716115,10.646660158203634,8.803782705467434
9.6526629750965,9.261630690723695,8.229627752407694
15.624938124716115,9.261630690723695,9.879656649917846
19.661555585055734,13.010857010682365,8.011794903265702
16.949371554291165,9.261630690723695,8.214121824847183
27.199451931308765,0.6168395176849071,9.929622265601786
9.6526629750965,4.5863279002148065,8.125980662703451
25.241269006347345,9.261630690723695,6.7392843053629266
17.40934643959575,9.261630690723695,8.292273115544043
27.199451931308765,9.261630690723695,7.304455809206063
15.624938124716115,12.106344353302912,7.778451475747482
9.6526629750965,9.261630690723695,8.229627752407694
9.6526629750965,9.261630690723695,8.229627752407694
9.6526629750965,23.782656990301625,8.329151152062735
22.003213886625083,12.93359033091313,7.087397379928526
22.003213886625083,12.93359033091313,7.087397379928526
6.591176543963334,4.803474851139191,8.231364305803789
15.624938124716115,9.261630690723695,9.879656649917846
15.624938124716115,12.106344353302912,7.999156498029646
15.624938124716115,9.261630690723695,8.010630376736865
16.949371554291165,9.261630690723695,8.214121824847183
30.369452217510116,13.010857010682365,8.0470941314766
15.624938124716115,9.261630690723695,8.292293719926494
15.624938124716115,0.1333573327322508,0.1
9.6526629750965,4.5863279002148065,8.125980662703451
27.199451931308765,9.261630690723695,7.304455809206063
15.624938124716115,12.106344353302912,7.778451475747482
9.6526629750965,9.261630690723695,8.229627752407694
9.6526629750965,23.782656990301625,8.329151152062735
27.057223955896248,7.799023279981134,7.984018310989853
15.624938124716115,9.261630690723695,8.292293719926494
13.62527869053385,9.261630690723695,7.909436175470341
14.209236137644105,13.010857010682365,8.296187032255734
15.624938124716115,17.295031543313506,5.419526546513872
23.04208072574574,12.106344353302912,8.582446083413616
20.228403609284868,9.261630690723695,6.89797115892749
15.624938124716115,9.261630690723695,9.879656649917846
16.949371554291165,9.261630690723695,8.214121824847183
15.624938124716115,9.261630690723695,8.292293719926494
9.6526629750965,4.5863279002148065,8.125980662703451
27.199451931308765,9.261630690723695,7.304455809206063
15.624938124716115,12.106344353302912,7.778451475747482
15.624938124716115,10.646660158203634,8.803782705467434
22.003213886625083,12.93359033091313,7.087397379928526
9.6526629750965,9.261630690723695,8.229627752407694
9.6526629750965,23.782656990301625,8.329151152062735
8.074941012853067,7.799023279981134,6.211028784827334
9.6526629750965,4.5863279002148065,8.125980662703451
15.624938124716115,13.010857010682365,8.011794903265702
15.624938124716115,12.106344353302912,7.999156498029646
15.587425928657769,8.946728792949864,9.523446531022216
19.661555585055734,13.010857010682365,8.011794903265702
15.624938124716115,9.261630690723695,8.292293719926494
19.9424796248181,8.946728792949864,6.628525986741925
15.624938124716115,9.261630690723695,9.879656649917846
16.949371554291165,9.261630690723695,8.214121824847183
15.624938124716115,9.261630690723695,8.292293719926494
27.199451931308765,9.261630690723695,7.304455809206063
29.11363831167939,15.89698522613676,7.404890671841027
15.624938124716115,12.106344353302912,7.778451475747482
29.369809847834716,20.528988727564304,7.6835742300699215
9.6526629750965,9.261630690723695,8.229627752407694
22.003213886625083,12.93359033091313,7.087397379928526
29.369809847834716,20.528988727564304,7.6835742300699215
27.199451931308765,9.261630690723695,7.304455809206063
28.24796175147384,9.261630690723695,6.969743175403564
15.624938124716115,9.261630690723695,9.879656649917846
15.624938124716115,16.84176808629828,7.3285003214066755
16.949371554291165,9.261630690723695,8.214121824847183
6.968852891588774,9.261630690723695,4.5137576517841485
15.624938124716115,9.261630690723695,8.292293719926494
25.241269006347345,9.261630690723695,6.7392843053629266
23.06692970520301,9.261630690723695,5.059444921603159
9.6526629750965,4.5863279002148065,8.125980662703451
23.04208072574574,12.106344353302912,8.582446083413616
15.624938124716115,9.457410271806092,9.910840270005803
15.624938124716115,12.106344353302912,7.778451475747482
9.6526629750965,9.261630690723695,8.229627752407694
22.003213886625083,12.93359033091313,7.087397379928526
9.6526629750965,9.261630690723695,8.229627752407694
18.139832240572584,9.261630690723695,8.250748315150847
8.87857360236669,18.673698694744175,8.166262680974507
15.624938124716115,8.376270729396179,8.532911753588795
15.624938124716115,9.261630690723695,9.879656649917846
15.624938124716115,9.261630690723695,9.879656649917846
16.949371554291165,9.261630690723695,8.214121824847183
15.624938124716115,9.261630690723695,8.332773375881281
15.624938124716115,9.261630690723695,8.292293719926494
9.6526629750965,4.5863279002148065,8.125980662703451
27.199451931308765,9.261630690723695,7.304455809206063
29.369809847834716,20.528988727564304,7.6835742300699215
15.624938124716115,12.106344353302912,7.778451475747482
29.774274472321995,18.673698694744175,7.700843303614389
9.6526629750965,9.261630690723695,8.229627752407694
22.003213886625083,12.93359033091313,7.087397379928526
17.389301369084343,9.261630690723695,8.182842661817906
9.6526629750965,9.261630690723695,8.229627752407694
15.624938124716115,9.261630690723695,8.292293719926494
15.624938124716115,9.261630690723695,9.879656649917846
9.6526629750965,4.5863279002148065,8.125980662703451
16.949371554291165,9.261630690723695,8.214121824847183
27.199451931308765,1.0026886639373824,0.1
27.199451931308765,9.261630690723695,7.304455809206063
15.624938124716115,12.106344353302912,7.778451475747482
9.6526629750965,9.261630690723695,8.229627752407694
22.003213886625083,12.93359033091313,7.087397379928526
9.6526629750965,23.782656990301625,8.329151152062735
9.6526629750965,9.261630690723695,8.229627752407694
15.624938124716115,9.261630690723695,8.292293719926494
9.6526629750965,9.261630690723695,8.229627752407694
9.6526629750965,9.261630690723695,8.229627752407694
