18.53750457683725,17.49921176787914,6.354731194679421
36.84835995536516,17.414205463481494,7.306572728475752
34.14241991087411,17.72879154191807,7.752472888669908
19.926280891796903,11.2182547279752,9.344708112485762
18.53750457683725,11.00633183407098,9.896471542007696
18.53750457683725,21.157342654147378,5.2559902593364765
17.344136191246847,8.394901175467393,7.606285509368229
24.05363871792219,11.512763936777157,7.466695703552881
20.66949948096613,14.174384875259179,8.747624643841228
23.780236079755518,17.49921176787914,8.151960659348145
17.87647817598996,17.49921176787914,6.128128683399684
22.276738713255362,14.387035824649953,7.846006892115755
15.94851525536925,15.867109534940614,6.029576901206249
19.59658177384916,7.732100387298584,4.796371805995545
19.534302242422882,11.00633183407098,9.353185171430681
18.53750457683725,23.826651317714756,4.667159703678761
16.596778920382796,6.3903980684055925,4.420256718864582
34.84120797757425,9.050347395212945,0.1
13.51210953691019,13.872087769034525,5.843132431241536
16.316880732079674,0.031548845669727266,0.1
23.780236079755518,13.249674418164638,9.233479903039512
25.572246204197125,15.847418720580848,9.67998633535361
41.34717347945765,16.596186793262486,5.054793774037211
11.353014070873101,15.395108900458027,4.423772769188134
23.780236079755518,13.249674418164638,9.233479903039512
37.66728796373988,14.666987200027688,4.594072866253153
23.780236079755518,13.249674418164638,9.233479903039512
18.023681048040213,6.893331132308889,4.3152084064199485
24.843455838533615,16.838179345936325,8.85077452755599
27.60276647515372,13.512385577003787,7.745799495516792
22.535940964899403,16.334684236858244,8.27616904664357
24.5019795507906,16.080128436325843,9.140628533571961
16.316880732079674,17.749772196404372,5.514533198949791
23.780236079755518,13.249674418164638,9.233479903039512
41.47989859978382,12.109016961219545,5.6756195957234805
29.253322596270895,14.822430134087588,8.160859115379761
21.782968238421937,11.255023885433864,8.38992467491549
23.396782511247526,10.08074830414049,6.077162100661786
25.22657475483761,15.517097692637147,9.752415412341753
26.10081676996525,14.268166684335576,9.026369724534648
27.7252551986008,14.082761627554127,8.18993944961184
22.839606427727418,14.039663210530218,9.758797947254065
18.53750457683725,11.00633183407098,9.896471542007696
19.534302242422882,11.00633183407098,9.353185171430681
24.05363871792219,11.512763936777157,7.466695703552881
24.5019795507906,16.080128436325843,9.140628533571961
20.66949948096613,14.174384875259179,8.747624643841228
3.757740693895819,10.12372037787658,9.66855112521374
19.926280891796903,21.157342654147378,5.64975387264103
16.509072716663457,14.180554190186452,6.983833498033674
36.328088380122225,17.49921176787914,7.546585058665931
19.534302242422882,11.00633183407098,9.353185171430681
23.780236079755518,13.249674418164638,9.233479903039512
19.926280891796903,11.2182547279752,9.344708112485762
25.22657475483761,15.517097692637147,9.752415412341753
24.843455838533615,16.838179345936325,8.85077452755599
36.57885358342274,21.36993919521543,9.73187365444005
25.682545879021106,11.42414341881847,6.514134431482457
23.780236079755518,13.249674418164638,9.233479903039512
23.780236079755518,13.249674418164638,9.233479903039512
17.87647817598996,17.49921176787914,6.128128683399684
17.142191148070225,0.21911553099231362,6.602748333787057
3.828517044160481,5.234288792682312,4.387703826215722
30.38327341712521,15.803605741393369,8.466987164341365
18.81811962502364,13.02843656574648,8.664596089666688
41.47989859978382,12.109016961219545,5.6756195957234805
23.780236079755518,13.249674418164638,9.233479903039512
24.932849454839637,9.976985116674253,5.0087795518095
22.857435895530784,24.24489681252855,7.929290350526025
24.978583018084528,13.653248823608696,9.025210648512742
15.29184693621948,24.908826336728325,3.682740159260011
25.90983437836936,9.365903809334517,3.40492024579925
42.447423998951066,15.863441362614665,3.9483998805992506
34.67130211572346,17.794830881902367,8.3119869566855
25.476097185391833,11.251061971052145,6.416747298879407
19.926280891796903,13.249674418164638,9.021638934099967
18.35955893465045,8.756038599921832,7.421786086738196
18.53750457683725,17.49921176787914,6.354731194679421
18.53750457683725,21.157342654147378,5.2559902593364765
27.60276647515372,13.512385577003787,7.745799495516792
17.294582319152077,17.94092154300832,5.782687601486667
23.780236079755518,17.49921176787914,8.151960659348145
29.253322596270895,14.822430134087588,8.160859115379761
20.394041457236803,13.753812929741375,8.89497199156422
23.780236079755518,13.249674418164638,9.233479903039512
23.780236079755518,17.784491372691733,8.021195709897997
17.82686356920776,14.361625175288097,7.446218109115219
18.53750457683725,23.826651317714756,4.667159703678761
11.353014070873101,15.395108900458027,4.423772769188134
17.344136191246847,8.394901175467393,7.606285509368229
16.316880732079674,17.749772196404372,5.514533198949791
15.94851525536925,15.867109534940614,6.029576901206249
34.133601895272434,16.0208458642081,7.219110590331626
25.22657475483761,0.41964106899313336,0.1
23.780236079755518,13.244924332975279,9.22961865880981
25.682545879021106,11.42414341881847,6.514134431482457
19.534302242422882,11.00633183407098,9.353185171430681
19.926280891796903,21.157342654147378,5.64975387264103
23.780236079755518,2.657962003495811,0.1
25.22657475483761,15.517097692637147,9.752415412341753
25.22657475483761,15.517097692637147,9.752415412341753
16.316880732079674,0.031548845669727266,0.1
18.53750457683725,13.249674418164638,8.392869393921812
17.344136191246847,8.394901175467393,7.606285509368229
36.328088380122225,17.49921176787914,7.546585058665931
23.780236079755518,17.784491372691733,8.021195709897997
31.406042135490097,25.927728711741636,7.266296835827455
16.316880732079674,8.379628027433306,8.319086750578688
23.780236079755518,13.249674418164638,9.233479903039512
23.396782511247526,10.08074830414049,6.077162100661786
18.53750457683725,13.249674418164638,8.392869393921812
16.316880732079674,17.749772196404372,5.514533198949791
23.780236079755518,17.49921176787914,8.151960659348145
17.87647817598996,17.49921176787914,6.128128683399684
23.780236079755518,13.249674418164638,9.233479903039512
11.353014070873101,15.395108900458027,4.423772769188134
17.40550185405519,14.803596897638407,7.053159405823061
23.780236079755518,13.249674418164638,9.233479903039512
23.780236079755518,13.249674418164638,9.233479903039512
18.53750457683725,21.157342654147378,5.2559902593364765
20.394041457236803,13.753812929741375,8.89497199156422
34.84120797757425,9.050347395212945,0.1
23.780236079755518,13.244924332975279,9.22961865880981
17.82686356920776,14.361625175288097,7.446218109115219
23.780236079755518,7.579787344353602,1.1798300637525152
19.926280891796903,13.249674418164638,9.021638934099967
15.60487310134513,7.474686400982402,7.476328573133646
25.22657475483761,15.517097692637147,9.752415412341753
34.67130211572346,17.794830881902367,8.3119869566855
23.780236079755518,13.249674418164638,9.233479903039512
23.780236079755518,13.244924332975279,9.22961865880981
24.05363871792219,11.512763936777157,7.466695703552881
23.780236079755518,13.249674418164638,9.233479903039512
18.53750457683725,11.00633183407098,9.896471542007696
23.78339169340642,13.249674418164638,9.232051196542372
13.51210953691019,13.872087769034525,5.843132431241536
26.10081676996525,14.268166684335576,9.026369724534648
35.26092309739415,15.318796952923657,6.191916076202885
23.780236079755518,11.2182547279752,7.283861049650058
25.476097185391833,11.251061971052145,6.416747298879407
23.780236079755518,13.249674418164638,9.233479903039512
19.534302242422882,11.00633183407098,9.353185171430681
27.702498599452028,7.986354795619064,0.1
19.926280891796903,12.135734397495579,9.84973588575985
22.535940964899403,16.334684236858244,8.27616904664357
18.53750457683725,23.826651317714756,4.667159703678761
19.926280891796903,11.2182547279752,9.344708112485762
23.780236079755518,13.244924332975279,9.22961865880981
31.446358337935717,11.00633183407098,2.860736457238719
15.29184693621948,24.908826336728325,3.682740159260011
41.34717347945765,16.596186793262486,5.054793774037211
25.22657475483761,13.244924332975279,8.574552871115326
19.534302242422882,15.517097692637147,7.551823111530994
21.782968238421937,11.255023885433864,8.38992467491549
36.57885358342274,21.36993919521543,9.73187365444005
