21.800250008529122,12.135734397495579,9.22394469928692
36.84835995536516,17.414205463481494,7.306572728475752
18.53750457683725,11.00633183407098,9.896471542007696
24.05363871792219,11.512763936777157,7.466695703552881
20.66949948096613,14.174384875259179,8.747624643841228
5.827856407134057,17.49921176787914,1.9978126373493634
17.87647817598996,17.49921176787914,6.128128683399684
22.276738713255362,14.387035824649953,9.288480766098036
15.94851525536925,15.867109534940614,6.029576901206249
20.695540707295926,11.00633183407098,8.72027334515283
25.22657475483761,15.823563413410628,9.563533746402163
13.31486370810997,20.14519417037342,7.511924750521382
23.780236079755518,20.7561056894814,6.8728155481326745
25.572246204197125,15.847418720580848,9.67998633535361
35.79781657212683,28.24797821889769,8.148691774904279
24.90550083968873,13.249674418164638,8.724015421207215
42.23766223451525,15.517097692637147,3.6712184606759024
18.993991958173062,16.838179345936325,8.85077452755599
27.60276647515372,13.512385577003787,7.745799495516792
22.535940964899403,21.587632751294514,8.27616904664357
33.2084143558108,15.517097692637147,7.161861840917007
23.780236079755518,13.249674418164638,9.233479903039512
25.22657475483761,15.905308910683695,9.51438186722915
19.926280891796903,14.822430134087588,8.064384686838022
23.952431619316684,11.255023885433864,7.233625267437436
26.10081676996525,17.645130638777097,8.873472750523222
22.839606427727418,14.039663210530218,9.758797947254065
18.53750457683725,11.00633183407098,9.896471542007696
24.05363871792219,11.512763936777157,7.466695703552881
33.2084143558108,15.517097692637147,7.161861840917007
20.66949948096613,14.174384875259179,8.747624643841228
55.248572309550156,14.180554190186452,6.983833498033674
20.695540707295926,11.00633183407098,8.72027334515283
24.90550083968873,13.249674418164638,8.724015421207215
25.22657475483761,15.517097692637147,9.752415412341753
18.993991958173062,16.838179345936325,8.85077452755599
36.57885358342274,21.36993919521543,9.73187365444005
25.682545879021106,11.42414341881847,6.514134431482457
23.780236079755518,20.7561056894814,6.8728155481326745
17.87647817598996,17.49921176787914,6.128128683399684
17.142191148070225,0.21911553099231362,0.1
30.38327341712521,15.803605741393369,8.466987164341365
18.81811962502364,14.210253454208296,7.943992053752341
25.22657475483761,15.905308910683695,9.51438186722915
23.780236079755518,13.249674418164638,9.233479903039512
18.53750457683725,11.00633183407098,9.896471542007696
24.978583018084528,13.653248823608696,9.025210648512742
15.389972142057061,11.00633183407098,8.38802336422735
12.163870485492929,17.794830881902367,8.3119869566855
19.534302242422882,12.135734397495579,9.655977392132453
19.926280891796903,13.249674418164638,9.021638934099967
18.35955893465045,8.756038599921832,7.421786086738196
21.800250008529122,12.135734397495579,9.22394469928692
27.60276647515372,13.512385577003787,7.745799495516792
5.827856407134057,17.49921176787914,1.9978126373493634
19.926280891796903,14.822430134087588,8.064384686838022
20.394041457236803,13.753812929741375,8.89497199156422
17.82686356920776,16.75512659260114,6.382511816041936
25.22657475483761,15.823563413410628,9.563533746402163
35.79781657212683,28.24797821889769,8.148691774904279
15.94851525536925,15.867109534940614,6.029576901206249
31.923932000503214,13.047163943303364,9.066368252805516
23.780236079755518,10.445919289158972,6.343673356790969
25.682545879021106,11.42414341881847,6.514134431482457
25.22657475483761,27.225304252764776,9.752415412341753
18.53750457683725,13.249674418164638,8.392869393921812
31.406042135490097,23.43603000041637,8.038843314971597
16.316880732079674,8.379628027433306,8.319086750578688
17.87647817598996,17.49921176787914,6.128128683399684
23.780236079755518,1.6106878657013972,9.233479903039512
35.79781657212683,28.24797821889769,8.148691774904279
17.40550185405519,14.803596897638407,7.053159405823061
24.90550083968873,13.249674418164638,8.724015421207215
26.40960171642822,13.249674418164638,9.233479903039512
20.394041457236803,13.753812929741375,8.89497199156422
13.31486370810997,20.14519417037342,7.511924750521382
17.82686356920776,16.75512659260114,6.382511816041936
19.926280891796903,13.249674418164638,9.021638934099967
15.60487310134513,7.474686400982402,7.476328573133646
25.22657475483761,15.517097692637147,9.752415412341753
12.163870485492929,17.794830881902367,8.3119869566855
23.780236079755518,13.249674418164638,9.233479903039512
23.780236079755518,13.244924332975279,9.22961865880981
24.05363871792219,11.512763936777157,7.466695703552881
18.53750457683725,11.00633183407098,9.896471542007696
23.78339169340642,13.249674418164638,9.232051196542372
26.10081676996525,17.645130638777097,8.873472750523222
19.534302242422882,12.135734397495579,9.655977392132453
23.780236079755518,20.7561056894814,6.8728155481326745
20.695540707295926,11.00633183407098,8.72027334515283
19.926280891796903,12.135734397495579,9.84973588575985
22.535940964899403,21.587632751294514,8.27616904664357
25.22657475483761,15.823563413410628,9.563533746402163
19.926280891796903,11.00633183407098,9.139544364359793
25.22657475483761,13.244924332975279,8.574552871115326
19.534302242422882,2.8781457839316698,0.1
23.952431619316684,11.255023885433864,7.233625267437436
36.57885358342274,21.36993919521543,9.73187365444005
19.926280891796903,11.00633183407098,9.139544364359793
18.53750457683725,13.249674418164638,8.392869393921812
19.534302242422882,15.823563413410628,7.40556181421362
23.780236079755518,10.445919289158972,6.343673356790969
20.66949948096613,14.174384875259179,8.747624643841228
17.87647817598996,17.49921176787914,6.128128683399684
24.05363871792219,11.512763936777157,7.466695703552881
17.82686356920776,16.75512659260114,6.382511816041936
42.23766223451525,15.517097692637147,3.6712184606759024
19.926280891796903,13.249674418164638,9.021638934099967
12.163870485492929,17.794830881902367,8.3119869566855
17.229565562399372,12.135734397495579,8.51672578227484
19.534302242422882,2.8781457839316698,0.1
16.316880732079674,11.00633183407098,8.893217970029507
15.389972142057061,11.00633183407098,8.38802336422735
35.79781657212683,28.24797821889769,8.148691774904279
25.22657475483761,13.244924332975279,8.574552871115326
18.53750457683725,11.00633183407098,9.896471542007696
18.53750457683725,13.249674418164638,8.392869393921812
23.780236079755518,13.249674418164638,9.233479903039512
22.535940964899403,21.587632751294514,8.27616904664357
13.31486370810997,20.14519417037342,7.511924750521382
20.394041457236803,13.753812929741375,8.89497199156422
25.22657475483761,15.823563413410628,9.563533746402163
17.96003292567944,13.249674418164638,8.13141866160934
21.501588533868926,13.249674418164638,6.057545862884067
28.397259751413856,32.94824741893767,5.8901292781617585
25.22657475483761,13.244924332975279,8.574552871115326
11.30697316361607,6.216994183873169,6.046241146395634
31.923932000503214,13.047163943303364,9.066368252805516
30.38327341712521,15.803605741393369,8.466987164341365
25.22657475483761,15.905308910683695,9.51438186722915
9.75805000655672,8.690712443434325,6.73553441122304
25.682545879021106,11.42414341881847,6.514134431482457
23.780236079755518,13.244924332975279,9.22961865880981
14.927668368433428,13.244924332975279,9.22961865880981
18.35955893465045,8.756038599921832,7.421786086738196
27.60276647515372,13.512385577003787,7.745799495516792
26.10081676996525,17.645130638777097,8.873472750523222
21.800250008529122,12.135734397495579,9.22394469928692
9.75805000655672,8.690712443434325,6.73553441122304
17.344136191246847,12.233335354757351,8.504958404933356
23.780236079755518,13.249674418164638,9.233479903039512
17.344136191246847,11.381558050376572,9.141455667606905
25.22657475483761,27.225304252764776,9.752415412341753
25.22657475483761,15.905308910683695,9.51438186722915
44.941124695223095,13.244924332975279,9.22961865880981
19.534302242422882,2.8781457839316698,0.1
17.40550185405519,14.803596897638407,7.053159405823061
15.94851525536925,15.867109534940614,6.029576901206249
19.926280891796903,13.249674418164638,9.021638934099967
19.926280891796903,15.517097692637147,7.703359285530637
31.923932000503214,13.047163943303364,9.066368252805516
17.229565562399372,12.135734397495579,8.51672578227484
18.53750457683725,11.00633183407098,9.896471542007696
23.952431619316684,11.255023885433864,7.233625267437436
18.53750457683725,15.517097692637147,7.166468182797381
16.316880732079674,11.00633183407098,8.893217970029507
19.926280891796903,14.082761627554127,8.487950144748906
24.978583018084528,13.653248823608696,9.025210648512742
25.22657475483761,15.823563413410628,9.563533746402163
33.2084143558108,15.517097692637147,7.161861840917007
23.780236079755518,13.249674418164638,9.233479903039512
23.780236079755518,13.244924332975279,9.22961865880981
36.57885358342274,21.36993919521543,9.73187365444005
23.780236079755518,15.517097692637147,9.193271108233182
19.534302242422882,15.823563413410628,7.40556181421362
22.839606427727418,14.039663210530218,9.758797947254065
23.780236079755518,20.7561056894814,6.8728155481326745
12.163870485492929,17.794830881902367,8.3119869566855
24.90550083968873,13.249674418164638,8.724015421207215
26.61550268021967,17.75516339292109,8.992374800008955
19.926280891796903,14.822430134087588,8.064384686838022
21.501588533868926,13.249674418164638,6.057545862884067
19.926280891796903,11.00633183407098,9.139544364359793
19.926280891796903,13.249674418164638,9.021638934099967
19.926280891796903,11.42177281086823,9.534568707116842
42.23766223451525,15.823563413410628,3.9874690847016225
19.926280891796903,12.135734397495579,9.84973588575985
19.534302242422882,12.233335354757351,9.578939314662954
25.22657475483761,15.517097692637147,9.752415412341753
24.05363871792219,11.512763936777157,7.466695703552881
25.22657475483761,15.517097692637147,9.752415412341753
19.534302242422882,12.135734397495579,9.655977392132453
27.60276647515372,13.512385577003787,7.745799495516792
42.23766223451525,15.517097692637147,3.6712184606759024
14.927668368433428,13.244924332975279,9.22961865880981
20.66949948096613,14.174384875259179,8.747624643841228
25.22657475483761,15.517097692637147,9.752415412341753
25.22657475483761,15.517097692637147,9.752415412341753
19.926280891796903,14.822430134087588,8.064384686838022
25.22657475483761,15.517097692637147,9.752415412341753
18.53750457683725,12.233335354757351,9.090144566371082
25.22657475483761,15.517097692637147,9.752415412341753
26.10081676996525,17.645130638777097,8.873472750523222
17.142191148070225,0.21911553099231362,0.1
19.926280891796903,12.135734397495579,9.84973588575985
19.534302242422882,12.135734397495579,9.655977392132453
19.534302242422882,13.244924332975279,8.847342123910659
25.22657475483761,15.517097692637147,9.752415412341753
19.534302242422882,12.233335354757351,9.578939314662954
21.800250008529122,12.135734397495579,9.22394469928692
19.926280891796903,11.42177281086823,9.534568707116842
27.60276647515372,13.512385577003787,7.745799495516792
16.316880732079674,8.379628027433306,8.319086750578688
25.22657475483761,15.517097692637147,9.752415412341753
16.834053924248384,31.20024940365172,3.236644855419872
41.88584231662735,12.233335354757351,0.1
17.229565562399372,12.135734397495579,8.51672578227484
19.926280891796903,15.517097692637147,7.703359285530637
19.534302242422882,11.00633183407098,9.353185171430681
9.75805000655672,8.690712443434325,6.73553441122304
42.23766223451525,15.517097692637147,3.6712184606759024
15.389972142057061,11.00633183407098,8.38802336422735
25.22657475483761,13.244924332975279,8.574552871115326
19.534302242422882,11.00633183407098,9.353185171430681
19.534302242422882,12.135734397495579,9.655977392132453
5.827856407134057,17.49921176787914,1.9978126373493634
15.60487310134513,7.474686400982402,7.476328573133646
19.534302242422882,11.00633183407098,9.353185171430681
23.780236079755518,10.445919289158972,6.343673356790969
19.534302242422882,12.135734397495579,9.655977392132453
19.926280891796903,11.00633183407098,9.139544364359793
22.276738713255362,14.387035824649953,9.288480766098036
20.695540707295926,11.00633183407098,8.72027334515283
19.926280891796903,12.135734397495579,9.84973588575985
18.53750457683725,0.14530280302949805,0.1
31.406042135490097,23.43603000041637,8.038843314971597
30.71490643418104,12.135734397495579,4.817351628469019
42.23766223451525,15.823563413410628,3.9874690847016225
42.23766223451525,15.517097692637147,3.6712184606759024
23.780236079755518,20.7561056894814,6.8728155481326745
25.22657475483761,15.517097692637147,9.752415412341753
17.344136191246847,12.233335354757351,8.504958404933356
25.22657475483761,15.823563413410628,9.563533746402163
23.780236079755518,12.135734397495579,8.24522017136501
19.926280891796903,12.135734397495579,9.84973588575985
18.53750457683725,13.244924332975279,8.395879365409911
25.22657475483761,15.823563413410628,9.563533746402163
17.40550185405519,14.803596897638407,7.053159405823061
17.96003292567944,13.249674418164638,8.13141866160934
24.195876989711564,16.67998409425326,8.701820809393825
19.926280891796903,14.082761627554127,8.487950144748906
23.780236079755518,13.242412745238017,9.227575922472969
33.2084143558108,15.517097692637147,7.161861840917007
18.81811962502364,14.210253454208296,7.943992053752341
25.22657475483761,15.517097692637147,9.752415412341753
25.22657475483761,15.517097692637147,9.752415412341753
25.572246204197125,15.847418720580848,9.67998633535361
25.22657475483761,13.244924332975279,8.574552871115326
19.534302242422882,15.823563413410628,7.40556181421362
19.534302242422882,2.8781457839316698,0.1
18.53750457683725,11.00633183407098,9.896471542007696
