33.175783580785804,11.728176547635254,7.962424002850256
33.175783580785804,14.573829454230456,6.344364799243328
24.274667737885494,14.573829454230456,9.991806416295953
22.29994537100894,11.63228253766712,8.499856566469406
20.499911585560497,11.63228253766712,9.428138962388187
24.274667737885494,10.334721365041421,5.909742749005485
28.104957271769067,14.573829454230456,9.088830835621017
25.288187790332266,11.63228253766712,6.95881169552298
19.47116780867086,11.62416360126393,9.951651565700592
27.97775135516936,14.573829454230456,8.483950490171992
24.274667737885494,7.072854799936438,8.272405566164865
19.07026428345118,10.330109207162959,8.925702171648831
24.274667737885494,15.266865822631289,9.538230331134525
24.274667737885494,14.573829454230456,9.991806416295953
24.274667737885494,14.573829454230456,9.991806416295953
24.274667737885494,14.573829454230456,9.991806416295953
24.274667737885494,11.62416360126393,7.472743188598169
24.274667737885494,14.573829454230456,9.991806416295953
24.274667737885494,14.573829454230456,9.991806416295953
24.274667737885494,14.573829454230456,9.991806416295953
40.71727293564823,24.107605845234232,9.86814417721019
3.112574460525032,14.573829454230456,1.2811809332135473
24.274667737885494,19.820864438084488,7.346747317992129
24.274667737885494,14.573829454230456,9.991806416295953
8.576710919232777,14.573829454230456,3.5302989980686115
17.868801957834123,10.872846671395678,9.858630100460232
29.501751563423596,17.79900460688858,9.942978175823216
18.860566352042106,11.907960569174984,9.501271800574974
24.274667737885494,14.573829454230456,9.991806416295953
24.274667737885494,14.573829454230456,9.991806416295953
23.8830128020561,14.573829454230456,9.830595546468615
24.274667737885494,14.573829454230456,9.991806416295953
24.274667737885494,14.573829454230456,8.871729475183841
24.782378433747716,11.62416360126393,7.210732505624527
19.47116780867086,13.726388097472846,8.509423257841968
8.032776743827018,14.573829454230456,3.306407777700653
24.274667737885494,14.573829454230456,9.991806416295953
19.47116780867086,20.539816022416417,5.686693882521892
24.274667737885494,11.62416360126393,8.901575849754472
24.274667737885494,14.573829454230456,8.871729475183841
24.274667737885494,14.573829454230456,9.991806416295953
15.267382535060632,19.14591757311649,4.783577369170344
21.947830620540426,16.421645286120004,8.697442859336128
24.274667737885494,14.573829454230456,8.871729475183841
24.274667737885494,28.244160885433047,5.1557163705962985
24.274667737885494,20.539816022416417,7.08959040781376
24.274667737885494,14.573829454230456,9.991806416295953
24.274667737885494,19.14591757311649,7.605740602124593
24.274667737885494,8.855512947084941,8.595101731217976
24.274667737885494,14.573829454230456,8.871729475183841
24.274667737885494,14.573829454230456,8.871729475183841
41.00735275511414,14.573829454230456,3.1207769845441256
24.274667737885494,19.14591757311649,8.503467615482013
24.274667737885494,19.14591757311649,8.503467615482013
24.274667737885494,14.573829454230456,9.991806416295953
24.274667737885494,27.76307770631241,5.245055472278344
24.274667737885494,14.573829454230456,9.991806416295953
24.274667737885494,14.573829454230456,8.871729475183841
24.274667737885494,14.573829454230456,9.991806416295953
16.82444427365291,18.110803805928,5.572722305832345
16.82444427365291,14.573829454230456,6.925186044121823
24.274667737885494,14.573829454230456,8.871729475183841
24.274667737885494,15.503014410586726,8.816849130932667
16.82444427365291,14.573829454230456,6.925186044121823
24.274667737885494,14.573829454230456,9.991806416295953
24.274667737885494,14.573829454230456,9.991806416295953
16.82444427365291,14.573829454230456,8.076734164775885
24.274667737885494,14.573829454230456,9.991806416295953
24.274667737885494,14.573829454230456,9.991806416295953
19.47116780867086,14.573829454230456,8.565209356750266
24.274667737885494,14.573829454230456,9.991806416295953
24.274667737885494,17.38420824169735,8.376503584529367
24.274667737885494,26.444604722951894,5.506563027746705
24.274667737885494,14.573829454230456,9.991806416295953
24.274667737885494,14.573829454230456,8.871729475183841
24.274667737885494,14.573829454230456,9.991806416295953
17.285403793284274,14.573829454230456,8.17636045311954
24.274667737885494,14.573829454230456,9.991806416295953
24.274667737885494,27.76307770631241,7.539623248017152
33.175783580785804,14.573829454230456,6.344364799243328
