24.274667737885494,14.573829454230456,9.991806416295953
29.501751563423596,17.79900460688858,9.942978175823216
17.868801957834123,11.62416360126393,9.221426775226652
17.868801957834123,10.872846671395678,9.858630100460232
18.860566352042106,11.62416360126393,9.73323964108341
18.860566352042106,11.581873145893839,9.768779931627309
29.2937764364588,23.73256559451032,7.404488672593317
22.195387440575388,13.778655872390875,9.663184619563909
30.33394461049394,14.573829454230456,7.514107065710105
17.868801957834123,11.63228253766712,9.214990533904942
18.860566352042106,11.907960569174984,9.501271800574974
24.274667737885494,18.584798297944054,7.835376005500791
48.32176794951392,14.573829454230456,0.11005727212583238
29.501751563423596,17.79900460688858,9.942978175823216
22.195387440575388,13.778655872390875,9.663184619563909
17.868801957834123,11.62416360126393,9.221426775226652
18.860566352042106,11.907960569174984,9.501271800574974
30.33394461049394,14.573829454230456,7.514107065710105
24.274667737885494,18.584798297944054,7.835376005500791
17.868801957834123,11.63228253766712,9.214990533904942
18.860566352042106,11.63228253766712,9.726446171840632
19.07026428345118,14.339328473731854,7.977968157231463
21.806304793391085,12.95251492853019,9.900674336307816
30.82072055662646,19.704232137183496,9.383128689480221
24.274667737885494,14.573829454230456,9.991806416295953
22.550796406741735,12.871496230013367,9.49013226757316
18.860566352042106,11.581873145893839,9.768779931627309
18.860566352042106,11.62416360126393,9.73323964108341
24.274667737885494,15.278550905235129,9.530935463315904
24.274667737885494,15.278550905235129,9.530935463315904
48.32176794951392,14.573829454230456,0.11005727212583238
18.860566352042106,11.62416360126393,9.73323964108341
18.860566352042106,11.581873145893839,9.768779931627309
29.501751563423596,17.79900460688858,9.942978175823216
19.47116780867086,14.713596433665556,7.9384837452485195
19.47116780867086,11.62416360126393,9.951651565700592
18.860566352042106,11.907960569174984,9.501271800574974
24.274667737885494,14.573829454230456,9.991806416295953
24.274667737885494,14.573829454230456,9.991806416295953
33.07544914443385,11.62416360126393,2.930985912605685
18.293315205476446,11.63228253766712,9.433913188471953
22.550796406741735,12.871496230013367,9.49013226757316
17.868801957834123,11.63228253766712,9.214990533904942
19.07026428345118,14.339328473731854,7.977968157231463
24.274667737885494,14.573829454230456,9.991806416295953
19.47116780867086,14.713596433665556,7.9384837452485195
29.501751563423596,17.79900460688858,9.942978175823216
33.07544914443385,11.62416360126393,2.930985912605685
24.274667737885494,14.573829454230456,9.991806416295953
18.860566352042106,11.581873145893839,9.768779931627309
19.47116780867086,11.62416360126393,9.951651565700592
17.868801957834123,10.872846671395678,9.858630100460232
19.07026428345118,14.339328473731854,7.977968157231463
17.868801957834123,11.63228253766712,9.214990533904942
37.52934628935547,11.63228253766712,9.726446171840632
30.33394461049394,14.573829454230456,7.514107065710105
17.868801957834123,11.62416360126393,9.221426775226652
31.62356983874708,11.62416360126393,3.6802470402095793
18.860566352042106,11.62416360126393,9.73323964108341
24.274667737885494,18.584798297944054,7.835376005500791
48.32176794951392,14.573829454230456,0.11005727212583238
18.860566352042106,11.907960569174984,9.501271800574974
23.8830128020561,14.573829454230456,9.830595546468615
22.195387440575388,13.778655872390875,9.663184619563909
19.47116780867086,14.713596433665556,7.9384837452485195
18.860566352042106,11.63228253766712,9.726446171840632
23.8830128020561,14.573829454230456,9.830595546468615
18.860566352042106,11.63228253766712,9.726446171840632
18.860566352042106,11.907960569174984,9.501271800574974
24.274667737885494,15.278550905235129,9.530935463315904
31.62356983874708,11.62416360126393,3.6802470402095793
30.82072055662646,19.704232137183496,9.383128689480221
19.47116780867086,11.62416360126393,9.951651565700592
24.274667737885494,14.573829454230456,9.991806416295953
24.274667737885494,14.573829454230456,9.991806416295953
29.501751563423596,17.79900460688858,9.942978175823216
22.195387440575388,13.778655872390875,9.663184619563909
18.860566352042106,11.62416360126393,9.73323964108341
22.550796406741735,12.871496230013367,9.49013226757316
37.52934628935547,11.63228253766712,9.726446171840632
33.07544914443385,11.62416360126393,2.930985912605685
17.868801957834123,11.62416360126393,9.221426775226652
18.860566352042106,11.62416360126393,9.73323964108341
24.274667737885494,18.584798297944054,7.835376005500791
19.47116780867086,11.62416360126393,9.951651565700592
18.860566352042106,11.63228253766712,9.726446171840632
48.32176794951392,14.573829454230456,0.11005727212583238
24.274667737885494,14.573829454230456,9.991806416295953
29.501751563423596,17.79900460688858,9.942978175823216
18.860566352042106,11.581873145893839,9.768779931627309
19.47116780867086,11.62416360126393,9.951651565700592
30.33394461049394,14.573829454230456,7.514107065710105
30.82072055662646,19.704232137183496,9.383128689480221
17.868801957834123,10.872846671395678,9.858630100460232
18.860566352042106,11.63228253766712,9.726446171840632
18.860566352042106,11.63228253766712,9.726446171840632
24.274667737885494,18.584798297944054,7.835376005500791
19.47116780867086,14.713596433665556,7.9384837452485195
24.274667737885494,14.573829454230456,9.991806416295953
30.33394461049394,14.573829454230456,7.514107065710105
24.274667737885494,15.278550905235129,9.530935463315904
21.806304793391085,12.95251492853019,9.900674336307816
22.195387440575388,13.778655872390875,9.663184619563909
17.868801957834123,11.63228253766712,9.214990533904942
24.274667737885494,12.6044230116659,8.447001301368047
18.293315205476446,11.63228253766712,9.433913188471953
18.860566352042106,11.63228253766712,9.726446171840632
18.860566352042106,11.63228253766712,9.726446171840632
18.860566352042106,11.62416360126393,9.73323964108341
18.860566352042106,11.907960569174984,9.501271800574974
33.07544914443385,11.62416360126393,2.930985912605685
31.62356983874708,11.62416360126393,3.6802470402095793
48.32176794951392,14.573829454230456,0.11005727212583238
40.71727293564823,24.107605845234232,9.86814417721019
24.274667737885494,14.573829454230456,9.991806416295953
22.550796406741735,12.871496230013367,9.49013226757316
19.47116780867086,11.62416360126393,9.951651565700592
18.860566352042106,14.573829454230456,7.763283515398813
33.07544914443385,11.62416360126393,2.930985912605685
24.274667737885494,14.573829454230456,9.991806416295953
17.868801957834123,10.872846671395678,9.858630100460232
31.62356983874708,11.62416360126393,3.6802470402095793
48.32176794951392,14.573829454230456,0.11005727212583238
24.274667737885494,14.573829454230456,9.991806416295953
24.274667737885494,14.573829454230456,9.991806416295953
24.274667737885494,14.573829454230456,9.991806416295953
24.274667737885494,11.62416360126393,7.472743188598169
18.860566352042106,11.63228253766712,9.726446171840632
24.274667737885494,15.278550905235129,9.530935463315904
18.860566352042106,11.62416360126393,9.73323964108341
18.293315205476446,11.63228253766712,9.433913188471953
30.82072055662646,19.704232137183496,9.383128689480221
18.860566352042106,11.63228253766712,9.726446171840632
18.860566352042106,11.581873145893839,9.768779931627309
30.33394461049394,14.573829454230456,7.514107065710105
21.806304793391085,12.95251492853019,9.900674336307816
24.274667737885494,14.573829454230456,9.991806416295953
18.860566352042106,11.63228253766712,9.726446171840632
24.274667737885494,14.573829454230456,9.991806416295953
18.860566352042106,14.573829454230456,7.763283515398813
19.47116780867086,11.62416360126393,9.951651565700592
18.860566352042106,11.62416360126393,9.73323964108341
18.860566352042106,11.63228253766712,9.726446171840632
22.195387440575388,13.778655872390875,9.663184619563909
17.868801957834123,11.63228253766712,9.214990533904942
23.8830128020561,14.573829454230456,9.830595546468615
24.274667737885494,14.573829454230456,9.991806416295953
29.2937764364588,23.73256559451032,7.404488672593317
30.33394461049394,14.573829454230456,7.514107065710105
24.274667737885494,18.584798297944054,7.835376005500791
24.274667737885494,12.6044230116659,8.447001301368047
19.47116780867086,14.713596433665556,7.9384837452485195
19.47116780867086,11.62416360126393,9.951651565700592
22.550796406741735,12.871496230013367,9.49013226757316
24.274667737885494,11.63228253766712,7.481486786514472
24.274667737885494,14.573829454230456,9.991806416295953
23.8830128020561,14.573829454230456,9.830595546468615
24.274667737885494,11.62416360126393,7.472743188598169
18.860566352042106,11.907960569174984,9.501271800574974
23.8830128020561,14.573829454230456,9.830595546468615
24.274667737885494,18.584798297944054,7.835376005500791
24.274667737885494,14.573829454230456,9.991806416295953
23.8830128020561,14.573829454230456,9.830595546468615
24.274667737885494,12.6044230116659,8.447001301368047
18.860566352042106,14.573829454230456,7.763283515398813
19.47116780867086,14.713596433665556,7.9384837452485195
19.47116780867086,11.62416360126393,9.951651565700592
39.47990849111456,16.105402490444682,5.294867068966848
18.860566352042106,11.581873145893839,9.768779931627309
18.860566352042106,11.63228253766712,9.726446171840632
64.79701995078372,18.945800553984274,0.1
48.32176794951392,14.573829454230456,0.11005727212583238
19.07026428345118,14.339328473731854,7.977968157231463
24.274667737885494,14.573829454230456,9.991806416295953
29.501751563423596,17.79900460688858,9.942978175823216
18.860566352042106,11.63228253766712,9.726446171840632
40.71727293564823,24.107605845234232,9.86814417721019
24.274667737885494,14.573829454230456,9.991806416295953
26.7192456051683,14.573829454230456,9.001969767040633
0.7223480755678615,14.573829454230456,0.29732897744233744
24.274667737885494,14.573829454230456,9.991806416295953
18.860566352042106,11.62416360126393,9.73323964108341
24.274667737885494,14.573829454230456,9.991806416295953
24.274667737885494,14.573829454230456,9.991806416295953
18.860566352042106,11.63228253766712,9.726446171840632
18.860566352042106,11.63228253766712,9.726446171840632
24.274667737885494,11.63228253766712,7.481486786514472
31.62356983874708,11.62416360126393,3.6802470402095793
33.07544914443385,11.62416360126393,2.930985912605685
18.860566352042106,11.63228253766712,9.726446171840632
18.04117793698228,14.573829454230456,7.426011322368726
30.33394461049394,14.573829454230456,7.514107065710105
18.860566352042106,11.63228253766712,9.726446171840632
22.550796406741735,12.871496230013367,9.49013226757316
18.860566352042106,14.573829454230456,7.763283515398813
17.868801957834123,11.62416360126393,9.221426775226652
30.33394461049394,14.573829454230456,7.514107065710105
18.860566352042106,11.62416360126393,9.73323964108341
24.274667737885494,15.278550905235129,9.530935463315904
24.274667737885494,14.573829454230456,9.991806416295953
17.868801957834123,10.872846671395678,9.858630100460232
21.806304793391085,12.95251492853019,9.900674336307816
