28.45159386283855,14.573829454230456,8.28891002001744
24.274667737885494,14.573829454230456,9.991806416295953
24.274667737885494,14.573829454230456,9.991806416295953
28.45159386283855,14.573829454230456,8.28891002001744
24.313385960699915,14.573829454230456,9.992256599877038
24.274667737885494,14.573829454230456,9.991806416295953
28.45159386283855,14.573829454230456,8.28891002001744
24.274667737885494,14.573829454230456,9.991806416295953
24.274667737885494,14.573829454230456,9.991806416295953
28.45159386283855,14.573829454230456,8.28891002001744
24.313385960699915,14.573829454230456,9.992256599877038
24.274667737885494,14.573829454230456,9.991806416295953
24.274667737885494,14.573829454230456,9.991806416295953
28.45159386283855,14.573829454230456,8.28891002001744
24.313385960699915,14.573829454230456,9.992256599877038
24.274667737885494,14.573829454230456,9.991806416295953
41.17410386757983,14.573829454230456,9.991806416295953
24.274667737885494,14.573829454230456,9.991806416295953
24.274667737885494,14.573829454230456,9.991806416295953
28.45159386283855,14.573829454230456,8.28891002001744
24.313385960699915,14.573829454230456,9.992256599877038
41.17410386757983,14.573829454230456,9.991806416295953
28.45159386283855,14.573829454230456,8.28891002001744
28.45159386283855,14.573829454230456,8.28891002001744
41.17410386757983,14.573829454230456,9.991806416295953
24.274667737885494,14.573829454230456,9.991806416295953
41.17410386757983,14.573829454230456,9.991806416295953
28.45159386283855,14.573829454230456,8.28891002001744
24.274667737885494,14.573829454230456,9.991806416295953
24.313385960699915,14.573829454230456,9.992256599877038
28.45159386283855,14.573829454230456,8.28891002001744
24.274667737885494,14.573829454230456,9.991806416295953
24.274667737885494,14.573829454230456,9.991806416295953
41.17410386757983,14.573829454230456,9.991806416295953
28.45159386283855,14.573829454230456,8.28891002001744
24.274667737885494,14.573829454230456,9.991806416295953
24.313385960699915,14.573829454230456,9.992256599877038
24.313385960699915,14.573829454230456,9.992256599877038
24.274667737885494,14.573829454230456,9.991806416295953
41.17410386757983,14.573829454230456,9.991806416295953
28.45159386283855,14.573829454230456,8.28891002001744
24.313385960699915,14.573829454230456,9.992256599877038
24.274667737885494,14.573829454230456,9.991806416295953
24.274667737885494,14.573829454230456,9.991806416295953
24.313385960699915,14.573829454230456,9.992256599877038
24.274667737885494,14.573829454230456,9.991806416295953
41.17410386757983,14.573829454230456,9.991806416295953
28.45159386283855,14.573829454230456,8.28891002001744
24.313385960699915,14.573829454230456,9.992256599877038
28.45159386283855,14.573829454230456,8.28891002001744
24.274667737885494,14.573829454230456,9.991806416295953
41.17410386757983,14.573829454230456,9.991806416295953
24.274667737885494,14.573829454230456,9.991806416295953
24.313385960699915,14.573829454230456,9.992256599877038
24.274667737885494,14.573829454230456,9.991806416295953
41.17410386757983,14.573829454230456,9.991806416295953
24.274667737885494,14.573829454230456,9.991806416295953
24.313385960699915,14.573829454230456,9.992256599877038
41.17410386757983,14.573829454230456,9.991806416295953
28.45159386283855,14.573829454230456,8.28891002001744
28.45159386283855,14.573829454230456,8.28891002001744
41.17410386757983,14.573829454230456,9.991806416295953
24.313385960699915,14.573829454230456,9.992256599877038
24.274667737885494,14.573829454230456,9.991806416295953
24.313385960699915,14.573829454230456,9.992256599877038
24.274667737885494,14.573829454230456,9.991806416295953
28.45159386283855,14.573829454230456,8.28891002001744
24.313385960699915,14.573829454230456,9.992256599877038
28.45159386283855,14.573829454230456,8.28891002001744
24.274667737885494,14.573829454230456,9.991806416295953
41.17410386757983,14.573829454230456,9.991806416295953
24.274667737885494,14.573829454230456,9.991806416295953
28.45159386283855,14.573829454230456,8.28891002001744
24.274667737885494,14.573829454230456,9.991806416295953
24.274667737885494,14.573829454230456,9.991806416295953
41.17410386757983,14.573829454230456,9.991806416295953
24.274667737885494,14.573829454230456,9.991806416295953
41.17410386757983,14.573829454230456,9.991806416295953
28.45159386283855,14.573829454230456,8.28891002001744
28.45159386283855,14.573829454230456,8.28891002001744
24.274667737885494,14.573829454230456,9.991806416295953
24.274667737885494,14.573829454230456,9.991806416295953
24.274667737885494,1.3168159767394414,9.991806416295953
24.313385960699915,14.573829454230456,9.992256599877038
24.896149932216225,10.33693060787455,9.752382470490087
41.17410386757983,14.573829454230456,9.991806416295953
24.274667737885494,14.573829454230456,9.991806416295953
24.274667737885494,14.573829454230456,9.991806416295953
24.274667737885494,14.573829454230456,9.991806416295953
24.896149932216225,10.33693060787455,9.752382470490087
24.274667737885494,1.3168159767394414,9.991806416295953
41.17410386757983,14.573829454230456,9.991806416295953
24.274667737885494,14.573829454230456,9.991806416295953
24.274667737885494,14.573829454230456,9.991806416295953
24.313385960699915,14.573829454230456,9.992256599877038
24.313385960699915,14.573829454230456,9.992256599877038
24.896149932216225,10.33693060787455,9.752382470490087
24.274667737885494,14.573829454230456,9.991806416295953
24.274667737885494,14.573829454230456,9.991806416295953
24.274667737885494,1.3168159767394414,9.991806416295953
24.274667737885494,14.573829454230456,9.991806416295953
41.17410386757983,14.573829454230456,9.991806416295953
24.274667737885494,14.573829454230456,9.991806416295953
28.45159386283855,14.573829454230456,8.28891002001744
24.896149932216225,10.33693060787455,9.752382470490087
24.274667737885494,14.573829454230456,9.991806416295953
24.274667737885494,14.573829454230456,9.991806416295953
24.313385960699915,14.573829454230456,9.992256599877038
24.274667737885494,14.573829454230456,9.991806416295953
28.45159386283855,14.573829454230456,8.28891002001744
20.64615101002085,28.36310978819609,4.366662772801528
24.313385960699915,14.573829454230456,9.992256599877038
24.274667737885494,14.573829454230456,9.991806416295953
24.274667737885494,1.3168159767394414,9.991806416295953
24.274667737885494,14.573829454230456,9.991806416295953
24.896149932216225,10.33693060787455,9.752382470490087
24.274667737885494,14.573829454230456,9.991806416295953
24.274667737885494,14.573829454230456,9.991806416295953
41.17410386757983,14.573829454230456,9.991806416295953
24.274667737885494,14.573829454230456,9.991806416295953
24.274667737885494,1.3168159767394414,9.991806416295953
3.9098958355074984,15.585563288330814,1.5048980676746329
20.64615101002085,28.36310978819609,4.366662772801528
24.896149932216225,10.33693060787455,9.752382470490087
24.274667737885494,22.391496170955822,6.503311861744467
24.896149932216225,10.33693060787455,9.752382470490087
24.274667737885494,13.629822791035759,9.316157305687398
24.274667737885494,1.3168159767394414,9.991806416295953
3.9098958355074984,15.585563288330814,1.5048980676746329
24.274667737885494,14.573829454230456,9.991806416295953
24.274667737885494,14.573829454230456,9.991806416295953
28.45159386283855,14.573829454230456,8.28891002001744
41.17410386757983,14.573829454230456,9.991806416295953
24.274667737885494,22.391496170955822,6.503311861744467
24.274667737885494,14.573829454230456,9.991806416295953
24.313385960699915,14.573829454230456,9.992256599877038
40.10926250103591,14.573829454230456,3.4904439995577548
24.274667737885494,22.391496170955822,6.503311861744467
28.45159386283855,14.573829454230456,8.28891002001744
24.274667737885494,14.573829454230456,9.991806416295953
40.10926250103591,14.573829454230456,3.4904439995577548
3.9098958355074984,15.585563288330814,1.5048980676746329
24.896149932216225,10.33693060787455,9.752382470490087
24.274667737885494,22.467991902732074,6.481170336948349
41.17410386757983,14.573829454230456,9.991806416295953
24.313385960699915,14.573829454230456,9.992256599877038
24.274667737885494,14.573829454230456,9.991806416295953
24.274667737885494,1.3168159767394414,9.991806416295953
24.274667737885494,14.573829454230456,9.991806416295953
24.274667737885494,14.573829454230456,9.991806416295953
24.274667737885494,24.143611314918587,9.991806416295953
24.274667737885494,14.573829454230456,9.991806416295953
24.274667737885494,14.573829454230456,9.991806416295953
24.274667737885494,14.573829454230456,9.991806416295953
24.274667737885494,22.467991902732074,6.481170336948349
24.274667737885494,1.3168159767394414,9.991806416295953
28.45159386283855,14.573829454230456,8.28891002001744
41.17410386757983,14.573829454230456,9.991806416295953
24.274667737885494,13.629822791035759,9.316157305687398
3.9098958355074984,15.585563288330814,1.5048980676746329
24.274667737885494,14.573829454230456,9.991806416295953
24.313385960699915,14.573829454230456,9.992256599877038
24.896149932216225,14.573829454230456,9.752382470490087
24.274667737885494,14.573829454230456,9.991806416295953
24.274667737885494,14.573829454230456,9.991806416295953
3.9098958355074984,15.585563288330814,1.5048980676746329
24.274667737885494,24.143611314918587,9.991806416295953
24.274667737885494,22.391496170955822,6.503311861744467
28.06349424832802,33.36680959482397,5.045351895342037
41.17410386757983,14.573829454230456,9.991806416295953
24.274667737885494,13.629822791035759,9.316157305687398
24.274667737885494,14.573829454230456,9.991806416295953
43.15827127263365,14.573829454230456,2.2354276287323778
24.274667737885494,14.573829454230456,9.991806416295953
24.274667737885494,14.573829454230456,9.991806416295953
24.274667737885494,1.3168159767394414,9.991806416295953
24.274667737885494,22.467991902732074,6.481170336948349
28.45159386283855,14.573829454230456,8.28891002001744
24.274667737885494,24.143611314918587,9.991806416295953
24.896149932216225,14.573829454230456,9.752382470490087
20.64615101002085,28.36310978819609,4.366662772801528
24.274667737885494,14.573829454230456,9.991806416295953
24.274667737885494,14.573829454230456,9.991806416295953
3.9098958355074984,15.585563288330814,1.5048980676746329
24.274667737885494,13.629822791035759,9.316157305687398
24.274667737885494,14.573829454230456,9.991806416295953
26.307106908498366,17.814420135545483,8.858614427772444
32.13233619349285,18.37141088134939,9.507857218335452
24.896149932216225,14.573829454230456,9.752382470490087
24.274667737885494,14.573829454230456,9.991806416295953
24.274667737885494,14.573829454230456,9.991806416295953
24.274667737885494,24.143611314918587,9.991806416295953
24.274667737885494,1.3168159767394414,9.991806416295953
24.274667737885494,22.391496170955822,6.503311861744467
3.9098958355074984,15.585563288330814,1.5048980676746329
24.896149932216225,3.640038247346787,0.1
20.64615101002085,28.36310978819609,4.366662772801528
24.274667737885494,13.629822791035759,9.316157305687398
24.274667737885494,3.640038247346787,0.1
43.15827127263365,14.573829454230456,2.2354276287323778
24.274667737885494,14.573829454230456,9.991806416295953
24.313385960699915,14.573829454230456,9.992256599877038
24.896149932216225,10.33693060787455,9.752382470490087
24.274667737885494,14.573829454230456,9.991806416295953
20.64615101002085,28.36310978819609,4.366662772801528
24.274667737885494,3.640038247346787,0.1
24.896149932216225,3.640038247346787,0.1
24.274667737885494,14.573829454230456,9.991806416295953
40.10926250103591,14.573829454230456,3.4904439995577548
24.274667737885494,14.573829454230456,9.991806416295953
24.274667737885494,22.391496170955822,6.503311861744467
24.274667737885494,14.573829454230456,9.991806416295953
3.9098958355074984,15.585563288330814,1.5048980676746329
46.215889702343034,14.573829454230456,0.9768673973651794
24.274667737885494,14.573829454230456,9.991806416295953
24.896149932216225,10.33693060787455,9.752382470490087
28.45159386283855,14.573829454230456,8.28891002001744
24.274667737885494,14.573829454230456,9.991806416295953
28.06349424832802,14.573829454230456,8.448657467863086
24.274667737885494,22.467991902732074,6.481170336948349
24.274667737885494,1.3168159767394414,9.991806416295953
24.896149932216225,14.573829454230456,9.752382470490087
24.313385960699915,14.573829454230456,9.992256599877038
24.274667737885494,14.573829454230456,9.991806416295953
28.06349424832802,33.36680959482397,5.045351895342037
3.9098958355074984,15.585563288330814,1.5048980676746329
28.06349424832802,14.573829454230456,8.448657467863086
46.215889702343034,14.573829454230456,0.9768673973651794
24.274667737885494,1.3168159767394414,9.991806416295953
24.274667737885494,3.640038247346787,0.1
40.621915581606686,2.7798155581420403,0.1
24.896149932216225,3.640038247346787,0.1
43.15827127263365,14.573829454230456,2.2354276287323778
24.274667737885494,14.573829454230456,9.991806416295953
24.274667737885494,14.573829454230456,9.991806416295953
24.274667737885494,24.143611314918587,9.991806416295953
24.274667737885494,13.629822791035759,9.316157305687398
24.313385960699915,14.573829454230456,9.992256599877038
24.274667737885494,22.467991902732074,6.481170336948349
24.274667737885494,14.573829454230456,9.991806416295953
24.896149932216225,10.33693060787455,9.752382470490087
24.274667737885494,14.573829454230456,9.991806416295953
26.307106908498366,17.814420135545483,8.858614427772444
41.17410386757983,14.573829454230456,9.991806416295953
40.10926250103591,14.573829454230456,3.4904439995577548
28.45159386283855,14.573829454230456,8.28891002001744
24.274667737885494,14.573829454230456,9.991806416295953
24.274667737885494,14.573829454230456,9.991806416295953
24.274667737885494,14.573829454230456,9.991806416295953
24.274667737885494,14.573829454230456,9.991806416295953
24.896149932216225,10.33693060787455,9.752382470490087
28.06349424832802,33.36680959482397,5.045351895342037
40.621915581606686,2.7798155581420403,0.1
24.274667737885494,14.573829454230456,9.991806416295953
24.274667737885494,25.433874134307562,5.725391337623967
24.274667737885494,14.573829454230456,9.991806416295953
24.274667737885494,13.629822791035759,9.316157305687398
24.896149932216225,3.640038247346787,0.1
43.15827127263365,14.573829454230456,2.2354276287323778
28.06349424832802,14.573829454230456,8.448657467863086
24.274667737885494,14.573829454230456,9.991806416295953
41.17410386757983,14.573829454230456,9.991806416295953
3.9098958355074984,15.585563288330814,1.5048980676746329
40.10926250103591,14.573829454230456,3.4904439995577548
24.274667737885494,1.3168159767394414,9.991806416295953
24.274667737885494,14.573829454230456,9.991806416295953
24.896149932216225,14.573829454230456,9.752382470490087
28.45159386283855,14.573829454230456,8.28891002001744
24.274667737885494,3.640038247346787,0.1
24.274667737885494,14.573829454230456,9.991806416295953
24.274667737885494,22.467991902732074,6.481170336948349
46.215889702343034,14.573829454230456,0.9768673973651794
24.274667737885494,14.573829454230456,9.991806416295953
32.13233619349285,18.37141088134939,9.507857218335452
24.274667737885494,14.573829454230456,9.991806416295953
3.9098958355074984,15.585563288330814,1.5048980676746329
41.17410386757983,14.573829454230456,9.991806416295953
28.45159386283855,14.573829454230456,8.28891002001744
24.274667737885494,14.573829454230456,9.991806416295953
24.274667737885494,3.640038247346787,0.1
36.21366852874662,14.573829454230456,5.093927156068904
24.896149932216225,10.33693060787455,9.752382470490087
24.274667737885494,14.573829454230456,9.991806416295953
24.274667737885494,14.573829454230456,9.991806416295953
24.274667737885494,22.467991902732074,6.481170336948349
46.215889702343034,14.573829454230456,0.9768673973651794
43.15827127263365,14.573829454230456,2.2354276287323778
24.896149932216225,14.573829454230456,9.752382470490087
49.22817122208607,15.649884860520078,1.1302148244920218
24.274667737885494,14.573829454230456,9.991806416295953
24.274667737885494,14.573829454230456,9.991806416295953
24.274667737885494,24.143611314918587,9.991806416295953
28.06349424832802,33.36680959482397,5.045351895342037
26.307106908498366,17.814420135545483,8.858614427772444
24.274667737885494,14.573829454230456,9.991806416295953
24.313385960699915,14.573829454230456,9.992256599877038
24.274667737885494,14.573829454230456,9.991806416295953
24.274667737885494,25.433874134307562,5.725391337623967
40.10926250103591,14.573829454230456,3.4904439995577548
28.06349424832802,14.573829454230456,8.448657467863086
24.274667737885494,23.580268289434766,6.175454870292037
40.621915581606686,2.7798155581420403,0.1
40.10926250103591,14.573829454230456,3.4904439995577548
36.21366852874662,14.573829454230456,5.093927156068904
24.274667737885494,13.629822791035759,9.316157305687398
24.274667737885494,14.573829454230456,9.991806416295953
28.06349424832802,14.573829454230456,8.448657467863086
24.274667737885494,14.573829454230456,9.991806416295953
24.274667737885494,14.573829454230456,9.991806416295953
24.896149932216225,3.640038247346787,0.1
24.274667737885494,14.573829454230456,9.991806416295953
24.274667737885494,14.573829454230456,9.991806416295953
24.274667737885494,14.573829454230456,9.991806416295953
28.06349424832802,14.573829454230456,8.448657467863086
49.22817122208607,15.649884860520078,1.1302148244920218
26.307106908498366,17.814420135545483,8.858614427772444
24.274667737885494,22.467991902732074,6.481170336948349
3.9098958355074984,15.585563288330814,1.5048980676746329
24.274667737885494,3.640038247346787,0.1
24.274667737885494,14.573829454230456,9.991806416295953
46.215889702343034,14.573829454230456,0.9768673973651794
20.64615101002085,28.36310978819609,4.366662772801528
28.45159386283855,14.573829454230456,8.28891002001744
24.896149932216225,10.33693060787455,9.752382470490087
24.274667737885494,3.640038247346787,0.1
32.98215264307372,14.573829454230456,6.424066110367992
24.274667737885494,14.573829454230456,9.991806416295953
24.274667737885494,14.573829454230456,9.991806416295953
24.274667737885494,14.573829454230456,9.991806416295953
24.274667737885494,14.573829454230456,9.991806416295953
24.274667737885494,14.573829454230456,9.991806416295953
6.476493829733098,14.573829454230456,9.991806416295953
33.64040955434414,13.10096132133686,4.596390145964417
29.139956410773095,14.573829454230456,8.005569980208955
24.274667737885494,23.580268289434766,6.175454870292037
24.274667737885494,14.573829454230456,9.991806416295953
24.274667737885494,22.467991902732074,6.481170336948349
24.274667737885494,3.640038247346787,0.1
24.274667737885494,14.573829454230456,9.991806416295953
23.66190585175637,14.573829454230456,9.739584708810701
24.274667737885494,23.580268289434766,6.175454870292037
28.45159386283855,14.573829454230456,8.28891002001744
24.274667737885494,14.573829454230456,9.991806416295953
24.274667737885494,26.546396905608738,5.485448106896057
24.274667737885494,14.573829454230456,9.991806416295953
24.274667737885494,25.433874134307562,5.725391337623967
33.64040955434414,13.10096132133686,4.596390145964417
24.274667737885494,14.573829454230456,9.991806416295953
28.06349424832802,14.573829454230456,8.448657467863086
26.307106908498366,17.814420135545483,8.858614427772444
24.274667737885494,14.573829454230456,9.991806416295953
32.13233619349285,18.37141088134939,9.507857218335452
28.06349424832802,14.573829454230456,8.448657467863086
24.274667737885494,14.573829454230456,9.991806416295953
40.10926250103591,14.573829454230456,3.4904439995577548
24.274667737885494,14.573829454230456,9.991806416295953
43.15827127263365,14.573829454230456,2.2354276287323778
24.274667737885494,14.573829454230456,9.991806416295953
24.274667737885494,3.640038247346787,0.1
24.274667737885494,14.573829454230456,9.991806416295953
24.274667737885494,14.573829454230456,9.991806416295953
24.274667737885494,14.573829454230456,9.991806416295953
24.313385960699915,14.573829454230456,9.992256599877038
24.274667737885494,14.573829454230456,9.991806416295953
24.274667737885494,14.573829454230456,9.991806416295953
24.896149932216225,3.640038247346787,0.1
24.274667737885494,14.573829454230456,9.991806416295953
24.274667737885494,14.573829454230456,9.991806416295953
24.274667737885494,22.467991902732074,6.481170336948349
28.06349424832802,33.36680959482397,5.045351895342037
46.215889702343034,14.573829454230456,0.9768673973651794
24.274667737885494,14.573829454230456,9.991806416295953
20.64615101002085,28.36310978819609,4.366662772801528
24.274667737885494,14.573829454230456,9.991806416295953
3.9098958355074984,15.585563288330814,1.5048980676746329
29.139956410773095,14.573829454230456,8.005569980208955
24.896149932216225,14.573829454230456,9.752382470490087
40.621915581606686,2.7798155581420403,0.1
49.22817122208607,15.649884860520078,1.1302148244920218
36.21366852874662,14.573829454230456,5.093927156068904
24.274667737885494,22.467991902732074,6.481170336948349
24.274667737885494,14.573829454230456,9.991806416295953
24.274667737885494,22.391496170955822,6.503311861744467
32.98215264307372,14.573829454230456,6.424066110367992
23.645869836639964,14.573829454230456,9.732984051678665
