24.274667737885494,14.573829454230456,9.991806416295953
24.274667737885494,20.569056060846222,7.079512167209873
17.868801957834123,10.872846671395678,9.858630100460232
24.274667737885494,14.573829454230456,9.991806416295953
24.274667737885494,14.573829454230456,9.991806416295953
18.860566352042106,11.907960569174984,9.501271800574974
24.274667737885494,14.573829454230456,9.991806416295953
24.274667737885494,20.569056060846222,7.079512167209873
18.860566352042106,11.907960569174984,9.501271800574974
24.274667737885494,14.573829454230456,9.991806416295953
24.274667737885494,14.573829454230456,9.991806416295953
24.274667737885494,14.573829454230456,9.991806416295953
24.274667737885494,14.573829454230456,9.991806416295953
24.274667737885494,14.573829454230456,9.991806416295953
33.37288500191583,23.31765093137134,9.991806416295953
18.860566352042106,11.907960569174984,9.501271800574974
24.274667737885494,14.573829454230456,9.991806416295953
24.274667737885494,14.573829454230456,9.991806416295953
24.274667737885494,14.573829454230456,9.991806416295953
24.274667737885494,14.573829454230456,9.991806416295953
33.37288500191583,23.31765093137134,9.991806416295953
17.868801957834123,10.872846671395678,9.858630100460232
24.274667737885494,12.724673341490943,8.55617910630618
24.274667737885494,14.573829454230456,9.991806416295953
24.274667737885494,20.569056060846222,7.079512167209873
18.860566352042106,11.907960569174984,9.501271800574974
24.274667737885494,7.6267814791888915,9.991806416295953
24.274667737885494,7.6267814791888915,9.991806416295953
22.29994537100894,17.5383791039692,8.785806571093646
18.860566352042106,11.907960569174984,9.501271800574974
33.37288500191583,23.31765093137134,9.991806416295953
24.274667737885494,14.573829454230456,9.991806416295953
24.274667737885494,14.573829454230456,9.991806416295953
24.274667737885494,12.724673341490943,8.55617910630618
24.274667737885494,20.569056060846222,7.079512167209873
24.274667737885494,14.573829454230456,9.991806416295953
24.274667737885494,14.573829454230456,9.991806416295953
17.868801957834123,10.872846671395678,9.858630100460232
24.274667737885494,14.573829454230456,9.991806416295953
24.274667737885494,14.573829454230456,9.991806416295953
20.499911585560497,11.63228253766712,9.428138962388187
18.860566352042106,11.907960569174984,9.501271800574974
40.71727293564823,24.107605845234232,9.86814417721019
33.37288500191583,23.31765093137134,9.991806416295953
17.868801957834123,10.872846671395678,9.858630100460232
22.29994537100894,17.5383791039692,8.785806571093646
24.274667737885494,14.573829454230456,9.991806416295953
24.274667737885494,14.573829454230456,9.991806416295953
24.274667737885494,14.573829454230456,9.991806416295953
24.274667737885494,14.573829454230456,9.991806416295953
33.37288500191583,23.31765093137134,9.991806416295953
20.499911585560497,11.63228253766712,9.428138962388187
24.274667737885494,14.573829454230456,9.991806416295953
18.860566352042106,11.907960569174984,9.501271800574974
24.274667737885494,14.573829454230456,9.991806416295953
24.274667737885494,7.6267814791888915,9.991806416295953
24.274667737885494,14.573829454230456,9.991806416295953
24.274667737885494,14.573829454230456,9.991806416295953
40.71727293564823,24.107605845234232,9.86814417721019
22.29994537100894,17.5383791039692,8.785806571093646
20.499911585560497,11.63228253766712,9.428138962388187
24.274667737885494,20.569056060846222,7.079512167209873
24.274667737885494,14.573829454230456,9.991806416295953
17.868801957834123,10.872846671395678,9.858630100460232
24.274667737885494,14.573829454230456,9.991806416295953
24.274667737885494,12.724673341490943,8.55617910630618
24.274667737885494,14.573829454230456,9.991806416295953
24.274667737885494,14.573829454230456,9.991806416295953
22.29994537100894,17.5383791039692,8.785806571093646
24.274667737885494,14.573829454230456,9.991806416295953
24.274667737885494,20.569056060846222,7.079512167209873
17.868801957834123,10.872846671395678,9.858630100460232
24.274667737885494,14.573829454230456,9.991806416295953
24.274667737885494,7.6267814791888915,9.991806416295953
40.71727293564823,24.107605845234232,9.86814417721019
24.274667737885494,14.573829454230456,9.991806416295953
24.274667737885494,14.573829454230456,9.991806416295953
22.29994537100894,17.5383791039692,8.785806571093646
24.274667737885494,12.724673341490943,8.55617910630618
24.274667737885494,14.573829454230456,9.991806416295953
33.37288500191583,23.31765093137134,9.991806416295953
24.274667737885494,7.6267814791888915,9.991806416295953
24.274667737885494,20.569056060846222,7.079512167209873
24.274667737885494,14.573829454230456,9.991806416295953
24.274667737885494,20.569056060846222,7.079512167209873
18.860566352042106,11.907960569174984,9.501271800574974
24.274667737885494,7.6267814791888915,9.991806416295953
17.868801957834123,10.872846671395678,9.858630100460232
24.274667737885494,14.573829454230456,9.991806416295953
24.274667737885494,14.573829454230456,9.991806416295953
24.274667737885494,14.573829454230456,9.991806416295953
24.274667737885494,14.573829454230456,9.991806416295953
24.274667737885494,14.573829454230456,9.991806416295953
20.499911585560497,11.63228253766712,9.428138962388187
24.274667737885494,14.573829454230456,9.991806416295953
24.274667737885494,20.569056060846222,7.079512167209873
17.868801957834123,10.872846671395678,9.858630100460232
24.274667737885494,12.724673341490943,8.55617910630618
24.274667737885494,13.00231004684529,8.80053758707947
22.29994537100894,17.5383791039692,8.785806571093646
24.274667737885494,14.573829454230456,9.991806416295953
27.575791709784742,14.573829454230456,8.649402928376855
24.274667737885494,14.573829454230456,9.991806416295953
18.860566352042106,11.907960569174984,9.501271800574974
20.499911585560497,11.63228253766712,9.428138962388187
17.868801957834123,10.872846671395678,9.858630100460232
24.274667737885494,14.573829454230456,9.991806416295953
24.274667737885494,20.569056060846222,7.079512167209873
40.71727293564823,24.107605845234232,9.86814417721019
24.274667737885494,14.573829454230456,9.991806416295953
24.274667737885494,14.573829454230456,9.991806416295953
18.860566352042106,11.907960569174984,9.501271800574974
24.274667737885494,14.573829454230456,9.991806416295953
24.274667737885494,14.573829454230456,9.991806416295953
24.274667737885494,14.573829454230456,9.991806416295953
27.575791709784742,14.573829454230456,8.649402928376855
24.274667737885494,14.573829454230456,9.991806416295953
24.274667737885494,14.573829454230456,9.991806416295953
24.274667737885494,13.00231004684529,8.80053758707947
24.274667737885494,14.573829454230456,9.991806416295953
20.499911585560497,11.63228253766712,9.428138962388187
27.575791709784742,14.573829454230456,8.649402928376855
24.274667737885494,20.569056060846222,7.079512167209873
42.5351243365873,14.573829454230456,2.4919239738570376
33.37288500191583,23.31765093137134,9.991806416295953
22.29994537100894,17.5383791039692,8.785806571093646
24.274667737885494,12.724673341490943,8.55617910630618
24.274667737885494,14.573829454230456,9.991806416295953
24.274667737885494,14.573829454230456,9.991806416295953
24.274667737885494,14.573829454230456,9.991806416295953
24.274667737885494,14.573829454230456,9.991806416295953
33.37288500191583,23.31765093137134,9.991806416295953
23.242027554375955,13.104993199877738,9.360980326837373
24.274667737885494,14.573829454230456,9.991806416295953
40.71727293564823,24.107605845234232,9.86814417721019
24.274667737885494,14.573829454230456,9.991806416295953
20.499911585560497,11.63228253766712,9.428138962388187
24.274667737885494,14.573829454230456,9.991806416295953
24.274667737885494,12.724673341490943,8.55617910630618
24.274667737885494,14.573829454230456,9.991806416295953
24.274667737885494,14.573829454230456,9.991806416295953
22.29994537100894,17.5383791039692,8.785806571093646
24.274667737885494,13.00231004684529,8.80053758707947
17.868801957834123,10.872846671395678,9.858630100460232
24.274667737885494,7.6267814791888915,9.991806416295953
42.5351243365873,14.573829454230456,2.4919239738570376
22.29994537100894,17.5383791039692,8.785806571093646
20.499911585560497,11.63228253766712,9.428138962388187
40.71727293564823,24.107605845234232,9.86814417721019
24.274667737885494,14.573829454230456,9.991806416295953
24.274667737885494,14.573829454230456,9.991806416295953
24.274667737885494,14.573829454230456,9.991806416295953
42.5351243365873,14.573829454230456,2.4919239738570376
18.860566352042106,11.907960569174984,9.501271800574974
17.868801957834123,10.872846671395678,9.858630100460232
24.274667737885494,12.724673341490943,8.55617910630618
24.274667737885494,14.573829454230456,9.991806416295953
24.274667737885494,14.573829454230456,9.991806416295953
24.274667737885494,14.573829454230456,9.991806416295953
33.37288500191583,23.31765093137134,9.991806416295953
24.274667737885494,14.573829454230456,9.991806416295953
24.274667737885494,7.6267814791888915,9.991806416295953
23.242027554375955,13.104993199877738,9.360980326837373
24.274667737885494,14.573829454230456,9.991806416295953
17.868801957834123,10.872846671395678,9.858630100460232
42.5351243365873,14.573829454230456,2.4919239738570376
24.274667737885494,14.573829454230456,9.991806416295953
33.37288500191583,23.31765093137134,9.991806416295953
40.71727293564823,24.107605845234232,9.86814417721019
24.274667737885494,14.573829454230456,9.991806416295953
24.274667737885494,14.573829454230456,9.991806416295953
18.860566352042106,11.907960569174984,9.501271800574974
24.274667737885494,14.573829454230456,9.991806416295953
24.274667737885494,14.573829454230456,9.991806416295953
24.274667737885494,10.285781184446154,5.842700710862561
24.274667737885494,14.573829454230456,9.991806416295953
18.37724168741974,14.573829454230456,7.564340051485164
24.274667737885494,14.573829454230456,9.991806416295953
23.242027554375955,13.104993199877738,9.360980326837373
24.274667737885494,14.573829454230456,9.991806416295953
24.274667737885494,0.9338121573717704,0.1
20.499911585560497,11.63228253766712,9.428138962388187
17.868801957834123,10.872846671395678,9.858630100460232
24.274667737885494,14.573829454230456,9.991806416295953
40.71727293564823,24.107605845234232,9.86814417721019
27.575791709784742,14.573829454230456,8.649402928376855
24.274667737885494,14.573829454230456,9.991806416295953
24.274667737885494,14.573829454230456,9.991806416295953
24.274667737885494,14.573829454230456,9.991806416295953
24.274667737885494,20.569056060846222,7.079512167209873
24.274667737885494,12.724673341490943,8.55617910630618
24.274667737885494,14.573829454230456,9.991806416295953
24.274667737885494,0.9338121573717704,0.1
18.860566352042106,11.907960569174984,9.501271800574974
24.274667737885494,10.285781184446154,5.842700710862561
42.5351243365873,14.573829454230456,2.4919239738570376
24.274667737885494,13.00231004684529,8.80053758707947
22.29994537100894,17.5383791039692,8.785806571093646
24.274667737885494,14.573829454230456,9.991806416295953
24.274667737885494,14.573829454230456,9.991806416295953
24.274667737885494,14.573829454230456,9.991806416295953
24.274667737885494,14.573829454230456,9.991806416295953
42.5351243365873,14.573829454230456,2.4919239738570376
24.274667737885494,14.573829454230456,9.991806416295953
24.274667737885494,13.00231004684529,8.80053758707947
17.868801957834123,10.872846671395678,9.858630100460232
24.274667737885494,0.9338121573717704,0.1
24.274667737885494,7.6267814791888915,9.991806416295953
24.274667737885494,14.573829454230456,9.991806416295953
22.29994537100894,17.5383791039692,8.785806571093646
24.274667737885494,14.573829454230456,9.991806416295953
24.274667737885494,14.857165091337254,9.80125627975209
24.274667737885494,14.573829454230456,9.991806416295953
24.274667737885494,14.573829454230456,9.991806416295953
24.274667737885494,12.724673341490943,8.55617910630618
18.37724168741974,14.573829454230456,7.564340051485164
24.274667737885494,14.573829454230456,9.991806416295953
24.274667737885494,20.569056060846222,7.079512167209873
23.242027554375955,13.104993199877738,9.360980326837373
24.274667737885494,14.573829454230456,9.991806416295953
24.274667737885494,20.569056060846222,7.079512167209873
33.37288500191583,23.31765093137134,9.991806416295953
18.860566352042106,11.907960569174984,9.501271800574974
24.274667737885494,13.00231004684529,8.80053758707947
24.274667737885494,14.573829454230456,9.991806416295953
24.274667737885494,14.573829454230456,9.991806416295953
24.274667737885494,14.573829454230456,9.991806416295953
24.274667737885494,14.573829454230456,9.991806416295953
24.274667737885494,14.573829454230456,9.991806416295953
24.274667737885494,14.573829454230456,9.991806416295953
24.274667737885494,14.573829454230456,9.991806416295953
24.274667737885494,0.9338121573717704,0.1
24.274667737885494,14.573829454230456,9.991806416295953
24.274667737885494,14.857165091337254,9.80125627975209
42.5351243365873,14.573829454230456,2.4919239738570376
24.274667737885494,14.573829454230456,9.991806416295953
24.274667737885494,7.6267814791888915,9.991806416295953
18.37724168741974,14.573829454230456,7.564340051485164
22.29994537100894,17.5383791039692,8.785806571093646
24.274667737885494,14.573829454230456,9.991806416295953
24.274667737885494,14.573829454230456,9.991806416295953
24.274667737885494,7.6267814791888915,9.991806416295953
23.242027554375955,13.104993199877738,9.360980326837373
18.37724168741974,14.573829454230456,7.564340051485164
24.274667737885494,14.573829454230456,9.991806416295953
24.274667737885494,10.285781184446154,5.842700710862561
24.274667737885494,14.857165091337254,9.80125627975209
24.274667737885494,14.573829454230456,9.991806416295953
24.274667737885494,14.573829454230456,9.991806416295953
24.274667737885494,14.573829454230456,9.991806416295953
24.274667737885494,14.573829454230456,9.991806416295953
27.575791709784742,14.573829454230456,8.649402928376855
24.274667737885494,14.573829454230456,9.991806416295953
24.274667737885494,0.9338121573717704,0.1
24.274667737885494,14.573829454230456,9.991806416295953
22.29994537100894,17.5383791039692,8.785806571093646
24.274667737885494,13.00231004684529,8.80053758707947
24.274667737885494,14.573829454230456,9.991806416295953
33.37288500191583,23.31765093137134,9.991806416295953
24.274667737885494,14.573829454230456,9.991806416295953
24.274667737885494,14.573829454230456,9.991806416295953
23.242027554375955,13.104993199877738,9.360980326837373
20.499911585560497,11.63228253766712,9.428138962388187
24.274667737885494,14.573829454230456,9.991806416295953
24.274667737885494,14.857165091337254,9.80125627975209
24.274667737885494,20.569056060846222,7.079512167209873
24.274667737885494,14.573829454230456,9.991806416295953
24.274667737885494,12.724673341490943,8.55617910630618
24.274667737885494,6.111986020209143,9.991806416295953
24.274667737885494,0.9338121573717704,0.1
24.274667737885494,14.573829454230456,9.991806416295953
24.274667737885494,14.573829454230456,9.991806416295953
24.274667737885494,14.573829454230456,9.991806416295953
24.274667737885494,14.573829454230456,9.991806416295953
17.868801957834123,10.872846671395678,9.858630100460232
27.834934018776543,14.573829454230456,8.542736183699772
24.274667737885494,14.573829454230456,9.991806416295953
40.71727293564823,24.107605845234232,9.86814417721019
24.274667737885494,14.573829454230456,9.991806416295953
24.274667737885494,14.573829454230456,9.991806416295953
18.860566352042106,11.907960569174984,9.501271800574974
24.274667737885494,14.573829454230456,9.991806416295953
27.575791709784742,14.573829454230456,8.649402928376855
24.274667737885494,14.573829454230456,9.991806416295953
24.274667737885494,14.573829454230456,9.991806416295953
24.274667737885494,10.285781184446154,5.842700710862561
24.274667737885494,14.573829454230456,9.991806416295953
24.274667737885494,14.573829454230456,9.991806416295953
24.274667737885494,14.857165091337254,9.80125627975209
24.274667737885494,14.573829454230456,9.991806416295953
24.274667737885494,20.569056060846222,7.079512167209873
24.274667737885494,14.835089060375678,9.815841486232049
24.274667737885494,14.573829454230456,9.991806416295953
24.274667737885494,14.573829454230456,9.991806416295953
24.274667737885494,14.573829454230456,9.991806416295953
24.274667737885494,14.573829454230456,9.991806416295953
24.274667737885494,14.573829454230456,9.991806416295953
24.274667737885494,12.724673341490943,8.55617910630618
24.274667737885494,14.573829454230456,9.991806416295953
24.274667737885494,14.573829454230456,9.991806416295953
24.274667737885494,14.573829454230456,9.991806416295953
27.575791709784742,14.573829454230456,8.649402928376855
18.37724168741974,14.573829454230456,7.564340051485164
24.274667737885494,6.111986020209143,9.991806416295953
42.5351243365873,14.573829454230456,2.4919239738570376
24.274667737885494,13.033953398228501,8.82772722890244
24.274667737885494,14.573829454230456,9.991806416295953
24.274667737885494,14.573829454230456,9.991806416295953
24.274667737885494,14.573829454230456,9.991806416295953
20.499911585560497,11.63228253766712,9.428138962388187
24.274667737885494,10.285781184446154,5.842700710862561
14.247886419784084,14.573829454230456,5.8646373447851525
24.274667737885494,12.724673341490943,8.55617910630618
24.274667737885494,14.573829454230456,9.991806416295953
24.274667737885494,14.573829454230456,9.991806416295953
24.274667737885494,14.573829454230456,9.991806416295953
18.860566352042106,11.907960569174984,9.501271800574974
24.274667737885494,14.573829454230456,9.991806416295953
17.868801957834123,10.872846671395678,9.858630100460232
24.274667737885494,14.573829454230456,9.991806416295953
15.625811402939316,14.573829454230456,6.431811315466418
24.274667737885494,14.573829454230456,9.991806416295953
24.274667737885494,14.573829454230456,9.991806416295953
24.274667737885494,14.835089060375678,9.815841486232049
24.274667737885494,0.9338121573717704,0.1
24.274667737885494,14.573829454230456,9.991806416295953
17.403016679795144,3.360276352435278,0.1
23.242027554375955,13.104993199877738,9.360980326837373
24.274667737885494,14.573829454230456,9.991806416295953
24.274667737885494,18.31723324748525,7.949829577606904
24.274667737885494,14.835089060375678,9.815841486232049
24.274667737885494,14.573829454230456,9.991806416295953
24.274667737885494,14.573829454230456,9.991806416295953
24.274667737885494,10.285781184446154,5.842700710862561
24.274667737885494,14.573829454230456,9.991806416295953
24.274667737885494,14.573829454230456,9.991806416295953
24.274667737885494,14.573829454230456,9.991806416295953
15.625811402939316,14.573829454230456,6.431811315466418
24.274667737885494,0.9338121573717704,0.1
24.274667737885494,14.835089060375678,9.815841486232049
24.274667737885494,14.857165091337254,9.80125627975209
24.274667737885494,14.573829454230456,9.991806416295953
24.274667737885494,14.573829454230456,9.991806416295953
20.499911585560497,11.63228253766712,9.428138962388187
24.274667737885494,14.573829454230456,9.991806416295953
24.274667737885494,14.573829454230456,9.991806416295953
14.568684027255516,14.573829454230456,5.99668230734762
24.274667737885494,14.573829454230456,9.991806416295953
24.274667737885494,14.573829454230456,9.991806416295953
24.274667737885494,14.573829454230456,9.991806416295953
24.274667737885494,9.87023218935913,5.246660883239288
24.274667737885494,14.573829454230456,9.991806416295953
42.5351243365873,14.573829454230456,2.4919239738570376
40.71727293564823,24.107605845234232,9.86814417721019
14.247886419784084,14.573829454230456,5.8646373447851525
18.860566352042106,11.907960569174984,9.501271800574974
24.274667737885494,13.033953398228501,8.82772722890244
24.274667737885494,14.573829454230456,9.991806416295953
24.274667737885494,14.573829454230456,9.991806416295953
24.274667737885494,13.033953398228501,8.82772722890244
24.274667737885494,14.573829454230456,9.991806416295953
24.274667737885494,12.724673341490943,8.55617910630618
24.274667737885494,14.573829454230456,9.991806416295953
27.834934018776543,14.573829454230456,8.542736183699772
24.274667737885494,14.573829454230456,9.991806416295953
24.274667737885494,14.573829454230456,9.991806416295953
24.274667737885494,14.573829454230456,9.991806416295953
27.575791709784742,14.573829454230456,8.649402928376855
24.274667737885494,14.573829454230456,9.991806416295953
24.274667737885494,14.573829454230456,9.991806416295953
18.37724168741974,14.573829454230456,7.564340051485164
24.274667737885494,20.569056060846222,7.079512167209873
24.274667737885494,14.573829454230456,9.991806416295953
