29.2937764364588,21.954290118229075,9.813517235044555
21.806304793391085,11.224875650706927,7.829140893032442
17.868801957834123,11.62416360126393,9.221426775226652
18.860566352042106,11.63228253766712,8.676088597644664
24.274667737885494,9.449392156575103,4.5896032000896625
19.47116780867086,26.863638517953135,4.348020319166371
17.868801957834123,16.883388295961424,7.015807594395723
33.826991422890124,15.285577497495755,6.724651764205012
18.293315205476446,11.63228253766712,9.433913188471953
18.860566352042106,13.753853717399569,7.693538409261436
35.187055661212256,16.32226017918692,7.0679602195754505
18.860566352042106,11.63228253766712,9.726446171840632
29.501751563423596,13.448488067069324,6.840519657297342
18.860566352042106,11.62416360126393,9.73323964108341
18.860566352042106,11.63228253766712,8.676088597644664
18.860566352042106,11.62416360126393,8.174632324115375
19.47116780867086,14.713596433665556,7.9384837452485195
19.47116780867086,11.62416360126393,9.951651565700592
6.206287789123881,14.573829454230456,9.991806416295953
17.624894475207842,17.83431951768042,5.928357462822722
22.731684717610364,3.003827553726496,0.1
30.82072055662646,19.704232137183496,9.383128689480221
18.860566352042106,11.63228253766712,9.726446171840632
22.195387440575388,13.778655872390875,9.663184619563909
21.284157324052067,11.22652951287423,8.626992169193414
17.868801957834123,10.872846671395678,9.858630100460232
29.501751563423596,17.79900460688858,9.942978175823216
17.868801957834123,3.5257034707409254,0.1
29.501751563423596,28.62690371084611,10.0
18.860566352042106,10.872846671395678,9.594190612849152
18.860566352042106,17.0385522256708,6.640280726891788
21.826915351997584,17.00138071406935,7.701451267579751
19.47116780867086,11.62416360126393,8.697194169934164
19.99114522984302,13.209333119922112,9.078648082606982
17.868801957834123,11.63228253766712,9.214990533904942
17.868801957834123,17.888634390691447,7.408923181387293
40.04377400206163,15.278550905235129,8.41676049938543
31.62356983874708,17.888634390691447,9.395306863919725
17.868801957834123,15.278550905235129,7.913001869117964
17.868801957834123,5.454183244459275,0.34694313191576853
19.01405571200873,17.888634390691447,6.37620063536052
19.84002724039372,2.9142895557150617,3.2469806747416774
29.501751563423596,28.62690371084611,6.548120097494125
18.860566352042106,11.63228253766712,9.726446171840632
18.860566352042106,3.8983570436573345,4.256203797910825
18.860566352042106,13.448488067069324,8.412898862237416
29.501751563423596,11.63228253766712,8.51545538357167
18.860566352042106,11.63228253766712,8.175307635633379
29.501751563423596,15.278550905235129,8.355406050800548
4.73563236911011,11.62416360126393,2.4438844433549898
18.860566352042106,15.278550905235129,7.4052029318758095
29.501751563423596,11.62416360126393,8.514780072053666
18.860566352042106,15.278550905235129,7.4052029318758095
18.860566352042106,11.63228253766712,9.726446171840632
38.58412317380804,14.573829454230456,4.118213536100468
18.860566352042106,14.573829454230456,8.107587838781878
18.860566352042106,26.464534114258214,4.2751846478682
18.860566352042106,11.63228253766712,9.726446171840632
24.274667737885494,11.63228253766712,7.481486786514472
18.860566352042106,14.573829454230456,7.763283515398813
26.7192456051683,18.212399243905537,8.800785377097219
18.860566352042106,14.573829454230456,7.763283515398813
18.860566352042106,15.278550905235129,7.4052029318758095
24.274667737885494,15.278550905235129,8.387066150414354
17.868801957834123,7.491946800816706,5.6924540013251
17.868801957834123,11.62416360126393,9.221426775226652
17.868801957834123,11.62416360126393,9.221426775226652
22.550796406741735,11.62416360126393,8.362369325121845
19.47116780867086,21.67831321495227,5.388041263387465
17.080937389454867,21.67831321495227,4.726619192852764
17.868801957834123,21.67831321495227,4.944636255111249
17.868801957834123,11.63228253766712,9.214990533904942
22.92426058743191,11.63228253766712,8.17789548463044
24.274667737885494,15.278550905235129,9.530935463315904
19.47116780867086,11.63228253766712,9.958664970131835
24.274667737885494,14.573829454230456,9.991806416295953
1.310233234749841,14.573829454230456,7.700477616103576
24.274667737885494,14.573829454230456,8.479395686333975
18.860566352042106,14.573829454230456,8.107587838781878
18.860566352042106,14.573829454230456,8.107587838781878
