29.2937764364588,17.90668003196631,9.813517235044555
21.806304793391085,11.224875650706927,7.829140893032442
17.868801957834123,11.62416360126393,9.221426775226652
18.860566352042106,11.63228253766712,8.676088597644664
24.274667737885494,17.181923364681403,7.888273285461174
19.47116780867086,14.713596433665556,7.9384837452485195
17.868801957834123,15.278550905235129,7.015807594395723
33.826991422890124,15.285577497495755,6.724651764205012
18.293315205476446,11.63228253766712,9.433913188471953
18.860566352042106,13.753853717399569,7.693538409261436
35.187055661212256,16.32226017918692,7.0679602195754505
18.860566352042106,11.63228253766712,9.726446171840632
42.00528558933284,17.516581675746437,5.614698008034445
18.860566352042106,11.62416360126393,9.73323964108341
18.860566352042106,11.63228253766712,8.676088597644664
37.991828924036724,15.96673289177114,5.726235040658569
19.47116780867086,14.713596433665556,7.9384837452485195
19.47116780867086,11.62416360126393,9.951651565700592
24.274667737885494,14.573829454230456,9.991806416295953
17.624894475207842,17.83431951768042,5.928357462822722
36.8883712146752,16.10483032063326,6.259652185808857
30.82072055662646,19.704232137183496,9.383128689480221
18.860566352042106,11.63228253766712,8.676088597644664
22.195387440575388,13.778655872390875,9.663184619563909
21.284157324052067,11.22652951287423,8.626992169193414
27.76699034860001,12.549338523517012,6.726899744254789
29.501751563423596,17.79900460688858,9.942978175823216
17.868801957834123,11.62416360126393,9.221426775226652
29.501751563423596,28.62690371084611,10.0
18.860566352042106,10.872846671395678,9.594190612849152
18.860566352042106,11.63228253766712,8.676088597644664
21.826915351997584,17.00138071406935,7.701451267579751
19.47116780867086,11.62416360126393,8.697194169934164
19.99114522984302,13.209333119922112,9.078648082606982
17.868801957834123,11.63228253766712,9.214990533904942
22.731684717610364,3.003827553726496,6.426532729133859
29.501751563423596,15.278550905235129,8.41676049938543
31.62356983874708,17.888634390691447,9.395306863919725
17.868801957834123,15.278550905235129,7.015807594395723
14.22830134006576,12.38602673298536,6.8910506438349755
19.01405571200873,16.44043185909193,6.937866532050997
19.84002724039372,2.9142895557150617,7.594956330563027
18.860566352042106,13.448488067069324,8.412898862237416
18.860566352042106,11.63228253766712,9.726446171840632
29.501751563423596,11.63228253766712,7.376718128236325
18.860566352042106,13.448488067069324,8.412898862237416
18.860566352042106,11.63228253766712,9.726446171840632
18.860566352042106,7.934180211591906,5.740080645891892
29.501751563423596,15.278550905235129,8.165253504645374
18.860566352042106,18.878320428075803,8.693328792754311
22.41080380559722,9.228613355080219,5.4324880592675555
18.860566352042106,11.62416360126393,9.73323964108341
29.501751563423596,15.278550905235129,8.165253504645374
21.929086666362707,17.79900460688858,7.390762194937191
24.274667737885494,14.573829454230456,9.991806416295953
18.860566352042106,11.63228253766712,9.726446171840632
18.860566352042106,11.63228253766712,9.726446171840632
24.274667737885494,11.62416360126393,7.472743188598169
18.860566352042106,11.63228253766712,8.676088597644664
35.373108655160685,11.63228253766712,1.7579901449863797
18.860566352042106,18.212399243905537,8.21143936505528
24.274667737885494,14.573829454230456,9.991806416295953
18.860566352042106,15.278550905235129,8.2830864799794
18.860566352042106,15.278550905235129,7.4052029318758095
17.868801957834123,11.62416360126393,9.221426775226652
15.846108167360207,11.62416360126393,8.177589436742787
19.47116780867086,15.278550905235129,7.644942694321773
22.550796406741735,14.713596433665556,8.629967543903568
18.860566352042106,21.67831321495227,10.0
17.080937389454867,11.62416360126393,8.814839056405381
17.868801957834123,11.62416360126393,9.221426775226652
19.47116780867086,11.63228253766712,9.958664970131835
18.293315205476446,11.63228253766712,9.433913188471953
18.860566352042106,15.278550905235129,8.2830864799794
18.860566352042106,11.63228253766712,9.726446171840632
18.860566352042106,6.554844373517182,2.739365954229026
24.274667737885494,14.573829454230456,9.991806416295953
18.860566352042106,14.573829454230456,7.763283515398813
18.860566352042106,13.795768285504733,8.201121359593898
18.860566352042106,11.63228253766712,9.726446171840632
